598.000,245.000,56.000,42.000
603.000,245.000,54.000,41.000
604.000,245.000,54.000,38.000
606.000,246.000,51.000,37.000
608.000,244.000,50.000,37.000
608.000,244.000,50.000,36.000
607.000,239.000,54.000,38.000
611.000,239.000,51.000,36.000
611.000,239.000,51.000,36.000
612.000,238.000,51.000,35.000
613.000,238.000,51.000,35.000
613.000,237.000,48.000,34.000
615.000,236.000,48.000,34.000
615.000,235.000,46.000,34.000
615.000,236.000,46.000,33.000
616.000,234.000,46.000,35.000
617.000,233.000,45.000,33.000
615.000,233.000,47.000,34.000
615.000,233.000,47.000,34.000
618.000,232.000,45.000,33.000
617.000,232.000,45.000,32.000
615.000,230.000,45.000,32.000
615.000,230.000,46.000,31.000
611.000,231.000,48.000,31.000
611.000,229.000,48.000,30.000
609.000,228.000,49.000,32.000
606.000,228.000,50.000,32.000
604.000,230.000,51.000,31.000
601.000,231.000,53.000,31.000
598.000,229.000,53.000,31.000
596.000,229.000,54.000,30.000
594.000,228.000,53.000,29.000
592.000,230.000,55.000,29.000
587.000,231.000,59.000,26.000
587.000,227.000,57.000,30.000
586.000,229.000,57.000,30.000
584.000,227.000,56.000,29.000
582.000,227.000,56.000,29.000
583.000,228.000,57.000,28.000
582.000,226.000,58.000,29.000
582.000,226.000,58.000,28.000
581.000,225.000,57.000,31.000
582.000,223.000,58.000,32.000
583.000,224.000,59.000,32.000
583.000,225.000,58.000,29.000
585.000,225.000,57.000,29.000
583.000,223.000,57.000,30.000
581.000,223.000,59.000,29.000
585.000,223.000,56.000,29.000
585.000,223.000,56.000,29.000
583.000,224.000,57.000,27.000
586.000,222.000,53.000,28.000
585.000,225.000,55.000,27.000
584.000,223.000,53.000,26.000
584.000,223.000,52.000,26.000
583.000,221.000,50.000,26.000
583.000,222.000,51.000,26.000
583.000,221.000,48.000,27.000
583.000,221.000,49.000,26.000
583.000,219.000,46.000,27.000
582.000,220.000,46.000,26.000
582.000,218.000,45.000,27.000
581.000,217.000,43.000,26.000
580.000,216.000,42.000,26.000
581.000,215.000,42.000,25.000
581.000,212.000,44.000,25.000
583.000,212.000,44.000,25.000
583.000,211.000,45.000,25.000
584.000,209.000,39.000,25.000
585.000,207.000,34.000,26.000
586.000,206.000,38.000,24.000
586.000,205.000,36.000,24.000
589.000,205.000,33.000,24.000
591.000,204.000,32.000,25.000
590.000,202.000,32.000,24.000
592.000,200.000,33.000,25.000
593.000,201.000,32.000,24.000
595.000,199.000,35.000,26.000
597.000,198.000,36.000,24.000
599.000,198.000,36.000,23.000
599.000,196.000,37.000,24.000
604.000,197.000,37.000,23.000
605.000,195.000,39.000,23.000
608.000,194.000,39.000,23.000
609.000,192.000,40.000,24.000
614.000,190.000,39.000,25.000
616.000,191.000,40.000,21.000
618.000,189.000,39.000,23.000
622.000,187.000,41.000,24.000
623.000,184.000,41.000,24.000
627.000,185.000,39.000,21.000
629.000,183.000,40.000,24.000
631.000,181.000,38.000,24.000
634.000,182.000,38.000,22.000
634.000,179.000,37.000,21.000
636.000,176.000,36.000,25.000
637.000,174.000,37.000,24.000
637.000,174.000,38.000,23.000
640.000,173.000,35.000,21.000
644.000,172.000,32.000,22.000
644.000,171.000,32.000,21.000
645.000,166.000,32.000,23.000
647.000,167.000,31.000,22.000
647.000,164.000,31.000,23.000
650.000,164.000,30.000,22.000
651.000,161.000,29.000,23.000
650.000,159.000,30.000,22.000
651.000,157.000,31.000,22.000
651.000,156.000,32.000,22.000
651.000,154.000,32.000,22.000
651.000,153.000,33.000,23.000
650.000,151.000,35.000,22.000
650.000,151.000,35.000,22.000
649.000,151.000,36.000,22.000
647.000,149.000,35.000,23.000
645.000,150.000,37.000,23.000
645.000,153.000,37.000,21.000
644.000,152.000,38.000,22.000
641.000,151.000,39.000,22.000
640.000,152.000,40.000,22.000
640.000,152.000,39.000,22.000
637.000,152.000,39.000,22.000
634.000,152.000,41.000,22.000
633.000,153.000,41.000,23.000
631.000,152.000,41.000,24.000
630.000,151.000,42.000,25.000
626.000,152.000,43.000,23.000
625.000,153.000,41.000,23.000
623.000,152.000,41.000,23.000
621.000,154.000,41.000,22.000
620.000,155.000,41.000,22.000
617.000,155.000,41.000,21.000
616.000,156.000,39.000,21.000
613.000,155.000,40.000,21.000
612.000,155.000,39.000,22.000
611.000,155.000,38.000,22.000
611.000,156.000,37.000,21.000
611.000,154.000,35.000,23.000
608.000,156.000,34.000,20.000
609.000,158.000,32.000,20.000
606.000,157.000,33.000,21.000
606.000,155.000,31.000,21.000
605.000,157.000,31.000,21.000
605.000,157.000,31.000,20.000
602.000,156.000,33.000,21.000
603.000,155.000,32.000,21.000
602.000,156.000,32.000,21.000
601.000,158.000,30.000,20.000
601.000,158.000,28.000,20.000
602.000,158.000,29.000,20.000
603.000,157.000,28.000,20.000
600.000,157.000,32.000,21.000
600.000,155.000,33.000,21.000
601.000,159.000,32.000,19.000
602.000,157.000,31.000,20.000
603.000,159.000,32.000,20.000
603.000,158.000,34.000,20.000
604.000,158.000,35.000,19.000
606.000,160.000,35.000,18.000
607.000,161.000,35.000,19.000
609.000,159.000,36.000,20.000
610.000,160.000,37.000,21.000
612.000,160.000,37.000,19.000
615.000,162.000,37.000,19.000
616.000,161.000,37.000,19.000
619.000,161.000,38.000,19.000
623.000,162.000,36.000,21.000
625.000,161.000,36.000,21.000
625.000,161.000,36.000,19.000
629.000,162.000,34.000,20.000
630.000,165.000,35.000,18.000
633.000,165.000,34.000,19.000
634.000,163.000,34.000,21.000
637.000,163.000,34.000,22.000
638.000,163.000,33.000,21.000
640.000,166.000,30.000,21.000
642.000,165.000,29.000,21.000
643.000,168.000,29.000,20.000
645.000,166.000,30.000,21.000
646.000,167.000,30.000,21.000
646.000,168.000,30.000,21.000
647.000,167.000,31.000,21.000
648.000,168.000,32.000,21.000
647.000,168.000,31.000,21.000
648.000,169.000,32.000,21.000
646.000,168.000,34.000,21.000
646.000,169.000,33.000,21.000
646.000,170.000,35.000,20.000
644.000,170.000,35.000,21.000
646.000,171.000,34.000,20.000
644.000,171.000,36.000,21.000
642.000,171.000,39.000,22.000
639.000,170.000,41.000,21.000
640.000,172.000,40.000,21.000
638.000,172.000,40.000,21.000
640.000,173.000,39.000,20.000
637.000,174.000,41.000,19.000
634.000,173.000,42.000,20.000
633.000,175.000,41.000,19.000
632.000,175.000,42.000,19.000
631.000,173.000,42.000,21.000
627.000,174.000,44.000,19.000
626.000,174.000,43.000,21.000
623.000,174.000,44.000,21.000
619.000,173.000,45.000,21.000
618.000,173.000,45.000,21.000
616.000,174.000,45.000,21.000
613.000,175.000,46.000,21.000
611.000,174.000,46.000,21.000
609.000,175.000,45.000,22.000
606.000,173.000,45.000,22.000
603.000,175.000,42.000,19.000
601.000,175.000,42.000,19.000
598.000,175.000,42.000,20.000
595.000,174.000,43.000,23.000
595.000,173.000,40.000,23.000
593.000,175.000,38.000,23.000
590.000,175.000,37.000,22.000
589.000,176.000,37.000,21.000
588.000,174.000,36.000,22.000
588.000,177.000,35.000,21.000
586.000,174.000,35.000,22.000
584.000,175.000,33.000,21.000
586.000,176.000,32.000,22.000
582.000,176.000,34.000,22.000
582.000,177.000,33.000,22.000
582.000,175.000,32.000,21.000
578.000,175.000,37.000,23.000
579.000,174.000,35.000,21.000
578.000,173.000,34.000,21.000
578.000,172.000,31.000,21.000
577.000,169.000,32.000,23.000
577.000,167.000,30.000,22.000
576.000,167.000,32.000,23.000
576.000,166.000,31.000,22.000
577.000,167.000,31.000,22.000
578.000,167.000,32.000,22.000
577.000,166.000,33.000,23.000
577.000,167.000,34.000,22.000
577.000,167.000,33.000,22.000
579.000,167.000,34.000,22.000
580.000,167.000,35.000,22.000
579.000,168.000,35.000,22.000
580.000,168.000,35.000,22.000
581.000,166.000,35.000,22.000
583.000,169.000,35.000,22.000
583.000,168.000,37.000,23.000
585.000,167.000,37.000,22.000
588.000,169.000,38.000,22.000
587.000,169.000,39.000,22.000
589.000,170.000,40.000,21.000
592.000,170.000,40.000,20.000
593.000,170.000,41.000,22.000
595.000,171.000,40.000,22.000
596.000,171.000,41.000,21.000
599.000,171.000,41.000,21.000
601.000,173.000,41.000,22.000
603.000,174.000,42.000,21.000
604.000,172.000,43.000,20.000
607.000,174.000,43.000,20.000
606.000,173.000,43.000,22.000
609.000,174.000,43.000,20.000
611.000,174.000,45.000,21.000
611.000,176.000,44.000,22.000
613.000,176.000,45.000,20.000
613.000,176.000,44.000,20.000
615.000,178.000,44.000,20.000
616.000,178.000,45.000,20.000
616.000,178.000,46.000,21.000
617.000,179.000,46.000,20.000
621.000,177.000,42.000,25.000
623.000,178.000,44.000,24.000
623.000,179.000,44.000,22.000
624.000,179.000,45.000,24.000
626.000,181.000,43.000,24.000
628.000,183.000,41.000,22.000
632.000,182.000,41.000,23.000
633.000,183.000,39.000,22.000
636.000,183.000,39.000,23.000
638.000,185.000,38.000,23.000
640.000,185.000,37.000,23.000
644.000,184.000,36.000,24.000
646.000,186.000,34.000,23.000
646.000,185.000,36.000,23.000
650.000,188.000,32.000,23.000
650.000,186.000,34.000,24.000
653.000,187.000,33.000,23.000
652.000,188.000,34.000,23.000
653.000,189.000,35.000,25.000
656.000,190.000,34.000,25.000
654.000,189.000,36.000,24.000
657.000,192.000,36.000,24.000
657.000,191.000,37.000,25.000
657.000,190.000,38.000,26.000
658.000,191.000,37.000,26.000
659.000,194.000,38.000,26.000
658.000,194.000,39.000,24.000
657.000,194.000,40.000,25.000
655.000,193.000,40.000,24.000
656.000,195.000,41.000,25.000
653.000,195.000,42.000,25.000
654.000,196.000,42.000,25.000
653.000,196.000,42.000,26.000
652.000,196.000,43.000,25.000
648.000,197.000,45.000,26.000
649.000,196.000,45.000,26.000
645.000,198.000,47.000,26.000
645.000,198.000,46.000,26.000
642.000,199.000,47.000,25.000
640.000,199.000,47.000,25.000
639.000,200.000,47.000,26.000
633.000,202.000,50.000,25.000
632.000,202.000,49.000,25.000
628.000,202.000,49.000,25.000
627.000,203.000,49.000,27.000
623.000,203.000,49.000,26.000
620.000,205.000,50.000,25.000
617.000,207.000,50.000,26.000
615.000,208.000,50.000,26.000
610.000,207.000,50.000,27.000
608.000,206.000,49.000,26.000
604.000,205.000,50.000,26.000
599.000,205.000,50.000,26.000
596.000,201.000,49.000,28.000
594.000,199.000,48.000,27.000
589.000,194.000,50.000,27.000
586.000,189.000,47.000,28.000
582.000,186.000,49.000,27.000
576.000,182.000,50.000,27.000
575.000,178.000,51.000,27.000
569.000,174.000,49.000,28.000
567.000,169.000,49.000,28.000
562.000,168.000,48.000,27.000
560.000,165.000,47.000,27.000
557.000,161.000,47.000,29.000
552.000,158.000,48.000,28.000
548.000,158.000,48.000,26.000
544.000,157.000,48.000,27.000
542.000,158.000,48.000,27.000
540.000,159.000,47.000,29.000
537.000,160.000,47.000,27.000
534.000,162.000,46.000,27.000
532.000,163.000,44.000,27.000
527.000,162.000,45.000,29.000
524.000,162.000,44.000,31.000
521.000,163.000,45.000,29.000
519.000,163.000,43.000,31.000
516.000,163.000,44.000,32.000
514.000,164.000,42.000,32.000
510.000,166.000,43.000,32.000
507.000,168.000,44.000,30.000
503.000,166.000,42.000,30.000
501.000,171.000,40.000,27.000
500.000,170.000,40.000,30.000
497.000,170.000,41.000,29.000
494.000,170.000,41.000,30.000
492.000,170.000,40.000,30.000
489.000,171.000,41.000,31.000
488.000,171.000,40.000,31.000
485.000,172.000,41.000,31.000
482.000,173.000,41.000,30.000
479.000,175.000,43.000,29.000
478.000,174.000,43.000,31.000
476.000,175.000,41.000,31.000
474.000,175.000,41.000,31.000
472.000,175.000,40.000,33.000
470.000,176.000,40.000,31.000
468.000,177.000,41.000,32.000
468.000,179.000,39.000,31.000
466.000,180.000,42.000,31.000
464.000,179.000,41.000,31.000
465.000,180.000,41.000,31.000
463.000,182.000,42.000,30.000
462.000,181.000,42.000,31.000
459.000,184.000,45.000,29.000
459.000,185.000,44.000,30.000
460.000,186.000,45.000,30.000
458.000,185.000,47.000,32.000
456.000,185.000,46.000,32.000
456.000,187.000,46.000,32.000
454.000,187.000,48.000,32.000
454.000,190.000,46.000,32.000
454.000,189.000,49.000,33.000
454.000,191.000,47.000,32.000
452.000,191.000,48.000,33.000
451.000,191.000,50.000,34.000
451.000,194.000,49.000,31.000
452.000,195.000,47.000,31.000
451.000,196.000,48.000,32.000
452.000,197.000,48.000,32.000
449.000,199.000,48.000,33.000
447.000,199.000,50.000,35.000
449.000,201.000,48.000,31.000
446.000,201.000,50.000,34.000
448.000,203.000,48.000,32.000
448.000,206.000,47.000,32.000
445.000,209.000,49.000,32.000
445.000,210.000,50.000,33.000
445.000,211.000,49.000,33.000
445.000,214.000,50.000,33.000
443.000,215.000,50.000,34.000
442.000,219.000,51.000,35.000
441.000,220.000,51.000,33.000
441.000,221.000,50.000,33.000
441.000,220.000,51.000,36.000
439.000,223.000,52.000,34.000
438.000,224.000,51.000,35.000
437.000,224.000,51.000,38.000
436.000,225.000,52.000,37.000
436.000,229.000,53.000,35.000
435.000,230.000,53.000,35.000
435.000,230.000,53.000,36.000
433.000,234.000,53.000,37.000
431.000,234.000,56.000,38.000
431.000,238.000,54.000,36.000
432.000,237.000,54.000,37.000
430.000,239.000,55.000,37.000
429.000,241.000,54.000,38.000
428.000,243.000,55.000,37.000
426.000,245.000,54.000,38.000
426.000,245.000,55.000,39.000
424.000,249.000,56.000,40.000
423.000,251.000,57.000,43.000
421.000,253.000,58.000,40.000
422.000,255.000,57.000,41.000
420.000,256.000,58.000,41.000
420.000,259.000,57.000,42.000
418.000,261.000,59.000,41.000
420.000,265.000,57.000,41.000
416.000,266.000,58.000,45.000
419.000,266.000,57.000,46.000
420.000,270.000,56.000,44.000
421.000,272.000,56.000,43.000
422.000,276.000,57.000,43.000
423.000,277.000,57.000,43.000
427.000,280.000,57.000,45.000
429.000,281.000,56.000,46.000
431.000,284.000,58.000,45.000
433.000,287.000,58.000,45.000
436.000,288.000,57.000,48.000
437.000,288.000,59.000,48.000
442.000,291.000,59.000,50.000
445.000,294.000,57.000,49.000
448.000,296.000,59.000,48.000
451.000,296.000,58.000,50.000
454.000,297.000,59.000,48.000
458.000,297.000,58.000,51.000
459.000,298.000,58.000,50.000
462.000,298.000,59.000,52.000
463.000,302.000,61.000,50.000
468.000,301.000,58.000,52.000
469.000,302.000,62.000,52.000
472.000,302.000,58.000,53.000
476.000,303.000,58.000,53.000
478.000,305.000,60.000,54.000
479.000,305.000,65.000,57.000
479.000,306.000,64.000,55.000
482.000,308.000,65.000,57.000
485.000,307.000,65.000,59.000
489.000,310.000,62.000,55.000
492.000,309.000,59.000,57.000
489.000,311.000,62.000,58.000
489.000,312.000,61.000,56.000
486.000,314.000,62.000,56.000
486.000,315.000,62.000,59.000
484.000,314.000,62.000,60.000
481.000,315.000,63.000,59.000
478.000,316.000,63.000,59.000
479.000,316.000,62.000,61.000
478.000,315.000,62.000,61.000
477.000,316.000,63.000,61.000
474.000,314.000,63.000,63.000
473.000,311.000,62.000,65.000
472.000,311.000,63.000,64.000
471.000,309.000,62.000,65.000
468.000,304.000,67.000,68.000
471.000,304.000,63.000,67.000
471.000,303.000,63.000,67.000
470.000,299.000,63.000,68.000
472.000,297.000,62.000,70.000
471.000,294.000,63.000,70.000
470.000,287.000,63.000,69.000
473.000,289.000,63.000,69.000
473.000,282.000,64.000,71.000
475.000,280.000,62.000,73.000
472.000,279.000,68.000,69.000
475.000,276.000,68.000,72.000
473.000,274.000,70.000,70.000
475.000,270.000,68.000,73.000
477.000,268.000,68.000,73.000
477.000,265.000,68.000,72.000
476.000,262.000,69.000,73.000
477.000,260.000,72.000,72.000
479.000,257.000,69.000,73.000
483.000,253.000,68.000,74.000
483.000,250.000,71.000,73.000
484.000,245.000,74.000,78.000
485.000,242.000,73.000,77.000
488.000,241.000,70.000,77.000
487.000,238.000,75.000,77.000
491.000,236.000,68.000,75.000
496.000,232.000,69.000,73.000
499.000,232.000,68.000,75.000
499.000,229.000,69.000,76.000
500.000,224.000,68.000,76.000
501.000,224.000,70.000,75.000
505.000,219.000,69.000,76.000
507.000,217.000,69.000,77.000
510.000,216.000,68.000,77.000
513.000,213.000,69.000,77.000
513.000,210.000,71.000,76.000
517.000,206.000,68.000,76.000
517.000,204.000,70.000,77.000
521.000,205.000,69.000,76.000
524.000,201.000,68.000,77.000
525.000,201.000,68.000,77.000
527.000,199.000,71.000,78.000
529.000,201.000,70.000,76.000
530.000,199.000,73.000,76.000
533.000,200.000,71.000,74.000
537.000,197.000,70.000,76.000
541.000,197.000,71.000,76.000
544.000,198.000,70.000,75.000
546.000,194.000,71.000,75.000
551.000,197.000,71.000,73.000
555.000,194.000,70.000,75.000
558.000,197.000,72.000,70.000
560.000,192.000,76.000,75.000
566.000,193.000,72.000,73.000
571.000,191.000,71.000,72.000
574.000,192.000,70.000,71.000
582.000,188.000,71.000,73.000
585.000,188.000,72.000,71.000
588.000,189.000,72.000,69.000
594.000,186.000,72.000,70.000
599.000,186.000,71.000,68.000
601.000,186.000,71.000,69.000
605.000,183.000,71.000,69.000
608.000,181.000,70.000,69.000
609.000,180.000,69.000,67.000
612.000,180.000,71.000,67.000
613.000,182.000,71.000,65.000
617.000,176.000,70.000,67.000
617.000,178.000,70.000,65.000
618.000,173.000,69.000,66.000
619.000,175.000,70.000,65.000
622.000,173.000,70.000,65.000
623.000,170.000,70.000,67.000
627.000,175.000,69.000,61.000
625.000,172.000,72.000,63.000
631.000,174.000,68.000,64.000
631.000,175.000,72.000,64.000
634.000,178.000,71.000,60.000
636.000,178.000,68.000,58.000
637.000,181.000,71.000,59.000
638.000,183.000,69.000,57.000
642.000,184.000,67.000,58.000
644.000,186.000,69.000,57.000
647.000,187.000,66.000,60.000
650.000,188.000,65.000,58.000
650.000,191.000,67.000,57.000
653.000,190.000,66.000,57.000
656.000,193.000,65.000,56.000
660.000,195.000,62.000,59.000
659.000,196.000,64.000,58.000
665.000,199.000,61.000,58.000
663.000,200.000,61.000,57.000
666.000,206.000,65.000,55.000
667.000,208.000,62.000,56.000
672.000,207.000,62.000,55.000
673.000,212.000,60.000,54.000
676.000,215.000,60.000,56.000
676.000,218.000,61.000,56.000
680.000,220.000,60.000,53.000
681.000,222.000,58.000,53.000
682.000,223.000,59.000,55.000
684.000,226.000,57.000,53.000
686.000,230.000,58.000,51.000
687.000,233.000,57.000,53.000
686.000,234.000,58.000,53.000
689.000,238.000,58.000,50.000
691.000,240.000,57.000,50.000
693.000,243.000,55.000,52.000
694.000,245.000,54.000,52.000
694.000,249.000,55.000,52.000
696.000,251.000,55.000,50.000
697.000,253.000,53.000,52.000
694.000,256.000,60.000,52.000
697.000,257.000,55.000,51.000
696.000,260.000,54.000,49.000
696.000,262.000,57.000,50.000
703.000,264.000,55.000,50.000
701.000,268.000,56.000,49.000
702.000,268.000,54.000,49.000
706.000,270.000,52.000,49.000
703.000,270.000,56.000,49.000
708.000,271.000,52.000,47.000
706.000,268.000,53.000,49.000
709.000,272.000,51.000,47.000
709.000,270.000,53.000,49.000
712.000,270.000,52.000,47.000
712.000,271.000,53.000,47.000
714.000,271.000,53.000,46.000
716.000,271.000,51.000,46.000
716.000,270.000,53.000,46.000
717.000,271.000,54.000,47.000
719.000,268.000,54.000,49.000
721.000,271.000,51.000,46.000
720.000,270.000,55.000,46.000
722.000,270.000,53.000,47.000
723.000,269.000,51.000,47.000
726.000,271.000,51.000,44.000
727.000,271.000,53.000,45.000
728.000,270.000,51.000,46.000
730.000,269.000,51.000,45.000
733.000,270.000,49.000,45.000
734.000,270.000,50.000,45.000
737.000,269.000,49.000,47.000
739.000,268.000,49.000,46.000
740.000,268.000,48.000,46.000
741.000,269.000,49.000,45.000
742.000,269.000,49.000,46.000
745.000,271.000,48.000,44.000
745.000,271.000,50.000,45.000
744.000,273.000,52.000,44.000
747.000,271.000,49.000,46.000
752.000,273.000,50.000,44.000
753.000,273.000,48.000,44.000
751.000,274.000,49.000,44.000
757.000,273.000,49.000,43.000
756.000,272.000,50.000,44.000
758.000,274.000,49.000,45.000
763.000,275.000,47.000,44.000
765.000,273.000,47.000,46.000
767.000,277.000,46.000,43.000
768.000,274.000,48.000,44.000
769.000,275.000,53.000,45.000
772.000,275.000,49.000,45.000
773.000,276.000,50.000,44.000
775.000,276.000,48.000,44.000
777.000,276.000,52.000,44.000
779.000,277.000,52.000,45.000
780.000,277.000,49.000,45.000
782.000,277.000,51.000,45.000
784.000,279.000,52.000,44.000
789.000,279.000,49.000,44.000
788.000,279.000,50.000,44.000
792.000,280.000,50.000,45.000
793.000,280.000,50.000,44.000
796.000,282.000,50.000,44.000
798.000,283.000,49.000,43.000
800.000,284.000,51.000,41.000
802.000,283.000,51.000,44.000
804.000,286.000,55.000,44.000
805.000,283.000,53.000,46.000
809.000,286.000,55.000,45.000
813.000,287.000,52.000,44.000
812.000,287.000,55.000,44.000
817.000,291.000,54.000,43.000
820.000,288.000,53.000,44.000
823.000,291.000,55.000,44.000
825.000,292.000,56.000,45.000
828.000,293.000,55.000,44.000
833.000,295.000,56.000,45.000
833.000,298.000,56.000,42.000
834.000,298.000,59.000,45.000
839.000,300.000,57.000,45.000
842.000,300.000,58.000,47.000
845.000,304.000,59.000,44.000
847.000,303.000,62.000,46.000
851.000,307.000,60.000,46.000
856.000,307.000,56.000,43.000
858.000,309.000,59.000,46.000
862.000,311.000,56.000,44.000
866.000,313.000,55.000,44.000
867.000,312.000,58.000,46.000
872.000,313.000,55.000,46.000
875.000,315.000,54.000,45.000
876.000,315.000,55.000,46.000
879.000,317.000,56.000,44.000
882.000,316.000,53.000,46.000
885.000,317.000,54.000,46.000
888.000,316.000,51.000,47.000
890.000,317.000,51.000,47.000
891.000,317.000,53.000,48.000
896.000,319.000,52.000,44.000
901.000,320.000,51.000,47.000
903.000,318.000,48.000,48.000
906.000,319.000,47.000,49.000
905.000,317.000,52.000,50.000
912.000,320.000,47.000,50.000
914.000,320.000,48.000,48.000
918.000,322.000,46.000,50.000
919.000,322.000,47.000,49.000
921.000,323.000,49.000,47.000
923.000,323.000,48.000,49.000
923.000,324.000,52.000,47.000
927.000,323.000,51.000,50.000
929.000,325.000,51.000,49.000
930.000,327.000,53.000,47.000
928.000,325.000,60.000,51.000
931.000,327.000,58.000,49.000
932.000,326.000,58.000,49.000
932.000,328.000,60.000,47.000
933.000,328.000,59.000,48.000
933.000,330.000,64.000,47.000
934.000,330.000,65.000,49.000
934.000,331.000,65.000,48.000
936.000,330.000,66.000,50.000
934.000,329.000,70.000,50.000
937.000,330.000,68.000,50.000
936.000,329.000,71.000,52.000
936.000,332.000,72.000,50.000
930.000,327.000,81.000,53.000
932.000,330.000,79.000,51.000
933.000,330.000,79.000,51.000
928.000,329.000,87.000,53.000
927.000,328.000,88.000,55.000
927.000,330.000,90.000,53.000
925.000,329.000,92.000,54.000
925.000,326.000,92.000,57.000
925.000,328.000,93.000,55.000
924.000,328.000,92.000,55.000
921.000,329.000,97.000,52.000
925.000,332.000,93.000,48.000
920.000,330.000,100.000,51.000
917.000,330.000,103.000,52.000
915.000,329.000,106.000,52.000
913.000,330.000,108.000,51.000
910.000,330.000,110.000,52.000
911.000,330.000,108.000,52.000
911.000,329.000,104.000,52.000
912.000,332.000,104.000,47.000
906.000,331.000,109.000,50.000
902.000,330.000,113.000,53.000
905.000,335.000,111.000,45.000
905.000,337.000,111.000,45.000
904.000,337.000,111.000,46.000
905.000,339.000,110.000,45.000
904.000,338.000,109.000,44.000
904.000,340.000,108.000,44.000
901.000,341.000,110.000,43.000
900.000,341.000,110.000,42.000
897.000,342.000,113.000,48.000
894.000,342.000,118.000,49.000
900.000,344.000,110.000,43.000
897.000,346.000,111.000,44.000
893.000,348.000,115.000,43.000
892.000,350.000,114.000,42.000
895.000,350.000,113.000,44.000
888.000,350.000,121.000,46.000
889.000,352.000,117.000,46.000
892.000,356.000,116.000,41.000
889.000,354.000,119.000,45.000
888.000,357.000,120.000,41.000
887.000,356.000,123.000,44.000
888.000,361.000,117.000,41.000
889.000,360.000,116.000,46.000
886.000,363.000,121.000,42.000
885.000,363.000,121.000,41.000
888.000,365.000,118.000,42.000
885.000,364.000,118.000,45.000
886.000,365.000,118.000,48.000
884.000,369.000,119.000,45.000
885.000,370.000,120.000,48.000
886.000,373.000,117.000,48.000
886.000,377.000,117.000,48.000
884.000,377.000,119.000,47.000
885.000,378.000,117.000,50.000
886.000,380.000,114.000,49.000
888.000,380.000,114.000,49.000
885.000,384.000,117.000,50.000
884.000,384.000,119.000,49.000
883.000,386.000,117.000,51.000
880.000,385.000,119.000,50.000
872.000,388.000,123.000,51.000
872.000,387.000,113.000,56.000
868.000,387.000,109.000,56.000
859.000,389.000,110.000,58.000
851.000,386.000,104.000,59.000
842.000,387.000,102.000,60.000
829.000,388.000,104.000,62.000
819.000,389.000,98.000,63.000
805.000,390.000,97.000,64.000
792.000,391.000,93.000,64.000
774.000,387.000,95.000,70.000
755.000,390.000,91.000,68.000
740.000,391.000,89.000,67.000
723.000,390.000,82.000,71.000
701.000,388.000,88.000,71.000
687.000,386.000,81.000,76.000
662.000,391.000,81.000,76.000
639.000,395.000,82.000,75.000
623.000,396.000,75.000,75.000
604.000,397.000,73.000,75.000
588.000,399.000,69.000,78.000
561.000,403.000,69.000,79.000
544.000,401.000,69.000,82.000
533.000,408.000,68.000,79.000
522.000,409.000,64.000,81.000
509.000,409.000,64.000,84.000
494.000,418.000,62.000,80.000
483.000,416.000,62.000,85.000
474.000,418.000,61.000,86.000
458.000,421.000,68.000,89.000
451.000,424.000,62.000,84.000
436.000,423.000,63.000,90.000
426.000,428.000,65.000,93.000
416.000,430.000,66.000,88.000
408.000,428.000,67.000,89.000
404.000,434.000,67.000,92.000
397.000,434.000,65.000,94.000
389.000,431.000,71.000,95.000
385.000,431.000,70.000,96.000
385.000,429.000,66.000,93.000
378.000,422.000,68.000,96.000
373.000,422.000,66.000,96.000
368.000,420.000,69.000,97.000
361.000,415.000,70.000,97.000
359.000,411.000,69.000,95.000
353.000,408.000,75.000,97.000
349.000,399.000,75.000,96.000
343.000,394.000,77.000,99.000
340.000,390.000,80.000,95.000
338.000,385.000,80.000,96.000
333.000,378.000,84.000,99.000
331.000,372.000,86.000,97.000
329.000,364.000,86.000,96.000
323.000,358.000,94.000,100.000
324.000,352.000,91.000,101.000
320.000,347.000,94.000,99.000
321.000,342.000,92.000,100.000
313.000,339.000,97.000,106.000
309.000,338.000,99.000,105.000
303.000,337.000,101.000,107.000
300.000,342.000,103.000,103.000
292.000,336.000,110.000,107.000
289.000,343.000,108.000,105.000
283.000,343.000,105.000,109.000
281.000,344.000,112.000,104.000
278.000,346.000,108.000,103.000
267.000,352.000,112.000,106.000
258.000,351.000,121.000,108.000
253.000,353.000,122.000,110.000
250.000,352.000,122.000,107.000
243.000,351.000,124.000,110.000
239.000,353.000,122.000,104.000
228.000,351.000,131.000,112.000
223.000,351.000,132.000,108.000
216.000,346.000,132.000,110.000
208.000,349.000,135.000,108.000
203.000,337.000,141.000,114.000
195.000,335.000,141.000,117.000
191.000,340.000,141.000,107.000
185.000,340.000,142.000,109.000
176.000,336.000,146.000,109.000
169.000,334.000,149.000,112.000
165.000,338.000,147.000,105.000
154.000,337.000,157.000,103.000
154.000,337.000,152.000,104.000
145.000,332.000,165.000,105.000
151.000,333.000,157.000,105.000
156.000,334.000,156.000,104.000
150.000,335.000,163.000,95.000
159.000,334.000,158.000,96.000
164.000,333.000,162.000,96.000
172.000,336.000,162.000,92.000
176.000,333.000,165.000,92.000
181.000,333.000,165.000,92.000
188.000,334.000,161.000,88.000
194.000,332.000,164.000,89.000
200.000,332.000,164.000,89.000
204.000,328.000,167.000,98.000
208.000,331.000,163.000,91.000
209.000,328.000,173.000,97.000
213.000,329.000,165.000,93.000
215.000,328.000,168.000,91.000
217.000,326.000,172.000,88.000
221.000,322.000,168.000,101.000
226.000,322.000,168.000,91.000
226.000,320.000,168.000,90.000
228.000,320.000,170.000,88.000
228.000,318.000,170.000,87.000
232.000,317.000,173.000,83.000
229.000,314.000,176.000,94.000
231.000,311.000,175.000,93.000
234.000,311.000,176.000,84.000
236.000,306.000,176.000,87.000
239.000,306.000,177.000,90.000
238.000,301.000,176.000,94.000
242.000,301.000,180.000,94.000
240.000,305.000,180.000,78.000
246.000,299.000,180.000,87.000
242.000,298.000,179.000,88.000
244.000,299.000,180.000,82.000
245.000,297.000,180.000,80.000
240.000,297.000,188.000,85.000
243.000,296.000,184.000,84.000
241.000,295.000,184.000,84.000
249.000,293.000,182.000,85.000
245.000,289.000,186.000,88.000
250.000,291.000,186.000,85.000
248.000,292.000,182.000,81.000
251.000,290.000,188.000,87.000
253.000,294.000,185.000,81.000
251.000,297.000,190.000,75.000
258.000,295.000,182.000,78.000
260.000,295.000,181.000,79.000
260.000,297.000,184.000,76.000
264.000,296.000,183.000,77.000
267.000,296.000,184.000,75.000
272.000,295.000,182.000,78.000
276.000,293.000,182.000,76.000
278.000,294.000,183.000,76.000
283.000,294.000,187.000,74.000
288.000,292.000,182.000,75.000
294.000,288.000,187.000,75.000
300.000,287.000,179.000,76.000
302.000,286.000,185.000,75.000
306.000,283.000,184.000,78.000
314.000,280.000,180.000,75.000
320.000,280.000,183.000,76.000
323.000,279.000,183.000,76.000
326.000,276.000,180.000,77.000
332.000,272.000,181.000,76.000
337.000,275.000,183.000,73.000
341.000,271.000,178.000,76.000
344.000,271.000,182.000,75.000
348.000,267.000,176.000,77.000
349.000,265.000,186.000,79.000
355.000,265.000,179.000,75.000
360.000,263.000,178.000,76.000
363.000,263.000,182.000,72.000
365.000,260.000,177.000,78.000
367.000,259.000,176.000,74.000
368.000,259.000,181.000,74.000
372.000,257.000,178.000,74.000
374.000,255.000,176.000,78.000
375.000,251.000,175.000,78.000
376.000,251.000,177.000,78.000
378.000,251.000,176.000,77.000
377.000,250.000,178.000,73.000
379.000,250.000,177.000,75.000
380.000,247.000,175.000,75.000
380.000,246.000,179.000,78.000
381.000,246.000,179.000,76.000
380.000,244.000,179.000,77.000
380.000,244.000,179.000,77.000
378.000,244.000,180.000,75.000
376.000,243.000,182.000,77.000
377.000,243.000,179.000,76.000
376.000,243.000,181.000,73.000
378.000,241.000,177.000,76.000
374.000,243.000,183.000,72.000
372.000,240.000,180.000,74.000
372.000,241.000,180.000,75.000
372.000,239.000,177.000,76.000
371.000,239.000,179.000,74.000
367.000,239.000,178.000,74.000
364.000,241.000,178.000,76.000
365.000,239.000,177.000,76.000
363.000,241.000,177.000,71.000
356.000,241.000,179.000,73.000
356.000,239.000,178.000,75.000
355.000,241.000,179.000,74.000
357.000,240.000,175.000,74.000
353.000,240.000,176.000,74.000
351.000,240.000,176.000,74.000
344.000,242.000,180.000,72.000
344.000,238.000,174.000,76.000
341.000,239.000,177.000,73.000
339.000,239.000,176.000,75.000
336.000,239.000,177.000,73.000
333.000,240.000,175.000,76.000
331.000,238.000,173.000,76.000
327.000,240.000,176.000,75.000
324.000,241.000,176.000,75.000
318.000,243.000,176.000,70.000
312.000,243.000,179.000,69.000
313.000,240.000,172.000,74.000
310.000,240.000,173.000,74.000
299.000,243.000,178.000,73.000
294.000,242.000,181.000,73.000
296.000,242.000,173.000,75.000
287.000,243.000,179.000,70.000
286.000,243.000,176.000,71.000
280.000,243.000,176.000,71.000
278.000,241.000,175.000,75.000
272.000,239.000,173.000,77.000
268.000,243.000,177.000,69.000
266.000,242.000,175.000,71.000
259.000,241.000,176.000,70.000
256.000,241.000,174.000,71.000
255.000,238.000,173.000,74.000
250.000,242.000,176.000,70.000
241.000,240.000,178.000,69.000
240.000,240.000,173.000,71.000
236.000,238.000,177.000,71.000
235.000,235.000,172.000,72.000
227.000,238.000,178.000,70.000
225.000,238.000,176.000,69.000
224.000,232.000,165.000,75.000
214.000,233.000,172.000,71.000
206.000,233.000,177.000,71.000
199.000,228.000,178.000,75.000
192.000,231.000,176.000,68.000
181.000,227.000,174.000,73.000
174.000,226.000,171.000,73.000
164.000,225.000,179.000,68.000
159.000,225.000,178.000,70.000
152.000,215.000,177.000,75.000
146.000,222.000,173.000,72.000
142.000,220.000,174.000,69.000
135.000,220.000,177.000,70.000
130.000,219.000,178.000,67.000
123.000,218.000,179.000,69.000
113.000,215.000,178.000,71.000
107.000,214.000,178.000,71.000
97.000,209.000,179.000,71.000
86.000,208.000,181.000,71.000
81.000,206.000,182.000,69.000
71.000,206.000,182.000,67.000
64.000,203.000,183.000,69.000
63.000,202.000,180.000,70.000
60.000,199.000,178.000,69.000
53.000,198.000,182.000,75.000
52.000,199.000,178.000,71.000
51.000,197.000,174.000,73.000
47.000,197.000,176.000,73.000
41.000,197.000,181.000,71.000
42.000,198.000,177.000,72.000
36.000,198.000,181.000,72.000
37.000,198.000,178.000,71.000
37.000,197.000,178.000,69.000
38.000,196.000,177.000,68.000
36.000,195.000,180.000,70.000
40.000,194.000,176.000,68.000
45.000,193.000,175.000,71.000
46.000,189.000,175.000,70.000
50.000,187.000,178.000,67.000
58.000,185.000,174.000,68.000
67.000,182.000,175.000,68.000
72.000,177.000,175.000,69.000
80.000,176.000,176.000,66.000
85.000,173.000,173.000,67.000
98.000,170.000,170.000,66.000
114.000,159.000,167.000,71.000
125.000,159.000,166.000,68.000
134.000,154.000,165.000,69.000
143.000,151.000,162.000,71.000
151.000,149.000,161.000,73.000
158.000,147.000,161.000,72.000
161.000,145.000,158.000,72.000
163.000,143.000,158.000,74.000
163.000,130.000,160.000,90.000
169.000,133.000,159.000,84.000
167.000,133.000,159.000,85.000
172.000,131.000,160.000,87.000
174.000,136.000,162.000,83.000
178.000,134.000,160.000,86.000
176.000,133.000,155.000,88.000
178.000,128.000,160.000,91.000
180.000,146.000,160.000,74.000
179.000,147.000,163.000,73.000
183.000,149.000,162.000,70.000
184.000,148.000,160.000,73.000
186.000,151.000,160.000,71.000
189.000,153.000,161.000,71.000
192.000,155.000,160.000,71.000
193.000,155.000,160.000,72.000
195.000,157.000,162.000,74.000
198.000,160.000,164.000,71.000
203.000,161.000,160.000,70.000
205.000,162.000,162.000,68.000
209.000,162.000,162.000,70.000
211.000,164.000,164.000,68.000
217.000,164.000,159.000,73.000
222.000,165.000,158.000,74.000
224.000,166.000,159.000,73.000
226.000,168.000,163.000,73.000
227.000,168.000,168.000,77.000
229.000,171.000,172.000,75.000
234.000,172.000,163.000,76.000
232.000,175.000,174.000,77.000
238.000,180.000,166.000,73.000
243.000,182.000,164.000,74.000
245.000,184.000,168.000,74.000
243.000,187.000,170.000,75.000
247.000,190.000,169.000,71.000
249.000,194.000,172.000,72.000
251.000,195.000,173.000,73.000
252.000,198.000,176.000,78.000
255.000,202.000,174.000,80.000
261.000,207.000,172.000,73.000
263.000,207.000,173.000,75.000
266.000,211.000,172.000,75.000
272.000,215.000,172.000,75.000
273.000,216.000,172.000,78.000
276.000,222.000,171.000,76.000
276.000,225.000,177.000,78.000
280.000,228.000,175.000,75.000
290.000,229.000,176.000,82.000
286.000,237.000,179.000,81.000
290.000,236.000,186.000,80.000
299.000,243.000,172.000,77.000
303.000,248.000,179.000,74.000
306.000,254.000,182.000,72.000
313.000,257.000,179.000,74.000
317.000,261.000,184.000,75.000
322.000,265.000,178.000,75.000
328.000,269.000,179.000,75.000
332.000,273.000,180.000,78.000
339.000,276.000,179.000,76.000
343.000,279.000,182.000,77.000
350.000,284.000,181.000,76.000
353.000,287.000,184.000,75.000
363.000,293.000,184.000,75.000
370.000,293.000,179.000,76.000
374.000,298.000,189.000,72.000
384.000,301.000,187.000,77.000
389.000,302.000,183.000,78.000
399.000,307.000,185.000,74.000
405.000,309.000,188.000,76.000
418.000,310.000,182.000,82.000
421.000,314.000,187.000,79.000
435.000,315.000,181.000,80.000
443.000,317.000,180.000,82.000
455.000,317.000,179.000,83.000
459.000,318.000,182.000,83.000
464.000,321.000,189.000,78.000
475.000,322.000,185.000,80.000
489.000,323.000,182.000,81.000
494.000,325.000,185.000,80.000
504.000,326.000,182.000,81.000
513.000,326.000,180.000,81.000
518.000,326.000,184.000,81.000
530.000,327.000,183.000,81.000
534.000,326.000,183.000,83.000
542.000,324.000,182.000,87.000
547.000,319.000,183.000,89.000
561.000,317.000,177.000,88.000
570.000,314.000,174.000,89.000
580.000,307.000,171.000,96.000
580.000,307.000,173.000,88.000
591.000,302.000,172.000,90.000
602.000,299.000,169.000,90.000
609.000,290.000,168.000,92.000
615.000,288.000,166.000,92.000
617.000,280.000,165.000,94.000
626.000,276.000,161.000,93.000
636.000,269.000,160.000,94.000
639.000,261.000,162.000,93.000
644.000,255.000,160.000,93.000
650.000,246.000,153.000,94.000
655.000,238.000,151.000,96.000
658.000,231.000,150.000,95.000
667.000,219.000,145.000,98.000
666.000,215.000,147.000,92.000
670.000,208.000,142.000,91.000
673.000,201.000,137.000,91.000
675.000,190.000,137.000,95.000
672.000,179.000,137.000,95.000
675.000,169.000,134.000,97.000
675.000,161.000,129.000,96.000
674.000,153.000,125.000,93.000
670.000,143.000,128.000,94.000
670.000,135.000,122.000,92.000
667.000,127.000,117.000,88.000
666.000,118.000,118.000,90.000
664.000,109.000,117.000,91.000
666.000,102.000,111.000,89.000
669.000,93.000,113.000,89.000
671.000,83.000,110.000,90.000
678.000,74.000,106.000,87.000
685.000,68.000,108.000,88.000
693.000,61.000,101.000,89.000
703.000,54.000,103.000,84.000
709.000,46.000,98.000,83.000
712.000,41.000,101.000,84.000
721.000,35.000,101.000,80.000
724.000,30.000,97.000,79.000
730.000,24.000,98.000,78.000
737.000,23.000,95.000,76.000
741.000,21.000,90.000,75.000
745.000,19.000,90.000,77.000
748.000,18.000,88.000,76.000
754.000,20.000,85.000,75.000
756.000,28.000,84.000,71.000
757.000,35.000,81.000,71.000
754.000,45.000,82.000,68.000
752.000,53.000,81.000,66.000
753.000,65.000,77.000,65.000
751.000,76.000,75.000,64.000
747.000,84.000,71.000,63.000
738.000,93.000,73.000,60.000
733.000,99.000,68.000,60.000
721.000,113.000,69.000,58.000
715.000,119.000,67.000,58.000
707.000,128.000,65.000,56.000
698.000,136.000,64.000,56.000
687.000,144.000,64.000,51.000
676.000,153.000,62.000,51.000
667.000,159.000,60.000,51.000
659.000,165.000,61.000,49.000
649.000,173.000,59.000,49.000
639.000,180.000,59.000,47.000
628.000,188.000,57.000,48.000
618.000,196.000,56.000,47.000
605.000,200.000,57.000,48.000
597.000,209.000,55.000,45.000
588.000,214.000,56.000,43.000
575.000,216.000,55.000,44.000
566.000,218.000,55.000,43.000
557.000,217.000,53.000,44.000
553.000,219.000,53.000,42.000
546.000,217.000,52.000,42.000
538.000,218.000,52.000,39.000
535.000,219.000,50.000,40.000
531.000,215.000,50.000,43.000
525.000,215.000,50.000,43.000
524.000,217.000,50.000,42.000
518.000,217.000,52.000,42.000
517.000,218.000,49.000,40.000
515.000,216.000,49.000,39.000
513.000,218.000,48.000,39.000
511.000,218.000,48.000,39.000
509.000,219.000,49.000,38.000
506.000,218.000,49.000,38.000
505.000,218.000,48.000,39.000
505.000,219.000,47.000,39.000
502.000,218.000,47.000,40.000
503.000,220.000,46.000,37.000
503.000,220.000,46.000,38.000
503.000,218.000,47.000,38.000
505.000,218.000,45.000,39.000
506.000,219.000,45.000,37.000
507.000,217.000,45.000,39.000
507.000,220.000,46.000,36.000
508.000,220.000,45.000,38.000
508.000,218.000,46.000,38.000
509.000,218.000,45.000,39.000
510.000,218.000,45.000,39.000
510.000,221.000,45.000,37.000
510.000,222.000,47.000,36.000
510.000,223.000,47.000,36.000
511.000,226.000,47.000,36.000
512.000,227.000,48.000,36.000
513.000,229.000,46.000,38.000
511.000,230.000,46.000,37.000
513.000,233.000,46.000,37.000
513.000,235.000,46.000,37.000
514.000,236.000,45.000,37.000
513.000,237.000,46.000,37.000
516.000,241.000,46.000,36.000
515.000,244.000,45.000,35.000
514.000,245.000,45.000,36.000
516.000,249.000,45.000,37.000
517.000,250.000,43.000,37.000
517.000,252.000,44.000,37.000
517.000,251.000,43.000,38.000
518.000,252.000,43.000,36.000
518.000,254.000,43.000,39.000
517.000,254.000,44.000,37.000
516.000,255.000,46.000,38.000
515.000,256.000,45.000,38.000
519.000,256.000,41.000,38.000
515.000,257.000,45.000,38.000
516.000,257.000,45.000,39.000
517.000,257.000,45.000,39.000
518.000,261.000,44.000,37.000
516.000,261.000,45.000,37.000
516.000,262.000,44.000,38.000
516.000,263.000,44.000,38.000
513.000,262.000,45.000,41.000
515.000,266.000,46.000,37.000
514.000,267.000,45.000,38.000
514.000,268.000,45.000,39.000
515.000,269.000,45.000,39.000
511.000,271.000,46.000,37.000
512.000,272.000,46.000,39.000
512.000,272.000,46.000,41.000
511.000,274.000,46.000,43.000
511.000,275.000,45.000,43.000
510.000,277.000,47.000,43.000
508.000,278.000,48.000,43.000
509.000,280.000,47.000,41.000
508.000,282.000,47.000,42.000
506.000,284.000,47.000,43.000
506.000,287.000,48.000,41.000
507.000,288.000,46.000,43.000
506.000,290.000,46.000,42.000
505.000,292.000,46.000,43.000
503.000,293.000,49.000,42.000
502.000,296.000,47.000,43.000
503.000,295.000,47.000,46.000
502.000,299.000,46.000,45.000
501.000,300.000,47.000,45.000
500.000,304.000,49.000,43.000
501.000,305.000,47.000,45.000
499.000,306.000,48.000,45.000
497.000,308.000,49.000,45.000
498.000,310.000,48.000,47.000
496.000,312.000,50.000,46.000
496.000,314.000,50.000,46.000
493.000,315.000,51.000,47.000
495.000,316.000,49.000,47.000
493.000,319.000,49.000,49.000
491.000,321.000,52.000,47.000
492.000,323.000,52.000,49.000
490.000,324.000,51.000,50.000
490.000,326.000,51.000,51.000
491.000,330.000,50.000,50.000
489.000,332.000,50.000,50.000
489.000,334.000,51.000,49.000
487.000,336.000,52.000,51.000
485.000,337.000,53.000,50.000
486.000,339.000,51.000,51.000
483.000,341.000,54.000,54.000
484.000,343.000,52.000,51.000
482.000,344.000,55.000,54.000
482.000,346.000,52.000,54.000
480.000,348.000,55.000,55.000
478.000,350.000,56.000,55.000
478.000,353.000,57.000,54.000
476.000,353.000,58.000,56.000
480.000,356.000,52.000,56.000
479.000,359.000,52.000,54.000
479.000,361.000,54.000,55.000
476.000,360.000,57.000,57.000
477.000,364.000,53.000,55.000
474.000,364.000,58.000,59.000
476.000,366.000,54.000,58.000
472.000,367.000,57.000,59.000
474.000,369.000,55.000,56.000
472.000,370.000,56.000,60.000
473.000,373.000,56.000,56.000
474.000,373.000,55.000,58.000
475.000,375.000,54.000,59.000
472.000,376.000,55.000,61.000
470.000,374.000,58.000,62.000
471.000,377.000,55.000,59.000
470.000,376.000,57.000,63.000
469.000,379.000,57.000,60.000
469.000,380.000,60.000,61.000
471.000,382.000,57.000,59.000
471.000,381.000,57.000,60.000
468.000,381.000,60.000,62.000
470.000,385.000,57.000,58.000
471.000,385.000,55.000,59.000
471.000,382.000,57.000,63.000
469.000,383.000,58.000,62.000
469.000,383.000,61.000,63.000
469.000,382.000,59.000,63.000
472.000,385.000,57.000,59.000
469.000,383.000,60.000,59.000
469.000,385.000,62.000,57.000
471.000,382.000,58.000,61.000
472.000,382.000,58.000,60.000
472.000,382.000,59.000,59.000
473.000,381.000,58.000,61.000
472.000,378.000,60.000,63.000
473.000,379.000,60.000,60.000
473.000,379.000,60.000,61.000
475.000,379.000,60.000,60.000
472.000,379.000,62.000,58.000
475.000,378.000,61.000,60.000
475.000,378.000,63.000,59.000
474.000,375.000,62.000,62.000
476.000,375.000,63.000,61.000
475.000,375.000,65.000,59.000
478.000,374.000,63.000,59.000
481.000,372.000,61.000,61.000
482.000,371.000,62.000,60.000
481.000,370.000,65.000,59.000
482.000,369.000,65.000,59.000
483.000,368.000,64.000,58.000
482.000,363.000,68.000,60.000
485.000,364.000,66.000,58.000
484.000,361.000,67.000,60.000
487.000,364.000,65.000,60.000
490.000,364.000,65.000,57.000
490.000,362.000,65.000,59.000
490.000,362.000,66.000,59.000
493.000,361.000,66.000,58.000
494.000,362.000,67.000,56.000
496.000,361.000,66.000,56.000
498.000,361.000,66.000,55.000
500.000,359.000,67.000,55.000
499.000,358.000,67.000,54.000
503.000,359.000,66.000,54.000
502.000,359.000,69.000,53.000
505.000,356.000,67.000,55.000
506.000,354.000,65.000,56.000
509.000,354.000,63.000,55.000
509.000,352.000,66.000,54.000
509.000,352.000,64.000,54.000
512.000,350.000,64.000,54.000
512.000,350.000,64.000,54.000
513.000,348.000,65.000,54.000
515.000,347.000,65.000,54.000
517.000,346.000,66.000,52.000
519.000,345.000,66.000,53.000
521.000,345.000,66.000,54.000
522.000,343.000,66.000,51.000
526.000,342.000,63.000,52.000
529.000,341.000,63.000,53.000
533.000,340.000,61.000,53.000
534.000,337.000,62.000,53.000
534.000,336.000,64.000,53.000
539.000,336.000,61.000,50.000
540.000,334.000,59.000,52.000
544.000,332.000,59.000,52.000
545.000,332.000,60.000,50.000
548.000,331.000,60.000,50.000
549.000,330.000,57.000,50.000
551.000,326.000,59.000,51.000
555.000,327.000,59.000,49.000
556.000,326.000,58.000,48.000
558.000,323.000,57.000,48.000
561.000,323.000,58.000,47.000
564.000,320.000,56.000,49.000
569.000,320.000,55.000,49.000
571.000,320.000,55.000,46.000
575.000,317.000,55.000,46.000
576.000,314.000,57.000,48.000
580.000,311.000,54.000,51.000
582.000,310.000,54.000,47.000
584.000,307.000,54.000,49.000
585.000,305.000,56.000,51.000
590.000,307.000,53.000,46.000
593.000,303.000,51.000,49.000
595.000,302.000,52.000,48.000
596.000,300.000,49.000,48.000
596.000,299.000,52.000,47.000
599.000,298.000,52.000,47.000
601.000,296.000,50.000,46.000
602.000,293.000,52.000,46.000
605.000,293.000,47.000,44.000
606.000,290.000,50.000,46.000
608.000,290.000,48.000,42.000
610.000,286.000,49.000,45.000
611.000,283.000,51.000,44.000
615.000,282.000,46.000,44.000
615.000,280.000,47.000,44.000
617.000,279.000,46.000,43.000
619.000,278.000,46.000,43.000
619.000,275.000,47.000,42.000
623.000,273.000,45.000,42.000
625.000,269.000,42.000,45.000
626.000,268.000,44.000,42.000
628.000,267.000,43.000,43.000
628.000,265.000,43.000,40.000
630.000,261.000,41.000,42.000
630.000,259.000,43.000,42.000
633.000,257.000,42.000,43.000
635.000,255.000,40.000,40.000
635.000,255.000,42.000,40.000
637.000,251.000,41.000,42.000
638.000,249.000,39.000,40.000
639.000,249.000,39.000,38.000
640.000,245.000,39.000,39.000
643.000,243.000,38.000,40.000
641.000,241.000,40.000,39.000
643.000,239.000,39.000,37.000
644.000,235.000,39.000,39.000
645.000,235.000,38.000,36.000
645.000,232.000,39.000,36.000
646.000,232.000,38.000,35.000
645.000,227.000,38.000,39.000
647.000,224.000,38.000,38.000
649.000,224.000,36.000,37.000
651.000,221.000,34.000,36.000
650.000,219.000,34.000,35.000
649.000,216.000,35.000,36.000
650.000,215.000,34.000,35.000
652.000,213.000,34.000,35.000
652.000,212.000,32.000,34.000
654.000,208.000,31.000,35.000
653.000,207.000,32.000,34.000
654.000,204.000,31.000,36.000
652.000,202.000,34.000,35.000
653.000,201.000,33.000,33.000
652.000,198.000,33.000,33.000
652.000,197.000,33.000,33.000
653.000,195.000,32.000,34.000
653.000,192.000,32.000,33.000
653.000,191.000,31.000,33.000
655.000,189.000,30.000,31.000
654.000,187.000,31.000,31.000
653.000,185.000,31.000,32.000
653.000,183.000,32.000,33.000
654.000,181.000,31.000,31.000
654.000,180.000,31.000,30.000
655.000,179.000,31.000,29.000
653.000,177.000,30.000,29.000
654.000,175.000,31.000,31.000
654.000,174.000,31.000,29.000
654.000,171.000,31.000,30.000
655.000,172.000,30.000,29.000
653.000,170.000,31.000,30.000
653.000,171.000,30.000,29.000
654.000,169.000,30.000,28.000
656.000,171.000,28.000,28.000
654.000,170.000,30.000,28.000
654.000,168.000,29.000,29.000
655.000,169.000,28.000,27.000
656.000,167.000,30.000,27.000
655.000,167.000,29.000,27.000
655.000,167.000,29.000,27.000
654.000,167.000,30.000,27.000
657.000,167.000,29.000,27.000
656.000,166.000,29.000,27.000
658.000,167.000,28.000,26.000
657.000,166.000,29.000,26.000
658.000,168.000,28.000,24.000
658.000,168.000,27.000,24.000
658.000,164.000,29.000,26.000
659.000,166.000,26.000,25.000
659.000,167.000,28.000,25.000
660.000,167.000,28.000,25.000
659.000,165.000,28.000,24.000
660.000,166.000,28.000,24.000
660.000,164.000,29.000,25.000
660.000,165.000,26.000,25.000
661.000,165.000,25.000,24.000
661.000,165.000,27.000,24.000
661.000,164.000,27.000,25.000
661.000,163.000,26.000,24.000
664.000,164.000,25.000,23.000
663.000,165.000,24.000,23.000
663.000,163.000,26.000,23.000
664.000,165.000,24.000,22.000
664.000,164.000,24.000,21.000
664.000,164.000,25.000,22.000
664.000,163.000,25.000,22.000
666.000,163.000,24.000,22.000
666.000,163.000,25.000,22.000
665.000,162.000,25.000,22.000
668.000,162.000,24.000,22.000
667.000,162.000,26.000,22.000
667.000,163.000,25.000,21.000
669.000,164.000,25.000,21.000
668.000,164.000,25.000,21.000
668.000,163.000,24.000,22.000
670.000,163.000,23.000,22.000
670.000,162.000,23.000,21.000
669.000,163.000,24.000,21.000
672.000,163.000,23.000,21.000
671.000,163.000,23.000,20.000
671.000,164.000,24.000,20.000
671.000,163.000,24.000,20.000
672.000,165.000,23.000,21.000
671.000,164.000,24.000,20.000
672.000,165.000,24.000,20.000
672.000,165.000,23.000,19.000
673.000,166.000,23.000,18.000
674.000,166.000,23.000,19.000
674.000,167.000,23.000,20.000
674.000,166.000,24.000,19.000
674.000,167.000,23.000,19.000
674.000,168.000,24.000,19.000
675.000,168.000,24.000,19.000
674.000,169.000,23.000,19.000
676.000,169.000,23.000,18.000
676.000,169.000,23.000,20.000
675.000,170.000,23.000,19.000
677.000,168.000,23.000,19.000
677.000,168.000,23.000,19.000
677.000,167.000,24.000,18.000
679.000,166.000,22.000,18.000
678.000,165.000,22.000,18.000
679.000,164.000,22.000,18.000
680.000,165.000,21.000,17.000
680.000,164.000,23.000,17.000
681.000,162.000,21.000,18.000
680.000,161.000,21.000,18.000
682.000,160.000,21.000,18.000
682.000,160.000,23.000,17.000
681.000,160.000,22.000,16.000
