661.000,426.000,28.000,31.000
661.000,425.000,27.000,31.000
662.000,424.000,27.000,31.000
662.000,423.000,27.000,31.000
662.000,421.000,28.000,32.000
662.000,421.000,27.000,31.000
662.000,419.000,26.000,30.000
662.000,420.000,27.000,31.000
661.000,420.000,28.000,30.000
661.000,419.000,26.000,30.000
661.000,419.000,27.000,31.000
662.000,418.000,25.000,30.000
662.000,418.000,27.000,30.000
662.000,419.000,27.000,29.000
662.000,419.000,28.000,30.000
662.000,420.000,26.000,30.000
661.000,419.000,26.000,29.000
663.000,421.000,27.000,28.000
663.000,419.000,27.000,29.000
663.000,418.000,25.000,31.000
663.000,420.000,27.000,31.000
662.000,419.000,26.000,29.000
663.000,420.000,26.000,28.000
663.000,419.000,26.000,30.000
662.000,419.000,26.000,30.000
662.000,421.000,26.000,31.000
662.000,421.000,27.000,30.000
663.000,421.000,27.000,31.000
663.000,422.000,27.000,30.000
662.000,421.000,28.000,32.000
663.000,420.000,27.000,31.000
663.000,422.000,27.000,30.000
663.000,423.000,27.000,28.000
663.000,421.000,27.000,30.000
663.000,422.000,28.000,29.000
663.000,424.000,27.000,29.000
663.000,423.000,27.000,29.000
662.000,423.000,29.000,29.000
665.000,423.000,26.000,29.000
664.000,425.000,27.000,28.000
663.000,424.000,29.000,31.000
665.000,425.000,26.000,30.000
663.000,423.000,27.000,30.000
664.000,425.000,27.000,30.000
665.000,424.000,28.000,32.000
664.000,424.000,26.000,30.000
665.000,425.000,25.000,31.000
665.000,425.000,26.000,33.000
664.000,424.000,26.000,32.000
664.000,424.000,27.000,32.000
664.000,426.000,26.000,29.000
664.000,424.000,26.000,31.000
664.000,424.000,27.000,31.000
665.000,425.000,26.000,29.000
665.000,427.000,25.000,29.000
666.000,426.000,25.000,30.000
667.000,426.000,25.000,30.000
665.000,427.000,25.000,30.000
665.000,426.000,27.000,31.000
666.000,427.000,26.000,29.000
667.000,426.000,26.000,29.000
668.000,427.000,26.000,30.000
667.000,429.000,27.000,30.000
666.000,428.000,27.000,29.000
668.000,429.000,27.000,30.000
667.000,428.000,26.000,31.000
670.000,429.000,25.000,30.000
668.000,429.000,25.000,31.000
669.000,428.000,24.000,31.000
670.000,429.000,25.000,29.000
669.000,431.000,26.000,28.000
669.000,430.000,25.000,30.000
670.000,429.000,26.000,31.000
670.000,430.000,26.000,30.000
670.000,431.000,26.000,31.000
671.000,430.000,26.000,31.000
671.000,431.000,26.000,31.000
670.000,430.000,26.000,31.000
672.000,431.000,26.000,31.000
672.000,432.000,27.000,31.000
672.000,431.000,27.000,30.000
672.000,432.000,26.000,30.000
673.000,432.000,27.000,30.000
673.000,432.000,28.000,30.000
673.000,431.000,28.000,29.000
673.000,432.000,28.000,31.000
675.000,432.000,26.000,31.000
675.000,432.000,28.000,32.000
674.000,433.000,27.000,31.000
676.000,432.000,27.000,31.000
677.000,434.000,28.000,30.000
677.000,433.000,26.000,31.000
676.000,434.000,26.000,31.000
677.000,433.000,27.000,30.000
678.000,434.000,27.000,30.000
676.000,433.000,28.000,30.000
678.000,434.000,29.000,31.000
676.000,432.000,29.000,31.000
677.000,433.000,30.000,31.000
678.000,434.000,29.000,31.000
680.000,435.000,29.000,30.000
680.000,433.000,29.000,31.000
680.000,435.000,29.000,31.000
678.000,433.000,31.000,32.000
679.000,433.000,32.000,31.000
681.000,435.000,33.000,32.000
680.000,435.000,33.000,32.000
682.000,433.000,30.000,30.000
682.000,435.000,30.000,32.000
681.000,435.000,34.000,32.000
683.000,436.000,32.000,32.000
683.000,435.000,32.000,31.000
683.000,436.000,31.000,31.000
684.000,436.000,31.000,32.000
685.000,437.000,32.000,31.000
685.000,436.000,30.000,31.000
688.000,438.000,31.000,31.000
685.000,438.000,32.000,31.000
687.000,439.000,31.000,30.000
688.000,439.000,31.000,30.000
689.000,440.000,32.000,31.000
689.000,438.000,30.000,31.000
691.000,440.000,30.000,31.000
691.000,439.000,30.000,30.000
691.000,440.000,33.000,31.000
692.000,440.000,32.000,30.000
693.000,439.000,30.000,30.000
694.000,442.000,32.000,30.000
694.000,440.000,31.000,30.000
696.000,442.000,32.000,30.000
695.000,440.000,33.000,31.000
697.000,443.000,34.000,31.000
698.000,441.000,32.000,30.000
698.000,442.000,32.000,31.000
700.000,443.000,34.000,30.000
701.000,443.000,33.000,30.000
702.000,442.000,33.000,31.000
703.000,443.000,33.000,30.000
703.000,444.000,34.000,31.000
706.000,442.000,32.000,31.000
706.000,443.000,33.000,30.000
708.000,445.000,35.000,31.000
708.000,444.000,34.000,30.000
709.000,445.000,34.000,31.000
711.000,444.000,35.000,31.000
713.000,445.000,34.000,29.000
713.000,445.000,34.000,30.000
715.000,446.000,35.000,30.000
717.000,446.000,35.000,30.000
717.000,447.000,35.000,29.000
718.000,445.000,35.000,30.000
720.000,447.000,36.000,31.000
721.000,446.000,35.000,30.000
723.000,448.000,36.000,30.000
724.000,448.000,37.000,30.000
726.000,448.000,37.000,31.000
728.000,447.000,39.000,30.000
728.000,449.000,39.000,31.000
730.000,447.000,37.000,30.000
732.000,449.000,40.000,31.000
732.000,448.000,41.000,29.000
734.000,448.000,42.000,30.000
736.000,449.000,43.000,30.000
737.000,448.000,43.000,30.000
737.000,448.000,43.000,31.000
741.000,450.000,40.000,30.000
741.000,449.000,40.000,30.000
745.000,451.000,40.000,30.000
745.000,449.000,40.000,29.000
746.000,450.000,40.000,30.000
748.000,451.000,40.000,30.000
750.000,450.000,41.000,29.000
752.000,452.000,41.000,30.000
751.000,450.000,42.000,30.000
755.000,453.000,41.000,30.000
758.000,452.000,40.000,30.000
758.000,452.000,41.000,30.000
759.000,453.000,40.000,31.000
763.000,454.000,39.000,30.000
765.000,453.000,39.000,31.000
767.000,452.000,40.000,32.000
768.000,452.000,41.000,31.000
771.000,453.000,40.000,31.000
772.000,455.000,41.000,30.000
773.000,454.000,41.000,30.000
775.000,455.000,41.000,30.000
779.000,456.000,42.000,30.000
780.000,454.000,44.000,31.000
781.000,455.000,45.000,31.000
783.000,456.000,44.000,30.000
788.000,457.000,40.000,34.000
786.000,457.000,43.000,31.000
789.000,458.000,43.000,30.000
792.000,458.000,41.000,31.000
793.000,458.000,42.000,32.000
797.000,459.000,41.000,30.000
798.000,460.000,42.000,26.000
799.000,457.000,41.000,30.000
804.000,460.000,40.000,29.000
805.000,459.000,39.000,29.000
808.000,461.000,38.000,29.000
809.000,459.000,37.000,29.000
812.000,461.000,36.000,28.000
815.000,460.000,37.000,28.000
817.000,461.000,36.000,28.000
819.000,460.000,37.000,29.000
823.000,464.000,31.000,27.000
825.000,463.000,30.000,28.000
828.000,461.000,32.000,30.000
829.000,462.000,34.000,29.000
832.000,461.000,37.000,31.000
835.000,460.000,39.000,32.000
836.000,461.000,38.000,31.000
838.000,463.000,36.000,30.000
841.000,462.000,29.000,28.000
845.000,462.000,34.000,30.000
847.000,466.000,34.000,28.000
848.000,466.000,34.000,28.000
851.000,465.000,37.000,27.000
854.000,465.000,31.000,28.000
856.000,466.000,35.000,26.000
858.000,466.000,32.000,27.000
861.000,468.000,39.000,26.000
864.000,466.000,40.000,27.000
866.000,468.000,47.000,26.000
872.000,468.000,35.000,27.000
874.000,468.000,26.000,27.000
877.000,470.000,27.000,24.000
880.000,472.000,26.000,25.000
885.000,469.000,23.000,27.000
890.000,469.000,23.000,27.000
896.000,468.000,28.000,27.000
894.000,468.000,36.000,29.000
894.000,468.000,42.000,30.000
897.000,467.000,42.000,29.000
901.000,469.000,43.000,28.000
903.000,468.000,42.000,29.000
904.000,469.000,42.000,28.000
908.000,469.000,42.000,28.000
910.000,471.000,42.000,27.000
913.000,470.000,42.000,29.000
915.000,469.000,43.000,29.000
916.000,470.000,44.000,30.000
920.000,470.000,42.000,28.000
923.000,473.000,42.000,28.000
928.000,474.000,41.000,27.000
928.000,473.000,42.000,27.000
932.000,473.000,40.000,29.000
934.000,472.000,41.000,29.000
937.000,473.000,40.000,29.000
941.000,473.000,40.000,30.000
945.000,472.000,39.000,32.000
948.000,473.000,39.000,31.000
949.000,473.000,38.000,31.000
951.000,473.000,39.000,31.000
955.000,475.000,40.000,30.000
955.000,476.000,41.000,27.000
960.000,474.000,39.000,31.000
963.000,474.000,37.000,31.000
965.000,475.000,37.000,30.000
970.000,473.000,36.000,31.000
970.000,472.000,38.000,30.000
972.000,472.000,37.000,31.000
972.000,471.000,39.000,30.000
973.000,469.000,38.000,32.000
976.000,468.000,38.000,31.000
974.000,464.000,39.000,31.000
971.000,463.000,38.000,31.000
971.000,461.000,38.000,31.000
968.000,461.000,38.000,31.000
965.000,457.000,39.000,31.000
961.000,455.000,39.000,32.000
959.000,452.000,40.000,32.000
955.000,450.000,39.000,31.000
953.000,449.000,39.000,31.000
949.000,448.000,39.000,30.000
947.000,446.000,38.000,31.000
945.000,445.000,35.000,29.000
943.000,442.000,34.000,30.000
941.000,437.000,34.000,30.000
936.000,434.000,33.000,30.000
933.000,432.000,32.000,29.000
928.000,426.000,32.000,30.000
927.000,424.000,33.000,31.000
923.000,420.000,32.000,30.000
920.000,415.000,31.000,30.000
915.000,412.000,33.000,30.000
913.000,407.000,30.000,30.000
911.000,404.000,30.000,31.000
910.000,402.000,30.000,31.000
907.000,397.000,28.000,30.000
907.000,394.000,27.000,29.000
904.000,392.000,28.000,31.000
903.000,390.000,29.000,32.000
902.000,387.000,28.000,31.000
901.000,387.000,30.000,29.000
901.000,384.000,28.000,30.000
903.000,385.000,28.000,28.000
905.000,386.000,26.000,30.000
905.000,386.000,26.000,29.000
907.000,386.000,26.000,29.000
908.000,386.000,28.000,28.000
912.000,386.000,27.000,29.000
913.000,386.000,28.000,31.000
916.000,384.000,27.000,31.000
918.000,385.000,27.000,32.000
920.000,385.000,27.000,32.000
921.000,386.000,26.000,31.000
923.000,385.000,25.000,31.000
925.000,387.000,27.000,29.000
927.000,387.000,26.000,29.000
930.000,386.000,27.000,30.000
931.000,387.000,26.000,29.000
934.000,388.000,26.000,29.000
937.000,387.000,25.000,32.000
938.000,388.000,26.000,29.000
940.000,388.000,24.000,30.000
943.000,387.000,25.000,31.000
943.000,389.000,26.000,29.000
946.000,388.000,25.000,29.000
949.000,388.000,25.000,30.000
951.000,390.000,25.000,29.000
953.000,388.000,24.000,32.000
953.000,390.000,25.000,29.000
954.000,389.000,25.000,32.000
959.000,390.000,25.000,29.000
959.000,389.000,25.000,29.000
962.000,391.000,25.000,29.000
963.000,389.000,25.000,31.000
965.000,389.000,24.000,29.000
967.000,390.000,26.000,29.000
968.000,389.000,24.000,31.000
970.000,390.000,24.000,31.000
973.000,390.000,24.000,31.000
974.000,391.000,25.000,29.000
975.000,388.000,26.000,32.000
978.000,390.000,25.000,32.000
980.000,390.000,24.000,29.000
980.000,389.000,25.000,32.000
981.000,390.000,26.000,31.000
986.000,391.000,24.000,30.000
986.000,390.000,24.000,31.000
988.000,391.000,25.000,31.000
991.000,391.000,24.000,30.000
991.000,391.000,25.000,29.000
993.000,391.000,25.000,30.000
996.000,391.000,24.000,30.000
997.000,392.000,25.000,28.000
996.000,391.000,26.000,31.000
998.000,393.000,26.000,30.000
1001.000,393.000,25.000,31.000
1003.000,392.000,26.000,31.000
1005.000,393.000,26.000,29.000
1005.000,394.000,26.000,28.000
1006.000,392.000,27.000,32.000
1009.000,392.000,27.000,31.000
1010.000,393.000,26.000,30.000
1012.000,393.000,27.000,32.000
1013.000,392.000,27.000,31.000
1013.000,392.000,28.000,32.000
1017.000,394.000,26.000,31.000
1019.000,394.000,28.000,31.000
1019.000,395.000,28.000,29.000
1021.000,396.000,30.000,28.000
1022.000,393.000,28.000,30.000
1024.000,394.000,30.000,30.000
1026.000,394.000,29.000,31.000
1027.000,394.000,29.000,30.000
1029.000,394.000,29.000,29.000
1029.000,394.000,30.000,28.000
1034.000,394.000,28.000,28.000
1033.000,391.000,31.000,31.000
1036.000,391.000,30.000,29.000
1036.000,388.000,30.000,29.000
1037.000,387.000,29.000,30.000
1039.000,386.000,29.000,29.000
1041.000,384.000,31.000,30.000
1041.000,381.000,31.000,31.000
1043.000,380.000,30.000,30.000
1046.000,378.000,29.000,29.000
1044.000,374.000,32.000,30.000
1046.000,373.000,31.000,30.000
1048.000,370.000,32.000,30.000
1049.000,368.000,32.000,30.000
1052.000,365.000,31.000,29.000
1051.000,359.000,33.000,32.000
1053.000,357.000,34.000,30.000
1054.000,355.000,33.000,30.000
1058.000,352.000,31.000,29.000
1057.000,349.000,32.000,31.000
1058.000,344.000,33.000,31.000
1059.000,341.000,34.000,30.000
1060.000,339.000,34.000,31.000
1061.000,337.000,34.000,30.000
1061.000,334.000,35.000,30.000
1061.000,330.000,37.000,31.000
1065.000,330.000,35.000,30.000
1067.000,327.000,35.000,30.000
1067.000,327.000,36.000,31.000
1067.000,327.000,36.000,30.000
1070.000,325.000,36.000,30.000
1071.000,325.000,37.000,29.000
1072.000,323.000,37.000,31.000
1073.000,323.000,38.000,31.000
1073.000,322.000,38.000,31.000
1075.000,320.000,38.000,32.000
1076.000,321.000,38.000,31.000
1078.000,321.000,37.000,32.000
1078.000,322.000,39.000,32.000
1083.000,323.000,36.000,30.000
1080.000,321.000,41.000,32.000
1081.000,322.000,40.000,32.000
1083.000,321.000,40.000,31.000
1082.000,322.000,41.000,31.000
1084.000,322.000,40.000,31.000
1084.000,322.000,42.000,31.000
1085.000,322.000,42.000,33.000
1087.000,321.000,40.000,33.000
1089.000,323.000,41.000,32.000
1090.000,321.000,41.000,32.000
1091.000,323.000,42.000,31.000
1092.000,322.000,42.000,32.000
1092.000,322.000,43.000,32.000
1095.000,322.000,42.000,32.000
1096.000,325.000,42.000,28.000
1095.000,323.000,44.000,33.000
1099.000,326.000,42.000,29.000
1098.000,323.000,44.000,32.000
1103.000,326.000,40.000,28.000
1099.000,324.000,45.000,33.000
1100.000,324.000,44.000,31.000
1101.000,325.000,43.000,32.000
1101.000,325.000,45.000,31.000
1103.000,324.000,45.000,31.000
1104.000,325.000,45.000,30.000
1105.000,326.000,45.000,30.000
1105.000,326.000,45.000,30.000
1106.000,326.000,46.000,30.000
1106.000,327.000,47.000,30.000
1107.000,325.000,46.000,31.000
1108.000,327.000,47.000,33.000
1109.000,327.000,48.000,31.000
1108.000,327.000,49.000,34.000
1110.000,326.000,49.000,37.000
1109.000,327.000,49.000,41.000
1108.000,327.000,51.000,48.000
1111.000,321.000,48.000,57.000
1109.000,326.000,52.000,53.000
1111.000,327.000,50.000,50.000
1110.000,324.000,51.000,51.000
1107.000,328.000,57.000,49.000
1109.000,330.000,56.000,48.000
1108.000,329.000,59.000,48.000
1111.000,329.000,54.000,49.000
1111.000,328.000,56.000,49.000
1110.000,328.000,55.000,46.000
1111.000,331.000,58.000,45.000
1111.000,332.000,60.000,44.000
1112.000,330.000,58.000,44.000
1109.000,331.000,62.000,44.000
1108.000,330.000,63.000,42.000
1103.000,331.000,67.000,41.000
1104.000,333.000,64.000,39.000
1101.000,331.000,67.000,39.000
1099.000,332.000,69.000,38.000
1095.000,331.000,71.000,37.000
1095.000,332.000,73.000,36.000
1094.000,332.000,70.000,35.000
1091.000,333.000,71.000,34.000
1089.000,333.000,73.000,34.000
1086.000,331.000,72.000,33.000
1080.000,330.000,76.000,33.000
1078.000,329.000,74.000,32.000
1074.000,330.000,79.000,32.000
1072.000,330.000,77.000,30.000
1068.000,329.000,76.000,30.000
1065.000,328.000,78.000,30.000
1074.000,328.000,67.000,30.000
1077.000,328.000,59.000,28.000
1078.000,329.000,56.000,28.000
1078.000,327.000,52.000,28.000
1073.000,326.000,54.000,28.000
1072.000,326.000,51.000,28.000
1065.000,325.000,56.000,28.000
1067.000,325.000,51.000,28.000
1061.000,323.000,55.000,28.000
1062.000,324.000,51.000,27.000
1063.000,323.000,47.000,27.000
1061.000,325.000,47.000,25.000
1060.000,324.000,47.000,25.000
1059.000,324.000,47.000,25.000
1057.000,322.000,48.000,27.000
1058.000,324.000,48.000,25.000
1056.000,323.000,49.000,26.000
1056.000,323.000,49.000,25.000
1056.000,324.000,50.000,25.000
1057.000,323.000,51.000,25.000
1055.000,322.000,51.000,26.000
1057.000,322.000,50.000,26.000
1058.000,322.000,49.000,26.000
1057.000,322.000,50.000,27.000
1060.000,324.000,51.000,27.000
1058.000,324.000,50.000,26.000
1058.000,323.000,52.000,27.000
1058.000,323.000,50.000,27.000
1059.000,322.000,49.000,28.000
1059.000,323.000,52.000,26.000
1060.000,323.000,50.000,26.000
1058.000,322.000,53.000,27.000
1059.000,323.000,50.000,27.000
1059.000,322.000,49.000,26.000
1058.000,322.000,52.000,27.000
1058.000,321.000,50.000,25.000
1058.000,321.000,49.000,26.000
1057.000,319.000,52.000,26.000
1059.000,322.000,49.000,25.000
1057.000,320.000,50.000,26.000
1057.000,320.000,49.000,26.000
1057.000,318.000,50.000,27.000
1055.000,319.000,50.000,26.000
1056.000,317.000,49.000,27.000
1053.000,317.000,51.000,27.000
1054.000,318.000,50.000,24.000
1052.000,317.000,49.000,25.000
1052.000,318.000,50.000,25.000
1051.000,316.000,48.000,27.000
1049.000,315.000,49.000,26.000
1047.000,315.000,50.000,26.000
1048.000,314.000,50.000,27.000
1045.000,313.000,50.000,27.000
1043.000,309.000,49.000,27.000
1042.000,309.000,52.000,25.000
1044.000,305.000,51.000,27.000
1043.000,303.000,50.000,27.000
1043.000,302.000,51.000,26.000
1039.000,298.000,53.000,27.000
1037.000,293.000,55.000,27.000
1039.000,292.000,54.000,27.000
1037.000,288.000,53.000,27.000
1038.000,283.000,53.000,28.000
1039.000,280.000,49.000,27.000
1038.000,277.000,51.000,26.000
1037.000,272.000,51.000,27.000
1036.000,269.000,51.000,27.000
1036.000,265.000,51.000,27.000
1036.000,259.000,49.000,29.000
1035.000,256.000,49.000,28.000
1035.000,253.000,49.000,27.000
1033.000,249.000,48.000,27.000
1031.000,246.000,50.000,28.000
1032.000,241.000,47.000,26.000
1030.000,238.000,49.000,26.000
1029.000,234.000,50.000,25.000
1029.000,231.000,49.000,25.000
1029.000,229.000,47.000,24.000
1028.000,226.000,46.000,24.000
1026.000,223.000,48.000,24.000
1024.000,220.000,48.000,24.000
1022.000,221.000,51.000,24.000
1022.000,219.000,51.000,25.000
1021.000,217.000,48.000,24.000
1020.000,217.000,48.000,24.000
1018.000,214.000,50.000,26.000
1016.000,214.000,49.000,25.000
1015.000,214.000,50.000,25.000
1015.000,213.000,49.000,25.000
1013.000,214.000,48.000,25.000
1012.000,212.000,48.000,25.000
1010.000,212.000,49.000,25.000
1009.000,211.000,49.000,25.000
1008.000,210.000,47.000,26.000
1006.000,210.000,49.000,25.000
1004.000,210.000,48.000,26.000
1005.000,209.000,47.000,26.000
1004.000,211.000,47.000,25.000
1001.000,210.000,46.000,24.000
1000.000,211.000,50.000,24.000
999.000,210.000,49.000,26.000
997.000,210.000,47.000,25.000
996.000,208.000,45.000,25.000
995.000,208.000,46.000,25.000
994.000,208.000,46.000,26.000
992.000,207.000,46.000,25.000
990.000,209.000,47.000,24.000
989.000,209.000,49.000,24.000
987.000,208.000,47.000,24.000
983.000,208.000,47.000,23.000
982.000,207.000,48.000,23.000
979.000,206.000,47.000,24.000
975.000,206.000,47.000,24.000
969.000,206.000,47.000,24.000
966.000,204.000,46.000,25.000
959.000,203.000,48.000,24.000
956.000,202.000,48.000,24.000
949.000,198.000,51.000,24.000
942.000,195.000,50.000,25.000
936.000,192.000,47.000,24.000
932.000,190.000,47.000,25.000
926.000,185.000,46.000,25.000
919.000,182.000,47.000,24.000
911.000,177.000,45.000,25.000
905.000,173.000,45.000,25.000
898.000,167.000,46.000,25.000
892.000,164.000,44.000,25.000
883.000,161.000,45.000,23.000
874.000,154.000,44.000,25.000
865.000,150.000,43.000,23.000
855.000,146.000,46.000,24.000
848.000,144.000,46.000,22.000
838.000,138.000,45.000,23.000
829.000,132.000,42.000,22.000
819.000,129.000,45.000,22.000
812.000,125.000,45.000,21.000
802.000,119.000,47.000,23.000
794.000,118.000,44.000,22.000
782.000,114.000,44.000,22.000
775.000,111.000,45.000,21.000
767.000,112.000,45.000,21.000
759.000,110.000,45.000,21.000
752.000,110.000,46.000,20.000
742.000,109.000,45.000,20.000
736.000,108.000,44.000,20.000
733.000,109.000,42.000,20.000
724.000,109.000,43.000,19.000
718.000,108.000,45.000,20.000
711.000,107.000,43.000,20.000
704.000,107.000,45.000,20.000
699.000,108.000,44.000,20.000
694.000,108.000,43.000,19.000
691.000,107.000,44.000,19.000
684.000,105.000,45.000,20.000
680.000,105.000,44.000,21.000
677.000,105.000,44.000,21.000
675.000,105.000,44.000,20.000
673.000,106.000,44.000,19.000
669.000,106.000,44.000,19.000
670.000,105.000,42.000,20.000
668.000,106.000,43.000,20.000
665.000,106.000,44.000,19.000
665.000,106.000,43.000,19.000
662.000,105.000,45.000,20.000
663.000,104.000,42.000,20.000
662.000,104.000,43.000,20.000
660.000,104.000,43.000,21.000
658.000,103.000,44.000,21.000
658.000,104.000,44.000,20.000
657.000,105.000,43.000,20.000
655.000,104.000,44.000,20.000
655.000,104.000,42.000,19.000
652.000,104.000,43.000,21.000
652.000,102.000,42.000,22.000
650.000,103.000,43.000,20.000
647.000,103.000,43.000,20.000
646.000,102.000,43.000,21.000
645.000,103.000,42.000,20.000
644.000,102.000,44.000,21.000
643.000,102.000,44.000,21.000
641.000,102.000,44.000,21.000
640.000,103.000,44.000,21.000
638.000,102.000,44.000,21.000
636.000,103.000,43.000,20.000
637.000,103.000,44.000,21.000
636.000,103.000,43.000,20.000
636.000,103.000,43.000,21.000
634.000,102.000,43.000,20.000
632.000,103.000,44.000,20.000
631.000,101.000,43.000,20.000
629.000,103.000,43.000,20.000
629.000,101.000,43.000,20.000
628.000,102.000,43.000,20.000
625.000,102.000,43.000,19.000
625.000,101.000,43.000,19.000
623.000,100.000,43.000,19.000
622.000,100.000,42.000,20.000
622.000,101.000,43.000,19.000
621.000,102.000,41.000,19.000
619.000,101.000,42.000,19.000
618.000,100.000,43.000,20.000
616.000,101.000,42.000,20.000
614.000,101.000,43.000,20.000
613.000,101.000,41.000,20.000
612.000,100.000,43.000,19.000
610.000,99.000,42.000,20.000
611.000,100.000,43.000,20.000
608.000,99.000,43.000,19.000
607.000,100.000,42.000,20.000
605.000,99.000,42.000,19.000
604.000,99.000,41.000,19.000
604.000,99.000,42.000,19.000
603.000,97.000,42.000,20.000
601.000,99.000,43.000,19.000
599.000,97.000,42.000,19.000
599.000,96.000,42.000,21.000
598.000,97.000,42.000,21.000
595.000,98.000,41.000,20.000
594.000,98.000,43.000,19.000
592.000,98.000,43.000,19.000
592.000,98.000,42.000,19.000
591.000,98.000,43.000,19.000
590.000,99.000,41.000,19.000
587.000,97.000,43.000,20.000
587.000,99.000,43.000,19.000
587.000,96.000,41.000,21.000
584.000,97.000,41.000,20.000
583.000,99.000,41.000,19.000
582.000,97.000,41.000,19.000
581.000,98.000,42.000,20.000
580.000,97.000,41.000,20.000
579.000,97.000,42.000,19.000
575.000,97.000,44.000,20.000
575.000,97.000,42.000,19.000
575.000,97.000,42.000,19.000
573.000,97.000,42.000,19.000
573.000,97.000,43.000,19.000
570.000,96.000,44.000,20.000
568.000,96.000,42.000,19.000
568.000,96.000,43.000,20.000
566.000,96.000,43.000,21.000
565.000,97.000,43.000,19.000
566.000,97.000,42.000,20.000
563.000,96.000,42.000,19.000
562.000,96.000,43.000,20.000
561.000,97.000,43.000,19.000
558.000,96.000,42.000,19.000
558.000,97.000,42.000,21.000
556.000,98.000,45.000,18.000
555.000,97.000,43.000,19.000
555.000,96.000,43.000,21.000
554.000,97.000,43.000,20.000
551.000,96.000,43.000,20.000
549.000,99.000,45.000,17.000
548.000,96.000,44.000,19.000
549.000,98.000,43.000,19.000
545.000,97.000,44.000,20.000
546.000,98.000,44.000,19.000
544.000,98.000,43.000,18.000
543.000,98.000,43.000,18.000
541.000,99.000,45.000,17.000
539.000,99.000,44.000,17.000
537.000,100.000,45.000,16.000
537.000,96.000,45.000,18.000
535.000,99.000,44.000,17.000
535.000,98.000,43.000,18.000
534.000,99.000,42.000,17.000
531.000,99.000,44.000,17.000
529.000,99.000,45.000,17.000
529.000,99.000,45.000,16.000
527.000,98.000,44.000,17.000
527.000,97.000,43.000,17.000
527.000,99.000,42.000,17.000
525.000,99.000,41.000,17.000
523.000,99.000,43.000,16.000
521.000,98.000,42.000,17.000
521.000,99.000,44.000,17.000
518.000,99.000,45.000,17.000
517.000,98.000,44.000,18.000
517.000,96.000,42.000,20.000
516.000,99.000,42.000,18.000
517.000,98.000,42.000,18.000
516.000,98.000,41.000,19.000
516.000,98.000,39.000,17.000
518.000,99.000,36.000,18.000
517.000,99.000,35.000,17.000
518.000,97.000,33.000,18.000
516.000,101.000,34.000,16.000
516.000,98.000,32.000,17.000
518.000,97.000,28.000,18.000
519.000,99.000,26.000,17.000
517.000,98.000,28.000,18.000
514.000,98.000,29.000,17.000
515.000,98.000,26.000,16.000
512.000,99.000,28.000,17.000
512.000,98.000,27.000,18.000
520.000,99.000,18.000,16.000
519.000,100.000,15.000,17.000
520.000,99.000,14.000,17.000
519.000,99.000,13.000,16.000
519.000,100.000,11.000,16.000
519.000,98.000,10.000,17.000
520.000,98.000,8.000,16.000
520.000,99.000,7.000,16.000
519.000,99.000,8.000,13.000
519.000,99.000,8.000,13.000
519.000,99.000,8.000,13.000
519.000,99.000,8.000,13.000
512.000,98.000,18.000,16.000
512.000,98.000,18.000,16.000
512.000,98.000,18.000,16.000
512.000,98.000,18.000,16.000
512.000,98.000,18.000,16.000
512.000,98.000,18.000,16.000
512.000,98.000,18.000,16.000
512.000,98.000,18.000,16.000
519.000,99.000,8.000,13.000
519.000,99.000,8.000,13.000
519.000,99.000,8.000,13.000
519.000,99.000,8.000,13.000
519.000,99.000,8.000,13.000
519.000,99.000,8.000,13.000
519.000,99.000,8.000,13.000
473.000,100.000,15.000,16.000
463.000,99.000,20.000,18.000
462.000,98.000,24.000,19.000
461.000,99.000,26.000,18.000
458.000,99.000,28.000,18.000
457.000,98.000,29.000,19.000
452.000,98.000,34.000,20.000
447.000,99.000,39.000,19.000
445.000,98.000,42.000,19.000
443.000,98.000,42.000,19.000
441.000,100.000,44.000,19.000
441.000,99.000,44.000,18.000
439.000,100.000,44.000,19.000
438.000,100.000,44.000,18.000
438.000,100.000,43.000,19.000
434.000,100.000,44.000,19.000
432.000,99.000,44.000,19.000
432.000,99.000,44.000,19.000
431.000,99.000,42.000,19.000
428.000,99.000,43.000,19.000
427.000,98.000,43.000,20.000
426.000,99.000,44.000,19.000
425.000,101.000,44.000,19.000
423.000,101.000,43.000,19.000
423.000,100.000,43.000,19.000
420.000,100.000,43.000,20.000
420.000,99.000,43.000,20.000
417.000,99.000,44.000,21.000
415.000,100.000,45.000,21.000
415.000,100.000,44.000,20.000
412.000,100.000,45.000,21.000
411.000,100.000,45.000,21.000
410.000,100.000,43.000,20.000
409.000,102.000,44.000,20.000
408.000,101.000,44.000,20.000
406.000,101.000,43.000,20.000
402.000,101.000,45.000,20.000
403.000,101.000,45.000,20.000
399.000,101.000,46.000,20.000
398.000,102.000,45.000,20.000
399.000,101.000,43.000,20.000
396.000,102.000,43.000,21.000
397.000,102.000,41.000,19.000
394.000,103.000,42.000,18.000
394.000,104.000,42.000,20.000
391.000,104.000,43.000,19.000
391.000,105.000,41.000,18.000
388.000,104.000,43.000,19.000
385.000,105.000,44.000,19.000
383.000,105.000,45.000,20.000
383.000,104.000,43.000,19.000
380.000,104.000,45.000,19.000
379.000,105.000,43.000,19.000
378.000,105.000,45.000,20.000
376.000,104.000,44.000,20.000
374.000,104.000,44.000,20.000
374.000,105.000,43.000,19.000
372.000,102.000,45.000,24.000
370.000,103.000,44.000,22.000
369.000,106.000,46.000,19.000
367.000,105.000,45.000,20.000
366.000,106.000,43.000,20.000
363.000,106.000,46.000,20.000
362.000,105.000,45.000,21.000
362.000,105.000,45.000,21.000
360.000,106.000,45.000,21.000
360.000,107.000,45.000,21.000
356.000,107.000,45.000,21.000
356.000,108.000,45.000,20.000
354.000,107.000,45.000,21.000
354.000,108.000,44.000,20.000
352.000,108.000,45.000,20.000
350.000,108.000,44.000,20.000
348.000,109.000,45.000,21.000
346.000,110.000,45.000,20.000
346.000,109.000,42.000,20.000
344.000,109.000,45.000,20.000
