795.000,489.000,25.000,45.000
794.000,487.000,26.000,46.000
793.000,487.000,26.000,47.000
795.000,490.000,25.000,44.000
794.000,490.000,27.000,44.000
796.000,489.000,25.000,46.000
794.000,489.000,27.000,45.000
794.000,489.000,26.000,43.000
794.000,488.000,25.000,45.000
795.000,491.000,27.000,45.000
795.000,489.000,26.000,46.000
794.000,491.000,27.000,44.000
797.000,490.000,26.000,44.000
795.000,490.000,25.000,46.000
795.000,490.000,27.000,45.000
797.000,492.000,27.000,45.000
796.000,490.000,25.000,46.000
797.000,491.000,26.000,46.000
797.000,491.000,26.000,45.000
796.000,491.000,27.000,46.000
797.000,491.000,26.000,47.000
798.000,491.000,26.000,47.000
797.000,491.000,26.000,45.000
798.000,491.000,26.000,47.000
798.000,490.000,26.000,47.000
797.000,491.000,27.000,46.000
799.000,492.000,27.000,46.000
797.000,493.000,28.000,43.000
799.000,494.000,26.000,44.000
798.000,492.000,26.000,47.000
800.000,492.000,25.000,47.000
798.000,491.000,26.000,47.000
799.000,493.000,27.000,45.000
799.000,492.000,26.000,47.000
800.000,491.000,26.000,47.000
800.000,493.000,26.000,47.000
800.000,493.000,25.000,46.000
801.000,493.000,25.000,46.000
801.000,494.000,26.000,44.000
801.000,494.000,25.000,44.000
800.000,492.000,26.000,46.000
802.000,492.000,25.000,47.000
801.000,494.000,27.000,45.000
802.000,493.000,25.000,47.000
803.000,494.000,27.000,46.000
802.000,493.000,26.000,47.000
802.000,495.000,26.000,44.000
802.000,493.000,27.000,47.000
802.000,495.000,25.000,48.000
802.000,495.000,27.000,44.000
803.000,495.000,27.000,43.000
801.000,496.000,28.000,44.000
802.000,495.000,27.000,47.000
802.000,494.000,28.000,45.000
803.000,493.000,27.000,47.000
803.000,494.000,27.000,46.000
803.000,494.000,26.000,45.000
804.000,494.000,27.000,47.000
805.000,494.000,27.000,48.000
805.000,495.000,27.000,45.000
804.000,496.000,27.000,45.000
805.000,495.000,28.000,45.000
805.000,496.000,27.000,47.000
805.000,495.000,27.000,45.000
805.000,494.000,26.000,46.000
805.000,495.000,27.000,46.000
806.000,495.000,27.000,45.000
805.000,494.000,27.000,46.000
806.000,495.000,26.000,46.000
807.000,494.000,27.000,46.000
807.000,496.000,27.000,44.000
806.000,496.000,27.000,44.000
807.000,495.000,26.000,45.000
807.000,496.000,27.000,45.000
807.000,496.000,27.000,44.000
807.000,496.000,28.000,44.000
809.000,495.000,26.000,46.000
808.000,496.000,27.000,43.000
807.000,496.000,26.000,46.000
808.000,496.000,27.000,45.000
808.000,496.000,26.000,45.000
808.000,497.000,28.000,45.000
809.000,494.000,26.000,48.000
808.000,497.000,27.000,45.000
809.000,495.000,27.000,47.000
808.000,496.000,27.000,46.000
809.000,496.000,27.000,46.000
810.000,495.000,28.000,45.000
808.000,495.000,28.000,45.000
809.000,495.000,27.000,45.000
810.000,495.000,27.000,46.000
809.000,495.000,27.000,46.000
810.000,494.000,26.000,46.000
808.000,495.000,28.000,44.000
810.000,494.000,28.000,46.000
809.000,495.000,27.000,46.000
811.000,497.000,27.000,45.000
811.000,495.000,27.000,48.000
810.000,496.000,28.000,45.000
810.000,495.000,27.000,45.000
810.000,495.000,28.000,47.000
811.000,494.000,28.000,45.000
810.000,495.000,28.000,43.000
810.000,494.000,29.000,45.000
811.000,495.000,29.000,45.000
810.000,496.000,30.000,45.000
811.000,495.000,28.000,45.000
811.000,495.000,28.000,45.000
810.000,495.000,29.000,45.000
812.000,493.000,27.000,46.000
811.000,495.000,27.000,45.000
812.000,493.000,27.000,46.000
811.000,495.000,26.000,44.000
811.000,495.000,27.000,45.000
813.000,494.000,26.000,45.000
812.000,494.000,27.000,46.000
811.000,494.000,28.000,45.000
810.000,495.000,28.000,43.000
812.000,493.000,27.000,44.000
811.000,495.000,27.000,44.000
812.000,492.000,27.000,49.000
810.000,494.000,28.000,44.000
811.000,496.000,27.000,45.000
810.000,494.000,27.000,46.000
811.000,494.000,28.000,45.000
812.000,495.000,26.000,45.000
812.000,494.000,26.000,46.000
810.000,493.000,27.000,47.000
810.000,494.000,27.000,47.000
811.000,494.000,28.000,46.000
811.000,495.000,27.000,47.000
812.000,495.000,27.000,46.000
810.000,495.000,28.000,44.000
810.000,495.000,27.000,45.000
810.000,495.000,28.000,44.000
810.000,496.000,29.000,44.000
810.000,496.000,29.000,44.000
811.000,494.000,27.000,47.000
810.000,494.000,27.000,48.000
812.000,495.000,26.000,45.000
811.000,497.000,27.000,43.000
810.000,497.000,28.000,44.000
812.000,496.000,27.000,45.000
810.000,494.000,27.000,47.000
811.000,495.000,27.000,47.000
810.000,497.000,28.000,43.000
810.000,498.000,28.000,43.000
809.000,496.000,28.000,47.000
811.000,495.000,27.000,45.000
810.000,495.000,27.000,47.000
811.000,496.000,27.000,46.000
810.000,494.000,27.000,47.000
810.000,495.000,28.000,48.000
810.000,493.000,26.000,47.000
811.000,496.000,27.000,44.000
811.000,497.000,26.000,47.000
811.000,495.000,26.000,44.000
809.000,496.000,27.000,47.000
810.000,495.000,27.000,47.000
810.000,496.000,27.000,47.000
810.000,496.000,26.000,48.000
810.000,497.000,27.000,46.000
809.000,498.000,27.000,45.000
810.000,496.000,27.000,48.000
809.000,496.000,28.000,48.000
811.000,497.000,28.000,47.000
808.000,498.000,28.000,45.000
809.000,498.000,28.000,45.000
811.000,497.000,28.000,47.000
810.000,499.000,28.000,45.000
809.000,498.000,27.000,46.000
810.000,497.000,28.000,47.000
809.000,498.000,28.000,45.000
809.000,496.000,27.000,48.000
808.000,498.000,29.000,46.000
809.000,500.000,28.000,45.000
808.000,499.000,28.000,45.000
809.000,499.000,28.000,46.000
809.000,500.000,28.000,47.000
809.000,498.000,27.000,49.000
810.000,499.000,28.000,46.000
810.000,500.000,27.000,47.000
809.000,500.000,28.000,48.000
809.000,499.000,28.000,46.000
809.000,501.000,28.000,47.000
808.000,500.000,28.000,46.000
809.000,501.000,29.000,46.000
807.000,502.000,29.000,46.000
807.000,501.000,29.000,46.000
809.000,500.000,26.000,48.000
809.000,502.000,28.000,48.000
809.000,500.000,27.000,46.000
809.000,502.000,27.000,45.000
809.000,502.000,27.000,46.000
807.000,501.000,28.000,45.000
807.000,501.000,28.000,46.000
807.000,502.000,27.000,46.000
808.000,501.000,27.000,47.000
808.000,502.000,28.000,46.000
806.000,501.000,29.000,47.000
807.000,504.000,29.000,44.000
806.000,502.000,29.000,47.000
807.000,502.000,28.000,47.000
806.000,501.000,28.000,50.000
805.000,504.000,29.000,47.000
806.000,504.000,29.000,48.000
805.000,505.000,30.000,46.000
807.000,505.000,28.000,47.000
807.000,504.000,28.000,47.000
806.000,502.000,27.000,49.000
807.000,503.000,27.000,49.000
805.000,505.000,28.000,47.000
807.000,505.000,28.000,48.000
806.000,503.000,27.000,49.000
806.000,506.000,28.000,46.000
807.000,504.000,28.000,49.000
806.000,505.000,28.000,48.000
805.000,505.000,28.000,48.000
805.000,506.000,29.000,47.000
805.000,507.000,28.000,47.000
805.000,507.000,29.000,47.000
806.000,506.000,26.000,50.000
804.000,505.000,28.000,47.000
806.000,504.000,27.000,50.000
804.000,507.000,28.000,48.000
804.000,507.000,28.000,49.000
805.000,506.000,26.000,48.000
804.000,506.000,27.000,49.000
804.000,506.000,27.000,49.000
805.000,507.000,27.000,48.000
804.000,507.000,26.000,49.000
805.000,507.000,28.000,48.000
804.000,508.000,29.000,46.000
803.000,508.000,29.000,46.000
802.000,509.000,30.000,44.000
803.000,509.000,28.000,47.000
803.000,507.000,29.000,49.000
802.000,507.000,30.000,48.000
803.000,506.000,29.000,47.000
802.000,504.000,28.000,48.000
802.000,502.000,30.000,46.000
802.000,501.000,29.000,46.000
801.000,497.000,30.000,47.000
801.000,495.000,29.000,46.000
801.000,492.000,29.000,47.000
799.000,486.000,29.000,47.000
801.000,484.000,28.000,48.000
800.000,481.000,29.000,47.000
802.000,477.000,26.000,49.000
801.000,475.000,27.000,49.000
801.000,471.000,28.000,46.000
800.000,468.000,28.000,48.000
798.000,465.000,28.000,45.000
799.000,463.000,28.000,45.000
800.000,457.000,27.000,47.000
798.000,453.000,28.000,49.000
797.000,451.000,28.000,47.000
798.000,448.000,27.000,48.000
798.000,444.000,28.000,47.000
797.000,442.000,27.000,48.000
797.000,438.000,27.000,46.000
798.000,435.000,27.000,48.000
796.000,433.000,27.000,46.000
795.000,430.000,28.000,46.000
796.000,429.000,28.000,45.000
797.000,423.000,26.000,48.000
795.000,421.000,28.000,46.000
796.000,420.000,27.000,47.000
795.000,417.000,27.000,46.000
794.000,416.000,27.000,46.000
792.000,413.000,29.000,46.000
794.000,410.000,27.000,49.000
793.000,410.000,28.000,45.000
792.000,407.000,27.000,47.000
792.000,405.000,28.000,47.000
792.000,402.000,28.000,48.000
791.000,402.000,28.000,48.000
792.000,398.000,27.000,49.000
793.000,399.000,27.000,49.000
791.000,397.000,26.000,49.000
790.000,397.000,28.000,47.000
790.000,396.000,28.000,46.000
791.000,395.000,28.000,47.000
791.000,394.000,26.000,49.000
790.000,393.000,28.000,49.000
789.000,394.000,28.000,47.000
790.000,393.000,27.000,49.000
790.000,394.000,27.000,50.000
790.000,393.000,27.000,49.000
790.000,392.000,27.000,51.000
788.000,395.000,28.000,47.000
788.000,395.000,28.000,46.000
789.000,395.000,27.000,49.000
788.000,395.000,28.000,47.000
787.000,395.000,28.000,49.000
787.000,398.000,29.000,46.000
787.000,396.000,28.000,47.000
787.000,398.000,28.000,46.000
787.000,397.000,28.000,50.000
787.000,397.000,28.000,49.000
787.000,398.000,28.000,49.000
786.000,399.000,28.000,47.000
785.000,399.000,27.000,48.000
786.000,399.000,27.000,48.000
784.000,400.000,29.000,47.000
786.000,401.000,27.000,48.000
784.000,400.000,28.000,48.000
785.000,401.000,27.000,48.000
785.000,398.000,27.000,48.000
784.000,395.000,28.000,49.000
783.000,394.000,29.000,47.000
785.000,391.000,27.000,50.000
784.000,388.000,28.000,49.000
782.000,388.000,29.000,47.000
783.000,383.000,27.000,49.000
785.000,382.000,26.000,49.000
783.000,381.000,27.000,51.000
781.000,379.000,29.000,48.000
782.000,380.000,29.000,47.000
782.000,379.000,26.000,50.000
781.000,378.000,27.000,51.000
780.000,378.000,28.000,50.000
782.000,377.000,27.000,51.000
779.000,380.000,28.000,47.000
781.000,380.000,27.000,51.000
780.000,379.000,28.000,51.000
782.000,380.000,28.000,51.000
779.000,382.000,28.000,50.000
780.000,381.000,27.000,50.000
780.000,381.000,27.000,50.000
778.000,383.000,29.000,48.000
780.000,385.000,28.000,48.000
779.000,383.000,27.000,51.000
779.000,384.000,28.000,53.000
778.000,385.000,29.000,49.000
777.000,386.000,29.000,51.000
779.000,386.000,27.000,50.000
778.000,386.000,27.000,51.000
778.000,388.000,26.000,50.000
778.000,386.000,27.000,51.000
780.000,388.000,26.000,51.000
777.000,389.000,28.000,52.000
777.000,387.000,28.000,51.000
778.000,389.000,28.000,51.000
778.000,390.000,28.000,51.000
778.000,390.000,27.000,53.000
776.000,393.000,29.000,50.000
775.000,391.000,29.000,50.000
773.000,392.000,30.000,51.000
776.000,392.000,29.000,51.000
776.000,393.000,28.000,51.000
775.000,393.000,28.000,53.000
775.000,394.000,27.000,52.000
776.000,396.000,27.000,52.000
775.000,397.000,30.000,49.000
775.000,396.000,27.000,51.000
774.000,397.000,28.000,51.000
773.000,399.000,29.000,50.000
772.000,400.000,30.000,48.000
774.000,398.000,28.000,52.000
773.000,400.000,30.000,48.000
774.000,402.000,29.000,49.000
774.000,401.000,29.000,51.000
775.000,401.000,27.000,51.000
774.000,401.000,28.000,53.000
774.000,403.000,28.000,53.000
773.000,404.000,29.000,50.000
773.000,404.000,29.000,52.000
773.000,403.000,28.000,55.000
773.000,405.000,27.000,51.000
771.000,408.000,29.000,50.000
773.000,407.000,29.000,52.000
772.000,406.000,27.000,53.000
771.000,406.000,28.000,52.000
772.000,408.000,28.000,53.000
772.000,408.000,28.000,54.000
771.000,409.000,28.000,54.000
771.000,410.000,27.000,55.000
770.000,409.000,30.000,54.000
771.000,411.000,30.000,53.000
771.000,411.000,29.000,55.000
770.000,411.000,30.000,56.000
770.000,420.000,28.000,48.000
770.000,419.000,28.000,49.000
771.000,423.000,27.000,45.000
772.000,428.000,26.000,43.000
771.000,428.000,26.000,41.000
770.000,433.000,30.000,37.000
770.000,436.000,29.000,35.000
769.000,438.000,28.000,33.000
769.000,442.000,28.000,32.000
768.000,445.000,30.000,29.000
768.000,448.000,28.000,27.000
769.000,454.000,27.000,22.000
768.000,452.000,28.000,24.000
768.000,452.000,28.000,24.000
767.000,457.000,28.000,20.000
767.000,457.000,28.000,20.000
767.000,457.000,28.000,20.000
767.000,457.000,28.000,20.000
767.000,457.000,28.000,20.000
765.000,428.000,28.000,23.000
765.000,431.000,28.000,22.000
764.000,432.000,28.000,23.000
764.000,435.000,29.000,23.000
763.000,431.000,29.000,32.000
763.000,433.000,30.000,35.000
764.000,437.000,27.000,36.000
763.000,437.000,28.000,38.000
766.000,435.000,27.000,44.000
764.000,437.000,28.000,46.000
765.000,437.000,26.000,52.000
763.000,436.000,28.000,54.000
764.000,438.000,28.000,55.000
763.000,440.000,28.000,57.000
764.000,440.000,29.000,60.000
763.000,443.000,30.000,54.000
762.000,441.000,29.000,56.000
763.000,442.000,29.000,57.000
763.000,442.000,29.000,58.000
763.000,443.000,29.000,57.000
761.000,443.000,29.000,56.000
762.000,443.000,29.000,58.000
762.000,443.000,29.000,57.000
761.000,444.000,29.000,57.000
761.000,445.000,29.000,59.000
761.000,449.000,29.000,58.000
762.000,448.000,29.000,57.000
763.000,451.000,28.000,55.000
761.000,449.000,29.000,58.000
760.000,451.000,29.000,57.000
760.000,451.000,29.000,59.000
761.000,451.000,28.000,57.000
761.000,454.000,28.000,57.000
760.000,454.000,29.000,59.000
759.000,456.000,29.000,58.000
760.000,455.000,28.000,58.000
760.000,453.000,28.000,61.000
759.000,458.000,30.000,57.000
759.000,458.000,29.000,58.000
759.000,460.000,30.000,58.000
758.000,459.000,29.000,59.000
759.000,460.000,30.000,58.000
757.000,460.000,30.000,59.000
758.000,464.000,29.000,59.000
757.000,464.000,31.000,60.000
757.000,465.000,29.000,58.000
757.000,465.000,29.000,59.000
757.000,467.000,29.000,58.000
757.000,467.000,29.000,59.000
758.000,469.000,29.000,60.000
758.000,470.000,29.000,59.000
756.000,469.000,31.000,60.000
756.000,470.000,30.000,61.000
757.000,470.000,30.000,61.000
755.000,472.000,31.000,61.000
756.000,474.000,31.000,60.000
757.000,475.000,29.000,59.000
757.000,474.000,30.000,60.000
756.000,474.000,30.000,60.000
757.000,477.000,30.000,59.000
755.000,477.000,30.000,61.000
754.000,477.000,30.000,62.000
755.000,479.000,30.000,61.000
755.000,479.000,30.000,62.000
755.000,482.000,30.000,60.000
755.000,482.000,30.000,61.000
754.000,483.000,31.000,60.000
755.000,484.000,30.000,61.000
754.000,484.000,31.000,61.000
754.000,485.000,30.000,61.000
756.000,488.000,29.000,59.000
753.000,487.000,31.000,61.000
755.000,489.000,29.000,62.000
754.000,489.000,29.000,62.000
752.000,490.000,31.000,61.000
754.000,492.000,29.000,64.000
753.000,491.000,31.000,61.000
754.000,492.000,31.000,63.000
754.000,493.000,29.000,64.000
753.000,495.000,30.000,62.000
753.000,497.000,29.000,62.000
753.000,497.000,30.000,62.000
752.000,497.000,32.000,64.000
752.000,498.000,31.000,63.000
753.000,501.000,30.000,61.000
753.000,501.000,29.000,64.000
750.000,502.000,32.000,61.000
752.000,502.000,32.000,65.000
751.000,503.000,32.000,62.000
751.000,506.000,33.000,60.000
751.000,507.000,32.000,59.000
751.000,507.000,29.000,64.000
752.000,506.000,30.000,64.000
751.000,511.000,33.000,60.000
750.000,510.000,31.000,62.000
750.000,512.000,31.000,63.000
750.000,512.000,32.000,64.000
749.000,513.000,31.000,63.000
749.000,514.000,31.000,64.000
751.000,516.000,31.000,65.000
749.000,516.000,31.000,64.000
748.000,516.000,33.000,64.000
748.000,515.000,31.000,66.000
749.000,518.000,31.000,65.000
750.000,520.000,31.000,65.000
747.000,519.000,31.000,65.000
747.000,521.000,33.000,66.000
749.000,522.000,33.000,66.000
748.000,526.000,31.000,65.000
748.000,526.000,32.000,66.000
748.000,527.000,31.000,67.000
748.000,531.000,32.000,65.000
748.000,531.000,32.000,66.000
748.000,533.000,31.000,66.000
748.000,533.000,31.000,70.000
747.000,537.000,31.000,69.000
749.000,539.000,30.000,68.000
748.000,542.000,31.000,66.000
748.000,543.000,31.000,67.000
747.000,543.000,32.000,68.000
746.000,544.000,33.000,67.000
745.000,547.000,33.000,68.000
747.000,546.000,32.000,69.000
746.000,548.000,33.000,70.000
747.000,548.000,31.000,71.000
746.000,550.000,31.000,70.000
745.000,552.000,30.000,68.000
747.000,552.000,32.000,69.000
745.000,553.000,32.000,69.000
745.000,555.000,33.000,70.000
744.000,555.000,33.000,69.000
746.000,559.000,32.000,67.000
745.000,558.000,31.000,69.000
745.000,561.000,32.000,68.000
744.000,561.000,32.000,69.000
745.000,561.000,31.000,69.000
745.000,566.000,33.000,68.000
743.000,564.000,33.000,70.000
743.000,563.000,33.000,72.000
744.000,566.000,32.000,71.000
744.000,568.000,34.000,70.000
744.000,570.000,32.000,70.000
743.000,571.000,32.000,71.000
745.000,572.000,33.000,69.000
743.000,575.000,32.000,68.000
743.000,576.000,33.000,69.000
742.000,575.000,33.000,70.000
743.000,578.000,33.000,69.000
744.000,577.000,33.000,72.000
744.000,577.000,34.000,73.000
744.000,582.000,34.000,70.000
743.000,582.000,34.000,71.000
743.000,582.000,33.000,70.000
743.000,582.000,34.000,71.000
743.000,587.000,35.000,69.000
743.000,585.000,32.000,73.000
743.000,587.000,33.000,72.000
743.000,586.000,32.000,72.000
745.000,589.000,32.000,73.000
744.000,590.000,31.000,73.000
744.000,592.000,34.000,75.000
745.000,592.000,31.000,73.000
746.000,594.000,31.000,72.000
744.000,594.000,33.000,73.000
745.000,594.000,32.000,76.000
744.000,598.000,33.000,74.000
745.000,597.000,33.000,74.000
746.000,599.000,33.000,74.000
744.000,600.000,34.000,74.000
745.000,602.000,33.000,74.000
744.000,602.000,34.000,74.000
744.000,603.000,34.000,76.000
744.000,605.000,32.000,75.000
746.000,607.000,33.000,75.000
746.000,608.000,32.000,75.000
746.000,606.000,34.000,77.000
745.000,609.000,35.000,76.000
744.000,610.000,35.000,75.000
746.000,611.000,34.000,74.000
745.000,612.000,35.000,73.000
746.000,612.000,34.000,75.000
747.000,613.000,34.000,76.000
746.000,617.000,35.000,76.000
746.000,615.000,34.000,76.000
746.000,619.000,33.000,76.000
748.000,618.000,35.000,77.000
747.000,618.000,33.000,76.000
748.000,619.000,34.000,78.000
747.000,621.000,35.000,78.000
748.000,621.000,33.000,78.000
750.000,622.000,34.000,77.000
749.000,623.000,34.000,76.000
749.000,622.000,34.000,77.000
750.000,623.000,36.000,77.000
751.000,623.000,35.000,80.000
749.000,624.000,34.000,81.000
750.000,624.000,34.000,80.000
751.000,628.000,34.000,78.000
749.000,626.000,36.000,77.000
749.000,627.000,37.000,77.000
750.000,629.000,37.000,76.000
752.000,630.000,37.000,77.000
753.000,629.000,34.000,79.000
751.000,632.000,37.000,79.000
753.000,631.000,34.000,76.000
753.000,632.000,34.000,78.000
752.000,632.000,35.000,77.000
754.000,630.000,35.000,79.000
751.000,630.000,35.000,78.000
752.000,627.000,36.000,77.000
752.000,623.000,36.000,76.000
752.000,618.000,36.000,76.000
752.000,611.000,36.000,77.000
753.000,606.000,34.000,79.000
753.000,599.000,36.000,77.000
752.000,593.000,36.000,77.000
751.000,585.000,36.000,77.000
753.000,581.000,36.000,74.000
753.000,574.000,35.000,75.000
755.000,567.000,35.000,76.000
752.000,561.000,36.000,75.000
753.000,559.000,36.000,71.000
753.000,553.000,35.000,73.000
752.000,552.000,36.000,68.000
754.000,543.000,35.000,75.000
754.000,543.000,32.000,73.000
753.000,537.000,34.000,75.000
755.000,537.000,35.000,74.000
753.000,535.000,34.000,72.000
754.000,531.000,36.000,74.000
754.000,528.000,34.000,74.000
754.000,527.000,35.000,72.000
755.000,524.000,35.000,73.000
755.000,522.000,33.000,74.000
755.000,521.000,34.000,72.000
755.000,517.000,34.000,75.000
754.000,515.000,35.000,74.000
756.000,514.000,35.000,75.000
755.000,514.000,35.000,73.000
755.000,511.000,37.000,75.000
755.000,510.000,38.000,71.000
755.000,511.000,35.000,73.000
755.000,509.000,35.000,71.000
754.000,506.000,35.000,73.000
755.000,504.000,35.000,73.000
755.000,506.000,35.000,75.000
755.000,504.000,35.000,73.000
756.000,502.000,35.000,73.000
756.000,500.000,33.000,73.000
756.000,501.000,33.000,70.000
756.000,498.000,33.000,72.000
756.000,495.000,33.000,73.000
756.000,494.000,34.000,75.000
755.000,493.000,35.000,74.000
755.000,491.000,34.000,73.000
754.000,489.000,34.000,70.000
754.000,488.000,34.000,74.000
754.000,486.000,34.000,72.000
756.000,485.000,34.000,74.000
755.000,482.000,32.000,72.000
754.000,483.000,36.000,71.000
756.000,481.000,34.000,73.000
755.000,480.000,33.000,71.000
753.000,479.000,36.000,69.000
756.000,476.000,34.000,71.000
755.000,475.000,34.000,73.000
755.000,474.000,33.000,72.000
755.000,472.000,35.000,71.000
755.000,469.000,35.000,73.000
754.000,467.000,35.000,71.000
755.000,466.000,34.000,69.000
755.000,464.000,34.000,69.000
755.000,463.000,34.000,70.000
754.000,460.000,33.000,70.000
755.000,459.000,34.000,68.000
755.000,455.000,33.000,71.000
755.000,453.000,34.000,71.000
755.000,449.000,35.000,72.000
754.000,446.000,34.000,73.000
756.000,446.000,34.000,71.000
755.000,444.000,34.000,71.000
755.000,442.000,33.000,72.000
756.000,440.000,34.000,72.000
757.000,440.000,34.000,71.000
756.000,438.000,33.000,70.000
754.000,435.000,35.000,70.000
756.000,435.000,35.000,68.000
755.000,431.000,33.000,72.000
756.000,433.000,34.000,69.000
756.000,429.000,34.000,71.000
755.000,426.000,35.000,73.000
755.000,424.000,34.000,73.000
756.000,423.000,34.000,73.000
755.000,424.000,34.000,71.000
755.000,422.000,34.000,71.000
755.000,422.000,33.000,70.000
755.000,422.000,32.000,71.000
755.000,421.000,34.000,70.000
754.000,422.000,34.000,67.000
755.000,419.000,35.000,71.000
756.000,420.000,34.000,72.000
756.000,420.000,34.000,71.000
758.000,421.000,33.000,70.000
755.000,419.000,35.000,70.000
755.000,418.000,34.000,73.000
756.000,418.000,34.000,68.000
756.000,417.000,33.000,71.000
756.000,418.000,32.000,73.000
756.000,418.000,34.000,69.000
757.000,419.000,34.000,68.000
757.000,416.000,32.000,70.000
756.000,417.000,34.000,70.000
758.000,417.000,34.000,68.000
757.000,416.000,32.000,70.000
756.000,417.000,34.000,66.000
756.000,417.000,34.000,65.000
757.000,414.000,33.000,69.000
758.000,413.000,33.000,69.000
757.000,414.000,33.000,69.000
758.000,414.000,33.000,69.000
758.000,415.000,33.000,68.000
758.000,414.000,34.000,69.000
758.000,414.000,33.000,69.000
758.000,414.000,36.000,68.000
757.000,414.000,35.000,66.000
758.000,413.000,35.000,69.000
758.000,412.000,36.000,67.000
757.000,411.000,35.000,68.000
757.000,411.000,35.000,71.000
757.000,410.000,34.000,70.000
757.000,411.000,36.000,68.000
758.000,410.000,34.000,69.000
758.000,410.000,34.000,70.000
758.000,410.000,34.000,70.000
758.000,409.000,36.000,71.000
757.000,409.000,34.000,68.000
758.000,408.000,34.000,68.000
758.000,406.000,33.000,70.000
757.000,404.000,34.000,69.000
757.000,403.000,34.000,69.000
758.000,399.000,33.000,69.000
758.000,399.000,33.000,69.000
759.000,398.000,32.000,68.000
760.000,396.000,32.000,68.000
761.000,395.000,31.000,69.000
758.000,391.000,33.000,69.000
759.000,391.000,34.000,69.000
759.000,390.000,32.000,69.000
759.000,389.000,32.000,67.000
760.000,388.000,32.000,67.000
759.000,386.000,32.000,68.000
759.000,385.000,33.000,69.000
760.000,386.000,32.000,68.000
759.000,385.000,34.000,68.000
760.000,385.000,34.000,66.000
760.000,385.000,33.000,70.000
760.000,385.000,32.000,68.000
760.000,384.000,33.000,68.000
761.000,383.000,34.000,69.000
762.000,383.000,31.000,68.000
761.000,383.000,33.000,68.000
761.000,383.000,30.000,68.000
761.000,383.000,31.000,68.000
761.000,382.000,31.000,69.000
762.000,383.000,32.000,68.000
760.000,382.000,33.000,68.000
762.000,382.000,31.000,68.000
761.000,382.000,32.000,68.000
761.000,381.000,32.000,67.000
764.000,382.000,33.000,67.000
763.000,381.000,31.000,67.000
762.000,380.000,31.000,67.000
763.000,379.000,31.000,67.000
764.000,377.000,31.000,70.000
762.000,379.000,34.000,70.000
763.000,379.000,35.000,66.000
765.000,376.000,31.000,70.000
763.000,379.000,33.000,68.000
764.000,379.000,32.000,68.000
763.000,378.000,32.000,69.000
764.000,377.000,32.000,70.000
764.000,378.000,32.000,68.000
764.000,378.000,34.000,69.000
764.000,377.000,34.000,70.000
764.000,376.000,33.000,69.000
763.000,376.000,33.000,69.000
765.000,374.000,33.000,70.000
766.000,375.000,31.000,68.000
765.000,373.000,32.000,71.000
765.000,375.000,33.000,69.000
764.000,374.000,33.000,69.000
764.000,373.000,35.000,67.000
765.000,373.000,33.000,69.000
766.000,374.000,34.000,66.000
766.000,372.000,33.000,68.000
766.000,372.000,32.000,68.000
767.000,371.000,34.000,69.000
765.000,371.000,33.000,68.000
766.000,373.000,33.000,66.000
766.000,371.000,35.000,66.000
768.000,370.000,33.000,67.000
767.000,370.000,33.000,69.000
768.000,368.000,32.000,69.000
768.000,370.000,34.000,69.000
769.000,370.000,32.000,70.000
770.000,369.000,32.000,69.000
769.000,370.000,33.000,68.000
769.000,370.000,33.000,68.000
770.000,370.000,34.000,66.000
769.000,369.000,34.000,63.000
770.000,368.000,33.000,67.000
771.000,366.000,32.000,67.000
771.000,366.000,33.000,67.000
771.000,366.000,32.000,68.000
770.000,365.000,33.000,68.000
772.000,364.000,33.000,69.000
770.000,363.000,33.000,69.000
772.000,363.000,33.000,70.000
772.000,363.000,32.000,67.000
772.000,364.000,32.000,68.000
773.000,364.000,32.000,69.000
773.000,365.000,32.000,68.000
773.000,364.000,31.000,66.000
773.000,363.000,32.000,67.000
772.000,363.000,34.000,67.000
772.000,361.000,37.000,69.000
772.000,361.000,35.000,69.000
774.000,363.000,33.000,68.000
774.000,361.000,35.000,68.000
773.000,363.000,34.000,67.000
773.000,359.000,33.000,69.000
774.000,359.000,33.000,69.000
774.000,360.000,32.000,68.000
775.000,360.000,33.000,69.000
773.000,359.000,34.000,69.000
775.000,358.000,34.000,69.000
775.000,357.000,33.000,70.000
776.000,359.000,33.000,69.000
774.000,357.000,35.000,68.000
774.000,356.000,34.000,69.000
775.000,356.000,34.000,68.000
774.000,357.000,34.000,68.000
776.000,355.000,33.000,67.000
775.000,355.000,33.000,69.000
776.000,356.000,34.000,68.000
776.000,353.000,33.000,67.000
775.000,353.000,33.000,71.000
774.000,352.000,34.000,69.000
774.000,354.000,33.000,69.000
774.000,352.000,33.000,68.000
776.000,350.000,32.000,68.000
775.000,352.000,34.000,67.000
773.000,353.000,34.000,66.000
774.000,351.000,33.000,66.000
774.000,351.000,32.000,68.000
774.000,350.000,33.000,68.000
774.000,349.000,34.000,69.000
773.000,350.000,34.000,68.000
773.000,349.000,34.000,70.000
773.000,351.000,34.000,69.000
773.000,348.000,32.000,70.000
773.000,349.000,33.000,67.000
772.000,347.000,36.000,68.000
772.000,348.000,34.000,69.000
772.000,347.000,34.000,69.000
771.000,347.000,34.000,68.000
771.000,345.000,34.000,69.000
773.000,347.000,33.000,70.000
772.000,347.000,32.000,69.000
770.000,346.000,35.000,70.000
771.000,346.000,34.000,69.000
771.000,347.000,35.000,69.000
770.000,346.000,33.000,68.000
772.000,345.000,32.000,68.000
771.000,346.000,32.000,68.000
770.000,344.000,34.000,69.000
770.000,346.000,33.000,69.000
771.000,343.000,34.000,68.000
770.000,345.000,35.000,71.000
770.000,343.000,34.000,69.000
770.000,343.000,33.000,72.000
770.000,343.000,33.000,68.000
770.000,343.000,32.000,69.000
769.000,344.000,33.000,69.000
769.000,343.000,34.000,70.000
768.000,343.000,35.000,68.000
767.000,342.000,33.000,70.000
767.000,343.000,35.000,70.000
768.000,342.000,34.000,68.000
769.000,344.000,33.000,68.000
770.000,341.000,33.000,68.000
767.000,343.000,34.000,69.000
769.000,341.000,32.000,68.000
770.000,341.000,33.000,69.000
768.000,341.000,34.000,68.000
768.000,340.000,35.000,68.000
767.000,340.000,35.000,70.000
769.000,339.000,34.000,69.000
768.000,341.000,34.000,66.000
769.000,339.000,34.000,70.000
767.000,338.000,35.000,70.000
767.000,338.000,35.000,70.000
767.000,338.000,35.000,69.000
769.000,339.000,34.000,70.000
769.000,336.000,32.000,71.000
767.000,337.000,33.000,69.000
767.000,335.000,37.000,69.000
767.000,334.000,34.000,70.000
767.000,337.000,35.000,68.000
769.000,334.000,35.000,70.000
768.000,334.000,33.000,70.000
768.000,336.000,34.000,68.000
766.000,333.000,35.000,68.000
768.000,335.000,34.000,69.000
768.000,333.000,36.000,68.000
767.000,334.000,34.000,69.000
767.000,333.000,34.000,69.000
769.000,334.000,35.000,70.000
767.000,332.000,35.000,68.000
767.000,331.000,36.000,71.000
768.000,330.000,36.000,71.000
768.000,331.000,34.000,69.000
767.000,332.000,34.000,68.000
769.000,331.000,35.000,70.000
767.000,330.000,35.000,70.000
768.000,330.000,35.000,71.000
767.000,330.000,36.000,69.000
768.000,330.000,35.000,70.000
766.000,330.000,36.000,69.000
769.000,330.000,36.000,71.000
768.000,331.000,37.000,68.000
768.000,330.000,36.000,72.000
769.000,329.000,36.000,72.000
768.000,328.000,36.000,72.000
767.000,328.000,34.000,71.000
768.000,327.000,34.000,70.000
769.000,328.000,34.000,69.000
767.000,328.000,34.000,69.000
768.000,327.000,36.000,70.000
768.000,328.000,35.000,66.000
769.000,328.000,35.000,66.000
768.000,327.000,35.000,68.000
767.000,326.000,35.000,70.000
768.000,327.000,36.000,67.000
768.000,326.000,36.000,67.000
769.000,325.000,34.000,69.000
770.000,326.000,34.000,70.000
769.000,325.000,36.000,69.000
769.000,324.000,35.000,70.000
771.000,326.000,35.000,71.000
770.000,325.000,35.000,70.000
770.000,325.000,36.000,69.000
771.000,324.000,34.000,69.000
769.000,325.000,35.000,70.000
769.000,325.000,35.000,69.000
770.000,324.000,35.000,70.000
771.000,323.000,37.000,70.000
770.000,323.000,36.000,71.000
772.000,325.000,38.000,68.000
773.000,321.000,34.000,70.000
771.000,321.000,35.000,69.000
771.000,322.000,34.000,70.000
771.000,321.000,34.000,70.000
773.000,321.000,33.000,71.000
772.000,320.000,34.000,69.000
773.000,322.000,33.000,69.000
772.000,320.000,34.000,69.000
775.000,319.000,34.000,69.000
773.000,320.000,34.000,70.000
772.000,318.000,35.000,70.000
773.000,319.000,35.000,69.000
775.000,319.000,34.000,69.000
775.000,318.000,34.000,71.000
774.000,317.000,34.000,70.000
775.000,318.000,35.000,70.000
776.000,317.000,36.000,67.000
778.000,314.000,32.000,71.000
777.000,315.000,35.000,72.000
778.000,316.000,35.000,71.000
776.000,316.000,36.000,71.000
776.000,315.000,36.000,71.000
778.000,316.000,35.000,71.000
777.000,313.000,34.000,72.000
777.000,314.000,37.000,70.000
778.000,313.000,36.000,72.000
778.000,314.000,37.000,70.000
780.000,314.000,35.000,71.000
779.000,313.000,37.000,70.000
781.000,311.000,35.000,72.000
780.000,312.000,35.000,74.000
780.000,312.000,37.000,70.000
780.000,311.000,35.000,71.000
782.000,311.000,35.000,70.000
783.000,312.000,36.000,69.000
783.000,311.000,35.000,71.000
782.000,311.000,36.000,69.000
782.000,310.000,35.000,70.000
784.000,309.000,34.000,70.000
784.000,309.000,35.000,69.000
784.000,310.000,34.000,69.000
784.000,309.000,36.000,70.000
782.000,308.000,37.000,70.000
785.000,310.000,35.000,69.000
783.000,307.000,38.000,70.000
783.000,308.000,37.000,68.000
785.000,306.000,33.000,71.000
785.000,307.000,36.000,69.000
786.000,307.000,35.000,66.000
787.000,305.000,35.000,70.000
786.000,304.000,36.000,69.000
786.000,304.000,36.000,70.000
787.000,302.000,35.000,74.000
788.000,303.000,36.000,71.000
786.000,303.000,37.000,72.000
788.000,302.000,35.000,73.000
788.000,305.000,35.000,69.000
788.000,302.000,35.000,70.000
788.000,302.000,35.000,70.000
788.000,301.000,34.000,71.000
788.000,302.000,35.000,71.000
788.000,301.000,36.000,71.000
789.000,301.000,36.000,71.000
789.000,299.000,36.000,70.000
790.000,302.000,35.000,71.000
789.000,298.000,38.000,71.000
789.000,298.000,36.000,70.000
791.000,297.000,35.000,73.000
790.000,296.000,37.000,71.000
791.000,298.000,34.000,70.000
792.000,296.000,35.000,71.000
791.000,296.000,34.000,70.000
791.000,296.000,35.000,70.000
791.000,294.000,36.000,72.000
792.000,295.000,35.000,69.000
793.000,291.000,34.000,74.000
794.000,289.000,34.000,75.000
793.000,292.000,37.000,72.000
793.000,291.000,35.000,72.000
793.000,290.000,35.000,73.000
794.000,290.000,36.000,71.000
793.000,289.000,37.000,72.000
795.000,290.000,37.000,70.000
793.000,290.000,36.000,71.000
796.000,288.000,34.000,69.000
796.000,290.000,37.000,68.000
795.000,287.000,37.000,70.000
794.000,289.000,38.000,67.000
796.000,288.000,37.000,69.000
796.000,287.000,37.000,69.000
798.000,286.000,36.000,72.000
795.000,285.000,37.000,71.000
797.000,285.000,37.000,71.000
797.000,283.000,37.000,70.000
797.000,282.000,37.000,72.000
797.000,282.000,37.000,71.000
798.000,282.000,37.000,69.000
798.000,281.000,36.000,72.000
797.000,280.000,36.000,71.000
798.000,280.000,36.000,74.000
798.000,280.000,37.000,70.000
797.000,278.000,36.000,71.000
799.000,276.000,35.000,73.000
800.000,279.000,36.000,69.000
800.000,278.000,34.000,70.000
801.000,276.000,35.000,71.000
801.000,276.000,36.000,72.000
799.000,276.000,37.000,69.000
801.000,276.000,37.000,68.000
802.000,275.000,38.000,69.000
801.000,274.000,36.000,68.000
802.000,273.000,34.000,70.000
802.000,274.000,35.000,70.000
804.000,271.000,35.000,71.000
801.000,273.000,36.000,68.000
803.000,269.000,35.000,70.000
803.000,272.000,34.000,70.000
802.000,269.000,39.000,69.000
802.000,270.000,38.000,67.000
803.000,269.000,37.000,69.000
803.000,267.000,37.000,69.000
805.000,266.000,36.000,70.000
803.000,266.000,37.000,70.000
803.000,264.000,37.000,72.000
803.000,264.000,38.000,70.000
804.000,265.000,37.000,67.000
803.000,264.000,37.000,68.000
803.000,262.000,37.000,69.000
803.000,263.000,37.000,69.000
804.000,260.000,37.000,70.000
804.000,260.000,36.000,72.000
802.000,260.000,38.000,68.000
802.000,260.000,38.000,65.000
804.000,259.000,37.000,68.000
804.000,258.000,37.000,68.000
804.000,256.000,36.000,72.000
802.000,258.000,37.000,68.000
803.000,255.000,37.000,68.000
802.000,255.000,37.000,69.000
801.000,254.000,38.000,67.000
803.000,255.000,38.000,65.000
803.000,253.000,39.000,66.000
802.000,252.000,38.000,67.000
801.000,249.000,37.000,70.000
802.000,250.000,36.000,70.000
802.000,249.000,36.000,69.000
803.000,249.000,37.000,72.000
803.000,249.000,38.000,66.000
802.000,248.000,39.000,66.000
801.000,247.000,40.000,64.000
804.000,245.000,34.000,71.000
802.000,247.000,38.000,65.000
803.000,245.000,35.000,68.000
801.000,246.000,39.000,65.000
803.000,243.000,36.000,70.000
802.000,244.000,36.000,65.000
803.000,242.000,35.000,67.000
802.000,241.000,36.000,68.000
803.000,240.000,35.000,67.000
800.000,242.000,39.000,63.000
802.000,238.000,35.000,67.000
802.000,239.000,35.000,68.000
800.000,239.000,38.000,65.000
801.000,235.000,35.000,68.000
803.000,235.000,34.000,68.000
801.000,235.000,35.000,67.000
802.000,234.000,35.000,68.000
801.000,232.000,36.000,68.000
800.000,233.000,35.000,69.000
801.000,232.000,35.000,68.000
801.000,232.000,35.000,67.000
801.000,231.000,35.000,69.000
800.000,230.000,37.000,69.000
799.000,229.000,37.000,71.000
799.000,229.000,36.000,69.000
801.000,228.000,35.000,70.000
800.000,228.000,35.000,69.000
799.000,226.000,36.000,69.000
799.000,225.000,37.000,70.000
798.000,226.000,37.000,68.000
799.000,227.000,38.000,66.000
798.000,226.000,36.000,68.000
799.000,225.000,36.000,69.000
800.000,225.000,37.000,68.000
799.000,227.000,37.000,67.000
798.000,226.000,39.000,65.000
798.000,225.000,37.000,67.000
798.000,223.000,37.000,70.000
798.000,222.000,37.000,69.000
798.000,223.000,37.000,69.000
797.000,221.000,36.000,69.000
796.000,220.000,38.000,69.000
798.000,222.000,37.000,68.000
796.000,220.000,37.000,69.000
796.000,222.000,38.000,65.000
796.000,219.000,37.000,69.000
797.000,220.000,35.000,68.000
798.000,221.000,34.000,66.000
797.000,219.000,37.000,70.000
795.000,218.000,37.000,68.000
796.000,218.000,38.000,67.000
796.000,217.000,36.000,67.000
798.000,220.000,36.000,66.000
797.000,219.000,36.000,65.000
795.000,220.000,40.000,64.000
794.000,219.000,37.000,66.000
794.000,217.000,36.000,68.000
796.000,219.000,36.000,66.000
795.000,216.000,36.000,69.000
794.000,216.000,35.000,68.000
795.000,215.000,35.000,68.000
795.000,215.000,35.000,69.000
793.000,213.000,36.000,70.000
796.000,216.000,37.000,68.000
795.000,215.000,36.000,67.000
795.000,214.000,36.000,67.000
794.000,213.000,37.000,70.000
793.000,216.000,39.000,65.000
793.000,213.000,37.000,69.000
793.000,213.000,37.000,70.000
794.000,211.000,37.000,68.000
793.000,214.000,39.000,67.000
795.000,212.000,37.000,68.000
794.000,213.000,36.000,68.000
793.000,213.000,38.000,64.000
795.000,214.000,38.000,66.000
792.000,214.000,39.000,64.000
794.000,211.000,36.000,67.000
795.000,213.000,35.000,67.000
794.000,212.000,36.000,68.000
793.000,211.000,37.000,68.000
793.000,213.000,36.000,66.000
793.000,210.000,37.000,68.000
794.000,211.000,37.000,67.000
793.000,210.000,39.000,65.000
793.000,210.000,38.000,69.000
792.000,211.000,38.000,66.000
794.000,210.000,39.000,65.000
794.000,213.000,37.000,66.000
792.000,210.000,39.000,68.000
792.000,209.000,39.000,67.000
793.000,209.000,38.000,64.000
794.000,208.000,37.000,68.000
794.000,210.000,39.000,64.000
793.000,210.000,38.000,66.000
792.000,210.000,39.000,66.000
792.000,208.000,38.000,69.000
793.000,207.000,38.000,68.000
794.000,204.000,37.000,72.000
792.000,208.000,40.000,69.000
793.000,205.000,38.000,70.000
792.000,206.000,40.000,70.000
793.000,205.000,39.000,69.000
793.000,203.000,39.000,69.000
793.000,204.000,38.000,71.000
791.000,204.000,39.000,72.000
793.000,206.000,41.000,71.000
791.000,204.000,40.000,70.000
792.000,207.000,40.000,69.000
793.000,205.000,39.000,71.000
792.000,202.000,39.000,72.000
792.000,206.000,37.000,70.000
791.000,204.000,39.000,71.000
791.000,202.000,40.000,71.000
792.000,206.000,40.000,71.000
791.000,202.000,40.000,70.000
791.000,204.000,40.000,70.000
790.000,203.000,40.000,68.000
790.000,202.000,42.000,68.000
792.000,202.000,40.000,71.000
790.000,199.000,40.000,71.000
792.000,197.000,39.000,72.000
790.000,196.000,40.000,70.000
791.000,197.000,39.000,68.000
790.000,194.000,42.000,72.000
791.000,193.000,40.000,70.000
792.000,191.000,41.000,74.000
793.000,189.000,38.000,73.000
790.000,188.000,40.000,74.000
790.000,187.000,40.000,74.000
792.000,185.000,41.000,75.000
791.000,187.000,41.000,69.000
791.000,183.000,41.000,70.000
792.000,180.000,40.000,72.000
791.000,180.000,40.000,69.000
790.000,177.000,39.000,71.000
790.000,173.000,39.000,72.000
791.000,170.000,41.000,72.000
794.000,168.000,37.000,74.000
790.000,165.000,41.000,71.000
790.000,157.000,40.000,75.000
791.000,156.000,41.000,72.000
791.000,152.000,41.000,74.000
791.000,148.000,39.000,72.000
793.000,143.000,38.000,73.000
792.000,140.000,39.000,73.000
793.000,136.000,40.000,72.000
791.000,135.000,41.000,72.000
790.000,132.000,42.000,73.000
791.000,130.000,41.000,77.000
792.000,130.000,40.000,76.000
792.000,129.000,39.000,77.000
792.000,130.000,39.000,77.000
794.000,130.000,39.000,77.000
790.000,130.000,41.000,76.000
791.000,131.000,42.000,75.000
791.000,130.000,41.000,75.000
792.000,130.000,39.000,77.000
793.000,134.000,38.000,75.000
790.000,136.000,44.000,73.000
793.000,137.000,40.000,77.000
790.000,140.000,42.000,74.000
791.000,142.000,43.000,75.000
790.000,145.000,43.000,73.000
789.000,148.000,42.000,71.000
792.000,149.000,40.000,75.000
793.000,151.000,39.000,75.000
792.000,151.000,40.000,77.000
793.000,155.000,39.000,74.000
793.000,155.000,39.000,76.000
791.000,160.000,42.000,72.000
791.000,161.000,40.000,76.000
793.000,165.000,40.000,72.000
790.000,166.000,42.000,73.000
792.000,167.000,43.000,75.000
792.000,167.000,39.000,77.000
793.000,170.000,39.000,75.000
794.000,175.000,39.000,73.000
792.000,175.000,38.000,73.000
794.000,177.000,40.000,73.000
791.000,181.000,42.000,72.000
794.000,181.000,39.000,72.000
793.000,181.000,40.000,72.000
793.000,182.000,41.000,74.000
793.000,180.000,39.000,76.000
790.000,184.000,43.000,69.000
792.000,183.000,40.000,73.000
793.000,183.000,38.000,73.000
795.000,184.000,39.000,73.000
792.000,186.000,43.000,69.000
794.000,183.000,40.000,73.000
791.000,184.000,45.000,70.000
790.000,184.000,45.000,68.000
791.000,184.000,45.000,69.000
790.000,182.000,45.000,69.000
795.000,178.000,39.000,73.000
795.000,177.000,39.000,75.000
794.000,178.000,43.000,73.000
796.000,177.000,39.000,73.000
796.000,175.000,39.000,75.000
794.000,175.000,43.000,72.000
793.000,175.000,42.000,72.000
796.000,172.000,39.000,74.000
792.000,171.000,44.000,73.000
794.000,170.000,39.000,73.000
794.000,168.000,40.000,73.000
795.000,168.000,41.000,72.000
795.000,168.000,37.000,73.000
793.000,166.000,42.000,73.000
791.000,167.000,43.000,72.000
791.000,167.000,44.000,72.000
789.000,167.000,46.000,71.000
791.000,166.000,46.000,71.000
789.000,167.000,46.000,70.000
790.000,165.000,45.000,70.000
792.000,162.000,41.000,74.000
789.000,163.000,42.000,72.000
791.000,160.000,39.000,74.000
791.000,162.000,40.000,73.000
791.000,160.000,40.000,73.000
788.000,161.000,43.000,72.000
788.000,161.000,41.000,73.000
787.000,161.000,43.000,71.000
789.000,161.000,39.000,72.000
785.000,161.000,42.000,72.000
784.000,161.000,43.000,70.000
785.000,160.000,41.000,74.000
782.000,161.000,44.000,71.000
782.000,159.000,41.000,74.000
782.000,159.000,42.000,73.000
780.000,161.000,43.000,73.000
778.000,162.000,43.000,72.000
778.000,162.000,45.000,69.000
780.000,162.000,39.000,72.000
774.000,161.000,46.000,73.000
