522.000,573.000,21.000,57.000
522.000,571.000,20.000,58.000
522.000,570.000,20.000,59.000
521.000,576.000,21.000,54.000
520.000,578.000,22.000,49.000
520.000,571.000,20.000,58.000
521.000,574.000,21.000,57.000
520.000,573.000,19.000,55.000
520.000,573.000,21.000,58.000
520.000,577.000,21.000,54.000
520.000,574.000,19.000,59.000
518.000,573.000,19.000,59.000
518.000,573.000,19.000,60.000
519.000,575.000,19.000,60.000
518.000,573.000,19.000,61.000
516.000,572.000,18.000,62.000
516.000,573.000,20.000,61.000
516.000,573.000,19.000,62.000
514.000,573.000,19.000,59.000
513.000,574.000,20.000,59.000
514.000,573.000,21.000,57.000
513.000,581.000,22.000,50.000
513.000,580.000,22.000,51.000
512.000,579.000,22.000,53.000
511.000,579.000,21.000,52.000
510.000,575.000,20.000,57.000
510.000,574.000,21.000,57.000
510.000,576.000,20.000,57.000
508.000,575.000,20.000,59.000
509.000,575.000,20.000,60.000
508.000,575.000,20.000,61.000
509.000,578.000,19.000,59.000
508.000,578.000,19.000,57.000
507.000,581.000,20.000,54.000
506.000,581.000,21.000,55.000
507.000,581.000,21.000,55.000
506.000,580.000,22.000,53.000
507.000,577.000,20.000,58.000
505.000,577.000,20.000,56.000
504.000,576.000,21.000,57.000
504.000,583.000,22.000,50.000
504.000,578.000,21.000,56.000
502.000,578.000,21.000,56.000
502.000,578.000,21.000,57.000
502.000,577.000,21.000,59.000
502.000,576.000,21.000,59.000
500.000,580.000,21.000,57.000
501.000,581.000,21.000,59.000
499.000,579.000,20.000,58.000
499.000,580.000,20.000,61.000
498.000,579.000,20.000,61.000
497.000,580.000,20.000,61.000
495.000,579.000,20.000,60.000
497.000,581.000,21.000,61.000
496.000,580.000,19.000,60.000
494.000,580.000,19.000,59.000
493.000,582.000,20.000,56.000
493.000,582.000,20.000,56.000
494.000,581.000,20.000,58.000
492.000,581.000,20.000,56.000
490.000,581.000,20.000,57.000
491.000,581.000,20.000,59.000
488.000,588.000,22.000,51.000
489.000,587.000,22.000,51.000
489.000,588.000,22.000,51.000
487.000,588.000,23.000,52.000
486.000,590.000,23.000,51.000
487.000,588.000,21.000,55.000
486.000,587.000,21.000,57.000
487.000,585.000,21.000,57.000
485.000,588.000,22.000,55.000
486.000,587.000,20.000,57.000
485.000,587.000,23.000,53.000
485.000,587.000,22.000,55.000
484.000,588.000,23.000,52.000
484.000,583.000,21.000,59.000
484.000,589.000,22.000,54.000
483.000,583.000,22.000,58.000
481.000,591.000,24.000,51.000
482.000,584.000,22.000,59.000
482.000,586.000,22.000,59.000
480.000,585.000,22.000,58.000
480.000,585.000,21.000,60.000
479.000,587.000,20.000,59.000
480.000,585.000,22.000,60.000
478.000,586.000,20.000,62.000
477.000,586.000,21.000,63.000
477.000,586.000,20.000,60.000
475.000,586.000,21.000,62.000
476.000,585.000,21.000,63.000
475.000,586.000,20.000,62.000
473.000,585.000,20.000,61.000
474.000,586.000,21.000,59.000
473.000,591.000,21.000,53.000
471.000,586.000,21.000,57.000
472.000,587.000,20.000,57.000
470.000,592.000,22.000,51.000
470.000,593.000,21.000,51.000
470.000,592.000,22.000,53.000
469.000,589.000,22.000,57.000
467.000,592.000,22.000,53.000
467.000,593.000,22.000,54.000
467.000,592.000,21.000,55.000
465.000,592.000,22.000,57.000
465.000,592.000,21.000,58.000
466.000,592.000,22.000,56.000
465.000,594.000,23.000,52.000
464.000,594.000,22.000,54.000
463.000,592.000,22.000,54.000
463.000,595.000,22.000,54.000
463.000,595.000,22.000,52.000
463.000,592.000,22.000,54.000
462.000,592.000,21.000,53.000
460.000,593.000,23.000,52.000
461.000,589.000,22.000,60.000
461.000,588.000,22.000,60.000
459.000,589.000,21.000,60.000
459.000,590.000,22.000,60.000
458.000,588.000,21.000,60.000
457.000,590.000,22.000,61.000
457.000,590.000,21.000,62.000
456.000,590.000,21.000,62.000
455.000,590.000,21.000,63.000
454.000,590.000,20.000,63.000
453.000,590.000,21.000,63.000
451.000,589.000,21.000,62.000
452.000,591.000,21.000,61.000
450.000,591.000,20.000,61.000
451.000,591.000,22.000,59.000
449.000,593.000,21.000,59.000
447.000,591.000,23.000,57.000
447.000,590.000,21.000,58.000
446.000,593.000,22.000,59.000
445.000,590.000,21.000,59.000
445.000,591.000,20.000,60.000
444.000,599.000,23.000,51.000
443.000,592.000,21.000,62.000
443.000,592.000,22.000,60.000
443.000,594.000,21.000,61.000
441.000,593.000,21.000,61.000
441.000,593.000,21.000,61.000
440.000,599.000,23.000,57.000
440.000,598.000,23.000,56.000
439.000,594.000,22.000,63.000
441.000,593.000,20.000,63.000
439.000,594.000,21.000,62.000
440.000,595.000,21.000,61.000
439.000,603.000,23.000,51.000
439.000,593.000,21.000,59.000
438.000,594.000,21.000,60.000
440.000,595.000,22.000,61.000
439.000,595.000,20.000,61.000
439.000,596.000,21.000,62.000
438.000,594.000,20.000,63.000
438.000,600.000,21.000,59.000
437.000,599.000,22.000,59.000
437.000,602.000,22.000,58.000
438.000,601.000,22.000,58.000
437.000,602.000,22.000,58.000
436.000,599.000,23.000,62.000
437.000,601.000,22.000,59.000
436.000,600.000,22.000,61.000
437.000,601.000,22.000,59.000
436.000,601.000,22.000,58.000
436.000,600.000,21.000,62.000
435.000,600.000,21.000,60.000
436.000,598.000,21.000,60.000
436.000,602.000,22.000,58.000
436.000,601.000,20.000,57.000
435.000,603.000,22.000,56.000
435.000,602.000,22.000,58.000
435.000,604.000,23.000,58.000
434.000,602.000,23.000,59.000
435.000,601.000,22.000,61.000
436.000,602.000,21.000,62.000
436.000,604.000,22.000,61.000
435.000,604.000,22.000,62.000
435.000,603.000,23.000,60.000
436.000,604.000,22.000,63.000
435.000,604.000,23.000,61.000
436.000,606.000,22.000,62.000
436.000,606.000,22.000,60.000
437.000,606.000,21.000,60.000
436.000,607.000,22.000,56.000
436.000,605.000,23.000,59.000
435.000,607.000,23.000,57.000
436.000,606.000,23.000,56.000
435.000,606.000,22.000,59.000
436.000,608.000,22.000,59.000
436.000,604.000,21.000,62.000
436.000,608.000,21.000,60.000
435.000,607.000,20.000,61.000
437.000,607.000,21.000,63.000
436.000,607.000,20.000,63.000
436.000,606.000,21.000,64.000
434.000,609.000,22.000,63.000
436.000,610.000,21.000,64.000
435.000,607.000,21.000,66.000
435.000,610.000,21.000,63.000
436.000,609.000,21.000,66.000
435.000,607.000,21.000,67.000
436.000,612.000,21.000,63.000
435.000,609.000,21.000,63.000
436.000,612.000,21.000,59.000
435.000,611.000,22.000,60.000
435.000,612.000,21.000,60.000
434.000,612.000,21.000,60.000
434.000,612.000,21.000,61.000
435.000,615.000,21.000,60.000
435.000,615.000,21.000,60.000
434.000,614.000,22.000,62.000
435.000,617.000,21.000,59.000
436.000,617.000,22.000,60.000
435.000,619.000,22.000,59.000
436.000,619.000,23.000,61.000
435.000,618.000,23.000,63.000
436.000,617.000,22.000,65.000
436.000,615.000,21.000,65.000
438.000,617.000,21.000,64.000
438.000,618.000,21.000,64.000
437.000,620.000,20.000,62.000
438.000,619.000,21.000,60.000
438.000,619.000,20.000,62.000
438.000,619.000,21.000,60.000
438.000,624.000,25.000,58.000
438.000,619.000,20.000,62.000
441.000,621.000,21.000,63.000
439.000,619.000,21.000,64.000
439.000,616.000,29.000,67.000
439.000,612.000,30.000,73.000
440.000,610.000,25.000,76.000
440.000,612.000,22.000,74.000
440.000,615.000,22.000,73.000
439.000,614.000,22.000,75.000
439.000,615.000,23.000,75.000
437.000,615.000,25.000,78.000
436.000,617.000,27.000,77.000
436.000,621.000,27.000,71.000
440.000,621.000,23.000,72.000
440.000,626.000,20.000,67.000
443.000,627.000,21.000,66.000
444.000,627.000,19.000,63.000
443.000,627.000,19.000,64.000
444.000,628.000,20.000,62.000
444.000,629.000,20.000,62.000
445.000,628.000,19.000,63.000
445.000,629.000,20.000,63.000
445.000,630.000,21.000,64.000
444.000,630.000,21.000,64.000
445.000,630.000,20.000,64.000
445.000,631.000,21.000,66.000
445.000,632.000,20.000,64.000
446.000,632.000,21.000,66.000
446.000,632.000,20.000,64.000
447.000,634.000,21.000,64.000
447.000,633.000,20.000,66.000
448.000,637.000,19.000,60.000
450.000,637.000,19.000,62.000
450.000,640.000,20.000,61.000
449.000,636.000,21.000,64.000
451.000,637.000,19.000,64.000
451.000,638.000,20.000,66.000
451.000,639.000,20.000,64.000
453.000,639.000,20.000,65.000
452.000,641.000,19.000,63.000
452.000,643.000,18.000,62.000
454.000,641.000,19.000,66.000
454.000,642.000,20.000,67.000
454.000,643.000,19.000,66.000
455.000,641.000,21.000,67.000
455.000,637.000,20.000,68.000
456.000,633.000,18.000,65.000
458.000,628.000,19.000,69.000
457.000,623.000,18.000,68.000
459.000,617.000,19.000,72.000
460.000,610.000,18.000,70.000
462.000,607.000,16.000,65.000
463.000,600.000,15.000,60.000
463.000,596.000,15.000,54.000
464.000,592.000,17.000,53.000
463.000,585.000,16.000,54.000
465.000,582.000,17.000,53.000
465.000,578.000,17.000,54.000
465.000,570.000,23.000,56.000
467.000,569.000,29.000,52.000
467.000,559.000,21.000,53.000
468.000,557.000,24.000,51.000
468.000,557.000,24.000,51.000
468.000,542.000,33.000,54.000
468.000,538.000,32.000,53.000
469.000,530.000,31.000,53.000
469.000,518.000,31.000,57.000
468.000,515.000,30.000,56.000
469.000,510.000,30.000,56.000
469.000,510.000,30.000,56.000
466.000,510.000,38.000,46.000
466.000,510.000,38.000,46.000
466.000,510.000,38.000,46.000
466.000,510.000,38.000,46.000
466.000,510.000,38.000,46.000
466.000,510.000,38.000,46.000
466.000,510.000,38.000,46.000
466.000,510.000,38.000,46.000
466.000,510.000,38.000,46.000
466.000,510.000,38.000,46.000
466.000,510.000,38.000,46.000
466.000,510.000,38.000,46.000
466.000,510.000,38.000,46.000
466.000,510.000,38.000,46.000
466.000,510.000,38.000,46.000
466.000,510.000,38.000,46.000
466.000,510.000,38.000,46.000
466.000,510.000,38.000,46.000
466.000,510.000,38.000,46.000
466.000,510.000,38.000,46.000
466.000,510.000,38.000,46.000
466.000,510.000,38.000,46.000
466.000,510.000,38.000,46.000
466.000,510.000,38.000,46.000
466.000,510.000,38.000,46.000
469.000,510.000,30.000,56.000
469.000,510.000,30.000,56.000
469.000,510.000,30.000,56.000
466.000,510.000,38.000,46.000
466.000,510.000,38.000,46.000
466.000,510.000,38.000,46.000
466.000,510.000,38.000,46.000
466.000,510.000,38.000,46.000
466.000,510.000,38.000,46.000
466.000,510.000,38.000,46.000
466.000,510.000,38.000,46.000
466.000,510.000,38.000,46.000
466.000,510.000,38.000,46.000
466.000,510.000,38.000,46.000
466.000,510.000,38.000,46.000
466.000,510.000,38.000,46.000
466.000,510.000,38.000,46.000
466.000,510.000,38.000,46.000
466.000,510.000,38.000,46.000
466.000,510.000,38.000,46.000
466.000,510.000,38.000,46.000
466.000,510.000,38.000,46.000
466.000,510.000,38.000,46.000
466.000,510.000,38.000,46.000
466.000,510.000,38.000,46.000
466.000,510.000,38.000,46.000
466.000,510.000,38.000,46.000
466.000,510.000,38.000,46.000
466.000,510.000,38.000,46.000
466.000,510.000,38.000,46.000
466.000,510.000,38.000,46.000
466.000,510.000,38.000,46.000
469.000,510.000,30.000,56.000
469.000,510.000,30.000,56.000
469.000,510.000,30.000,56.000
466.000,510.000,38.000,46.000
466.000,510.000,38.000,46.000
466.000,510.000,38.000,46.000
466.000,510.000,38.000,46.000
466.000,510.000,38.000,46.000
466.000,510.000,38.000,46.000
466.000,510.000,38.000,46.000
466.000,510.000,38.000,46.000
466.000,510.000,38.000,46.000
466.000,510.000,38.000,46.000
466.000,510.000,38.000,46.000
469.000,510.000,30.000,56.000
469.000,510.000,30.000,56.000
466.000,510.000,38.000,46.000
466.000,510.000,38.000,46.000
466.000,510.000,38.000,46.000
466.000,510.000,38.000,46.000
466.000,510.000,38.000,46.000
466.000,510.000,38.000,46.000
466.000,510.000,38.000,46.000
466.000,510.000,38.000,46.000
466.000,510.000,38.000,46.000
469.000,510.000,30.000,56.000
469.000,510.000,30.000,56.000
466.000,510.000,38.000,46.000
469.000,510.000,30.000,56.000
469.000,510.000,30.000,56.000
466.000,510.000,38.000,46.000
466.000,510.000,38.000,46.000
469.000,510.000,30.000,56.000
469.000,510.000,30.000,56.000
469.000,510.000,30.000,56.000
469.000,510.000,30.000,56.000
469.000,510.000,30.000,56.000
469.000,510.000,30.000,56.000
469.000,510.000,30.000,56.000
466.000,510.000,38.000,46.000
466.000,510.000,38.000,46.000
466.000,510.000,38.000,46.000
466.000,510.000,38.000,46.000
466.000,510.000,38.000,46.000
466.000,510.000,38.000,46.000
466.000,510.000,38.000,46.000
466.000,510.000,38.000,46.000
466.000,510.000,38.000,46.000
466.000,510.000,38.000,46.000
466.000,510.000,38.000,46.000
466.000,510.000,38.000,46.000
469.000,510.000,30.000,56.000
469.000,510.000,30.000,56.000
469.000,510.000,30.000,56.000
469.000,510.000,30.000,56.000
469.000,510.000,30.000,56.000
469.000,510.000,30.000,56.000
469.000,510.000,30.000,56.000
466.000,510.000,38.000,46.000
373.000,590.000,34.000,44.000
373.000,590.000,34.000,44.000
373.000,590.000,34.000,44.000
373.000,590.000,34.000,44.000
373.000,590.000,34.000,44.000
373.000,590.000,34.000,44.000
373.000,590.000,34.000,44.000
373.000,590.000,34.000,44.000
373.000,590.000,34.000,44.000
373.000,590.000,34.000,44.000
469.000,510.000,30.000,56.000
469.000,510.000,30.000,56.000
469.000,510.000,30.000,56.000
469.000,510.000,30.000,56.000
469.000,510.000,30.000,56.000
483.000,531.000,30.000,50.000
483.000,531.000,30.000,50.000
486.000,532.000,25.000,47.000
486.000,531.000,24.000,49.000
486.000,537.000,21.000,44.000
487.000,536.000,22.000,44.000
487.000,536.000,22.000,44.000
486.000,540.000,21.000,44.000
486.000,536.000,20.000,46.000
486.000,536.000,20.000,46.000
486.000,536.000,20.000,46.000
486.000,536.000,20.000,46.000
488.000,540.000,21.000,44.000
486.000,540.000,24.000,45.000
485.000,538.000,30.000,47.000
484.000,538.000,30.000,47.000
484.000,535.000,29.000,53.000
486.000,532.000,27.000,55.000
482.000,529.000,30.000,58.000
485.000,524.000,25.000,64.000
487.000,522.000,23.000,67.000
487.000,521.000,24.000,67.000
487.000,521.000,20.000,68.000
489.000,523.000,19.000,66.000
488.000,519.000,20.000,70.000
488.000,525.000,20.000,64.000
490.000,521.000,19.000,68.000
490.000,522.000,19.000,66.000
489.000,523.000,19.000,65.000
490.000,524.000,20.000,64.000
489.000,521.000,20.000,65.000
490.000,518.000,19.000,67.000
491.000,517.000,20.000,67.000
491.000,513.000,19.000,66.000
491.000,508.000,20.000,65.000
493.000,502.000,18.000,59.000
493.000,502.000,18.000,59.000
493.000,494.000,17.000,55.000
493.000,495.000,19.000,49.000
494.000,487.000,17.000,48.000
495.000,483.000,17.000,47.000
495.000,480.000,18.000,48.000
496.000,478.000,17.000,46.000
498.000,468.000,16.000,48.000
496.000,466.000,18.000,44.000
497.000,455.000,18.000,48.000
497.000,454.000,20.000,54.000
497.000,443.000,17.000,59.000
499.000,440.000,17.000,58.000
498.000,430.000,17.000,60.000
498.000,423.000,17.000,58.000
499.000,420.000,18.000,58.000
498.000,414.000,19.000,59.000
500.000,411.000,17.000,59.000
500.000,409.000,18.000,60.000
500.000,410.000,19.000,54.000
500.000,410.000,18.000,52.000
502.000,410.000,18.000,47.000
502.000,411.000,18.000,44.000
501.000,411.000,19.000,44.000
503.000,412.000,18.000,39.000
504.000,413.000,20.000,36.000
504.000,412.000,20.000,34.000
502.000,461.000,20.000,33.000
505.000,416.000,22.000,29.000
505.000,412.000,21.000,28.000
506.000,417.000,22.000,26.000
504.000,417.000,23.000,24.000
506.000,421.000,20.000,22.000
507.000,419.000,19.000,26.000
507.000,420.000,21.000,28.000
508.000,419.000,26.000,29.000
508.000,419.000,26.000,29.000
508.000,419.000,26.000,29.000
508.000,419.000,26.000,29.000
508.000,419.000,26.000,29.000
508.000,419.000,26.000,29.000
508.000,419.000,26.000,29.000
508.000,419.000,26.000,29.000
513.000,427.000,22.000,30.000
516.000,432.000,22.000,31.000
516.000,432.000,22.000,33.000
515.000,433.000,22.000,33.000
513.000,429.000,24.000,38.000
515.000,433.000,23.000,37.000
513.000,424.000,26.000,45.000
513.000,420.000,27.000,51.000
516.000,418.000,24.000,56.000
516.000,416.000,22.000,61.000
516.000,418.000,21.000,62.000
517.000,418.000,22.000,60.000
518.000,417.000,21.000,63.000
518.000,419.000,23.000,58.000
519.000,421.000,22.000,56.000
519.000,419.000,23.000,57.000
521.000,420.000,23.000,55.000
519.000,421.000,23.000,52.000
521.000,422.000,23.000,50.000
522.000,421.000,23.000,48.000
522.000,423.000,21.000,42.000
523.000,422.000,22.000,43.000
523.000,422.000,20.000,41.000
525.000,420.000,20.000,44.000
525.000,420.000,19.000,44.000
525.000,422.000,24.000,42.000
525.000,423.000,23.000,42.000
525.000,424.000,24.000,41.000
527.000,423.000,23.000,44.000
527.000,423.000,23.000,47.000
527.000,423.000,23.000,49.000
527.000,423.000,23.000,54.000
529.000,424.000,23.000,51.000
529.000,423.000,21.000,48.000
530.000,426.000,23.000,46.000
531.000,425.000,24.000,46.000
530.000,424.000,23.000,49.000
531.000,425.000,23.000,50.000
531.000,426.000,23.000,49.000
533.000,427.000,22.000,51.000
531.000,424.000,23.000,55.000
532.000,426.000,23.000,57.000
533.000,423.000,23.000,64.000
532.000,424.000,24.000,65.000
533.000,425.000,23.000,66.000
533.000,426.000,23.000,70.000
534.000,426.000,25.000,71.000
534.000,425.000,26.000,70.000
535.000,427.000,25.000,69.000
533.000,426.000,26.000,69.000
534.000,428.000,26.000,69.000
533.000,429.000,26.000,67.000
534.000,430.000,27.000,69.000
535.000,428.000,25.000,69.000
535.000,431.000,25.000,68.000
536.000,431.000,25.000,69.000
536.000,430.000,24.000,69.000
536.000,430.000,24.000,71.000
537.000,430.000,24.000,70.000
537.000,431.000,25.000,71.000
537.000,432.000,24.000,70.000
538.000,432.000,24.000,72.000
537.000,431.000,23.000,73.000
537.000,433.000,25.000,72.000
537.000,433.000,24.000,72.000
539.000,434.000,25.000,68.000
537.000,433.000,25.000,67.000
538.000,435.000,24.000,64.000
540.000,435.000,23.000,56.000
539.000,437.000,25.000,51.000
540.000,438.000,25.000,50.000
540.000,438.000,26.000,51.000
540.000,438.000,25.000,52.000
539.000,438.000,25.000,51.000
539.000,438.000,24.000,49.000
540.000,438.000,24.000,46.000
541.000,440.000,24.000,47.000
541.000,439.000,23.000,46.000
540.000,439.000,25.000,45.000
541.000,441.000,23.000,43.000
540.000,442.000,24.000,43.000
540.000,442.000,24.000,42.000
540.000,442.000,23.000,43.000
541.000,444.000,23.000,43.000
540.000,444.000,23.000,41.000
540.000,446.000,23.000,41.000
540.000,447.000,24.000,40.000
540.000,447.000,24.000,40.000
540.000,449.000,24.000,39.000
540.000,449.000,26.000,38.000
541.000,449.000,26.000,39.000
541.000,449.000,26.000,38.000
541.000,450.000,25.000,37.000
542.000,452.000,25.000,37.000
542.000,451.000,23.000,37.000
542.000,453.000,25.000,39.000
541.000,453.000,23.000,41.000
541.000,454.000,24.000,39.000
542.000,453.000,23.000,39.000
541.000,454.000,23.000,40.000
541.000,456.000,24.000,38.000
541.000,456.000,23.000,40.000
540.000,455.000,23.000,43.000
540.000,456.000,23.000,41.000
541.000,456.000,23.000,43.000
539.000,461.000,24.000,39.000
540.000,460.000,24.000,40.000
539.000,460.000,23.000,42.000
540.000,460.000,24.000,43.000
539.000,461.000,23.000,43.000
539.000,461.000,22.000,45.000
539.000,462.000,24.000,42.000
539.000,461.000,22.000,46.000
539.000,461.000,23.000,47.000
540.000,460.000,22.000,55.000
540.000,458.000,23.000,57.000
539.000,460.000,23.000,59.000
539.000,459.000,23.000,61.000
537.000,460.000,25.000,62.000
537.000,461.000,24.000,64.000
537.000,461.000,25.000,66.000
536.000,463.000,24.000,65.000
536.000,463.000,25.000,66.000
536.000,464.000,24.000,65.000
535.000,465.000,24.000,67.000
536.000,467.000,24.000,66.000
533.000,468.000,23.000,64.000
535.000,470.000,23.000,66.000
536.000,469.000,23.000,65.000
536.000,472.000,23.000,61.000
534.000,472.000,22.000,63.000
535.000,472.000,22.000,62.000
533.000,474.000,23.000,62.000
532.000,475.000,22.000,61.000
534.000,475.000,23.000,64.000
532.000,478.000,23.000,65.000
532.000,479.000,25.000,64.000
531.000,481.000,24.000,64.000
530.000,479.000,26.000,69.000
531.000,481.000,24.000,66.000
529.000,480.000,25.000,70.000
530.000,485.000,25.000,68.000
528.000,483.000,26.000,71.000
527.000,485.000,28.000,71.000
528.000,486.000,30.000,72.000
528.000,488.000,27.000,73.000
526.000,488.000,28.000,75.000
525.000,489.000,28.000,74.000
527.000,491.000,28.000,74.000
526.000,490.000,28.000,77.000
526.000,488.000,26.000,78.000
524.000,490.000,26.000,80.000
526.000,491.000,26.000,82.000
523.000,493.000,25.000,82.000
526.000,494.000,25.000,84.000
522.000,495.000,25.000,85.000
522.000,496.000,27.000,84.000
522.000,499.000,27.000,83.000
521.000,500.000,28.000,84.000
521.000,500.000,29.000,81.000
519.000,504.000,29.000,79.000
519.000,503.000,30.000,77.000
518.000,505.000,30.000,80.000
517.000,506.000,31.000,78.000
517.000,507.000,31.000,79.000
517.000,508.000,29.000,80.000
518.000,510.000,29.000,81.000
516.000,509.000,29.000,82.000
516.000,511.000,29.000,82.000
516.000,509.000,29.000,83.000
514.000,511.000,26.000,83.000
515.000,511.000,28.000,83.000
512.000,511.000,28.000,84.000
513.000,511.000,28.000,85.000
512.000,510.000,29.000,86.000
511.000,512.000,29.000,86.000
510.000,512.000,29.000,83.000
510.000,516.000,31.000,82.000
510.000,513.000,33.000,82.000
507.000,515.000,36.000,80.000
508.000,516.000,36.000,81.000
505.000,514.000,34.000,81.000
508.000,516.000,33.000,82.000
506.000,514.000,34.000,82.000
506.000,514.000,35.000,83.000
507.000,515.000,32.000,83.000
506.000,518.000,31.000,84.000
506.000,518.000,29.000,81.000
505.000,518.000,29.000,83.000
505.000,518.000,29.000,88.000
502.000,522.000,29.000,88.000
503.000,526.000,28.000,86.000
503.000,527.000,28.000,87.000
503.000,526.000,28.000,88.000
502.000,528.000,30.000,88.000
499.000,527.000,31.000,87.000
500.000,530.000,29.000,86.000
499.000,534.000,32.000,82.000
498.000,536.000,32.000,82.000
496.000,536.000,31.000,82.000
496.000,541.000,32.000,83.000
495.000,540.000,31.000,83.000
494.000,541.000,35.000,83.000
496.000,544.000,33.000,85.000
495.000,546.000,30.000,82.000
494.000,549.000,28.000,84.000
494.000,548.000,28.000,86.000
493.000,550.000,27.000,85.000
493.000,552.000,27.000,85.000
493.000,553.000,30.000,87.000
492.000,556.000,28.000,87.000
489.000,557.000,29.000,87.000
489.000,560.000,32.000,86.000
488.000,558.000,32.000,90.000
487.000,562.000,35.000,88.000
486.000,564.000,38.000,86.000
483.000,566.000,39.000,87.000
482.000,569.000,47.000,85.000
481.000,572.000,47.000,83.000
482.000,570.000,43.000,86.000
480.000,573.000,44.000,85.000
481.000,573.000,37.000,88.000
482.000,575.000,38.000,87.000
481.000,575.000,33.000,89.000
481.000,577.000,30.000,86.000
481.000,581.000,30.000,87.000
481.000,581.000,30.000,89.000
479.000,584.000,30.000,93.000
480.000,586.000,29.000,92.000
481.000,587.000,27.000,94.000
478.000,589.000,29.000,94.000
478.000,592.000,32.000,91.000
475.000,594.000,36.000,89.000
475.000,595.000,36.000,88.000
473.000,599.000,35.000,86.000
474.000,602.000,32.000,84.000
472.000,604.000,32.000,83.000
473.000,606.000,32.000,83.000
472.000,608.000,31.000,85.000
470.000,610.000,35.000,86.000
472.000,611.000,32.000,89.000
469.000,610.000,33.000,90.000
469.000,614.000,34.000,89.000
469.000,616.000,29.000,88.000
468.000,619.000,31.000,90.000
469.000,622.000,33.000,90.000
468.000,625.000,33.000,90.000
468.000,627.000,35.000,90.000
465.000,627.000,37.000,89.000
463.000,629.000,39.000,88.000
463.000,629.000,43.000,88.000
462.000,636.000,47.000,85.000
460.000,636.000,52.000,83.000
459.000,637.000,54.000,83.000
459.000,639.000,50.000,82.000
459.000,640.000,48.000,82.000
459.000,641.000,41.000,80.000
462.000,644.000,37.000,78.000
460.000,643.000,34.000,80.000
461.000,645.000,34.000,75.000
460.000,647.000,32.000,72.000
459.000,649.000,31.000,71.000
459.000,652.000,33.000,69.000
457.000,653.000,30.000,68.000
457.000,655.000,32.000,66.000
457.000,658.000,29.000,64.000
456.000,660.000,29.000,62.000
455.000,661.000,28.000,61.000
453.000,664.000,29.000,58.000
454.000,664.000,27.000,57.000
454.000,669.000,27.000,55.000
453.000,670.000,27.000,51.000
454.000,672.000,25.000,49.000
452.000,675.000,27.000,48.000
452.000,678.000,29.000,45.000
451.000,680.000,27.000,44.000
450.000,681.000,27.000,42.000
451.000,683.000,26.000,38.000
451.000,686.000,25.000,37.000
450.000,688.000,24.000,35.000
450.000,690.000,23.000,32.000
449.000,692.000,24.000,30.000
448.000,694.000,23.000,27.000
449.000,695.000,23.000,26.000
448.000,697.000,22.000,24.000
447.000,699.000,22.000,23.000
447.000,702.000,20.000,20.000
446.000,703.000,21.000,17.000
446.000,703.000,21.000,17.000
447.000,708.000,21.000,13.000
447.000,708.000,21.000,13.000
447.000,708.000,21.000,13.000
447.000,708.000,21.000,13.000
447.000,708.000,21.000,13.000
447.000,708.000,21.000,13.000
447.000,708.000,21.000,13.000
447.000,708.000,21.000,13.000
447.000,708.000,21.000,13.000
447.000,708.000,21.000,13.000
447.000,708.000,21.000,13.000
447.000,708.000,21.000,13.000
447.000,708.000,21.000,13.000
447.000,708.000,21.000,13.000
447.000,708.000,21.000,13.000
447.000,708.000,21.000,13.000
447.000,708.000,21.000,13.000
447.000,708.000,21.000,13.000
447.000,708.000,21.000,13.000
447.000,708.000,21.000,13.000
447.000,708.000,21.000,13.000
447.000,708.000,21.000,13.000
447.000,708.000,21.000,13.000
447.000,708.000,21.000,13.000
447.000,708.000,21.000,13.000
447.000,708.000,21.000,13.000
447.000,708.000,21.000,13.000
447.000,708.000,21.000,13.000
439.000,709.000,21.000,12.000
439.000,699.000,24.000,14.000
437.000,684.000,37.000,43.000
438.000,656.000,46.000,50.000
439.000,625.000,47.000,54.000
442.000,588.000,47.000,66.000
443.000,543.000,42.000,74.000
447.000,501.000,40.000,77.000
447.000,446.000,39.000,75.000
450.000,405.000,33.000,76.000
451.000,372.000,34.000,76.000
451.000,344.000,33.000,76.000
451.000,320.000,34.000,77.000
450.000,288.000,36.000,78.000
450.000,262.000,34.000,82.000
450.000,241.000,36.000,80.000
450.000,215.000,36.000,83.000
450.000,190.000,33.000,83.000
448.000,157.000,34.000,82.000
446.000,135.000,37.000,82.000
447.000,118.000,37.000,83.000
444.000,102.000,40.000,81.000
444.000,92.000,40.000,79.000
444.000,81.000,40.000,79.000
441.000,79.000,47.000,76.000
440.000,76.000,46.000,76.000
441.000,73.000,45.000,76.000
440.000,76.000,44.000,71.000
442.000,76.000,40.000,76.000
442.000,79.000,42.000,73.000
442.000,80.000,42.000,74.000
441.000,82.000,42.000,74.000
442.000,86.000,43.000,71.000
441.000,90.000,42.000,72.000
442.000,96.000,41.000,71.000
443.000,102.000,39.000,71.000
442.000,111.000,39.000,72.000
443.000,123.000,38.000,72.000
445.000,143.000,39.000,72.000
445.000,164.000,42.000,68.000
445.000,180.000,43.000,70.000
443.000,200.000,44.000,71.000
446.000,220.000,44.000,67.000
444.000,242.000,49.000,67.000
444.000,255.000,48.000,65.000
445.000,264.000,42.000,71.000
446.000,273.000,39.000,74.000
446.000,285.000,39.000,74.000
446.000,302.000,37.000,76.000
447.000,318.000,37.000,76.000
447.000,335.000,37.000,77.000
447.000,351.000,38.000,78.000
448.000,372.000,36.000,79.000
447.000,403.000,35.000,79.000
447.000,427.000,36.000,79.000
447.000,450.000,35.000,80.000
447.000,474.000,33.000,84.000
447.000,500.000,35.000,81.000
445.000,532.000,37.000,82.000
443.000,557.000,41.000,81.000
445.000,581.000,38.000,81.000
442.000,604.000,43.000,80.000
439.000,625.000,47.000,78.000
438.000,650.000,44.000,74.000
438.000,666.000,45.000,63.000
436.000,683.000,47.000,61.000
436.000,700.000,49.000,58.000
438.000,698.000,41.000,27.000
438.000,698.000,41.000,27.000
438.000,698.000,41.000,27.000
438.000,698.000,41.000,27.000
438.000,698.000,41.000,27.000
438.000,698.000,41.000,27.000
438.000,698.000,41.000,27.000
438.000,698.000,41.000,27.000
438.000,698.000,41.000,27.000
438.000,698.000,41.000,27.000
438.000,698.000,41.000,27.000
438.000,698.000,41.000,27.000
438.000,698.000,41.000,27.000
438.000,698.000,41.000,27.000
438.000,698.000,41.000,27.000
438.000,698.000,41.000,27.000
438.000,698.000,41.000,27.000
438.000,698.000,41.000,27.000
446.000,697.000,33.000,26.000
449.000,679.000,36.000,31.000
453.000,660.000,41.000,37.000
454.000,619.000,46.000,54.000
456.000,586.000,41.000,60.000
459.000,555.000,40.000,63.000
461.000,525.000,37.000,68.000
463.000,501.000,37.000,77.000
465.000,472.000,38.000,82.000
465.000,458.000,36.000,81.000
466.000,448.000,38.000,78.000
465.000,441.000,42.000,79.000
465.000,435.000,43.000,76.000
466.000,426.000,43.000,74.000
467.000,421.000,44.000,71.000
468.000,416.000,43.000,72.000
468.000,414.000,41.000,70.000
469.000,414.000,42.000,69.000
469.000,414.000,43.000,67.000
468.000,413.000,44.000,68.000
469.000,412.000,43.000,69.000
471.000,413.000,41.000,67.000
472.000,414.000,39.000,66.000
473.000,413.000,38.000,68.000
474.000,414.000,41.000,71.000
475.000,414.000,39.000,70.000
475.000,416.000,40.000,70.000
477.000,417.000,41.000,72.000
476.000,423.000,41.000,73.000
479.000,425.000,41.000,76.000
479.000,431.000,41.000,76.000
480.000,439.000,42.000,76.000
480.000,444.000,44.000,74.000
480.000,448.000,44.000,77.000
480.000,452.000,42.000,74.000
479.000,452.000,58.000,75.000
479.000,451.000,58.000,75.000
480.000,451.000,53.000,76.000
480.000,449.000,52.000,78.000
482.000,450.000,53.000,77.000
483.000,449.000,50.000,77.000
485.000,448.000,48.000,76.000
486.000,448.000,40.000,80.000
487.000,446.000,39.000,78.000
490.000,447.000,38.000,79.000
489.000,446.000,39.000,80.000
491.000,446.000,36.000,81.000
491.000,445.000,37.000,80.000
492.000,444.000,39.000,78.000
493.000,444.000,41.000,76.000
494.000,446.000,41.000,74.000
493.000,443.000,41.000,75.000
494.000,445.000,42.000,73.000
495.000,446.000,44.000,70.000
496.000,444.000,39.000,70.000
498.000,444.000,41.000,70.000
497.000,444.000,43.000,71.000
499.000,443.000,42.000,70.000
501.000,443.000,42.000,69.000
502.000,443.000,40.000,70.000
503.000,441.000,39.000,72.000
502.000,441.000,38.000,72.000
505.000,443.000,38.000,70.000
506.000,440.000,38.000,73.000
508.000,442.000,37.000,73.000
508.000,440.000,38.000,74.000
508.000,439.000,38.000,75.000
509.000,438.000,39.000,76.000
510.000,438.000,41.000,73.000
511.000,438.000,42.000,75.000
510.000,438.000,46.000,73.000
509.000,438.000,50.000,74.000
510.000,438.000,57.000,74.000
511.000,435.000,58.000,77.000
512.000,434.000,53.000,77.000
513.000,433.000,50.000,77.000
514.000,431.000,44.000,77.000
516.000,429.000,41.000,78.000
518.000,427.000,38.000,78.000
520.000,426.000,37.000,77.000
519.000,426.000,41.000,78.000
519.000,425.000,39.000,81.000
522.000,425.000,39.000,83.000
523.000,423.000,35.000,82.000
525.000,422.000,33.000,82.000
522.000,422.000,38.000,81.000
525.000,421.000,38.000,80.000
525.000,421.000,40.000,77.000
526.000,419.000,39.000,74.000
526.000,419.000,41.000,74.000
525.000,418.000,42.000,75.000
528.000,419.000,39.000,72.000
528.000,418.000,40.000,71.000
528.000,418.000,40.000,72.000
530.000,419.000,39.000,70.000
531.000,417.000,37.000,70.000
533.000,416.000,35.000,71.000
535.000,417.000,35.000,71.000
534.000,415.000,37.000,73.000
534.000,414.000,41.000,73.000
535.000,416.000,39.000,71.000
537.000,414.000,41.000,74.000
540.000,415.000,38.000,73.000
540.000,411.000,38.000,74.000
540.000,411.000,40.000,77.000
540.000,409.000,41.000,75.000
541.000,410.000,40.000,75.000
542.000,409.000,41.000,74.000
543.000,408.000,43.000,75.000
542.000,407.000,42.000,76.000
543.000,406.000,41.000,75.000
545.000,406.000,43.000,77.000
545.000,404.000,43.000,76.000
548.000,403.000,39.000,77.000
549.000,402.000,38.000,77.000
551.000,399.000,37.000,76.000
552.000,398.000,36.000,71.000
552.000,398.000,35.000,71.000
554.000,396.000,34.000,74.000
555.000,395.000,33.000,72.000
556.000,394.000,33.000,76.000
555.000,394.000,34.000,81.000
556.000,393.000,33.000,82.000
558.000,394.000,33.000,79.000
559.000,391.000,34.000,78.000
560.000,391.000,34.000,77.000
560.000,389.000,36.000,75.000
560.000,390.000,37.000,74.000
560.000,388.000,37.000,75.000
561.000,388.000,38.000,72.000
560.000,387.000,37.000,71.000
563.000,387.000,35.000,71.000
563.000,387.000,38.000,71.000
564.000,386.000,37.000,71.000
565.000,386.000,39.000,72.000
568.000,386.000,37.000,73.000
567.000,383.000,37.000,74.000
570.000,385.000,34.000,73.000
568.000,383.000,37.000,73.000
569.000,381.000,38.000,75.000
568.000,383.000,38.000,74.000
570.000,380.000,36.000,74.000
572.000,381.000,35.000,75.000
571.000,380.000,34.000,76.000
570.000,379.000,37.000,75.000
571.000,381.000,38.000,76.000
572.000,378.000,39.000,74.000
570.000,379.000,41.000,75.000
570.000,378.000,44.000,74.000
570.000,380.000,46.000,72.000
573.000,375.000,28.000,79.000
569.000,376.000,44.000,73.000
572.000,378.000,45.000,72.000
571.000,374.000,45.000,74.000
571.000,373.000,43.000,73.000
572.000,370.000,41.000,77.000
574.000,369.000,37.000,74.000
575.000,369.000,35.000,74.000
574.000,366.000,33.000,77.000
575.000,366.000,33.000,80.000
576.000,366.000,29.000,80.000
577.000,366.000,31.000,81.000
575.000,366.000,30.000,81.000
577.000,364.000,32.000,80.000
577.000,365.000,34.000,80.000
575.000,365.000,36.000,79.000
576.000,367.000,35.000,75.000
574.000,364.000,37.000,77.000
574.000,363.000,39.000,74.000
574.000,364.000,39.000,74.000
576.000,362.000,37.000,74.000
576.000,364.000,38.000,73.000
576.000,362.000,39.000,73.000
576.000,361.000,36.000,73.000
578.000,360.000,32.000,74.000
578.000,362.000,33.000,75.000
579.000,359.000,30.000,75.000
578.000,360.000,29.000,75.000
580.000,360.000,30.000,73.000
579.000,360.000,30.000,76.000
578.000,359.000,30.000,75.000
579.000,360.000,31.000,76.000
579.000,357.000,31.000,78.000
578.000,359.000,32.000,77.000
579.000,357.000,34.000,79.000
578.000,356.000,34.000,79.000
577.000,356.000,34.000,79.000
578.000,356.000,35.000,78.000
577.000,356.000,38.000,78.000
575.000,354.000,39.000,80.000
575.000,353.000,39.000,76.000
575.000,354.000,42.000,78.000
576.000,351.000,38.000,78.000
579.000,350.000,35.000,75.000
579.000,349.000,35.000,79.000
579.000,348.000,32.000,75.000
580.000,345.000,32.000,78.000
581.000,345.000,30.000,79.000
579.000,345.000,31.000,79.000
579.000,342.000,29.000,85.000
579.000,341.000,29.000,85.000
581.000,342.000,30.000,85.000
581.000,342.000,30.000,81.000
580.000,338.000,33.000,82.000
578.000,338.000,34.000,79.000
579.000,340.000,35.000,80.000
578.000,338.000,35.000,79.000
578.000,337.000,37.000,76.000
577.000,337.000,35.000,76.000
578.000,336.000,36.000,77.000
578.000,336.000,37.000,76.000
579.000,335.000,37.000,75.000
580.000,336.000,35.000,74.000
580.000,339.000,30.000,71.000
580.000,336.000,29.000,72.000
583.000,335.000,29.000,75.000
583.000,333.000,29.000,77.000
581.000,333.000,30.000,74.000
583.000,331.000,29.000,75.000
583.000,332.000,30.000,77.000
582.000,331.000,30.000,76.000
583.000,328.000,30.000,77.000
582.000,329.000,31.000,77.000
583.000,330.000,34.000,78.000
581.000,330.000,38.000,79.000
583.000,329.000,37.000,80.000
582.000,327.000,37.000,80.000
582.000,330.000,31.000,75.000
581.000,325.000,39.000,79.000
582.000,324.000,35.000,79.000
583.000,322.000,40.000,82.000
584.000,322.000,37.000,80.000
584.000,320.000,34.000,83.000
585.000,319.000,34.000,80.000
587.000,317.000,31.000,78.000
587.000,317.000,30.000,76.000
586.000,317.000,29.000,81.000
586.000,315.000,29.000,86.000
588.000,316.000,29.000,84.000
589.000,317.000,29.000,84.000
589.000,314.000,29.000,83.000
590.000,313.000,30.000,83.000
589.000,313.000,31.000,80.000
588.000,314.000,33.000,77.000
588.000,313.000,35.000,79.000
587.000,315.000,32.000,75.000
587.000,316.000,34.000,73.000
588.000,310.000,35.000,77.000
589.000,312.000,35.000,74.000
588.000,311.000,35.000,74.000
590.000,311.000,33.000,74.000
591.000,311.000,31.000,75.000
591.000,311.000,30.000,73.000
593.000,309.000,30.000,75.000
592.000,310.000,31.000,75.000
593.000,308.000,31.000,77.000
594.000,309.000,30.000,77.000
593.000,307.000,29.000,78.000
595.000,309.000,30.000,77.000
597.000,307.000,28.000,78.000
597.000,306.000,30.000,80.000
597.000,309.000,32.000,78.000
595.000,305.000,33.000,77.000
596.000,302.000,34.000,79.000
596.000,301.000,41.000,81.000
596.000,300.000,37.000,80.000
595.000,298.000,38.000,80.000
596.000,296.000,38.000,79.000
597.000,292.000,40.000,78.000
598.000,289.000,37.000,81.000
599.000,288.000,33.000,83.000
600.000,286.000,32.000,81.000
603.000,283.000,30.000,79.000
602.000,281.000,30.000,80.000
603.000,279.000,28.000,84.000
604.000,278.000,28.000,86.000
603.000,275.000,29.000,86.000
604.000,272.000,29.000,88.000
606.000,272.000,30.000,85.000
605.000,268.000,32.000,85.000
607.000,266.000,31.000,82.000
604.000,264.000,32.000,82.000
606.000,263.000,33.000,79.000
604.000,263.000,37.000,78.000
603.000,263.000,36.000,78.000
604.000,262.000,34.000,76.000
606.000,262.000,34.000,77.000
605.000,266.000,31.000,75.000
607.000,266.000,30.000,74.000
608.000,263.000,29.000,75.000
609.000,266.000,29.000,72.000
610.000,262.000,28.000,76.000
611.000,260.000,28.000,79.000
610.000,261.000,28.000,78.000
611.000,258.000,28.000,80.000
611.000,258.000,28.000,82.000
612.000,256.000,28.000,82.000
612.000,258.000,28.000,82.000
612.000,257.000,30.000,81.000
612.000,258.000,31.000,84.000
610.000,259.000,32.000,78.000
612.000,256.000,35.000,82.000
612.000,254.000,33.000,83.000
610.000,254.000,40.000,84.000
610.000,254.000,36.000,84.000
610.000,253.000,42.000,82.000
613.000,253.000,36.000,82.000
612.000,251.000,36.000,81.000
614.000,248.000,33.000,82.000
616.000,249.000,32.000,80.000
616.000,245.000,30.000,81.000
616.000,245.000,30.000,81.000
617.000,242.000,29.000,85.000
616.000,241.000,30.000,88.000
616.000,241.000,31.000,92.000
616.000,240.000,30.000,89.000
616.000,239.000,30.000,91.000
618.000,239.000,30.000,89.000
616.000,238.000,32.000,86.000
615.000,237.000,33.000,86.000
615.000,236.000,35.000,84.000
614.000,236.000,37.000,84.000
613.000,236.000,38.000,82.000
614.000,234.000,36.000,82.000
614.000,235.000,32.000,80.000
613.000,233.000,35.000,82.000
615.000,235.000,32.000,79.000
616.000,231.000,32.000,83.000
617.000,232.000,29.000,81.000
618.000,231.000,29.000,83.000
618.000,227.000,30.000,85.000
616.000,228.000,29.000,82.000
617.000,223.000,30.000,86.000
615.000,226.000,29.000,84.000
618.000,223.000,31.000,85.000
618.000,220.000,30.000,88.000
618.000,220.000,30.000,87.000
617.000,218.000,32.000,89.000
619.000,219.000,32.000,87.000
616.000,217.000,36.000,88.000
617.000,216.000,35.000,86.000
616.000,213.000,36.000,86.000
617.000,213.000,40.000,87.000
615.000,212.000,38.000,86.000
616.000,211.000,41.000,84.000
618.000,208.000,35.000,87.000
620.000,206.000,33.000,86.000
620.000,204.000,31.000,86.000
622.000,202.000,29.000,85.000
623.000,201.000,29.000,84.000
622.000,198.000,30.000,88.000
622.000,196.000,28.000,91.000
621.000,196.000,29.000,94.000
623.000,192.000,30.000,96.000
621.000,191.000,31.000,94.000
621.000,190.000,31.000,95.000
623.000,186.000,32.000,94.000
621.000,186.000,32.000,91.000
622.000,183.000,32.000,89.000
620.000,185.000,35.000,87.000
621.000,182.000,33.000,87.000
623.000,181.000,34.000,86.000
622.000,181.000,37.000,86.000
623.000,178.000,34.000,85.000
624.000,180.000,30.000,86.000
624.000,179.000,29.000,86.000
626.000,176.000,28.000,88.000
628.000,173.000,28.000,89.000
627.000,170.000,28.000,91.000
629.000,168.000,29.000,94.000
627.000,163.000,29.000,94.000
628.000,165.000,29.000,93.000
629.000,165.000,29.000,93.000
627.000,161.000,31.000,94.000
628.000,157.000,30.000,96.000
629.000,160.000,31.000,95.000
628.000,158.000,34.000,90.000
628.000,154.000,38.000,95.000
628.000,153.000,38.000,92.000
628.000,152.000,37.000,92.000
629.000,151.000,38.000,92.000
630.000,152.000,31.000,90.000
632.000,147.000,28.000,95.000
634.000,141.000,33.000,95.000
635.000,142.000,31.000,91.000
636.000,140.000,30.000,92.000
635.000,138.000,30.000,94.000
635.000,136.000,30.000,99.000
636.000,137.000,30.000,102.000
635.000,131.000,30.000,105.000
637.000,131.000,29.000,103.000
635.000,136.000,32.000,94.000
636.000,136.000,33.000,94.000
638.000,131.000,33.000,96.000
638.000,129.000,35.000,96.000
639.000,129.000,34.000,94.000
637.000,127.000,35.000,94.000
639.000,127.000,35.000,94.000
640.000,124.000,34.000,93.000
642.000,124.000,33.000,94.000
643.000,123.000,31.000,92.000
644.000,120.000,30.000,94.000
646.000,120.000,28.000,96.000
646.000,118.000,29.000,94.000
648.000,118.000,29.000,96.000
647.000,121.000,27.000,93.000
648.000,114.000,28.000,98.000
647.000,114.000,30.000,98.000
647.000,116.000,29.000,95.000
647.000,111.000,30.000,98.000
649.000,109.000,31.000,99.000
648.000,108.000,33.000,99.000
649.000,107.000,36.000,101.000
647.000,104.000,43.000,99.000
649.000,107.000,44.000,96.000
649.000,106.000,34.000,99.000
649.000,105.000,32.000,99.000
651.000,105.000,35.000,91.000
654.000,100.000,37.000,95.000
654.000,96.000,33.000,97.000
657.000,95.000,32.000,98.000
656.000,93.000,31.000,97.000
658.000,91.000,29.000,100.000
658.000,87.000,28.000,107.000
659.000,87.000,29.000,108.000
657.000,87.000,32.000,106.000
659.000,87.000,29.000,104.000
658.000,84.000,32.000,105.000
659.000,81.000,33.000,105.000
659.000,82.000,35.000,103.000
660.000,79.000,34.000,103.000
660.000,78.000,36.000,100.000
660.000,79.000,37.000,99.000
659.000,81.000,34.000,98.000
661.000,79.000,34.000,96.000
663.000,77.000,31.000,98.000
664.000,76.000,30.000,99.000
664.000,75.000,29.000,98.000
667.000,70.000,32.000,102.000
667.000,67.000,30.000,104.000
669.000,68.000,28.000,105.000
666.000,64.000,30.000,103.000
667.000,63.000,29.000,106.000
666.000,64.000,31.000,106.000
665.000,60.000,31.000,106.000
667.000,62.000,32.000,107.000
664.000,57.000,35.000,109.000
664.000,56.000,33.000,107.000
662.000,56.000,39.000,106.000
662.000,54.000,40.000,104.000
662.000,53.000,43.000,107.000
661.000,52.000,44.000,105.000
662.000,52.000,41.000,103.000
665.000,48.000,38.000,103.000
665.000,48.000,37.000,104.000
666.000,45.000,35.000,104.000
667.000,44.000,32.000,106.000
666.000,40.000,32.000,108.000
666.000,39.000,31.000,107.000
668.000,35.000,29.000,111.000
668.000,34.000,29.000,115.000
667.000,31.000,31.000,118.000
667.000,30.000,32.000,115.000
667.000,31.000,33.000,113.000
666.000,31.000,33.000,110.000
666.000,27.000,36.000,113.000
666.000,26.000,36.000,111.000
664.000,32.000,39.000,103.000
664.000,29.000,36.000,103.000
665.000,25.000,37.000,105.000
665.000,24.000,35.000,105.000
669.000,20.000,33.000,106.000
668.000,19.000,30.000,108.000
673.000,15.000,29.000,110.000
672.000,13.000,29.000,112.000
672.000,12.000,30.000,111.000
674.000,9.000,31.000,114.000
673.000,6.000,30.000,114.000
670.000,5.000,32.000,114.000
670.000,5.000,33.000,112.000
671.000,4.000,34.000,110.000
675.000,0.000,34.000,117.000
671.000,6.000,37.000,108.000
672.000,2.000,38.000,108.000
672.000,3.000,38.000,109.000
672.000,0.000,42.000,108.000
671.000,0.000,47.000,106.000
672.000,0.000,39.000,104.000
674.000,0.000,42.000,100.000
675.000,0.000,43.000,101.000
676.000,0.000,40.000,97.000
677.000,0.000,39.000,95.000
679.000,0.000,36.000,94.000
681.000,0.000,35.000,94.000
680.000,0.000,34.000,91.000
682.000,0.000,32.000,95.000
681.000,0.000,33.000,97.000
680.000,0.000,35.000,93.000
682.000,0.000,37.000,90.000
682.000,0.000,35.000,88.000
683.000,0.000,37.000,86.000
683.000,0.000,38.000,84.000
680.000,0.000,45.000,83.000
677.000,0.000,49.000,77.000
675.000,0.000,52.000,73.000
672.000,0.000,58.000,74.000
672.000,0.000,55.000,73.000
670.000,0.000,64.000,72.000
668.000,0.000,60.000,67.000
675.000,0.000,61.000,71.000
671.000,0.000,59.000,62.000
673.000,5.000,54.000,55.000
676.000,9.000,52.000,49.000
695.000,0.000,28.000,62.000
693.000,0.000,32.000,60.000
694.000,0.000,33.000,62.000
694.000,0.000,34.000,61.000
693.000,0.000,39.000,57.000
693.000,0.000,42.000,55.000
691.000,0.000,45.000,54.000
691.000,0.000,48.000,52.000
687.000,0.000,51.000,54.000
684.000,0.000,53.000,56.000
687.000,0.000,54.000,65.000
683.000,0.000,63.000,50.000
679.000,0.000,64.000,57.000
683.000,0.000,60.000,56.000
680.000,0.000,62.000,60.000
684.000,0.000,55.000,47.000
689.000,3.000,50.000,44.000
692.000,2.000,45.000,45.000
696.000,1.000,42.000,49.000
701.000,0.000,37.000,53.000
706.000,0.000,34.000,52.000
707.000,0.000,34.000,51.000
705.000,0.000,38.000,48.000
704.000,0.000,42.000,46.000
701.000,1.000,45.000,41.000
699.000,0.000,50.000,44.000
698.000,0.000,54.000,42.000
695.000,0.000,62.000,41.000
693.000,1.000,63.000,39.000
690.000,0.000,64.000,41.000
686.000,2.000,67.000,40.000
687.000,3.000,61.000,36.000
692.000,0.000,55.000,41.000
695.000,0.000,53.000,41.000
697.000,0.000,49.000,42.000
702.000,0.000,44.000,39.000
708.000,1.000,41.000,43.000
713.000,0.000,35.000,46.000
716.000,0.000,32.000,48.000
717.000,0.000,33.000,46.000
718.000,0.000,36.000,47.000
715.000,0.000,43.000,49.000
712.000,0.000,49.000,45.000
712.000,0.000,51.000,44.000
710.000,0.000,58.000,45.000
707.000,0.000,62.000,46.000
706.000,0.000,62.000,46.000
705.000,2.000,63.000,43.000
704.000,0.000,63.000,46.000
704.000,0.000,62.000,46.000
704.000,0.000,59.000,47.000
708.000,3.000,55.000,44.000
712.000,5.000,50.000,40.000
714.000,6.000,46.000,41.000
719.000,0.000,41.000,48.000
727.000,0.000,38.000,51.000
731.000,0.000,36.000,53.000
731.000,0.000,37.000,50.000
730.000,0.000,39.000,49.000
728.000,0.000,43.000,46.000
725.000,0.000,48.000,43.000
724.000,0.000,51.000,41.000
722.000,0.000,55.000,41.000
721.000,0.000,59.000,39.000
718.000,0.000,66.000,40.000
716.000,1.000,66.000,38.000
717.000,0.000,63.000,38.000
717.000,0.000,60.000,41.000
720.000,0.000,58.000,42.000
722.000,1.000,54.000,39.000
725.000,0.000,51.000,40.000
732.000,0.000,45.000,40.000
735.000,1.000,41.000,42.000
740.000,1.000,36.000,43.000
745.000,0.000,33.000,47.000
745.000,0.000,32.000,47.000
744.000,0.000,36.000,47.000
743.000,0.000,41.000,47.000
739.000,1.000,48.000,40.000
739.000,0.000,49.000,42.000
737.000,1.000,57.000,40.000
736.000,0.000,60.000,42.000
733.000,0.000,63.000,43.000
733.000,0.000,64.000,44.000
732.000,0.000,62.000,42.000
733.000,2.000,60.000,43.000
735.000,0.000,58.000,47.000
739.000,4.000,51.000,41.000
743.000,7.000,47.000,39.000
745.000,10.000,44.000,37.000
751.000,5.000,41.000,44.000
759.000,0.000,35.000,49.000
761.000,0.000,36.000,50.000
762.000,0.000,37.000,52.000
760.000,0.000,38.000,51.000
759.000,0.000,43.000,48.000
755.000,0.000,48.000,45.000
753.000,0.000,52.000,46.000
754.000,1.000,53.000,43.000
752.000,2.000,57.000,44.000
750.000,7.000,62.000,45.000
749.000,5.000,63.000,49.000
748.000,4.000,64.000,56.000
749.000,5.000,60.000,59.000
750.000,6.000,59.000,61.000
752.000,16.000,57.000,57.000
756.000,23.000,54.000,57.000
772.000,2.000,47.000,67.000
774.000,18.000,39.000,79.000
776.000,18.000,38.000,93.000
777.000,19.000,39.000,108.000
778.000,24.000,39.000,117.000
777.000,33.000,40.000,121.000
777.000,47.000,41.000,121.000
778.000,65.000,43.000,120.000
777.000,83.000,43.000,119.000
778.000,102.000,44.000,119.000
780.000,122.000,42.000,118.000
779.000,137.000,41.000,116.000
782.000,155.000,40.000,114.000
781.000,177.000,39.000,113.000
782.000,192.000,38.000,111.000
782.000,207.000,35.000,113.000
785.000,223.000,34.000,116.000
784.000,234.000,34.000,118.000
784.000,247.000,34.000,127.000
782.000,260.000,35.000,122.000
784.000,266.000,36.000,125.000
783.000,272.000,37.000,123.000
783.000,281.000,38.000,122.000
782.000,280.000,39.000,120.000
782.000,282.000,39.000,122.000
784.000,285.000,38.000,117.000
787.000,284.000,36.000,116.000
788.000,286.000,35.000,115.000
789.000,288.000,35.000,115.000
789.000,290.000,35.000,115.000
792.000,289.000,32.000,116.000
793.000,290.000,33.000,116.000
793.000,292.000,34.000,116.000
792.000,288.000,35.000,118.000
793.000,291.000,34.000,118.000
794.000,291.000,33.000,118.000
793.000,290.000,34.000,119.000
795.000,290.000,35.000,121.000
794.000,292.000,37.000,122.000
792.000,299.000,41.000,116.000
