4.000,245.000,22.000,20.000
23.000,240.000,21.000,20.000
43.000,237.000,20.000,19.000
64.000,231.000,19.000,17.000
83.000,228.000,20.000,16.000
102.000,226.000,23.000,15.000
121.000,224.000,21.000,16.000
122.000,224.000,22.000,16.000
142.000,222.000,22.000,18.000
161.000,225.000,23.000,17.000
182.000,222.000,24.000,16.000
201.000,221.000,23.000,17.000
217.000,216.000,22.000,15.000
230.000,208.000,20.000,16.000
240.000,206.000,24.000,14.000
248.000,202.000,23.000,13.000
250.000,200.000,23.000,15.000
256.000,197.000,25.000,16.000
260.000,192.000,24.000,17.000
260.000,190.000,25.000,18.000
260.000,190.000,25.000,18.000
261.000,192.000,27.000,16.000
259.000,193.000,28.000,16.000
259.000,195.000,26.000,16.000
259.000,193.000,24.000,18.000
260.000,194.000,24.000,17.000
260.000,193.000,24.000,16.000
259.000,193.000,23.000,16.000
259.000,191.000,27.000,18.000
259.000,188.000,23.000,20.000
258.000,188.000,25.000,20.000
261.000,189.000,24.000,18.000
261.000,190.000,24.000,19.000
261.000,194.000,25.000,19.000
260.000,196.000,26.000,18.000
261.000,200.000,26.000,17.000
261.000,198.000,26.000,19.000
265.000,201.000,24.000,17.000
267.000,202.000,24.000,17.000
271.000,206.000,25.000,17.000
272.000,207.000,25.000,17.000
275.000,208.000,25.000,17.000
278.000,207.000,26.000,19.000
280.000,203.000,26.000,19.000
282.000,203.000,26.000,19.000
282.000,201.000,24.000,19.000
285.000,202.000,25.000,17.000
289.000,201.000,24.000,18.000
291.000,201.000,28.000,20.000
294.000,202.000,26.000,22.000
295.000,204.000,28.000,20.000
299.000,208.000,27.000,18.000
303.000,208.000,26.000,19.000
306.000,211.000,27.000,19.000
310.000,213.000,27.000,23.000
309.000,213.000,28.000,22.000
311.000,216.000,31.000,20.000
318.000,219.000,28.000,21.000
319.000,222.000,29.000,21.000
326.000,226.000,27.000,22.000
330.000,231.000,28.000,22.000
335.000,234.000,28.000,22.000
337.000,241.000,28.000,20.000
334.000,244.000,28.000,23.000
334.000,245.000,32.000,20.000
325.000,248.000,31.000,21.000
310.000,253.000,33.000,19.000
296.000,256.000,31.000,23.000
281.000,259.000,31.000,25.000
263.000,264.000,32.000,22.000
254.000,269.000,24.000,21.000
238.000,279.000,26.000,20.000
218.000,285.000,29.000,20.000
206.000,292.000,30.000,20.000
203.000,292.000,32.000,20.000
190.000,300.000,31.000,20.000
177.000,308.000,32.000,20.000
164.000,315.000,32.000,20.000
152.000,322.000,31.000,22.000
142.000,328.000,32.000,23.000
131.000,335.000,34.000,24.000
123.000,341.000,28.000,28.000
116.000,348.000,31.000,26.000
116.000,350.000,33.000,25.000
109.000,356.000,31.000,26.000
104.000,362.000,32.000,25.000
100.000,367.000,29.000,25.000
96.000,372.000,33.000,28.000
96.000,378.000,34.000,26.000
92.000,380.000,34.000,28.000
90.000,380.000,36.000,29.000
92.000,385.000,37.000,28.000
93.000,387.000,35.000,26.000
92.000,386.000,36.000,26.000
95.000,386.000,36.000,28.000
95.000,386.000,39.000,31.000
97.000,385.000,39.000,30.000
98.000,383.000,39.000,33.000
96.000,383.000,43.000,28.000
99.000,380.000,45.000,27.000
100.000,376.000,47.000,26.000
103.000,371.000,46.000,24.000
102.000,370.000,46.000,25.000
102.000,364.000,48.000,25.000
100.000,361.000,52.000,26.000
106.000,356.000,51.000,24.000
110.000,350.000,46.000,24.000
110.000,340.000,48.000,25.000
108.000,334.000,50.000,20.000
109.000,328.000,48.000,22.000
107.000,320.000,49.000,24.000
110.000,316.000,44.000,21.000
111.000,316.000,44.000,22.000
108.000,309.000,45.000,22.000
105.000,303.000,46.000,22.000
96.000,299.000,52.000,22.000
96.000,291.000,48.000,22.000
97.000,284.000,47.000,21.000
95.000,279.000,43.000,20.000
89.000,271.000,46.000,21.000
88.000,265.000,44.000,21.000
88.000,264.000,45.000,19.000
85.000,259.000,48.000,20.000
77.000,253.000,53.000,18.000
79.000,245.000,49.000,17.000
80.000,240.000,46.000,19.000
82.000,231.000,44.000,20.000
84.000,228.000,45.000,18.000
87.000,223.000,44.000,22.000
93.000,221.000,41.000,20.000
98.000,222.000,41.000,18.000
98.000,222.000,42.000,18.000
102.000,219.000,42.000,17.000
107.000,217.000,42.000,16.000
111.000,216.000,42.000,17.000
115.000,218.000,45.000,15.000
122.000,219.000,42.000,16.000
127.000,219.000,46.000,20.000
135.000,219.000,44.000,22.000
138.000,220.000,45.000,20.000
143.000,220.000,44.000,15.000
144.000,219.000,42.000,16.000
150.000,216.000,41.000,15.000
156.000,218.000,41.000,15.000
159.000,218.000,41.000,14.000
164.000,216.000,40.000,15.000
164.000,215.000,42.000,16.000
167.000,220.000,40.000,13.000
167.000,220.000,42.000,15.000
167.000,222.000,41.000,14.000
168.000,222.000,38.000,13.000
167.000,223.000,39.000,16.000
169.000,225.000,41.000,14.000
171.000,225.000,38.000,15.000
173.000,223.000,37.000,16.000
176.000,224.000,35.000,16.000
176.000,223.000,39.000,15.000
174.000,223.000,37.000,16.000
176.000,222.000,38.000,14.000
176.000,223.000,40.000,13.000
178.000,222.000,39.000,13.000
178.000,223.000,38.000,12.000
181.000,221.000,37.000,13.000
183.000,219.000,34.000,15.000
184.000,217.000,36.000,13.000
184.000,214.000,39.000,13.000
187.000,215.000,37.000,13.000
190.000,214.000,35.000,15.000
190.000,211.000,37.000,17.000
190.000,208.000,39.000,21.000
193.000,211.000,36.000,18.000
193.000,211.000,38.000,15.000
198.000,215.000,38.000,12.000
199.000,215.000,34.000,12.000
200.000,215.000,37.000,12.000
203.000,214.000,37.000,12.000
203.000,213.000,34.000,12.000
206.000,213.000,35.000,11.000
207.000,214.000,33.000,13.000
208.000,214.000,35.000,12.000
208.000,215.000,34.000,12.000
209.000,214.000,35.000,15.000
207.000,214.000,38.000,15.000
209.000,214.000,36.000,16.000
210.000,216.000,35.000,14.000
207.000,218.000,36.000,14.000
208.000,219.000,31.000,13.000
206.000,222.000,37.000,11.000
208.000,221.000,36.000,11.000
214.000,220.000,30.000,12.000
208.000,218.000,34.000,15.000
208.000,215.000,34.000,11.000
209.000,214.000,32.000,12.000
211.000,210.000,32.000,11.000
211.000,207.000,35.000,14.000
211.000,208.000,39.000,13.000
212.000,205.000,36.000,14.000
214.000,201.000,36.000,17.000
214.000,201.000,35.000,16.000
214.000,198.000,36.000,16.000
216.000,198.000,33.000,13.000
215.000,191.000,35.000,15.000
218.000,190.000,33.000,11.000
223.000,190.000,32.000,12.000
220.000,186.000,35.000,16.000
222.000,184.000,34.000,16.000
221.000,187.000,33.000,14.000
222.000,188.000,32.000,14.000
224.000,193.000,33.000,12.000
222.000,196.000,35.000,13.000
223.000,197.000,33.000,13.000
223.000,197.000,34.000,16.000
222.000,200.000,34.000,16.000
223.000,200.000,33.000,15.000
222.000,204.000,34.000,12.000
223.000,206.000,35.000,10.000
222.000,205.000,40.000,12.000
221.000,206.000,38.000,14.000
222.000,207.000,35.000,14.000
223.000,208.000,33.000,16.000
222.000,209.000,35.000,16.000
220.000,215.000,35.000,15.000
219.000,217.000,34.000,16.000
218.000,220.000,31.000,13.000
220.000,220.000,31.000,15.000
219.000,217.000,32.000,15.000
218.000,216.000,34.000,13.000
216.000,215.000,35.000,14.000
217.000,216.000,34.000,10.000
215.000,213.000,35.000,10.000
215.000,210.000,33.000,14.000
215.000,209.000,33.000,12.000
215.000,205.000,32.000,12.000
215.000,204.000,29.000,11.000
215.000,199.000,31.000,12.000
219.000,197.000,33.000,13.000
216.000,198.000,37.000,13.000
214.000,195.000,33.000,10.000
216.000,190.000,32.000,10.000
216.000,187.000,32.000,9.000
217.000,183.000,32.000,9.000
218.000,178.000,30.000,9.000
221.000,173.000,32.000,9.000
221.000,168.000,31.000,9.000
221.000,164.000,33.000,9.000
221.000,160.000,33.000,11.000
222.000,161.000,34.000,11.000
223.000,158.000,33.000,10.000
223.000,155.000,33.000,11.000
223.000,153.000,32.000,9.000
224.000,148.000,32.000,9.000
224.000,145.000,33.000,10.000
223.000,144.000,32.000,9.000
221.000,142.000,33.000,9.000
221.000,139.000,33.000,9.000
222.000,139.000,34.000,9.000
218.000,137.000,35.000,10.000
220.000,136.000,33.000,11.000
219.000,134.000,34.000,10.000
229.000,134.000,32.000,10.000
216.000,133.000,32.000,8.000
217.000,132.000,34.000,9.000
214.000,132.000,33.000,10.000
216.000,130.000,33.000,13.000
209.000,130.000,36.000,12.000
208.000,129.000,36.000,11.000
208.000,129.000,36.000,11.000
208.000,129.000,36.000,11.000
208.000,129.000,36.000,11.000
208.000,129.000,36.000,11.000
208.000,129.000,36.000,11.000
208.000,129.000,36.000,11.000
208.000,129.000,36.000,11.000
208.000,129.000,36.000,11.000
208.000,129.000,36.000,11.000
208.000,129.000,36.000,11.000
208.000,129.000,36.000,11.000
208.000,129.000,36.000,11.000
208.000,129.000,36.000,11.000
208.000,129.000,36.000,11.000
208.000,129.000,36.000,11.000
208.000,129.000,36.000,11.000
208.000,129.000,36.000,11.000
208.000,129.000,36.000,11.000
208.000,129.000,36.000,11.000
208.000,129.000,36.000,11.000
208.000,129.000,36.000,11.000
221.000,135.000,33.000,9.000
208.000,129.000,36.000,11.000
208.000,129.000,36.000,11.000
208.000,129.000,36.000,11.000
208.000,129.000,36.000,11.000
221.000,135.000,33.000,9.000
208.000,129.000,36.000,11.000
221.000,135.000,33.000,9.000
208.000,129.000,36.000,11.000
163.000,136.000,33.000,14.000
172.000,136.000,29.000,13.000
183.000,135.000,27.000,14.000
195.000,136.000,25.000,15.000
204.000,140.000,25.000,14.000
216.000,146.000,23.000,15.000
226.000,151.000,24.000,14.000
226.000,152.000,24.000,15.000
236.000,158.000,28.000,17.000
248.000,161.000,24.000,18.000
255.000,167.000,26.000,16.000
265.000,172.000,27.000,14.000
274.000,175.000,27.000,15.000
282.000,177.000,28.000,17.000
289.000,181.000,26.000,15.000
296.000,184.000,29.000,15.000
297.000,185.000,30.000,15.000
302.000,191.000,29.000,16.000
310.000,197.000,26.000,14.000
317.000,204.000,27.000,15.000
323.000,211.000,31.000,16.000
330.000,216.000,29.000,15.000
337.000,222.000,27.000,15.000
346.000,226.000,27.000,15.000
350.000,229.000,28.000,16.000
359.000,231.000,26.000,17.000
359.000,232.000,27.000,17.000
366.000,233.000,27.000,16.000
371.000,233.000,31.000,18.000
375.000,238.000,29.000,18.000
380.000,242.000,27.000,16.000
386.000,244.000,29.000,15.000
392.000,246.000,27.000,18.000
398.000,250.000,26.000,17.000
405.000,250.000,25.000,15.000
411.000,252.000,27.000,15.000
410.000,250.000,29.000,21.000
418.000,251.000,29.000,18.000
424.000,251.000,28.000,17.000
428.000,249.000,29.000,17.000
433.000,249.000,29.000,16.000
438.000,249.000,28.000,19.000
438.000,247.000,26.000,17.000
440.000,247.000,25.000,17.000
441.000,247.000,28.000,17.000
440.000,248.000,30.000,17.000
443.000,247.000,30.000,18.000
444.000,248.000,27.000,17.000
446.000,247.000,26.000,17.000
448.000,249.000,26.000,17.000
450.000,245.000,26.000,21.000
447.000,245.000,30.000,18.000
449.000,245.000,27.000,18.000
449.000,244.000,29.000,17.000
449.000,243.000,30.000,19.000
449.000,243.000,30.000,20.000
450.000,245.000,28.000,19.000
449.000,245.000,30.000,18.000
452.000,245.000,27.000,18.000
453.000,245.000,26.000,19.000
454.000,248.000,27.000,20.000
457.000,249.000,25.000,16.000
459.000,250.000,26.000,20.000
459.000,250.000,29.000,20.000
459.000,251.000,28.000,20.000
464.000,251.000,28.000,20.000
463.000,250.000,28.000,21.000
466.000,251.000,28.000,22.000
468.000,251.000,27.000,24.000
470.000,252.000,28.000,19.000
472.000,255.000,28.000,20.000
474.000,256.000,27.000,19.000
477.000,255.000,27.000,20.000
478.000,256.000,26.000,20.000
479.000,256.000,27.000,21.000
481.000,258.000,29.000,20.000
484.000,260.000,28.000,21.000
489.000,260.000,27.000,20.000
495.000,262.000,27.000,21.000
501.000,263.000,26.000,22.000
506.000,266.000,28.000,21.000
511.000,268.000,27.000,20.000
518.000,273.000,26.000,22.000
519.000,273.000,25.000,22.000
525.000,278.000,23.000,22.000
531.000,281.000,26.000,23.000
536.000,282.000,26.000,22.000
542.000,280.000,25.000,23.000
546.000,276.000,25.000,23.000
552.000,275.000,26.000,22.000
558.000,274.000,27.000,22.000
562.000,274.000,23.000,22.000
568.000,274.000,25.000,23.000
566.000,274.000,24.000,24.000
571.000,275.000,25.000,23.000
577.000,277.000,26.000,22.000
583.000,277.000,27.000,26.000
589.000,279.000,26.000,24.000
595.000,280.000,25.000,23.000
600.000,281.000,26.000,23.000
607.000,283.000,26.000,23.000
614.000,285.000,24.000,24.000
614.000,286.000,25.000,22.000
621.000,288.000,23.000,23.000
626.000,290.000,24.000,24.000
634.000,292.000,24.000,25.000
639.000,292.000,24.000,29.000
644.000,295.000,24.000,26.000
650.000,299.000,24.000,23.000
655.000,306.000,24.000,25.000
662.000,313.000,24.000,23.000
666.000,316.000,23.000,26.000
666.000,316.000,22.000,26.000
671.000,325.000,23.000,27.000
678.000,333.000,23.000,23.000
682.000,339.000,21.000,27.000
685.000,348.000,21.000,28.000
689.000,356.000,23.000,28.000
690.000,363.000,26.000,27.000
697.000,370.000,20.000,28.000
701.000,376.000,19.000,27.000
701.000,377.000,18.000,29.000
704.000,383.000,16.000,32.000
708.000,393.000,12.000,29.000
713.000,402.000,9.000,31.000
713.000,402.000,9.000,31.000
713.000,402.000,9.000,31.000
713.000,402.000,9.000,31.000
709.000,395.000,13.000,24.000
709.000,395.000,13.000,24.000
709.000,395.000,13.000,24.000
709.000,395.000,13.000,24.000
709.000,395.000,13.000,24.000
709.000,395.000,13.000,24.000
713.000,402.000,9.000,31.000
709.000,395.000,13.000,24.000
709.000,395.000,13.000,24.000
713.000,402.000,9.000,31.000
673.000,435.000,17.000,23.000
673.000,435.000,17.000,23.000
673.000,435.000,17.000,23.000
673.000,435.000,17.000,23.000
673.000,435.000,17.000,23.000
673.000,435.000,17.000,23.000
673.000,435.000,17.000,23.000
713.000,402.000,9.000,31.000
713.000,402.000,9.000,31.000
632.000,435.000,13.000,19.000
636.000,443.000,13.000,19.000
639.000,447.000,14.000,19.000
639.000,448.000,14.000,17.000
644.000,456.000,13.000,14.000
651.000,463.000,13.000,14.000
655.000,466.000,11.000,14.000
628.000,467.000,12.000,15.000
628.000,467.000,12.000,15.000
619.000,440.000,14.000,13.000
625.000,449.000,15.000,13.000
625.000,449.000,15.000,13.000
625.000,449.000,15.000,13.000
637.000,463.000,18.000,14.000
637.000,463.000,18.000,14.000
637.000,463.000,18.000,14.000
713.000,392.000,19.000,31.000
700.000,352.000,19.000,33.000
700.000,352.000,19.000,33.000
676.000,341.000,22.000,30.000
619.000,369.000,21.000,27.000
621.000,382.000,24.000,28.000
621.000,382.000,25.000,29.000
595.000,344.000,28.000,30.000
559.000,349.000,28.000,25.000
559.000,349.000,28.000,25.000
573.000,367.000,21.000,30.000
578.000,376.000,16.000,28.000
590.000,391.000,16.000,25.000
591.000,399.000,19.000,25.000
591.000,399.000,19.000,25.000
638.000,445.000,17.000,21.000
656.000,431.000,17.000,22.000
656.000,431.000,17.000,22.000
656.000,431.000,17.000,22.000
671.000,456.000,18.000,21.000
632.000,459.000,22.000,20.000
630.000,463.000,19.000,17.000
624.000,454.000,17.000,21.000
623.000,448.000,18.000,25.000
623.000,448.000,18.000,25.000
623.000,448.000,18.000,25.000
623.000,448.000,18.000,25.000
632.000,411.000,15.000,16.000
628.000,402.000,21.000,23.000
639.000,409.000,16.000,18.000
620.000,374.000,13.000,19.000
620.000,374.000,13.000,19.000
581.000,365.000,26.000,21.000
593.000,364.000,24.000,22.000
603.000,365.000,21.000,23.000
601.000,364.000,21.000,23.000
610.000,367.000,22.000,20.000
622.000,367.000,19.000,18.000
632.000,368.000,22.000,18.000
643.000,374.000,24.000,18.000
654.000,375.000,23.000,21.000
662.000,376.000,25.000,21.000
675.000,378.000,21.000,21.000
686.000,381.000,20.000,23.000
687.000,381.000,19.000,22.000
697.000,385.000,22.000,22.000
704.000,388.000,17.000,23.000
704.000,388.000,17.000,23.000
704.000,388.000,17.000,23.000
703.000,411.000,17.000,20.000
703.000,411.000,17.000,20.000
660.000,422.000,13.000,19.000
660.000,422.000,13.000,19.000
672.000,437.000,16.000,16.000
673.000,431.000,16.000,18.000
673.000,431.000,16.000,18.000
673.000,431.000,16.000,18.000
673.000,431.000,16.000,18.000
639.000,408.000,18.000,17.000
639.000,408.000,18.000,17.000
704.000,388.000,17.000,23.000
704.000,388.000,17.000,23.000
704.000,388.000,17.000,23.000
704.000,388.000,17.000,23.000
702.000,397.000,17.000,20.000
702.000,397.000,17.000,20.000
702.000,397.000,17.000,20.000
702.000,397.000,17.000,20.000
639.000,408.000,18.000,17.000
639.000,408.000,18.000,17.000
702.000,397.000,17.000,20.000
702.000,397.000,17.000,20.000
702.000,397.000,17.000,20.000
702.000,397.000,17.000,20.000
702.000,397.000,17.000,20.000
702.000,397.000,17.000,20.000
702.000,397.000,17.000,20.000
702.000,397.000,17.000,20.000
702.000,397.000,17.000,20.000
702.000,397.000,17.000,20.000
702.000,397.000,17.000,20.000
639.000,408.000,18.000,17.000
597.000,434.000,16.000,16.000
600.000,433.000,14.000,16.000
606.000,446.000,12.000,17.000
610.000,455.000,13.000,16.000
616.000,467.000,13.000,13.000
616.000,467.000,13.000,13.000
682.000,407.000,16.000,21.000
682.000,407.000,16.000,21.000
682.000,407.000,16.000,21.000
685.000,382.000,19.000,21.000
616.000,467.000,13.000,13.000
685.000,382.000,19.000,21.000
685.000,382.000,19.000,21.000
685.000,382.000,19.000,21.000
685.000,382.000,19.000,21.000
685.000,382.000,19.000,21.000
685.000,382.000,19.000,21.000
642.000,373.000,16.000,20.000
631.000,387.000,20.000,18.000
635.000,391.000,23.000,20.000
633.000,388.000,25.000,23.000
640.000,395.000,24.000,23.000
644.000,398.000,26.000,25.000
650.000,402.000,25.000,24.000
655.000,404.000,26.000,26.000
661.000,412.000,25.000,25.000
666.000,419.000,24.000,26.000
669.000,423.000,24.000,26.000
672.000,430.000,23.000,25.000
672.000,429.000,24.000,25.000
672.000,435.000,25.000,25.000
674.000,441.000,26.000,25.000
676.000,449.000,24.000,26.000
679.000,456.000,25.000,23.000
685.000,465.000,24.000,18.000
685.000,465.000,24.000,18.000
685.000,465.000,24.000,18.000
685.000,465.000,24.000,18.000
685.000,465.000,24.000,18.000
616.000,467.000,13.000,13.000
616.000,467.000,13.000,13.000
685.000,465.000,24.000,18.000
685.000,465.000,24.000,18.000
607.000,442.000,18.000,16.000
608.000,452.000,17.000,16.000
607.000,455.000,15.000,17.000
607.000,463.000,17.000,16.000
607.000,463.000,17.000,16.000
607.000,463.000,17.000,16.000
607.000,463.000,17.000,16.000
607.000,463.000,17.000,16.000
607.000,463.000,17.000,16.000
607.000,463.000,17.000,16.000
607.000,463.000,17.000,16.000
607.000,463.000,17.000,16.000
607.000,463.000,17.000,16.000
607.000,463.000,17.000,16.000
607.000,463.000,17.000,16.000
607.000,463.000,17.000,16.000
607.000,463.000,17.000,16.000
607.000,463.000,17.000,16.000
607.000,463.000,17.000,16.000
607.000,463.000,17.000,16.000
607.000,463.000,17.000,16.000
607.000,463.000,17.000,16.000
607.000,463.000,17.000,16.000
607.000,463.000,17.000,16.000
607.000,463.000,17.000,16.000
607.000,463.000,17.000,16.000
607.000,463.000,17.000,16.000
607.000,463.000,17.000,16.000
607.000,463.000,17.000,16.000
607.000,463.000,17.000,16.000
607.000,463.000,17.000,16.000
607.000,463.000,17.000,16.000
607.000,463.000,17.000,16.000
607.000,463.000,17.000,16.000
607.000,463.000,17.000,16.000
607.000,463.000,17.000,16.000
607.000,463.000,17.000,16.000
607.000,463.000,17.000,16.000
607.000,463.000,17.000,16.000
607.000,463.000,17.000,16.000
607.000,463.000,17.000,16.000
607.000,463.000,17.000,16.000
607.000,463.000,17.000,16.000
607.000,463.000,17.000,16.000
607.000,463.000,17.000,16.000
607.000,463.000,17.000,16.000
607.000,463.000,17.000,16.000
607.000,463.000,17.000,16.000
607.000,463.000,17.000,16.000
607.000,463.000,17.000,16.000
607.000,463.000,17.000,16.000
607.000,463.000,17.000,16.000
607.000,463.000,17.000,16.000
607.000,463.000,17.000,16.000
607.000,463.000,17.000,16.000
607.000,463.000,17.000,16.000
607.000,463.000,17.000,16.000
607.000,463.000,17.000,16.000
607.000,463.000,17.000,16.000
607.000,463.000,17.000,16.000
607.000,463.000,17.000,16.000
607.000,463.000,17.000,16.000
607.000,463.000,17.000,16.000
607.000,463.000,17.000,16.000
607.000,463.000,17.000,16.000
685.000,465.000,24.000,18.000
685.000,465.000,24.000,18.000
607.000,463.000,17.000,16.000
607.000,463.000,17.000,16.000
685.000,465.000,24.000,18.000
685.000,465.000,24.000,18.000
685.000,465.000,24.000,18.000
607.000,463.000,17.000,16.000
685.000,465.000,24.000,18.000
685.000,465.000,24.000,18.000
685.000,465.000,24.000,18.000
685.000,465.000,24.000,18.000
685.000,465.000,24.000,18.000
685.000,465.000,24.000,18.000
582.000,447.000,17.000,12.000
582.000,447.000,17.000,12.000
582.000,447.000,17.000,12.000
597.000,454.000,14.000,11.000
597.000,454.000,14.000,11.000
597.000,454.000,14.000,11.000
597.000,454.000,14.000,11.000
685.000,465.000,24.000,18.000
685.000,465.000,24.000,18.000
685.000,465.000,24.000,18.000
685.000,465.000,24.000,18.000
685.000,465.000,24.000,18.000
597.000,454.000,14.000,11.000
623.000,469.000,14.000,10.000
623.000,469.000,14.000,10.000
685.000,465.000,24.000,18.000
685.000,465.000,24.000,18.000
685.000,465.000,24.000,18.000
685.000,465.000,24.000,18.000
685.000,465.000,24.000,18.000
685.000,465.000,24.000,18.000
685.000,465.000,24.000,18.000
685.000,465.000,24.000,18.000
685.000,465.000,24.000,18.000
653.000,427.000,28.000,20.000
656.000,425.000,32.000,22.000
658.000,427.000,39.000,25.000
664.000,428.000,44.000,28.000
664.000,428.000,50.000,29.000
671.000,430.000,47.000,32.000
676.000,435.000,45.000,29.000
677.000,435.000,43.000,29.000
682.000,437.000,37.000,30.000
686.000,442.000,33.000,28.000
691.000,447.000,33.000,25.000
694.000,447.000,30.000,27.000
694.000,447.000,30.000,27.000
665.000,403.000,30.000,21.000
670.000,410.000,26.000,20.000
670.000,410.000,26.000,20.000
684.000,416.000,22.000,21.000
606.000,443.000,20.000,9.000
610.000,445.000,20.000,10.000
692.000,426.000,17.000,17.000
698.000,428.000,16.000,18.000
629.000,462.000,18.000,12.000
633.000,468.000,18.000,9.000
633.000,468.000,18.000,9.000
705.000,441.000,16.000,18.000
705.000,441.000,16.000,18.000
705.000,441.000,16.000,18.000
705.000,441.000,16.000,18.000
666.000,425.000,16.000,19.000
665.000,431.000,18.000,17.000
672.000,435.000,21.000,21.000
678.000,444.000,21.000,18.000
681.000,450.000,21.000,18.000
687.000,453.000,21.000,16.000
687.000,453.000,21.000,16.000
697.000,462.000,20.000,14.000
697.000,461.000,21.000,14.000
697.000,461.000,21.000,14.000
697.000,461.000,21.000,14.000
697.000,461.000,21.000,14.000
697.000,461.000,21.000,14.000
697.000,461.000,21.000,14.000
697.000,461.000,21.000,14.000
697.000,461.000,21.000,14.000
697.000,461.000,21.000,14.000
638.000,449.000,18.000,10.000
638.000,449.000,18.000,10.000
651.000,438.000,18.000,12.000
650.000,457.000,17.000,14.000
650.000,457.000,17.000,14.000
650.000,457.000,17.000,14.000
670.000,456.000,18.000,16.000
670.000,456.000,18.000,16.000
663.000,448.000,17.000,13.000
630.000,462.000,19.000,16.000
630.000,462.000,19.000,16.000
630.000,462.000,19.000,16.000
630.000,462.000,19.000,16.000
599.000,453.000,18.000,17.000
599.000,453.000,18.000,17.000
599.000,453.000,18.000,17.000
573.000,457.000,20.000,16.000
546.000,463.000,23.000,14.000
546.000,463.000,23.000,14.000
546.000,463.000,23.000,14.000
546.000,463.000,23.000,14.000
546.000,463.000,23.000,14.000
542.000,463.000,18.000,14.000
542.000,463.000,18.000,14.000
542.000,463.000,18.000,14.000
542.000,463.000,18.000,14.000
542.000,463.000,18.000,14.000
526.000,439.000,22.000,17.000
531.000,451.000,27.000,20.000
530.000,451.000,30.000,21.000
530.000,451.000,30.000,21.000
530.000,451.000,30.000,21.000
530.000,451.000,30.000,21.000
530.000,451.000,30.000,21.000
530.000,451.000,30.000,21.000
530.000,451.000,30.000,21.000
530.000,451.000,30.000,21.000
479.000,429.000,34.000,18.000
479.000,429.000,34.000,18.000
479.000,429.000,34.000,18.000
479.000,429.000,34.000,18.000
479.000,429.000,34.000,18.000
511.000,456.000,28.000,20.000
511.000,456.000,28.000,20.000
511.000,456.000,28.000,20.000
511.000,456.000,28.000,20.000
485.000,427.000,26.000,18.000
490.000,438.000,26.000,17.000
489.000,436.000,24.000,17.000
494.000,447.000,20.000,17.000
495.000,454.000,18.000,20.000
496.000,460.000,14.000,17.000
479.000,464.000,13.000,13.000
479.000,464.000,13.000,13.000
463.000,452.000,14.000,13.000
463.000,462.000,15.000,10.000
466.000,469.000,13.000,9.000
466.000,469.000,13.000,9.000
466.000,469.000,13.000,9.000
466.000,469.000,13.000,9.000
466.000,469.000,13.000,9.000
466.000,469.000,13.000,9.000
466.000,469.000,13.000,9.000
466.000,469.000,13.000,9.000
663.000,448.000,17.000,13.000
663.000,448.000,17.000,13.000
663.000,448.000,17.000,13.000
449.000,447.000,13.000,10.000
453.000,454.000,15.000,9.000
456.000,462.000,15.000,9.000
460.000,469.000,13.000,7.000
460.000,469.000,13.000,7.000
449.000,458.000,13.000,9.000
457.000,464.000,14.000,10.000
462.000,440.000,13.000,11.000
464.000,454.000,15.000,9.000
468.000,462.000,15.000,12.000
468.000,462.000,17.000,13.000
458.000,434.000,16.000,13.000
461.000,437.000,17.000,16.000
466.000,451.000,14.000,19.000
471.000,461.000,12.000,16.000
440.000,467.000,12.000,13.000
465.000,463.000,15.000,13.000
465.000,463.000,15.000,13.000
486.000,463.000,13.000,13.000
488.000,466.000,10.000,10.000
488.000,466.000,10.000,10.000
501.000,463.000,11.000,10.000
495.000,462.000,9.000,10.000
495.000,462.000,9.000,10.000
495.000,462.000,9.000,10.000
663.000,448.000,17.000,13.000
512.000,462.000,9.000,13.000
662.000,432.000,12.000,17.000
655.000,406.000,12.000,18.000
654.000,406.000,12.000,19.000
478.000,451.000,12.000,13.000
664.000,427.000,14.000,18.000
672.000,438.000,17.000,19.000
672.000,438.000,17.000,19.000
672.000,438.000,17.000,19.000
516.000,462.000,11.000,12.000
672.000,438.000,17.000,19.000
672.000,438.000,17.000,19.000
503.000,464.000,10.000,13.000
503.000,462.000,10.000,14.000
492.000,448.000,11.000,14.000
488.000,438.000,12.000,11.000
495.000,459.000,12.000,12.000
672.000,438.000,17.000,19.000
672.000,438.000,17.000,19.000
657.000,436.000,15.000,21.000
657.000,436.000,15.000,21.000
657.000,436.000,15.000,21.000
514.000,458.000,15.000,13.000
492.000,454.000,13.000,12.000
497.000,465.000,15.000,13.000
524.000,447.000,18.000,16.000
528.000,461.000,19.000,13.000
540.000,449.000,20.000,17.000
540.000,449.000,20.000,17.000
540.000,449.000,20.000,17.000
541.000,455.000,17.000,15.000
566.000,462.000,19.000,13.000
559.000,462.000,21.000,15.000
559.000,462.000,21.000,15.000
528.000,462.000,19.000,12.000
521.000,452.000,18.000,13.000
529.000,464.000,19.000,12.000
657.000,436.000,15.000,21.000
657.000,436.000,15.000,21.000
657.000,436.000,15.000,21.000
657.000,436.000,15.000,21.000
657.000,436.000,15.000,21.000
551.000,462.000,16.000,10.000
547.000,462.000,15.000,12.000
549.000,462.000,13.000,11.000
522.000,463.000,13.000,10.000
502.000,449.000,12.000,12.000
512.000,463.000,13.000,10.000
486.000,459.000,15.000,13.000
462.000,461.000,15.000,12.000
462.000,461.000,15.000,12.000
462.000,461.000,15.000,12.000
462.000,461.000,15.000,12.000
483.000,461.000,17.000,12.000
483.000,461.000,17.000,12.000
483.000,461.000,17.000,12.000
657.000,436.000,15.000,21.000
465.000,460.000,18.000,12.000
477.000,438.000,20.000,13.000
477.000,438.000,20.000,13.000
477.000,438.000,20.000,13.000
657.000,436.000,15.000,21.000
657.000,436.000,15.000,21.000
657.000,436.000,15.000,21.000
657.000,436.000,15.000,21.000
657.000,436.000,15.000,21.000
657.000,436.000,15.000,21.000
510.000,468.000,12.000,12.000
529.000,462.000,10.000,9.000
552.000,460.000,11.000,11.000
550.000,459.000,12.000,11.000
552.000,469.000,11.000,9.000
558.000,463.000,10.000,11.000
553.000,453.000,11.000,13.000
533.000,462.000,13.000,11.000
533.000,462.000,13.000,11.000
506.000,458.000,12.000,12.000
510.000,463.000,11.000,11.000
512.000,471.000,11.000,9.000
511.000,471.000,12.000,7.000
511.000,451.000,14.000,9.000
519.000,432.000,12.000,8.000
532.000,411.000,12.000,9.000
529.000,414.000,13.000,10.000
529.000,418.000,14.000,11.000
529.000,421.000,15.000,12.000
526.000,424.000,15.000,14.000
526.000,428.000,16.000,12.000
526.000,430.000,17.000,13.000
527.000,431.000,19.000,13.000
530.000,436.000,17.000,11.000
530.000,439.000,16.000,14.000
531.000,442.000,15.000,13.000
532.000,446.000,15.000,12.000
534.000,449.000,17.000,12.000
534.000,452.000,19.000,13.000
534.000,452.000,19.000,13.000
536.000,449.000,17.000,14.000
539.000,451.000,14.000,12.000
542.000,452.000,13.000,14.000
542.000,452.000,13.000,14.000
546.000,454.000,15.000,13.000
548.000,457.000,12.000,13.000
551.000,462.000,12.000,11.000
552.000,462.000,13.000,11.000
556.000,465.000,12.000,11.000
657.000,436.000,15.000,21.000
657.000,436.000,15.000,21.000
657.000,436.000,15.000,21.000
574.000,470.000,14.000,9.000
576.000,472.000,17.000,8.000
657.000,436.000,15.000,21.000
657.000,436.000,15.000,21.000
657.000,436.000,15.000,21.000
657.000,436.000,15.000,21.000
657.000,436.000,15.000,21.000
657.000,436.000,15.000,21.000
657.000,436.000,15.000,21.000
564.000,465.000,15.000,9.000
564.000,465.000,15.000,9.000
564.000,465.000,15.000,9.000
557.000,465.000,14.000,10.000
557.000,465.000,14.000,10.000
536.000,463.000,14.000,9.000
657.000,436.000,15.000,21.000
657.000,436.000,15.000,21.000
657.000,436.000,15.000,21.000
657.000,436.000,15.000,21.000
657.000,436.000,15.000,21.000
657.000,436.000,15.000,21.000
657.000,436.000,15.000,21.000
557.000,459.000,14.000,11.000
657.000,436.000,15.000,21.000
657.000,436.000,15.000,21.000
657.000,436.000,15.000,21.000
657.000,436.000,15.000,21.000
657.000,436.000,15.000,21.000
657.000,436.000,15.000,21.000
657.000,436.000,15.000,21.000
657.000,436.000,15.000,21.000
657.000,436.000,15.000,21.000
657.000,436.000,15.000,21.000
551.000,439.000,12.000,12.000
657.000,436.000,15.000,21.000
548.000,447.000,11.000,13.000
548.000,447.000,11.000,13.000
548.000,447.000,11.000,13.000
657.000,436.000,15.000,21.000
537.000,450.000,11.000,11.000
549.000,449.000,12.000,11.000
527.000,456.000,13.000,13.000
520.000,456.000,16.000,12.000
520.000,456.000,16.000,12.000
520.000,456.000,16.000,12.000
657.000,436.000,15.000,21.000
514.000,444.000,15.000,13.000
514.000,444.000,15.000,13.000
514.000,444.000,15.000,13.000
505.000,442.000,16.000,13.000
510.000,443.000,18.000,12.000
516.000,445.000,19.000,12.000
524.000,445.000,20.000,12.000
527.000,445.000,22.000,12.000
533.000,450.000,23.000,13.000
539.000,450.000,24.000,13.000
540.000,450.000,26.000,14.000
541.000,450.000,26.000,14.000
572.000,448.000,26.000,18.000
600.000,441.000,25.000,21.000
602.000,440.000,26.000,24.000
602.000,439.000,28.000,27.000
604.000,437.000,31.000,29.000
