450.000,20.000,15.000,10.000
464.000,30.000,14.000,9.000
476.000,40.000,13.000,11.000
487.000,52.000,11.000,9.000
500.000,62.000,10.000,7.000
512.000,73.000,11.000,8.000
520.000,80.000,11.000,10.000
530.000,91.000,7.000,7.000
529.000,91.000,13.000,9.000
546.000,109.000,6.000,6.000
537.000,109.000,15.000,11.000
542.000,118.000,5.000,6.000
537.000,109.000,15.000,11.000
552.000,128.000,7.000,6.000
557.000,135.000,7.000,6.000
512.000,140.000,13.000,9.000
513.000,143.000,13.000,8.000
515.000,144.000,11.000,9.000
517.000,149.000,10.000,8.000
519.000,153.000,9.000,8.000
581.000,162.000,10.000,7.000
587.000,167.000,10.000,7.000
533.000,168.000,9.000,7.000
537.000,174.000,8.000,7.000
544.000,176.000,8.000,7.000
610.000,182.000,8.000,8.000
551.000,179.000,9.000,8.000
552.000,178.000,9.000,7.000
554.000,176.000,9.000,7.000
552.000,176.000,10.000,8.000
552.000,177.000,9.000,7.000
548.000,174.000,10.000,7.000
610.000,179.000,10.000,7.000
609.000,178.000,10.000,8.000
607.000,178.000,10.000,7.000
606.000,180.000,12.000,7.000
608.000,182.000,11.000,8.000
609.000,185.000,11.000,8.000
610.000,188.000,11.000,8.000
613.000,191.000,10.000,8.000
552.000,193.000,10.000,8.000
558.000,199.000,11.000,8.000
558.000,200.000,10.000,9.000
561.000,204.000,11.000,9.000
564.000,209.000,11.000,8.000
566.000,211.000,9.000,9.000
572.000,214.000,10.000,9.000
576.000,221.000,11.000,9.000
582.000,223.000,11.000,8.000
586.000,228.000,12.000,10.000
590.000,229.000,10.000,9.000
592.000,230.000,9.000,8.000
596.000,231.000,11.000,8.000
600.000,235.000,11.000,7.000
603.000,235.000,10.000,8.000
607.000,237.000,9.000,9.000
613.000,242.000,10.000,9.000
618.000,248.000,11.000,9.000
622.000,251.000,11.000,9.000
625.000,250.000,11.000,9.000
628.000,248.000,11.000,10.000
629.000,247.000,14.000,11.000
628.000,248.000,12.000,10.000
632.000,249.000,12.000,9.000
634.000,248.000,13.000,10.000
634.000,251.000,12.000,10.000
636.000,250.000,12.000,9.000
635.000,250.000,12.000,10.000
636.000,249.000,11.000,10.000
640.000,245.000,10.000,9.000
642.000,244.000,11.000,9.000
644.000,241.000,11.000,9.000
646.000,242.000,12.000,10.000
651.000,247.000,11.000,10.000
656.000,250.000,11.000,10.000
663.000,257.000,12.000,10.000
671.000,265.000,13.000,11.000
677.000,273.000,12.000,10.000
681.000,277.000,12.000,11.000
684.000,279.000,12.000,11.000
686.000,280.000,11.000,10.000
686.000,278.000,12.000,10.000
686.000,275.000,12.000,10.000
686.000,272.000,12.000,10.000
685.000,268.000,13.000,11.000
686.000,269.000,13.000,10.000
685.000,268.000,13.000,11.000
686.000,267.000,13.000,11.000
688.000,268.000,14.000,12.000
689.000,269.000,13.000,10.000
691.000,271.000,14.000,10.000
693.000,276.000,15.000,11.000
696.000,283.000,14.000,13.000
699.000,290.000,13.000,13.000
702.000,295.000,14.000,12.000
705.000,300.000,13.000,12.000
707.000,302.000,12.000,10.000
710.000,304.000,10.000,11.000
713.000,305.000,9.000,11.000
712.000,305.000,9.000,11.000
715.000,304.000,8.000,11.000
715.000,301.000,8.000,10.000
716.000,302.000,7.000,9.000
715.000,298.000,6.000,9.000
714.000,290.000,7.000,8.000
711.000,281.000,8.000,9.000
710.000,276.000,9.000,10.000
706.000,272.000,11.000,10.000
707.000,272.000,11.000,10.000
710.000,273.000,12.000,12.000
714.000,278.000,11.000,12.000
714.000,278.000,11.000,12.000
714.000,278.000,11.000,12.000
714.000,278.000,11.000,12.000
714.000,278.000,11.000,12.000
714.000,278.000,11.000,12.000
714.000,278.000,11.000,12.000
714.000,278.000,11.000,12.000
714.000,278.000,11.000,12.000
714.000,278.000,11.000,12.000
714.000,278.000,11.000,12.000
714.000,278.000,11.000,12.000
715.000,280.000,5.000,7.000
715.000,280.000,5.000,7.000
714.000,278.000,11.000,12.000
714.000,278.000,11.000,12.000
714.000,278.000,11.000,12.000
714.000,278.000,11.000,12.000
714.000,278.000,11.000,12.000
715.000,280.000,5.000,7.000
714.000,278.000,11.000,12.000
714.000,278.000,11.000,12.000
714.000,278.000,11.000,12.000
715.000,280.000,5.000,7.000
714.000,278.000,11.000,12.000
714.000,278.000,11.000,12.000
714.000,278.000,11.000,12.000
714.000,278.000,11.000,12.000
714.000,278.000,11.000,12.000
