703.000,361.000,57.000,114.000
704.553,361.374,56.130,111.589
703.965,363.294,55.810,112.417
704.623,362.814,53.849,111.146
705.141,362.319,55.234,111.318
710.937,365.989,54.933,111.689
710.902,364.836,54.281,114.262
715.907,368.278,54.557,113.162
720.860,371.475,55.439,113.136
725.141,375.358,56.111,114.538
729.812,377.560,55.812,114.695
732.808,380.674,56.240,114.847
736.642,383.513,57.852,114.566
740.865,386.608,59.453,114.276
744.676,390.794,60.585,113.554
747.133,396.645,63.193,109.842
750.094,401.699,66.568,105.779
754.272,407.885,70.024,101.122
756.564,413.993,73.958,99.291
760.305,416.766,75.960,96.311
762.817,418.624,77.396,96.520
762.534,420.042,77.425,95.975
765.751,419.717,79.045,94.566
768.029,420.322,78.552,95.622
773.249,422.634,78.063,93.057
775.048,423.463,78.189,94.060
775.221,423.115,78.759,95.347
778.024,425.592,78.827,94.756
783.916,426.919,77.185,93.845
786.544,428.865,78.480,93.956
788.069,429.084,77.518,94.225
788.744,428.143,79.085,94.741
789.726,429.064,77.382,97.108
792.355,428.409,80.177,98.664
790.298,425.291,78.472,101.518
791.114,424.451,81.789,101.082
789.544,423.526,81.861,103.023
789.785,422.682,83.279,103.452
787.765,420.825,84.665,105.267
786.615,422.138,88.099,105.974
787.251,421.094,89.506,107.020
786.453,422.459,92.165,107.681
786.911,421.637,90.912,107.761
786.939,421.955,92.660,108.885
787.965,421.989,94.149,108.930
789.110,421.201,96.014,109.598
786.852,420.978,96.874,111.309
789.680,420.234,97.431,111.199
791.256,419.557,98.825,112.320
790.417,418.863,100.079,113.918
793.472,418.023,98.847,116.331
792.675,417.421,100.735,118.291
794.149,418.203,100.731,118.907
795.596,420.328,104.945,118.300
798.952,421.800,104.253,119.947
799.771,422.865,106.100,118.462
801.408,423.196,107.349,119.121
801.224,424.456,106.956,121.469
805.466,423.350,108.102,120.548
806.130,422.307,110.979,120.233
809.959,421.845,112.640,119.266
806.309,418.125,114.269,123.153
807.637,419.089,116.671,124.453
809.685,415.143,119.574,128.418
804.419,414.793,117.659,130.064
805.050,413.722,121.798,128.989
804.327,412.858,121.397,129.833
804.302,411.641,122.986,131.026
802.810,410.579,124.432,133.288
799.442,407.679,125.114,131.815
796.441,406.551,126.250,129.982
797.744,406.678,129.218,129.004
794.596,406.685,130.671,127.127
787.192,402.664,130.211,124.447
786.154,402.347,133.836,121.936
778.432,398.821,134.629,120.162
781.594,400.247,136.076,118.347
771.926,396.710,137.668,118.113
771.671,394.271,138.410,114.151
764.514,391.349,138.521,113.299
761.057,390.087,138.685,111.277
760.673,389.946,138.857,109.421
755.156,387.489,139.645,108.438
753.273,385.204,141.646,106.846
746.295,381.917,142.251,105.733
742.833,380.355,146.876,106.386
740.892,379.531,147.533,107.993
739.250,377.106,146.202,106.670
732.829,372.501,147.662,109.497
732.483,369.425,149.089,111.076
724.536,365.812,147.497,111.293
725.469,364.763,149.641,111.564
724.012,361.986,150.249,112.014
719.453,357.045,148.383,111.705
717.083,354.341,149.641,111.302
713.435,353.370,153.921,109.120
713.751,353.758,156.030,108.126
710.153,354.194,152.682,105.478
710.224,353.365,152.389,103.671
706.911,351.006,150.682,100.577
706.328,349.446,153.191,99.599
706.302,349.460,153.052,98.120
702.296,349.219,151.859,96.797
700.990,347.376,155.469,94.478
696.717,345.357,155.867,91.701
695.787,343.600,157.352,89.487
695.836,344.174,156.843,88.335
693.620,341.649,157.441,88.006
691.230,338.935,159.364,86.791
689.327,336.218,156.864,87.020
688.210,332.074,157.434,87.956
687.069,329.913,157.417,88.037
686.674,326.215,156.684,89.607
682.121,321.932,153.287,90.493
679.090,318.665,153.980,90.698
675.271,314.584,149.953,92.137
675.960,313.063,148.177,92.774
674.788,307.426,145.942,96.064
667.227,300.395,145.627,98.471
665.343,294.023,142.437,100.942
656.941,287.437,141.297,101.323
658.826,285.664,140.116,101.608
651.709,284.136,136.502,100.171
645.933,278.352,131.426,101.599
642.074,273.000,130.985,102.530
632.796,267.900,126.647,101.857
634.234,265.564,121.686,101.688
626.345,261.163,120.678,101.594
615.828,255.876,119.052,101.292
607.806,249.896,115.694,99.891
596.625,243.188,114.025,98.617
600.298,240.936,114.063,101.728
587.292,234.592,112.193,100.978
576.356,230.039,112.193,98.420
564.801,223.455,110.564,101.293
555.614,218.776,110.733,100.390
554.258,216.287,107.516,102.868
546.064,212.042,109.376,101.829
531.179,206.135,110.936,101.886
521.875,199.738,111.789,103.259
507.236,194.419,111.251,102.662
509.168,192.573,108.281,106.268
495.545,187.920,111.610,105.538
480.355,181.899,111.019,107.483
469.653,176.263,109.548,110.169
455.820,172.412,107.206,110.430
459.076,167.803,102.085,113.191
442.522,166.275,103.188,114.573
434.413,162.666,100.845,115.647
427.115,160.104,99.456,115.474
419.393,159.014,96.833,113.645
418.152,157.849,94.952,114.341
413.773,155.757,94.737,112.879
405.756,155.148,92.157,113.929
398.380,154.474,92.036,111.607
392.568,155.645,91.871,111.552
390.725,154.556,89.828,110.863
386.483,154.546,91.171,112.295
377.910,156.171,88.415,109.861
374.677,152.742,87.302,109.111
371.155,150.724,84.605,110.715
372.112,150.313,84.630,110.064
368.106,148.860,83.961,108.780
366.034,148.383,85.079,108.942
363.521,148.148,84.895,109.369
361.335,148.067,84.596,111.928
360.451,146.088,85.313,112.411
358.271,145.954,83.399,114.030
355.593,146.147,80.655,115.667
351.597,145.555,80.306,117.028
346.928,146.437,78.960,117.685
347.693,146.704,78.390,117.205
345.395,148.497,77.296,116.539
342.998,152.084,74.471,114.963
341.644,155.270,74.192,115.897
340.765,158.269,71.774,117.635
341.663,160.396,68.770,117.328
340.458,163.713,67.977,116.988
340.634,168.159,66.728,117.067
339.514,172.550,64.159,118.743
339.830,182.178,61.298,117.185
339.561,181.776,61.387,119.152
339.758,189.634,59.772,117.322
338.743,198.418,59.320,116.451
339.114,206.902,59.230,117.986
340.246,216.275,58.182,117.464
339.147,216.682,58.720,118.984
341.284,222.706,58.885,114.578
342.536,226.925,59.438,113.902
344.777,231.168,60.470,112.118
348.579,233.812,61.393,112.267
348.204,234.569,60.766,111.920
351.058,236.120,61.458,113.424
355.178,238.452,60.693,113.122
359.155,243.306,61.027,110.715
363.138,246.396,61.172,109.417
362.792,247.131,61.130,109.651
365.996,249.959,61.730,108.053
369.565,253.332,62.796,107.274
374.918,258.953,62.734,104.707
380.147,263.483,62.158,102.320
381.598,266.610,60.962,100.738
386.257,269.141,60.771,97.809
392.013,269.804,60.534,95.034
396.813,271.568,60.465,91.174
402.276,273.624,59.987,86.365
400.363,277.679,61.100,83.705
404.085,280.114,61.599,79.230
408.614,280.226,62.934,75.597
414.197,280.982,62.289,73.709
418.535,281.540,62.331,71.908
419.477,281.327,62.715,71.778
423.031,281.961,61.308,70.586
427.617,283.418,61.255,68.837
432.101,283.613,61.698,67.666
435.634,283.311,62.015,67.369
436.533,283.714,63.396,66.354
439.554,282.432,62.968,65.980
443.558,281.162,63.903,65.957
446.146,280.922,65.127,64.841
448.432,280.370,65.671,64.805
449.732,281.256,65.653,63.951
451.566,280.181,65.489,63.705
453.800,280.145,65.390,63.021
454.330,280.434,66.829,64.171
456.652,280.343,66.439,63.308
458.100,280.390,65.337,64.393
459.628,280.982,65.340,63.092
461.810,281.440,65.629,62.580
464.512,281.142,63.991,62.688
465.716,280.530,63.359,61.777
467.027,281.193,63.178,61.230
467.614,281.615,62.301,61.438
468.193,281.305,62.837,60.858
467.382,280.300,60.940,60.589
467.476,279.767,61.581,60.277
467.457,279.892,62.549,60.597
467.704,280.070,62.329,59.706
468.310,280.800,62.310,58.761
469.292,281.106,62.616,59.485
469.640,280.631,62.482,59.657
470.876,280.079,62.574,59.636
473.302,279.028,62.131,59.222
475.591,280.189,60.670,57.434
479.892,279.249,57.966,56.727
482.763,279.667,57.276,56.189
484.454,279.598,56.202,55.475
485.996,279.454,56.364,55.098
487.942,279.343,56.925,54.167
490.342,278.943,58.248,53.976
490.409,277.632,59.085,54.625
490.696,276.156,60.358,54.824
491.666,275.054,60.568,54.755
496.365,273.434,59.707,55.199
499.142,272.335,57.213,56.865
499.147,271.475,55.913,55.923
503.860,271.298,53.621,58.094
504.736,269.169,53.342,57.545
508.236,268.042,52.440,57.377
509.360,266.965,51.252,57.708
511.191,266.312,49.844,57.419
513.560,265.287,48.650,57.893
516.221,263.992,47.430,56.842
519.867,262.772,46.340,56.203
521.199,262.822,45.643,54.590
522.074,263.044,46.103,53.476
524.343,262.013,44.745,52.525
527.291,261.607,44.051,51.254
528.517,261.631,44.379,51.596
529.176,262.594,45.925,51.904
528.541,262.406,47.094,52.247
529.691,261.519,48.275,52.695
530.438,260.941,48.676,54.596
529.734,261.193,49.298,54.725
532.011,261.446,49.672,54.049
532.074,262.215,49.694,54.184
532.522,261.605,49.467,53.173
535.777,262.811,49.588,52.627
538.118,261.507,49.700,51.447
539.900,261.812,49.788,50.259
541.684,262.600,49.593,49.528
542.815,263.227,48.975,48.907
542.363,264.786,49.336,48.419
543.255,265.379,50.077,47.967
545.015,265.294,50.419,47.587
546.883,265.497,50.402,46.965
549.633,264.740,50.072,47.741
550.099,265.511,50.005,47.570
551.988,264.749,49.489,49.204
552.865,263.988,49.567,49.212
553.204,263.974,49.345,48.447
555.318,264.585,49.327,47.762
558.935,264.315,49.559,47.844
560.584,263.599,48.714,47.537
564.980,263.578,48.127,47.316
565.104,263.354,48.130,47.686
567.759,262.328,47.927,47.636
569.209,261.702,47.710,47.504
571.779,261.409,47.387,47.602
574.420,260.500,47.543,47.605
575.836,257.833,47.862,47.832
577.477,257.580,47.424,47.536
579.454,257.462,46.453,48.387
582.019,256.764,46.443,48.229
585.575,256.626,46.211,48.246
584.682,256.855,45.645,47.797
585.977,257.622,45.093,47.360
585.849,257.925,46.220,46.625
587.578,257.394,47.571,46.473
588.150,256.873,48.583,46.168
589.210,257.011,49.462,45.414
588.692,256.624,50.711,45.970
591.944,255.385,50.911,47.371
593.967,254.105,51.175,47.655
596.250,252.877,51.374,47.133
598.124,252.942,51.009,47.504
600.075,252.780,50.149,47.589
602.737,252.958,50.065,46.954
608.189,252.327,49.019,46.141
610.705,252.062,48.401,46.041
613.061,251.831,46.535,48.033
614.195,251.770,45.915,47.412
617.966,251.118,45.250,47.748
620.661,250.535,44.800,47.253
623.401,249.942,44.141,46.437
624.956,250.006,43.679,46.502
626.448,250.047,43.081,46.400
628.324,250.150,43.030,45.853
630.489,249.612,42.802,45.264
633.383,249.503,42.581,44.390
636.159,248.805,41.986,44.277
636.321,249.111,41.641,44.007
635.653,249.684,42.335,43.233
637.840,247.700,42.870,43.211
640.525,247.974,42.831,43.209
639.869,248.468,42.458,43.272
641.023,246.673,42.369,43.629
640.522,247.518,42.718,43.648
642.006,247.476,43.134,43.922
643.504,248.000,43.767,42.971
645.001,248.441,44.257,42.121
647.924,248.151,44.490,41.952
651.171,247.336,43.816,40.658
655.898,248.193,42.766,40.927
658.873,247.589,42.723,40.427
661.770,248.383,42.254,39.986
665.310,246.320,41.054,40.845
671.124,244.724,40.098,42.134
675.780,243.483,39.479,41.878
682.555,241.623,38.021,41.457
684.722,239.952,36.008,43.206
687.185,239.660,35.366,43.143
691.871,239.096,34.179,43.317
695.553,237.839,33.758,43.911
697.672,238.062,34.760,43.852
698.078,237.773,35.716,43.369
699.764,237.428,35.837,44.104
702.840,236.554,35.929,44.256
704.812,236.214,36.307,43.972
707.552,237.649,36.531,43.252
707.521,237.585,37.917,43.676
708.266,238.034,38.393,43.909
709.132,238.599,39.944,43.339
709.149,239.445,41.344,42.487
709.799,239.509,43.049,42.031
708.260,239.922,45.901,41.922
707.251,241.584,47.545,41.907
709.679,240.990,49.431,42.296
709.865,240.612,51.391,41.832
710.504,240.183,53.505,41.836
710.589,239.466,55.628,42.939
712.487,239.238,56.219,43.325
715.916,238.164,57.014,43.957
722.800,236.171,55.082,43.106
730.353,235.785,51.419,44.055
733.039,233.432,47.725,45.914
736.485,231.727,46.776,45.951
739.823,231.395,45.301,46.238
743.968,228.503,42.630,46.359
747.284,227.396,41.033,48.292
749.110,224.507,38.945,49.312
752.818,224.165,37.168,51.876
756.174,221.365,35.469,50.016
758.077,220.947,33.586,51.557
760.349,218.586,31.863,52.793
761.565,216.689,31.136,52.834
762.585,215.325,30.971,54.228
763.604,213.162,30.735,54.121
765.111,212.545,30.574,54.495
766.175,210.711,30.355,53.483
765.605,209.860,29.975,54.121
766.638,209.535,29.907,54.438
767.288,208.182,29.022,53.649
767.754,207.911,27.947,54.086
768.014,206.384,27.207,53.239
768.768,207.178,27.136,54.204
768.122,204.374,26.416,53.378
767.601,203.364,26.902,53.982
767.425,202.188,26.555,53.327
766.013,202.435,26.172,53.051
766.779,202.823,25.803,53.191
765.920,202.708,25.088,52.309
765.252,202.901,24.220,51.371
763.546,201.499,23.565,50.916
762.924,202.882,22.987,50.050
763.527,203.784,22.149,48.749
762.575,200.345,22.014,47.478
760.886,201.321,22.069,48.692
759.498,198.316,22.401,48.263
757.694,199.610,22.948,48.905
757.455,198.069,23.019,47.813
755.702,198.270,23.136,49.137
753.481,195.722,22.704,47.933
751.842,196.285,22.973,48.041
749.585,196.872,23.058,48.453
749.672,196.588,23.128,47.533
748.067,195.395,23.777,49.426
745.603,193.392,23.873,49.528
744.464,193.707,23.989,50.071
742.504,192.732,23.743,50.953
741.539,192.335,24.349,50.912
740.160,192.110,24.247,51.180
737.179,192.801,24.471,51.073
735.614,192.853,23.919,50.380
733.333,193.576,23.872,50.801
733.775,193.376,23.466,51.189
731.489,193.321,23.236,50.829
728.776,194.694,22.953,49.906
726.767,196.500,23.061,49.825
724.148,196.290,22.778,48.919
723.793,197.893,22.342,49.143
721.308,197.764,22.338,47.476
718.236,199.630,22.843,47.682
713.455,200.257,22.693,47.644
710.790,202.027,22.639,47.130
711.147,201.067,22.615,47.190
706.333,202.508,23.156,47.779
701.892,205.304,23.868,47.790
697.157,206.297,24.191,47.458
692.247,207.497,25.042,47.615
692.249,207.770,24.803,46.574
687.029,209.310,25.805,46.828
680.005,211.462,26.670,46.084
675.710,211.838,28.142,46.008
669.265,215.000,29.173,45.483
670.385,213.645,29.522,45.597
664.515,215.571,30.078,45.433
657.667,216.815,30.035,44.683
652.872,216.870,32.307,46.689
646.366,217.803,33.427,47.650
647.618,215.828,32.588,47.942
639.333,216.642,33.654,48.393
633.176,216.290,35.128,49.315
627.605,215.747,36.249,50.520
620.976,215.938,37.150,52.103
621.972,213.903,38.030,54.062
614.799,213.976,39.613,56.275
609.400,215.022,40.273,57.340
603.565,215.881,41.114,57.798
597.086,217.351,42.549,58.696
598.014,218.602,41.384,57.656
591.093,219.856,42.287,57.753
585.913,220.328,42.045,58.999
582.024,220.792,41.712,59.462
576.100,221.355,42.271,60.167
577.179,220.796,42.161,59.466
571.599,222.749,42.454,62.034
569.265,224.232,40.963,61.092
567.101,224.427,39.709,59.969
564.507,227.170,40.192,62.072
564.287,226.083,37.858,59.736
560.765,226.627,37.397,60.256
558.524,227.947,37.662,61.463
554.781,228.605,39.666,63.558
551.554,229.381,40.816,63.591
550.971,230.341,42.468,62.686
547.518,233.310,43.077,62.038
544.412,237.211,45.222,63.304
539.471,238.338,45.806,61.984
537.847,237.948,47.404,64.604
537.358,236.145,48.928,66.983
533.402,236.090,49.387,67.637
531.210,238.749,48.270,66.745
527.854,239.521,47.547,66.359
526.380,242.207,45.543,67.457
526.900,243.342,44.893,66.225
523.343,245.449,44.530,65.814
521.247,247.794,42.645,65.966
517.177,248.033,42.683,67.919
512.934,243.819,43.380,70.273
516.045,242.986,42.627,73.741
512.840,241.298,40.745,74.681
510.282,240.128,38.888,77.817
508.164,239.546,38.151,80.306
505.125,240.547,38.081,78.770
505.218,240.606,38.325,79.417
502.170,240.863,38.792,80.806
499.173,240.433,38.360,81.291
492.703,240.848,38.536,83.331
494.395,239.773,38.893,87.171
490.346,241.364,39.131,83.620
488.182,242.950,38.556,86.826
486.113,244.806,38.666,87.049
482.766,245.559,39.639,84.153
482.002,244.789,40.499,88.287
477.687,247.197,40.446,85.563
475.717,248.613,41.779,87.230
472.145,250.741,41.558,84.860
467.864,253.876,42.584,86.329
468.514,253.988,43.802,83.875
465.128,257.244,44.679,86.081
463.288,257.870,45.286,86.933
462.168,258.495,44.899,88.019
459.883,258.728,45.572,88.777
460.060,257.155,46.312,91.432
459.462,259.159,45.803,89.714
454.967,260.642,45.238,91.296
453.583,263.147,43.928,94.008
453.297,263.911,44.359,94.387
453.426,264.812,42.981,92.997
452.089,262.391,43.883,98.610
450.311,263.503,42.020,97.070
448.258,263.487,42.186,101.114
446.257,265.581,42.318,97.332
444.773,265.567,43.514,94.847
443.281,267.887,44.169,91.468
442.488,268.212,43.739,92.088
440.297,268.859,43.227,94.334
438.679,266.469,45.235,98.643
438.275,265.718,44.993,99.507
435.589,265.386,43.879,100.016
433.819,265.970,45.105,98.717
431.642,264.134,44.564,95.679
431.597,267.782,44.354,91.250
430.485,268.000,44.236,92.530
430.255,268.355,43.673,93.339
430.078,267.858,42.330,96.498
429.611,265.865,41.459,100.207
428.856,264.689,39.053,100.045
429.587,265.455,36.894,99.681
428.515,263.669,36.596,97.711
427.199,265.529,37.845,91.064
424.585,266.896,38.313,93.228
422.972,267.768,41.219,93.654
422.067,267.730,42.716,93.987
420.060,267.192,43.664,94.912
417.900,264.896,43.750,96.946
415.044,262.176,44.233,98.561
413.308,262.914,45.183,97.896
413.078,263.995,44.757,95.283
411.344,263.876,45.264,94.862
409.543,265.191,44.602,93.071
408.032,263.675,44.192,93.307
407.689,261.310,44.586,97.998
407.933,260.123,43.718,98.725
407.768,260.109,41.831,96.650
407.554,259.366,41.769,95.913
405.804,261.317,42.242,93.122
403.930,262.383,43.856,91.350
403.240,262.446,45.386,91.579
403.264,262.721,45.443,93.910
402.479,262.734,45.764,93.485
402.032,261.555,45.100,94.235
402.056,259.949,45.588,97.715
401.645,259.979,46.052,97.957
401.150,260.425,45.455,96.405
401.903,260.361,44.788,94.046
404.432,261.344,44.698,92.972
405.841,260.725,46.582,95.751
406.511,261.063,46.390,95.526
408.837,259.928,46.777,97.923
410.742,259.971,46.243,96.231
411.870,259.751,47.450,96.333
413.303,260.876,49.884,94.467
413.072,262.308,49.872,93.497
414.016,264.867,52.189,90.809
414.400,268.318,52.155,91.364
416.187,267.533,51.491,89.911
418.042,265.960,51.059,91.350
418.857,266.399,51.704,92.371
419.153,265.158,52.801,93.816
419.725,263.596,53.429,94.877
420.546,261.580,52.294,93.881
420.891,260.151,54.182,96.859
419.495,260.165,54.481,97.175
419.455,261.522,55.025,95.208
418.907,262.536,57.270,92.186
417.131,263.843,59.388,90.997
417.154,265.384,60.609,90.396
416.077,267.480,61.677,89.658
416.559,269.970,62.387,88.187
415.570,271.978,63.728,86.736
417.150,275.463,64.526,85.389
418.596,279.011,65.157,82.390
417.356,283.842,66.235,78.047
417.319,287.477,67.643,74.988
418.067,291.263,67.720,72.268
419.720,294.049,67.155,69.530
424.388,293.793,65.697,69.068
425.184,294.345,64.609,68.962
429.142,294.710,64.333,67.848
432.000,297.573,61.973,66.027
434.377,299.525,62.702,65.066
436.146,301.304,61.520,64.615
436.496,302.146,62.050,64.939
438.816,301.772,61.748,65.284
441.126,301.944,61.883,65.340
443.726,302.456,62.071,65.535
445.839,303.067,62.268,67.288
445.771,303.589,61.643,67.660
447.581,304.731,61.545,67.729
450.360,305.129,61.536,68.497
452.808,306.189,61.770,68.495
455.160,307.036,61.563,68.112
454.396,307.601,60.791,68.362
458.170,307.638,60.684,68.230
459.694,308.066,60.142,69.117
462.671,309.390,60.038,69.714
463.733,310.123,60.310,67.620
463.928,310.721,61.080,67.094
466.735,311.093,61.388,67.681
467.221,313.218,61.816,66.869
469.760,312.478,61.937,68.319
471.375,314.037,61.203,67.787
471.348,314.042,61.401,67.106
473.629,314.406,61.367,67.672
475.810,314.097,60.914,68.617
476.039,314.178,60.857,69.553
478.095,315.013,61.164,70.211
476.816,314.036,59.813,71.252
477.909,316.692,61.382,69.573
477.911,317.474,61.106,70.218
480.248,318.251,62.572,71.045
481.259,318.794,61.765,70.443
481.275,319.944,62.255,69.328
482.852,320.885,62.230,68.688
486.638,322.480,61.533,68.097
489.436,322.162,61.064,67.810
493.179,322.126,61.093,68.070
492.773,321.972,61.079,68.581
496.237,321.763,62.038,69.754
501.202,320.227,60.797,69.798
507.916,319.134,59.125,69.220
512.105,319.885,58.851,68.473
512.249,319.146,59.607,67.333
515.850,319.003,58.403,68.162
518.709,319.601,59.092,68.264
522.347,318.875,60.989,68.448
526.039,317.837,61.748,69.615
526.178,318.457,63.917,68.277
529.542,318.042,62.777,68.510
534.217,317.882,63.778,69.209
538.686,318.909,62.722,68.729
542.721,319.381,62.478,68.540
542.824,320.149,63.773,67.988
546.117,321.050,62.027,67.535
549.796,320.467,63.290,69.300
553.396,320.422,64.486,69.906
558.357,319.654,64.928,70.500
558.372,320.942,65.208,69.641
562.179,320.328,63.870,69.664
567.431,320.614,64.672,69.416
572.860,321.171,64.592,69.292
576.371,320.365,64.088,69.408
577.130,321.380,65.577,67.767
581.389,321.323,65.056,68.418
585.742,321.388,64.819,67.834
590.553,321.603,65.198,66.835
595.113,322.290,64.928,66.904
596.109,322.559,63.760,65.989
599.789,323.886,62.124,65.716
606.199,323.280,62.544,65.679
610.100,324.785,61.404,66.606
614.427,324.591,60.883,65.774
614.905,325.371,60.762,64.976
619.522,324.594,61.228,65.384
623.804,325.674,61.768,64.983
626.718,326.246,61.486,64.940
630.599,325.116,60.897,65.842
631.824,324.442,60.059,65.417
635.592,324.394,58.984,65.491
640.251,323.873,58.433,65.520
645.853,323.653,57.692,64.998
651.554,323.025,56.453,64.668
652.696,322.893,54.943,63.256
657.251,323.401,55.473,63.055
661.113,323.185,56.168,62.364
665.465,324.132,56.644,60.576
669.838,325.456,57.109,59.091
669.622,325.011,59.439,58.790
673.639,325.359,59.437,59.457
677.750,326.272,58.944,58.459
682.889,326.531,60.127,58.827
687.358,325.780,59.061,58.494
686.681,325.867,60.200,58.551
690.687,326.914,60.330,58.567
695.919,326.757,60.474,58.451
700.621,326.265,60.047,58.351
705.112,326.143,60.709,59.055
706.049,326.429,60.455,57.524
709.875,326.161,61.047,58.365
715.293,325.977,60.522,58.456
720.590,325.859,59.791,58.231
724.207,325.574,60.248,58.102
724.005,325.916,59.306,58.176
729.485,326.165,58.903,58.658
733.401,326.091,59.652,59.591
737.887,326.437,58.408,60.001
741.747,326.958,59.720,60.507
741.687,326.379,60.316,59.380
745.223,325.678,60.694,60.522
750.070,325.955,60.190,61.590
754.302,325.449,60.325,60.698
757.979,325.968,60.289,61.220
756.634,325.891,60.308,61.919
760.497,325.115,60.886,62.319
764.773,324.531,60.074,61.364
768.168,324.124,61.317,62.597
770.268,324.358,60.931,63.217
771.146,324.070,60.798,63.166
774.325,323.291,61.213,62.935
778.622,322.432,60.595,63.627
782.067,322.079,59.974,64.145
784.606,322.104,59.829,63.676
783.262,322.820,60.700,62.180
787.522,322.496,60.025,62.380
789.190,322.425,60.372,62.676
792.584,322.231,59.509,62.490
794.926,322.424,60.841,63.236
795.052,323.474,61.017,62.913
797.730,322.647,60.505,62.561
800.161,322.357,61.526,62.337
802.532,323.033,61.605,63.078
803.464,323.249,60.191,60.450
804.348,323.566,61.419,60.670
805.919,324.027,61.559,61.080
807.395,322.652,62.171,63.494
809.447,321.940,61.202,61.505
812.099,322.633,61.564,62.840
813.121,322.238,60.450,62.241
813.798,321.688,60.567,62.824
814.412,321.624,61.009,62.285
815.385,321.458,62.105,63.132
815.790,320.974,61.886,62.565
816.453,321.343,62.583,62.819
815.934,321.298,62.331,61.972
818.425,320.524,62.686,62.312
818.284,320.204,63.476,63.332
817.813,319.810,62.975,63.786
817.075,319.047,62.138,62.153
816.776,320.227,62.736,61.869
816.579,319.191,62.178,61.668
815.743,319.851,62.467,61.645
814.996,320.157,62.055,60.607
815.830,319.511,61.895,61.320
815.386,317.750,59.420,61.581
815.774,316.333,56.443,62.116
815.711,315.263,53.648,62.335
817.126,316.442,51.334,62.656
814.651,316.769,49.959,60.958
811.446,317.091,49.492,61.857
808.782,315.055,49.005,62.360
805.031,314.050,48.983,62.640
806.533,315.487,48.215,62.038
803.465,314.317,47.113,61.869
799.251,314.252,46.044,62.395
793.913,311.981,45.641,63.221
790.463,312.438,44.629,62.782
790.200,310.725,42.338,63.324
787.353,307.462,41.570,62.594
783.415,307.889,41.231,61.596
778.445,308.328,41.266,60.400
773.038,310.316,41.634,58.965
771.266,310.864,40.832,58.468
768.521,310.539,40.820,57.164
764.550,311.032,41.328,56.650
761.828,311.533,40.734,55.611
760.074,309.585,40.745,55.160
760.137,311.596,39.821,55.374
759.862,308.756,38.776,54.200
755.860,309.779,39.705,54.048
753.058,310.811,39.675,53.332
750.822,308.704,38.735,53.155
749.643,310.307,38.718,53.526
749.218,308.526,38.297,52.818
746.586,308.778,38.340,52.297
744.163,307.889,37.549,52.307
742.508,307.886,37.359,52.232
741.839,308.141,37.451,51.493
740.942,306.609,37.481,51.095
737.920,305.814,37.689,51.995
736.620,304.783,37.927,52.320
733.991,302.997,38.471,53.553
733.271,301.397,38.500,53.773
730.213,301.180,39.672,53.298
727.562,300.871,40.011,54.104
724.968,299.806,40.177,53.872
723.194,299.700,40.305,54.119
723.645,299.355,40.559,54.078
720.279,298.646,41.448,53.829
718.331,297.868,42.078,54.745
716.448,296.674,41.366,54.689
713.610,295.020,41.879,55.004
713.243,295.092,42.271,54.025
710.845,295.196,42.295,54.496
708.829,294.387,41.574,54.616
707.211,294.037,41.284,53.787
702.557,292.294,41.655,54.446
702.735,291.758,41.294,53.823
701.866,291.272,41.316,53.799
698.072,291.966,41.485,53.592
696.240,290.455,41.167,53.662
693.496,288.610,41.291,54.130
692.399,288.088,42.084,53.565
689.071,288.755,42.737,53.889
687.684,286.883,41.674,54.362
684.277,286.675,41.533,54.107
682.219,286.199,41.408,53.470
681.240,285.569,41.494,53.427
677.779,286.023,41.962,53.930
675.497,284.771,42.311,53.865
671.208,284.870,42.472,53.093
667.007,283.932,43.554,53.484
666.662,283.947,44.080,54.041
662.771,283.336,44.484,53.696
659.153,283.127,45.077,53.706
655.554,282.611,44.926,53.838
653.018,281.802,45.482,54.169
651.571,281.476,45.447,55.068
649.886,280.904,45.539,55.586
645.184,280.327,45.439,56.169
642.128,280.158,46.298,57.041
637.722,278.719,45.800,59.812
638.106,277.559,46.261,61.765
635.015,278.440,46.904,62.987
631.565,278.351,46.182,63.882
628.044,279.960,47.033,65.746
624.928,280.153,46.373,65.004
623.766,280.470,46.155,65.014
621.526,279.694,46.701,64.775
617.231,280.223,46.310,63.758
613.250,281.511,47.046,62.819
611.348,282.482,47.802,62.706
611.260,282.820,47.671,64.159
608.449,283.004,47.119,65.137
604.556,283.533,46.456,65.955
602.283,283.043,46.209,65.713
598.799,284.070,46.787,66.381
598.169,284.183,47.780,68.078
595.672,285.062,47.831,69.708
591.505,286.895,48.084,71.121
588.212,287.325,48.483,73.115
585.014,289.412,48.692,74.146
584.988,289.675,49.012,74.698
582.182,289.874,49.296,75.237
577.068,289.123,49.394,73.553
572.193,289.109,49.507,70.732
570.663,293.372,50.185,68.590
571.230,294.774,50.316,66.913
565.268,297.297,51.350,65.709
563.849,298.745,50.523,63.531
560.179,298.332,49.864,61.439
556.361,298.499,48.851,60.834
557.403,297.684,48.869,60.722
554.661,297.732,47.914,62.185
549.969,297.662,47.138,62.635
547.589,297.813,48.272,62.516
542.649,299.301,48.051,61.593
543.779,299.125,47.613,61.666
541.290,299.308,47.953,61.087
535.883,300.161,48.461,60.159
531.430,301.904,49.084,59.961
527.011,304.438,49.014,59.032
527.745,304.008,49.431,59.739
524.023,304.905,49.076,59.695
519.781,306.362,49.290,59.770
517.693,307.416,48.935,59.867
513.898,307.681,47.387,59.974
514.693,306.721,46.931,60.249
510.701,307.845,46.854,59.509
507.907,309.273,47.066,58.820
504.442,309.800,47.429,58.604
501.543,312.694,48.396,57.609
503.524,312.337,49.258,58.081
498.028,314.198,49.938,57.740
495.723,316.309,52.158,57.979
492.841,316.664,52.315,58.726
492.661,318.507,54.606,57.363
492.529,319.304,54.399,57.813
492.242,320.238,55.019,58.656
492.870,321.743,55.756,56.789
492.766,323.397,54.776,57.010
492.502,324.430,56.474,56.923
492.456,324.217,56.491,57.818
492.195,324.629,56.963,58.924
491.999,326.114,58.747,59.220
491.603,327.357,59.923,60.278
490.943,329.708,60.818,59.368
491.603,330.371,60.877,59.178
491.856,331.854,61.032,59.718
491.198,334.275,61.827,59.247
492.959,335.700,63.123,59.930
493.324,336.283,62.026,59.964
493.199,337.013,62.025,60.731
493.140,338.026,62.280,60.835
493.654,338.958,62.689,61.253
494.164,339.747,62.112,61.739
494.053,341.664,62.780,61.618
494.273,340.556,61.887,62.263
493.471,342.262,62.811,62.428
491.835,342.443,63.300,63.161
490.058,343.150,63.323,62.844
489.126,345.572,62.777,61.860
489.595,345.569,62.221,61.888
486.402,347.517,62.445,60.560
484.548,349.553,62.929,60.100
481.153,350.275,63.796,60.815
477.801,353.791,63.742,60.380
478.041,352.378,63.928,62.065
475.177,353.830,63.552,61.486
472.816,356.528,63.701,60.871
470.451,357.204,63.454,60.637
469.416,358.158,63.931,60.890
469.575,358.245,63.717,61.768
467.415,359.206,63.208,61.827
465.687,360.559,63.569,61.387
463.940,360.695,63.512,62.029
463.578,361.879,63.167,62.279
461.829,362.162,63.459,63.816
461.224,362.836,62.873,63.677
459.434,364.429,63.287,64.152
456.326,366.220,63.682,63.672
457.527,367.336,62.873,64.072
455.214,367.556,63.426,64.530
455.947,367.474,63.181,64.704
454.367,368.662,61.548,65.797
454.024,369.592,60.230,65.132
453.957,371.026,58.694,65.262
454.281,371.364,56.128,64.789
454.439,373.025,55.504,64.716
452.528,374.328,54.263,64.248
454.665,376.264,52.977,63.504
454.388,377.266,51.925,63.382
455.851,378.301,50.691,62.990
456.389,377.546,50.993,63.378
458.435,376.632,51.559,64.854
462.050,378.560,50.199,64.863
464.464,379.965,49.122,64.664
465.953,378.789,48.266,63.670
467.283,381.884,49.227,63.930
467.260,382.958,49.987,61.849
466.589,385.542,51.060,61.552
465.532,386.925,51.758,60.949
465.862,386.834,50.820,61.354
463.721,388.697,51.480,60.279
459.200,389.560,53.252,60.218
455.990,390.449,54.454,59.670
452.869,392.069,56.050,59.197
451.692,393.476,56.347,58.856
446.732,395.006,57.173,58.080
442.549,396.260,57.657,58.863
437.397,396.161,57.727,59.325
433.021,396.125,58.032,61.015
432.934,395.405,58.215,61.798
427.567,394.866,58.326,61.662
422.558,396.112,57.483,62.181
417.360,396.581,56.478,61.853
411.964,396.741,55.370,61.924
412.970,398.146,53.657,61.236
406.469,400.058,55.048,60.152
401.545,402.301,56.054,59.087
392.666,403.345,58.084,59.177
390.401,403.866,57.877,59.974
388.578,404.517,58.404,58.343
384.392,405.705,59.828,58.802
379.849,406.060,60.975,58.199
373.041,407.209,63.358,57.420
369.694,407.648,63.956,57.640
367.563,407.680,65.274,57.175
364.793,408.431,64.454,58.069
359.840,408.351,64.533,58.746
355.379,408.407,65.102,58.965
352.023,409.338,66.652,58.864
352.679,408.961,67.250,59.555
348.301,411.288,68.467,58.782
345.253,411.335,70.737,59.736
343.985,413.162,70.816,59.168
342.514,414.324,73.157,59.616
342.558,414.016,73.373,59.514
342.145,414.468,74.729,60.405
343.573,414.906,74.557,59.866
338.424,417.227,75.732,59.254
341.786,417.447,75.149,61.390
337.939,417.249,76.801,60.996
341.702,417.402,77.195,62.478
334.988,420.211,75.425,61.478
339.849,419.846,72.355,61.485
332.538,420.869,73.935,61.564
337.745,420.655,71.363,61.767
331.506,422.756,72.777,61.835
333.360,423.964,70.837,61.473
329.895,424.327,71.933,62.666
332.017,424.240,68.599,62.527
332.114,424.986,67.687,63.549
333.549,425.671,67.077,63.179
333.919,424.010,65.872,62.169
334.984,424.057,65.360,61.964
335.248,423.568,66.535,61.386
335.981,422.560,66.876,62.371
337.624,420.072,67.381,62.447
339.071,418.952,69.899,63.156
343.755,416.716,70.001,63.393
344.282,415.866,71.410,64.424
349.323,414.795,71.630,65.593
360.354,412.666,68.363,66.225
371.675,411.159,66.750,66.131
384.581,409.533,64.203,63.872
386.158,408.578,66.260,63.288
398.224,407.650,66.931,63.170
414.066,407.460,68.653,60.104
424.821,406.592,69.077,59.223
440.737,404.360,68.391,58.317
438.753,403.191,77.012,58.084
451.994,401.706,76.988,58.033
463.099,399.833,78.678,58.832
477.121,396.767,79.967,58.891
487.078,393.964,80.642,59.814
490.437,391.230,84.003,60.994
497.542,391.884,83.345,60.678
510.224,388.964,82.597,59.765
513.245,388.561,85.301,60.298
514.898,386.733,84.603,61.191
515.230,386.631,84.364,61.133
515.639,385.535,83.819,60.778
515.200,383.112,82.674,61.033
515.679,381.597,82.701,62.494
515.404,379.713,84.172,62.114
516.174,379.327,83.716,62.635
516.773,377.232,83.372,62.198
516.849,375.276,85.689,63.195
518.721,372.978,86.268,63.378
517.574,371.276,86.641,62.104
518.392,371.554,86.613,62.262
518.653,370.638,86.453,62.272
520.637,368.763,86.180,60.969
523.140,365.851,84.461,59.930
526.784,362.150,86.682,59.838
529.015,361.528,87.442,60.628
531.234,357.597,87.358,60.588
540.707,353.554,84.055,58.610
542.642,351.641,87.293,57.250
549.096,347.788,86.162,57.489
545.736,346.416,89.674,57.467
553.318,344.158,85.848,57.610
554.630,340.400,85.337,56.262
559.477,336.368,84.673,56.543
558.154,332.532,86.303,57.120
558.011,332.952,86.122,56.041
561.935,329.773,85.949,55.540
562.334,325.548,88.504,55.628
563.892,319.358,88.821,56.177
564.236,313.573,89.867,57.725
563.466,313.274,90.368,58.283
565.894,309.556,89.893,58.816
569.185,303.741,88.207,58.857
568.593,300.747,91.221,59.094
570.278,296.294,86.810,58.116
569.741,295.975,89.297,57.792
572.464,293.348,89.203,57.746
572.645,290.001,91.064,56.275
574.975,286.746,88.524,55.992
575.897,283.423,89.409,55.514
575.658,281.816,89.271,55.743
579.373,279.272,89.762,57.554
584.218,274.985,89.226,55.882
588.240,270.971,90.185,55.677
592.636,267.284,89.243,55.480
593.388,266.259,89.773,55.209
596.285,263.434,90.010,56.811
600.122,259.761,89.907,56.847
603.890,256.350,88.389,56.008
606.705,254.476,90.587,56.208
606.977,253.822,86.227,56.225
610.555,252.037,89.075,57.427
611.404,250.217,86.837,57.924
612.507,248.986,87.686,59.020
614.525,248.103,85.463,60.732
616.502,246.416,86.106,62.520
615.707,245.743,83.607,63.607
620.207,243.351,83.319,65.501
623.122,243.322,84.309,66.420
624.681,242.768,82.156,67.813
626.726,240.903,83.275,67.946
625.832,239.946,81.498,70.322
628.846,240.248,81.644,70.364
632.374,240.227,81.167,71.650
631.633,239.736,81.143,71.165
633.479,239.678,80.924,71.714
634.727,239.558,81.283,73.345
637.653,238.782,79.786,72.832
639.368,237.153,79.297,73.003
641.353,235.822,81.470,74.034
641.877,236.336,82.482,74.798
644.438,234.750,79.657,74.992
645.918,233.864,81.233,77.728
648.904,233.491,81.088,77.788
652.017,232.835,80.563,77.273
652.334,233.107,81.895,77.765
654.730,232.577,80.391,77.117
658.316,233.297,81.250,75.517
661.277,232.513,81.957,75.179
665.287,231.087,80.283,76.043
664.939,231.697,79.982,74.476
668.163,231.437,81.447,74.396
667.842,231.277,78.898,74.043
670.757,229.843,79.793,73.042
670.715,229.673,78.892,73.620
671.364,229.333,78.710,73.325
672.383,228.859,78.357,73.943
673.349,228.286,78.290,74.072
674.041,228.012,76.093,73.816
674.555,228.034,76.019,73.675
672.855,228.430,73.979,72.190
674.575,228.203,75.868,72.401
668.642,227.873,74.480,70.385
667.244,226.825,74.549,69.771
662.311,226.598,75.750,69.927
664.718,226.753,74.967,69.564
658.514,226.531,73.949,68.413
656.469,225.474,75.463,68.325
652.566,224.697,73.909,68.001
648.771,223.165,74.747,66.071
649.449,223.577,76.727,66.979
646.196,222.799,74.232,66.398
643.516,221.182,74.723,66.368
640.493,219.587,74.210,66.735
639.318,219.167,75.834,66.592
639.278,218.429,74.043,66.559
638.103,216.850,75.071,66.476
638.989,215.390,74.792,66.255
637.776,214.525,75.465,65.922
637.878,212.824,75.208,64.429
637.823,213.911,77.869,64.695
636.910,211.815,75.275,63.808
638.604,209.743,77.987,64.937
638.693,207.723,74.134,64.896
638.657,207.642,75.999,64.693
638.519,206.396,72.083,64.641
639.150,205.231,73.841,66.028
636.656,202.745,72.693,65.272
636.999,202.401,72.020,64.843
635.405,200.813,72.242,64.385
635.773,201.835,70.400,64.904
634.319,199.903,70.427,64.288
632.114,199.848,71.183,63.871
631.536,198.772,70.787,63.073
627.608,197.586,70.106,63.436
628.292,197.205,72.126,63.984
625.635,196.990,69.784,63.143
623.144,195.851,70.229,62.535
620.636,196.798,70.132,61.981
618.212,196.304,68.924,61.614
618.447,195.422,69.760,62.054
615.566,195.719,68.993,61.215
614.399,196.136,68.765,60.040
612.013,195.495,69.267,59.381
608.359,195.816,69.087,58.829
610.494,195.765,69.229,59.364
607.211,195.630,68.866,58.420
605.275,195.542,68.642,57.576
602.798,195.363,68.179,57.235
601.131,195.614,68.175,57.176
601.743,195.396,67.929,58.104
598.742,196.328,67.981,56.943
597.562,195.897,66.140,55.803
596.510,196.338,65.923,56.754
593.758,196.623,64.352,56.375
595.004,195.831,64.065,56.461
592.763,195.935,63.110,56.611
591.213,196.636,59.879,56.125
590.495,197.113,60.263,56.717
587.395,197.815,58.431,56.767
589.247,197.023,59.153,58.112
585.244,198.248,57.801,58.037
583.496,199.564,56.013,59.219
582.435,200.250,54.095,59.327
579.635,201.092,54.394,59.880
580.869,200.523,52.456,60.853
577.789,202.193,53.772,60.569
574.749,204.709,52.053,60.592
573.550,206.436,51.066,60.480
571.633,208.735,49.784,60.098
572.520,208.776,47.912,59.457
570.336,210.301,48.529,59.677
567.682,212.842,47.468,59.487
565.683,213.818,47.405,59.008
562.556,214.348,47.264,58.118
563.135,213.057,50.171,59.897
559.887,214.731,48.604,59.321
558.866,215.368,50.506,59.440
556.888,216.289,49.078,59.958
555.735,217.866,51.578,60.963
554.102,218.034,50.911,60.995
553.911,219.061,52.806,61.538
550.287,219.420,51.992,60.934
551.523,222.080,55.412,60.196
547.516,222.572,53.679,60.696
549.589,223.515,55.449,59.915
547.785,223.633,53.162,59.944
548.081,225.110,56.126,58.824
546.904,225.351,53.980,58.649
546.967,227.002,55.805,58.311
546.117,227.839,53.091,57.414
546.665,228.575,54.917,56.238
544.581,228.934,52.542,56.540
546.435,229.150,53.215,56.523
544.493,230.515,52.157,57.231
546.110,230.903,52.049,57.020
546.323,229.974,50.958,56.845
546.716,229.657,52.287,58.150
546.150,230.821,51.250,58.165
547.893,230.822,50.454,57.535
547.310,231.911,49.952,58.089
548.352,231.194,48.980,57.614
549.555,232.635,48.866,58.667
551.003,232.322,46.406,57.330
552.367,233.447,48.445,58.293
551.647,232.750,45.313,57.822
553.689,232.657,48.468,58.219
554.781,232.062,47.297,58.975
556.528,230.644,48.974,59.813
559.618,230.079,48.688,61.107
559.589,229.989,48.665,60.959
562.021,230.647,49.798,60.633
564.350,232.127,50.363,59.635
568.622,232.821,50.525,57.898
571.419,232.886,50.359,58.304
571.818,233.126,49.875,58.309
576.241,233.828,49.697,58.514
579.399,235.695,48.533,57.389
581.586,235.691,47.775,57.880
584.819,235.334,47.623,58.297
584.003,234.998,46.065,57.827
588.052,234.925,46.598,59.563
589.021,234.801,44.437,59.633
591.263,236.906,44.469,59.834
592.634,237.074,43.600,59.313
591.906,238.354,43.920,59.180
593.407,239.973,44.579,58.798
593.496,240.100,43.874,58.673
594.839,241.418,44.114,58.994
594.190,240.416,43.472,57.888
595.943,241.244,43.454,59.088
595.274,240.684,42.060,60.071
596.142,240.547,42.716,61.074
596.419,241.056,42.296,61.415
596.315,241.129,43.803,61.034
596.910,242.948,44.115,60.846
598.128,242.783,43.850,59.807
599.136,244.920,45.599,59.149
599.772,245.670,45.829,57.776
600.469,247.101,46.177,56.492
600.891,248.187,45.802,55.828
602.516,248.712,46.137,56.166
603.505,247.826,44.593,56.060
606.241,249.419,45.143,56.755
605.379,248.791,42.813,56.888
608.500,249.223,43.358,56.255
609.022,249.430,43.376,57.138
611.823,250.539,44.299,56.966
612.393,250.761,43.458,56.307
613.014,251.081,43.260,57.140
615.463,250.993,42.627,56.078
616.304,250.720,42.129,57.126
617.164,250.036,42.633,57.211
617.062,248.634,44.083,57.821
616.658,248.930,44.165,58.696
617.557,248.798,44.764,58.490
619.128,249.066,44.769,58.103
621.689,249.794,46.099,57.529
624.901,250.929,46.738,58.201
624.786,250.728,45.114,56.948
627.449,251.962,46.226,56.810
630.203,250.972,46.506,55.350
633.049,252.619,47.231,55.538
636.005,249.541,48.454,55.527
634.847,249.532,48.542,57.058
637.755,248.337,48.995,57.494
642.218,248.538,48.664,57.678
646.993,249.363,48.040,57.327
649.626,249.879,46.868,56.893
650.205,250.263,45.639,56.650
653.059,251.149,46.176,56.590
653.961,251.583,43.969,55.783
657.669,251.762,44.359,55.959
657.141,251.350,43.660,56.257
658.065,250.640,43.802,57.861
659.463,250.973,43.553,58.543
661.231,252.391,42.816,58.132
663.700,253.207,42.916,56.256
666.431,254.517,43.258,55.417
665.566,254.978,41.871,54.302
668.383,256.142,42.071,54.411
668.966,256.745,41.746,55.547
671.325,256.826,42.500,56.499
672.464,256.755,41.369,56.441
673.141,257.695,40.949,55.189
674.417,258.425,41.344,54.912
676.539,259.680,42.188,55.030
678.645,261.684,42.809,55.111
680.652,262.360,42.328,53.558
680.772,263.772,41.599,54.123
684.440,263.329,41.537,55.709
686.477,262.382,41.662,54.847
686.799,261.858,42.975,56.449
687.492,260.329,44.453,57.448
688.216,260.485,45.918,57.457
689.124,260.180,45.341,57.823
691.088,259.460,46.007,58.162
693.001,259.575,43.977,58.287
695.377,259.145,43.460,57.821
694.348,259.736,42.797,58.426
697.120,260.245,42.246,57.935
698.325,259.947,41.054,58.480
701.792,261.861,40.344,58.368
702.538,262.847,39.351,58.313
702.458,263.279,39.219,58.868
704.872,264.630,40.473,59.672
705.069,265.549,39.988,59.380
706.927,264.539,40.815,59.710
707.654,263.700,40.862,59.947
707.405,262.467,41.063,59.457
708.713,262.723,41.874,60.572
711.499,262.904,41.622,62.190
712.581,263.926,40.017,62.022
713.745,263.772,40.764,61.971
713.105,263.992,40.873,61.277
715.738,263.364,41.271,62.108
717.910,263.922,40.550,62.716
718.225,264.801,39.051,63.961
719.824,265.615,38.627,62.633
720.420,265.872,39.528,62.597
721.063,268.013,39.817,62.494
722.043,269.168,39.353,62.046
723.973,270.474,39.794,62.288
724.759,270.939,39.865,62.298
723.896,270.765,40.281,61.100
726.600,271.404,42.081,61.797
727.065,268.892,42.801,62.074
728.070,269.564,43.294,63.143
730.417,269.241,45.184,62.428
728.640,269.259,44.000,62.272
730.961,270.073,46.033,61.820
734.212,269.498,42.798,61.881
736.863,270.878,41.618,60.311
738.916,273.060,40.964,59.345
738.772,273.665,41.173,59.263
740.811,273.120,40.968,59.251
740.834,275.100,40.493,59.290
743.576,276.353,40.637,60.201
744.390,276.758,39.614,60.016
744.726,277.100,39.088,60.466
745.483,276.706,38.747,60.158
746.170,277.242,39.375,60.111
748.196,277.218,40.615,59.948
747.231,276.230,40.564,59.804
747.231,276.543,41.028,59.500
747.954,276.100,42.330,60.962
749.572,277.214,43.130,60.844
750.334,277.019,42.866,60.174
752.048,277.430,41.577,59.503
752.269,276.577,41.375,59.466
754.307,277.358,41.322,59.063
755.599,279.083,41.129,58.903
756.890,280.470,41.338,59.411
756.434,279.425,41.922,59.312
756.466,279.678,42.383,60.243
758.393,280.515,41.659,59.044
760.329,281.000,41.438,60.446
760.148,280.288,40.716,60.597
762.086,281.853,40.859,59.491
761.440,280.970,41.398,59.254
762.312,280.558,41.711,59.368
763.467,280.694,41.812,58.998
764.069,280.931,42.421,59.345
767.203,280.730,42.766,59.599
764.824,280.204,42.599,60.557
769.031,280.624,42.414,59.995
770.032,280.662,41.103,58.696
770.710,281.325,41.292,57.938
772.283,282.895,41.727,57.417
771.362,283.226,42.568,58.197
771.866,282.924,42.375,59.819
774.082,284.155,42.504,60.717
776.014,283.656,41.955,61.640
776.412,283.104,41.495,60.615
776.903,283.983,41.895,60.783
777.854,285.623,42.563,61.075
777.572,285.205,44.130,61.295
777.377,284.146,45.957,62.084
780.025,284.033,46.813,62.175
778.383,284.205,45.241,60.877
782.547,284.588,47.960,62.093
781.751,283.642,45.571,62.308
786.189,283.975,44.110,62.077
786.512,285.814,43.705,61.771
785.977,286.087,43.963,60.611
787.619,286.576,44.100,60.200
789.092,288.545,43.820,61.456
791.177,289.442,43.489,61.770
792.908,289.368,42.351,62.260
792.481,289.483,42.157,62.387
793.230,289.368,42.163,62.239
793.565,289.639,41.793,62.144
794.636,290.262,41.950,61.895
793.909,289.316,41.902,61.377
794.642,290.094,42.505,60.769
794.476,290.311,42.413,60.968
794.219,290.119,43.206,61.482
793.168,290.373,41.834,62.215
792.353,291.111,41.954,61.208
791.877,291.489,42.104,61.268
791.314,292.112,41.800,60.692
790.843,292.363,41.897,61.288
790.523,293.868,42.334,61.805
789.222,295.761,42.464,62.163
789.376,296.241,42.952,63.000
787.914,295.250,42.370,62.678
786.227,296.036,43.810,61.880
784.901,296.803,45.221,60.992
782.458,295.826,46.487,61.290
782.740,295.366,45.876,61.096
782.575,296.290,46.802,61.031
783.197,296.029,45.932,61.915
783.322,295.176,45.016,62.139
782.202,295.376,44.232,62.641
783.716,296.838,44.210,62.256
780.733,298.407,44.582,62.230
780.529,300.142,44.165,61.923
780.546,300.144,42.999,62.741
779.956,302.037,43.576,64.354
780.558,301.791,41.947,64.868
778.874,301.923,41.953,64.563
777.727,301.123,42.662,64.321
775.666,301.660,42.819,63.247
776.179,304.650,42.942,62.160
776.188,304.968,43.809,62.428
774.721,305.453,43.264,62.523
773.467,304.459,43.174,62.653
772.669,304.479,43.522,62.000
771.741,304.953,42.583,62.474
772.457,306.390,43.226,62.211
771.201,306.928,43.622,63.144
770.180,308.346,43.467,63.027
769.944,309.646,43.075,64.424
769.451,309.834,42.970,65.108
769.268,310.150,43.109,65.694
768.666,309.238,42.550,65.169
767.741,310.504,42.684,64.508
766.700,310.809,41.756,64.766
765.485,310.042,42.192,64.763
765.745,310.065,42.120,65.804
765.330,309.460,41.504,65.925
764.839,310.755,40.765,65.964
763.584,312.280,40.518,65.669
763.362,313.444,41.619,65.298
762.760,314.019,41.639,65.122
763.197,315.055,41.220,65.833
763.427,316.613,41.738,66.398
764.070,317.490,42.404,66.694
764.938,319.036,43.768,65.827
764.380,319.265,43.460,66.524
762.221,319.659,43.020,67.503
762.468,319.269,41.926,65.715
762.728,318.529,40.745,66.206
762.064,318.247,40.469,65.969
763.069,319.569,40.674,65.340
761.949,320.479,40.072,66.020
760.803,321.651,40.557,65.133
761.133,322.273,42.224,65.023
761.898,324.347,41.785,64.926
763.080,325.239,40.234,64.530
763.155,327.146,40.299,64.337
762.992,328.940,40.179,63.996
764.567,331.558,40.033,64.165
764.318,332.287,38.680,65.106
764.549,332.765,38.738,65.310
764.839,333.460,38.868,65.663
764.811,332.802,40.105,65.819
763.727,332.512,39.460,66.406
764.109,333.325,40.614,67.127
762.729,333.274,40.687,67.912
763.383,334.597,40.658,67.097
764.566,334.451,40.398,67.832
765.726,337.831,40.659,66.926
765.105,338.892,41.477,67.591
764.136,338.855,42.545,67.928
764.997,339.172,42.560,68.536
766.399,340.794,42.038,69.887
767.173,339.915,41.445,69.877
767.460,339.967,41.674,69.726
768.156,340.348,40.852,69.849
767.883,340.447,41.510,69.710
766.682,339.639,42.587,70.377
768.656,340.816,43.282,71.139
767.617,339.925,43.434,70.774
767.402,340.569,44.428,70.342
768.027,341.819,42.541,69.906
768.279,342.311,43.550,70.388
767.689,341.260,42.907,73.534
766.873,339.943,45.373,73.686
767.610,342.026,42.934,72.986
768.841,344.736,43.093,71.618
768.934,345.997,41.984,72.043
769.547,344.627,41.268,71.402
769.960,345.550,41.334,71.099
769.126,345.992,40.551,70.993
768.278,343.567,40.963,70.631
768.735,343.848,41.629,70.518
767.963,343.392,41.395,72.408
766.951,343.939,42.899,72.039
766.734,343.383,41.423,72.544
766.766,343.190,40.857,72.995
766.587,342.592,41.792,73.323
766.861,343.229,41.453,73.763
767.382,343.984,41.555,73.777
768.113,345.328,41.178,71.754
767.883,346.077,39.547,70.057
767.899,346.000,39.201,69.497
767.053,343.874,38.010,69.521
767.172,343.583,38.111,69.795
766.327,342.409,37.225,71.055
765.382,342.551,36.761,70.805
764.400,343.192,36.737,70.127
763.610,342.041,35.892,70.988
763.792,342.193,36.137,71.587
763.105,340.088,35.968,73.796
762.160,339.476,35.858,75.089
762.093,338.022,35.969,74.583
761.518,338.096,36.769,75.078
761.334,338.301,37.040,74.949
760.890,337.403,36.848,74.839
760.157,337.134,37.427,75.035
758.855,337.011,37.871,75.600
758.818,337.465,38.137,75.041
759.512,336.787,38.324,76.357
757.971,335.310,39.130,76.300
756.152,336.574,38.617,75.984
755.842,336.343,39.185,76.889
754.273,334.434,39.812,77.676
753.886,336.174,39.636,75.899
753.549,335.989,40.312,77.737
752.505,332.584,40.650,79.021
752.871,333.500,39.367,77.335
752.273,334.244,39.467,77.214
751.968,333.909,39.662,77.851
751.952,333.029,39.361,77.745
751.865,332.040,39.213,77.390
751.859,331.675,39.188,77.148
752.026,331.681,39.038,76.808
751.861,331.012,39.140,76.876
751.617,330.222,39.200,77.071
751.742,329.429,39.290,76.700
751.908,329.035,39.438,77.264
752.241,328.182,40.434,77.105
752.525,328.607,40.569,77.223
753.331,327.937,40.250,77.157
753.402,326.783,40.334,77.258
753.813,326.085,39.926,76.893
753.926,323.711,40.225,77.195
754.262,325.005,40.582,76.489
755.258,322.186,40.164,77.248
756.868,323.364,39.780,75.660
757.526,322.764,39.065,74.027
759.097,321.424,38.747,75.138
759.550,320.801,38.410,75.745
760.590,319.707,38.368,76.603
761.956,318.522,38.001,77.254
763.690,318.853,38.166,77.098
765.159,317.576,38.788,76.833
764.913,316.288,38.848,75.544
766.380,316.791,38.745,74.251
766.696,315.875,39.060,74.869
768.651,313.878,38.131,75.848
770.244,312.471,38.328,75.293
770.329,311.485,39.134,76.098
771.666,311.865,39.763,75.546
772.622,310.537,38.885,76.173
774.111,309.343,38.659,76.306
776.187,306.137,39.219,77.320
776.440,305.572,39.503,78.321
776.258,305.773,40.190,78.530
777.913,303.582,40.909,79.076
778.474,304.532,40.823,79.536
780.107,301.867,41.285,78.470
779.090,301.806,42.140,79.230
781.268,300.896,41.792,79.093
782.746,298.623,41.522,79.417
783.633,296.914,42.654,80.450
785.724,299.068,42.486,77.539
784.574,297.866,43.849,78.808
785.686,297.238,44.043,78.297
786.187,295.019,43.672,76.955
788.056,294.913,42.181,75.689
786.904,293.638,42.648,74.645
789.505,294.796,41.182,74.331
788.491,292.088,42.960,75.487
789.143,291.866,43.225,76.005
789.571,291.312,43.089,75.755
788.650,291.609,43.974,74.456
788.455,290.216,43.640,75.473
789.437,289.206,43.186,74.858
788.373,287.943,44.249,74.442
788.084,287.129,42.465,74.177
788.281,284.542,44.454,75.377
787.330,285.002,41.763,73.392
787.674,285.731,42.323,72.863
786.169,286.241,42.761,70.300
786.242,285.764,41.734,69.909
785.278,285.146,42.076,69.948
785.307,282.517,41.906,70.724
783.497,282.737,41.392,72.010
784.339,281.734,41.153,72.443
782.719,281.480,41.031,72.734
782.895,281.075,40.227,72.179
782.900,280.892,40.033,71.765
782.170,280.314,40.758,71.394
780.798,278.098,42.338,72.110
778.109,274.092,42.658,74.210
778.466,270.615,43.669,77.968
775.325,267.228,44.799,78.569
776.311,261.601,43.017,86.015
771.088,256.466,44.070,86.632
772.719,254.879,44.120,91.779
767.782,253.305,42.608,90.821
771.291,252.145,42.198,93.371
767.887,252.321,42.239,94.603
766.264,249.914,42.249,97.441
765.008,248.974,42.766,96.283
764.034,247.979,42.218,96.644
764.026,247.125,41.206,97.349
762.405,246.178,40.974,95.925
762.696,247.040,40.203,94.789
760.406,244.568,39.083,96.586
758.738,243.106,40.541,101.566
758.733,242.082,40.676,103.269
756.465,242.559,40.398,103.907
756.198,241.325,40.359,104.915
754.414,242.131,40.209,103.457
753.561,241.278,39.187,104.558
753.143,241.079,39.523,103.399
752.084,241.503,39.027,104.591
750.527,240.509,39.646,103.992
748.008,239.207,40.451,103.690
746.494,239.560,39.899,102.386
746.263,239.211,41.243,100.559
745.577,238.889,40.459,100.766
744.403,238.108,40.563,102.847
742.985,238.669,40.787,104.868
740.937,239.889,41.798,104.772
741.784,239.405,40.924,103.475
739.670,239.449,40.808,103.440
739.211,238.843,39.985,102.915
738.466,239.729,40.097,102.241
736.428,238.929,39.004,100.113
736.374,237.853,39.791,101.527
735.592,238.219,39.689,99.321
733.683,238.805,39.551,96.893
732.081,237.449,39.409,98.575
732.013,238.757,38.906,97.912
731.864,238.503,38.180,98.900
730.346,238.016,37.818,100.646
728.982,237.519,38.094,100.901
727.580,237.660,37.593,101.185
725.643,237.780,37.960,102.595
725.677,237.689,38.319,104.526
723.838,236.898,38.428,107.373
722.255,237.284,39.150,105.129
720.472,236.906,39.606,103.095
718.286,236.617,39.587,104.603
718.628,237.379,39.833,105.256
716.803,235.524,40.701,103.861
715.747,235.139,39.753,102.212
714.418,235.502,39.956,102.426
712.797,235.467,39.634,101.165
712.035,235.666,39.923,102.456
709.462,235.194,40.333,103.476
708.097,237.938,40.188,102.613
705.637,236.938,40.846,105.092
704.571,236.763,39.229,103.981
704.722,236.358,39.606,101.948
703.328,236.335,39.591,99.999
703.185,237.555,38.213,97.785
700.421,238.090,38.064,97.785
698.773,236.715,38.361,99.868
699.090,236.972,38.139,99.993
696.431,237.987,37.647,101.156
694.838,238.035,37.954,100.395
692.253,237.546,38.058,101.219
689.380,239.337,38.749,101.852
689.640,237.619,39.124,102.366
687.358,240.066,39.765,102.836
685.852,238.889,40.501,100.559
683.398,238.468,40.847,99.385
683.167,238.332,39.645,97.464
682.769,239.126,39.120,96.454
680.005,236.623,39.933,97.640
679.821,238.639,38.427,95.082
677.425,238.083,38.415,96.314
675.121,238.739,39.404,95.644
675.318,237.346,39.263,94.784
673.138,235.561,39.810,95.203
671.049,235.448,39.562,93.859
670.131,236.083,39.212,95.138
669.570,235.973,39.571,97.844
668.473,233.925,39.815,99.123
667.708,236.343,39.790,99.097
667.077,232.881,39.688,99.647
667.033,233.735,39.208,98.494
666.192,231.972,39.508,99.256
666.092,233.367,39.221,98.557
665.081,232.039,40.022,98.788
663.841,232.334,40.155,98.267
662.594,231.675,40.778,97.999
662.583,231.688,40.317,95.660
661.721,230.826,41.519,95.366
661.766,230.758,40.615,94.636
660.412,229.498,40.814,94.838
661.382,229.682,41.082,95.486
659.467,225.970,40.463,95.647
660.009,229.967,40.736,95.497
658.826,227.208,40.989,96.924
659.040,228.535,41.276,96.204
659.283,227.056,40.890,98.769
659.298,227.197,40.631,98.957
659.441,226.470,40.281,100.053
659.355,225.664,39.989,100.482
659.455,225.044,40.590,98.610
659.048,225.328,40.166,99.706
658.981,225.868,40.838,99.951
658.389,223.937,40.311,101.193
659.138,225.209,40.282,100.523
659.576,223.622,40.404,103.589
659.999,224.228,39.788,106.315
660.091,224.651,39.619,105.075
660.002,225.980,39.342,104.223
660.621,224.689,39.675,105.552
660.871,224.815,39.158,104.332
661.110,223.744,38.660,105.814
661.798,225.305,38.545,105.189
661.090,224.594,38.905,105.227
662.174,225.909,38.527,105.623
661.569,224.844,39.268,107.850
661.765,226.194,38.739,107.629
661.941,226.206,39.720,107.896
662.784,227.577,38.371,108.025
662.756,227.580,39.204,107.317
662.377,228.006,39.248,109.376
662.468,228.687,40.056,110.421
663.237,228.350,39.130,110.222
663.399,229.914,40.036,112.612
663.777,229.878,40.136,112.071
663.017,231.962,40.157,111.853
663.511,232.368,40.760,112.274
664.348,232.466,40.350,112.267
664.169,233.985,40.227,111.322
664.389,236.305,40.948,111.273
664.657,236.554,40.313,112.407
664.594,237.676,40.891,114.152
665.419,236.843,40.523,113.831
666.519,238.999,40.042,113.131
665.693,239.401,40.465,113.582
667.346,241.720,40.498,113.959
667.848,242.285,40.292,113.613
667.609,242.221,41.196,114.244
668.472,243.438,40.246,115.330
669.036,244.825,40.748,114.490
669.330,247.667,41.707,114.199
670.111,248.331,41.870,115.187
669.963,246.782,42.410,115.891
670.182,249.765,43.083,115.857
670.929,250.545,42.140,117.177
670.838,253.306,42.376,118.145
670.855,253.777,43.198,118.496
671.399,254.562,42.794,117.689
671.389,256.052,43.418,118.545
671.770,258.668,43.371,118.744
672.598,259.951,43.721,119.197
672.424,260.729,44.742,120.937
673.040,261.230,44.771,119.551
673.348,263.492,44.015,119.530
673.290,265.318,44.827,121.634
674.031,268.862,45.259,121.731
674.402,270.505,45.761,123.634
674.725,270.598,45.536,123.513
675.306,273.403,45.904,122.616
674.767,276.534,46.390,124.617
675.717,280.100,46.592,122.149
676.083,281.655,46.548,123.364
676.141,282.390,47.667,124.320
676.306,284.575,46.156,124.115
675.684,286.956,46.910,123.637
676.251,289.542,47.223,123.592
677.460,291.141,46.531,125.050
675.888,290.261,46.711,128.891
676.900,294.504,46.309,126.645
676.623,295.145,46.453,131.010
676.759,300.837,46.757,128.263
676.985,303.042,46.487,129.626
677.211,302.814,45.711,129.424
676.849,308.489,47.273,127.543
676.297,309.670,47.278,128.809
676.126,315.269,48.096,125.914
673.084,318.406,49.328,128.040
672.029,318.793,49.817,127.804
671.672,320.917,50.966,124.921
671.133,325.993,51.080,124.876
668.517,329.333,51.798,126.515
666.180,332.056,53.597,126.058
665.893,331.685,53.472,125.047
665.480,335.462,52.825,123.825
663.875,336.934,52.343,124.602
661.706,341.734,52.470,121.259
659.431,345.103,51.993,122.785
660.516,347.104,51.708,121.196
655.693,347.780,53.448,121.822
655.046,350.582,51.662,124.047
650.775,352.744,51.785,124.740
648.057,356.504,52.021,127.160
648.467,358.506,53.481,127.862
643.735,358.927,54.105,130.796
643.245,363.135,53.137,132.896
636.860,365.991,54.829,135.904
635.798,368.080,54.166,136.814
635.715,369.448,52.128,134.127
631.612,372.505,53.481,135.390
629.512,373.931,54.499,134.650
625.796,378.950,54.243,133.449
622.228,379.319,55.090,134.210
624.243,380.647,54.004,132.312
619.129,383.630,55.099,133.314
617.988,387.356,54.815,135.115
612.400,390.519,56.294,130.755
611.326,393.433,55.961,132.258
609.832,393.242,57.566,130.806
607.508,395.495,56.604,130.404
605.491,400.018,56.826,130.270
600.217,401.749,57.218,130.435
595.488,404.471,57.193,132.197
597.815,404.694,55.671,136.405
591.920,405.708,58.784,136.238
590.839,408.518,57.188,139.059
585.329,411.033,58.547,136.392
583.437,415.659,57.571,137.693
585.003,414.315,57.762,140.420
578.821,415.957,59.024,140.409
577.040,421.700,58.389,141.282
575.132,421.353,59.929,145.004
572.127,424.696,58.982,144.057
575.671,423.244,57.873,144.525
568.029,428.509,58.594,145.232
572.908,430.284,56.705,141.843
566.743,430.219,60.339,144.335
570.042,434.929,59.934,141.685
567.618,432.907,61.692,140.277
566.590,434.052,62.259,141.250
565.880,436.752,63.786,138.025
563.913,439.904,64.253,138.698
560.119,440.154,66.794,135.208
557.161,442.475,70.287,135.140
553.215,442.264,73.451,132.315
555.721,446.923,76.374,131.764
551.299,448.103,80.772,128.568
553.324,453.911,86.033,124.866
551.587,456.722,88.825,121.391
552.896,460.434,91.775,119.674
553.524,458.802,98.897,121.383
555.753,459.843,103.546,121.460
556.747,457.364,107.838,119.484
553.860,460.016,112.009,117.779
561.889,458.112,112.744,118.838
562.695,455.574,115.524,119.114
565.707,455.860,122.223,115.990
569.863,456.287,125.428,112.633
566.048,458.322,129.838,110.123
577.283,456.283,129.953,109.155
577.575,454.128,132.389,104.240
587.749,451.825,131.553,103.121
590.855,450.401,133.862,99.958
592.503,451.621,128.894,97.784
601.365,450.853,126.037,95.830
607.371,446.701,125.682,95.363
612.140,442.402,121.648,94.497
618.054,436.179,116.371,94.058
616.615,434.473,114.427,93.752
622.043,430.074,112.852,93.880
625.353,424.898,107.863,94.006
627.789,418.817,103.765,92.215
626.043,413.254,101.527,91.390
627.061,411.087,100.521,90.368
625.121,406.247,99.342,90.813
625.831,398.748,101.600,89.788
623.759,393.931,97.925,89.465
624.472,387.700,98.540,88.372
623.208,384.613,94.147,88.239
625.138,381.049,95.649,88.798
626.632,376.204,91.649,88.262
627.439,370.509,92.898,86.524
629.445,364.421,89.639,87.085
628.567,362.753,90.044,86.627
633.171,359.251,88.279,87.553
633.273,354.500,87.951,85.422
638.952,350.739,85.586,84.575
640.731,345.942,85.717,84.015
640.947,343.251,83.450,86.389
645.186,341.518,82.270,86.602
649.281,336.399,79.461,85.115
653.022,331.076,77.342,85.191
656.254,328.093,75.403,83.570
657.739,325.785,75.634,84.028
662.351,323.100,74.316,86.798
664.773,318.355,70.710,84.812
670.980,311.702,70.067,85.553
674.197,305.732,68.087,89.220
675.881,303.960,68.391,89.659
679.240,300.251,66.949,90.767
683.388,296.517,65.618,90.797
688.069,292.740,64.611,91.740
690.936,291.228,62.341,91.934
691.601,291.134,61.522,92.124
694.415,289.406,59.585,92.735
697.528,284.883,57.608,92.833
701.495,282.561,56.536,92.958
705.055,282.313,55.681,92.619
703.340,280.409,56.349,93.763
707.064,278.434,53.740,91.834
709.034,277.353,53.175,93.479
711.444,274.047,51.585,93.919
714.874,272.135,50.952,94.577
714.107,272.035,50.329,94.827
716.638,271.105,49.647,94.756
720.295,267.391,49.569,95.798
723.345,266.864,50.251,95.833
725.763,264.398,50.270,95.252
725.285,264.729,51.328,95.380
727.973,260.471,51.388,96.363
730.652,258.809,53.189,95.879
733.073,257.278,52.773,95.346
736.432,257.182,52.676,95.635
736.909,256.475,52.566,93.921
739.221,255.481,51.692,93.374
742.868,253.678,51.029,92.754
744.700,253.151,51.511,93.689
748.220,251.762,49.593,91.784
748.317,252.596,49.057,89.768
751.162,252.042,48.220,90.197
754.948,250.739,47.173,87.473
757.271,248.000,46.373,89.476
760.198,245.810,45.691,88.488
761.159,247.323,44.451,89.574
763.032,246.366,43.950,88.423
765.775,244.939,43.625,86.498
768.472,242.252,43.839,88.573
768.604,239.865,43.832,89.857
768.793,239.243,43.456,87.315
770.775,239.246,43.099,89.022
772.203,238.409,43.381,87.513
774.303,238.114,43.358,86.028
774.669,236.375,42.416,86.667
774.451,236.105,42.573,87.078
775.845,237.169,42.890,86.071
776.789,236.507,44.009,84.729
778.086,237.210,43.725,83.539
778.698,236.879,43.157,82.712
778.403,237.437,42.883,82.579
779.286,237.151,43.382,82.173
780.295,236.475,43.272,81.629
780.593,235.684,42.763,81.743
780.229,234.712,42.486,81.381
780.588,234.705,42.036,81.591
780.696,235.322,41.334,79.788
780.276,234.532,41.477,79.151
780.546,234.419,40.531,79.643
779.973,230.734,40.882,80.993
777.729,229.563,42.599,82.253
778.250,226.233,42.935,83.975
778.240,227.733,42.327,83.175
777.168,225.191,41.282,82.969
778.864,225.817,40.913,81.650
778.404,225.805,41.128,82.130
778.149,225.891,41.151,82.144
776.994,223.386,41.028,83.586
777.386,225.000,41.125,81.691
777.569,224.410,40.342,82.146
777.812,223.952,39.923,82.022
776.766,223.649,40.482,80.655
775.713,224.627,41.366,79.843
774.123,223.224,41.753,79.481
772.157,223.254,42.172,77.883
772.296,223.515,42.927,78.088
769.604,222.397,43.885,77.017
768.326,221.317,45.768,76.681
764.704,219.336,47.581,77.093
766.023,219.767,48.891,75.643
763.825,218.460,49.175,75.717
763.397,217.958,48.679,73.527
761.696,215.611,47.786,73.984
761.545,216.948,46.928,73.855
761.313,215.066,47.516,74.279
760.649,213.376,45.368,74.039
761.369,211.001,44.592,73.794
761.404,209.398,43.180,74.676
758.775,207.577,43.095,73.976
759.598,206.347,42.160,73.523
759.005,206.387,42.147,72.771
756.334,204.990,42.409,72.973
754.401,204.880,45.227,74.582
750.899,204.455,45.625,73.606
752.198,204.720,46.347,72.334
747.987,204.346,47.544,72.804
746.376,204.662,47.869,71.260
743.252,202.887,48.493,71.044
740.592,202.330,48.311,70.142
741.493,200.953,47.971,69.900
737.738,201.311,48.857,71.290
734.526,199.321,47.087,69.764
735.562,195.449,46.541,70.337
732.155,195.566,46.088,72.227
733.143,192.894,44.711,70.780
731.945,192.742,45.892,71.631
730.252,191.189,44.509,72.291
729.183,188.729,44.356,71.793
727.873,187.182,44.234,71.622
729.195,187.463,44.300,70.387
727.213,187.032,42.815,69.726
728.614,189.095,43.623,68.029
726.157,187.596,44.188,68.394
727.157,188.670,44.065,67.479
725.613,186.769,44.113,68.551
724.688,187.053,44.541,68.577
722.711,185.797,44.714,69.175
722.084,184.181,44.731,69.239
721.933,183.098,43.875,68.544
722.372,182.765,43.843,68.819
722.353,182.595,43.636,69.398
722.402,183.824,42.920,69.832
722.291,183.380,42.721,70.121
721.392,181.317,43.187,70.956
721.230,179.855,44.067,74.031
721.074,176.810,44.256,73.054
720.932,175.765,44.574,73.517
718.513,176.597,44.913,72.038
717.656,177.824,46.199,69.372
717.905,180.163,46.302,67.499
716.687,180.070,46.871,67.664
715.381,181.064,48.449,67.547
714.116,183.214,49.072,67.475
712.654,183.584,50.024,68.501
712.521,183.750,50.340,68.674
711.296,184.054,50.184,68.518
708.600,184.728,50.314,68.426
708.832,185.176,50.741,68.435
706.300,185.858,49.970,68.912
707.406,184.352,48.259,67.442
706.062,186.551,48.622,67.566
704.827,185.104,47.296,67.246
704.664,185.301,46.810,67.170
702.716,186.298,46.314,67.101
703.553,185.236,45.902,67.343
701.765,186.090,45.366,66.721
701.543,188.333,47.161,65.466
696.847,187.687,47.135,66.300
696.378,188.167,47.279,66.739
697.010,188.308,47.714,67.684
695.155,188.197,46.298,68.575
693.236,187.675,47.209,69.284
694.788,187.993,44.827,69.079
693.311,188.215,44.286,70.306
694.262,188.222,43.741,68.778
694.529,188.004,43.570,70.323
693.413,185.470,43.616,72.995
693.012,181.643,42.432,74.098
694.064,179.174,41.699,77.514
693.695,177.331,41.122,79.656
693.823,176.363,40.666,80.073
692.626,177.567,41.152,80.918
693.193,178.481,42.077,79.078
692.398,180.298,41.644,77.773
693.826,181.694,42.183,75.151
693.280,183.746,41.269,74.731
691.842,183.444,42.506,73.778
691.816,181.030,41.889,74.575
692.310,181.401,39.529,75.786
692.014,182.546,39.797,73.837
690.448,181.754,40.333,73.134
692.081,185.318,39.777,72.295
690.302,184.341,39.975,68.916
692.341,185.795,40.012,70.377
691.914,185.267,39.282,70.395
690.247,185.752,40.346,72.519
688.697,185.715,42.171,73.064
688.213,187.012,43.351,71.564
687.385,187.508,44.631,69.799
687.197,188.616,44.376,67.895
687.115,189.320,44.591,69.141
685.482,188.813,46.665,69.170
686.899,188.355,46.313,72.044
687.325,187.705,46.224,70.984
686.697,187.896,46.599,70.602
690.641,187.892,44.580,69.628
693.631,188.664,43.765,68.817
694.795,187.663,42.643,69.831
697.538,185.798,42.652,73.427
696.133,183.014,42.328,76.562
698.600,180.226,42.208,77.779
700.870,180.619,42.374,77.717
703.311,180.719,42.339,77.607
703.646,182.314,42.506,76.913
703.527,183.953,42.546,76.433
704.292,184.636,42.604,76.414
703.579,184.882,42.125,74.232
706.300,186.456,41.681,72.491
704.589,188.523,41.688,69.493
705.180,187.522,42.407,71.155
704.211,189.282,41.099,68.897
704.917,189.708,41.369,68.465
703.365,190.698,42.334,67.467
704.162,195.241,44.296,64.566
702.658,192.401,44.516,65.398
703.189,195.136,46.430,64.253
701.793,195.484,47.111,64.555
702.063,196.534,46.673,63.964
703.839,196.573,46.363,64.040
702.295,196.143,45.321,64.385
703.565,198.023,45.865,62.976
702.480,198.378,44.733,64.307
702.632,200.242,45.594,64.069
701.910,201.485,44.424,64.901
701.303,200.615,45.488,65.480
701.390,201.405,45.088,65.425
700.715,203.337,44.203,65.800
699.194,202.951,43.434,66.069
699.477,205.115,43.720,66.271
699.020,203.756,42.674,66.910
697.894,205.697,44.165,69.496
695.194,207.949,44.583,70.130
694.295,210.115,44.452,68.814
693.052,212.220,44.225,69.673
692.420,212.144,43.930,69.493
691.982,215.089,43.698,69.067
690.402,217.883,42.866,69.591
689.359,220.289,43.365,69.253
688.495,220.633,43.697,70.994
689.128,221.909,43.970,71.380
687.859,222.202,43.995,71.210
688.247,224.418,44.417,71.615
687.583,225.371,44.060,71.895
686.482,228.498,44.510,72.793
687.582,229.157,44.849,70.385
687.913,228.385,44.353,71.945
686.779,230.079,44.534,73.538
686.188,232.875,45.873,73.089
686.658,232.798,45.360,71.504
687.255,233.761,45.536,71.513
687.359,233.687,45.351,71.911
687.767,234.229,45.613,71.786
688.263,234.879,45.911,72.554
686.937,234.901,45.260,72.971
687.245,235.428,45.220,72.175
687.629,235.665,45.937,72.078
687.900,235.588,45.951,72.294
687.749,235.989,46.302,72.678
687.590,235.532,45.874,72.424
687.897,235.000,45.382,73.446
686.854,235.872,45.092,73.480
687.194,237.038,44.766,74.504
687.851,238.897,45.449,74.675
688.473,236.538,44.459,74.225
688.631,237.949,45.617,74.704
688.342,236.631,45.442,74.589
689.432,236.004,45.805,74.265
689.293,235.290,46.653,76.936
690.173,233.241,46.076,77.441
690.207,232.823,46.989,79.537
692.082,231.739,45.909,79.649
692.890,231.022,46.091,81.807
694.458,232.804,45.482,80.925
696.152,234.186,45.976,80.589
694.980,232.971,46.361,82.341
697.569,235.322,45.449,79.243
698.676,233.399,46.261,79.754
699.350,231.130,44.955,80.231
702.119,231.821,44.184,80.048
702.001,230.676,45.196,79.516
703.461,229.658,45.323,80.609
706.091,229.115,43.678,80.379
707.380,229.368,44.313,79.999
709.560,228.566,43.712,79.391
707.978,229.047,46.435,79.569
709.918,228.424,45.048,78.375
711.334,229.939,47.573,77.558
713.170,229.873,47.760,75.638
714.507,230.085,49.678,75.977
713.208,230.244,49.518,76.341
714.957,228.643,51.633,77.897
716.742,228.517,52.330,77.686
718.318,227.605,53.112,77.599
720.559,226.141,53.174,77.858
720.762,224.482,53.818,83.432
723.018,223.155,53.424,80.080
725.234,221.494,53.786,82.979
728.449,220.283,54.927,84.572
730.721,218.454,56.510,86.969
730.126,218.681,57.602,87.565
732.408,216.931,58.407,88.636
735.937,216.589,57.371,87.983
738.441,217.010,56.700,87.525
742.719,218.075,55.705,87.485
742.450,219.778,55.608,87.315
744.306,217.736,54.106,86.744
747.609,220.139,53.294,85.694
751.319,220.264,51.649,85.652
754.064,219.871,51.600,86.349
754.731,219.565,51.459,85.103
757.159,219.840,52.240,85.117
760.342,220.612,53.219,85.512
763.090,221.993,53.282,85.030
765.431,222.195,54.559,85.416
765.615,222.976,55.729,84.640
767.891,223.743,56.761,84.890
769.958,224.133,59.482,86.223
774.258,222.643,60.467,86.538
777.420,224.107,60.389,89.416
777.101,221.601,60.674,89.620
779.221,221.724,61.732,93.227
782.737,221.363,62.252,93.382
785.848,222.514,64.006,93.027
787.330,223.361,65.307,92.044
786.598,221.582,64.049,92.848
789.697,224.026,66.651,92.628
791.694,225.511,66.446,93.593
793.769,225.836,65.869,92.654
795.998,226.830,65.979,93.691
795.178,226.453,65.624,93.162
797.005,227.039,65.574,93.409
797.074,228.315,65.837,93.209
797.491,229.295,67.197,93.473
797.609,230.331,68.960,94.386
796.869,230.146,69.143,94.313
798.049,231.868,68.979,94.882
798.059,235.609,69.970,94.932
797.498,235.639,69.492,93.987
798.580,237.766,69.826,92.113
797.686,238.033,70.417,94.097
798.473,240.198,67.837,93.194
799.619,239.860,68.287,94.462
799.335,241.424,69.201,95.272
799.359,240.032,68.577,96.809
800.303,241.722,68.605,96.661
799.873,241.392,67.811,97.090
799.819,243.547,67.285,96.151
798.381,243.015,66.956,97.873
799.168,242.201,67.101,100.100
798.107,245.511,66.280,99.500
795.860,245.215,65.929,98.681
794.366,246.241,66.450,99.668
791.768,246.737,65.951,99.430
793.043,248.071,63.722,98.473
789.629,248.529,62.889,99.949
787.418,247.573,61.686,100.407
785.416,249.006,61.407,99.466
782.249,250.452,61.893,99.610
782.072,248.983,64.579,103.075
778.992,248.538,62.679,102.327
775.706,251.193,64.379,102.129
773.220,251.866,63.867,100.453
770.519,252.529,64.847,102.087
769.918,251.653,63.657,100.976
768.461,254.568,65.993,99.452
763.706,251.428,64.885,100.694
762.558,253.638,67.143,101.391
758.480,254.663,66.167,102.657
759.383,254.201,67.126,99.787
755.939,253.853,67.131,102.538
752.555,253.329,67.758,102.202
749.690,254.105,69.786,103.816
745.380,255.165,69.063,103.877
745.555,255.989,71.273,103.881
742.204,254.911,70.058,105.160
741.466,255.407,71.307,105.593
736.709,255.763,72.705,107.417
734.685,257.465,72.838,109.108
735.870,258.080,74.282,109.849
733.126,258.311,72.348,112.206
730.639,260.736,73.075,112.925
728.662,260.551,73.510,115.594
725.558,263.166,72.817,116.891
726.217,264.232,72.449,117.356
722.871,264.194,72.249,117.794
720.091,266.828,72.958,118.367
716.886,271.395,73.155,116.450
714.107,273.807,75.520,116.079
712.634,272.175,77.214,117.347
711.842,274.996,77.054,116.306
708.100,277.144,79.033,119.440
707.146,278.721,78.682,119.955
705.346,279.561,78.627,120.219
704.317,279.753,79.386,121.551
701.398,283.020,79.197,121.564
698.829,283.510,78.377,121.319
697.166,285.448,78.765,120.595
693.753,287.459,78.890,121.508
693.353,287.697,79.530,121.014
690.431,289.579,79.372,121.177
686.466,292.000,81.122,121.158
683.603,296.290,83.072,119.838
678.973,299.941,84.888,118.976
678.166,299.624,88.338,118.613
673.131,302.208,88.712,119.766
669.525,303.115,91.983,121.482
664.342,304.056,93.723,125.173
661.729,306.477,94.360,127.293
662.387,304.075,93.492,131.931
657.794,307.024,94.134,132.869
655.669,308.709,92.779,132.336
652.708,310.422,93.367,135.021
650.558,317.704,93.606,135.199
649.856,314.093,92.929,136.784
648.504,319.760,94.109,136.781
646.767,319.841,94.469,138.383
645.207,326.326,92.756,137.248
645.615,324.851,91.794,139.414
646.079,325.143,92.231,139.625
644.411,327.939,92.018,139.653
643.550,331.908,91.542,141.001
642.794,333.085,90.499,142.536
643.449,338.930,91.557,144.040
644.094,336.017,91.697,146.511
643.321,339.007,89.865,147.689
645.714,341.641,89.287,148.745
647.009,344.961,90.002,150.775
647.543,347.268,89.638,153.227
648.432,345.033,89.339,153.242
651.277,348.705,90.697,153.834
650.037,352.214,91.353,154.088
649.520,354.754,94.130,151.165
647.235,358.569,95.356,149.464
645.981,359.396,97.674,149.518
643.915,360.797,98.067,149.593
645.803,368.798,99.742,146.528
642.218,371.673,101.907,150.584
641.768,373.157,105.034,153.936
641.483,373.925,105.002,156.445
640.600,374.149,105.607,157.329
638.145,375.890,108.112,158.041
639.027,377.982,109.360,158.753
636.884,381.414,111.328,159.149
638.509,380.904,111.679,160.508
637.444,381.578,113.073,163.742
638.595,382.909,114.265,165.503
639.991,384.769,114.756,164.925
643.371,386.809,113.293,164.629
643.273,385.989,113.682,169.294
644.312,384.935,112.742,169.555
645.371,384.565,110.805,169.074
649.261,389.917,110.660,166.707
652.480,387.430,108.589,168.601
654.063,386.097,106.835,171.444
656.033,388.384,107.930,177.470
656.141,386.691,110.821,178.498
656.392,387.797,113.954,180.321
657.793,391.280,120.815,180.092
652.074,393.468,120.904,176.498
657.556,396.332,128.729,169.799
652.915,395.162,127.264,170.748
656.411,397.602,134.304,167.132
653.743,395.399,131.534,171.805
656.424,398.409,138.717,171.073
652.742,395.400,133.278,175.508
656.777,398.117,141.414,172.169
655.922,394.903,139.629,175.304
656.977,398.997,145.815,174.136
656.268,398.801,145.524,174.781
658.490,402.777,145.450,173.712
659.151,399.265,151.525,178.101
660.590,398.770,151.709,179.583
662.026,398.114,157.714,182.214
660.226,396.517,157.238,185.398
664.258,393.927,155.342,187.594
670.130,389.307,154.994,192.559
677.988,388.636,148.992,195.944
685.907,390.661,149.522,198.249
683.967,391.153,148.441,200.406
690.838,389.083,147.509,198.484
702.016,386.064,143.841,200.949
710.900,387.934,141.808,199.505
719.562,385.396,140.110,196.794
718.600,384.229,138.460,200.858
724.874,380.189,139.972,200.302
734.056,378.784,140.212,199.607
738.518,379.110,144.422,201.638
742.357,376.915,143.746,198.896
743.540,378.742,142.402,197.837
748.076,377.879,145.763,197.219
748.558,377.916,150.713,193.531
752.844,378.913,154.329,193.099
750.476,378.257,158.299,191.934
749.302,381.433,162.012,188.613
751.172,379.119,165.116,188.779
748.541,377.777,170.031,187.947
747.864,379.254,175.648,188.187
746.557,377.040,177.859,190.833
743.822,375.470,177.416,192.002
745.100,373.466,180.648,194.783
742.189,372.669,180.128,196.198
741.798,372.348,184.275,197.414
737.408,374.239,179.009,197.563
738.893,374.333,185.455,196.915
732.355,376.657,178.662,194.814
729.534,378.218,179.994,192.986
721.195,377.696,178.666,193.024
711.449,376.327,182.424,195.993
708.868,378.340,187.709,191.792
697.720,379.784,185.488,189.987
684.190,378.261,186.551,185.898
667.892,379.224,189.395,180.274
649.287,382.211,196.931,176.460
648.897,384.436,203.510,173.378
627.891,389.534,203.586,170.899
615.880,396.451,204.089,162.229
591.213,403.639,210.379,156.505
580.901,403.882,209.409,154.026
577.314,405.152,214.862,154.739
554.585,404.331,211.553,152.534
539.705,403.506,217.889,152.155
512.882,401.785,219.087,150.414
495.828,398.325,220.297,149.872
491.388,395.401,219.259,151.618
475.249,394.296,218.908,152.025
451.679,391.998,219.105,153.448
438.698,389.742,214.449,152.410
422.602,385.694,215.883,154.195
423.757,384.903,214.197,156.295
413.701,382.372,214.650,156.843
406.941,382.891,214.992,153.987
401.683,380.561,216.474,152.204
398.391,376.184,217.115,149.539
397.126,375.033,213.900,152.833
396.954,368.612,213.744,154.001
394.819,362.585,206.657,153.848
389.338,358.485,209.992,153.825
379.764,357.332,211.543,149.402
381.142,357.124,214.136,146.993
377.728,353.614,213.482,144.811
373.965,349.647,214.848,142.484
371.717,346.510,215.798,140.362
366.057,343.330,222.205,137.764
367.199,343.136,222.041,137.314
365.092,339.958,222.621,135.790
366.016,334.468,224.398,136.497
359.891,330.085,225.562,135.677
354.993,324.402,226.291,137.484
353.341,323.132,224.716,137.111
349.888,319.927,224.750,137.751
345.935,315.597,229.652,139.403
342.666,310.335,228.085,141.414
335.308,302.990,228.897,142.159
336.529,299.444,224.832,143.438
333.156,293.230,227.213,144.892
326.945,287.043,227.253,146.309
320.413,281.595,225.480,144.745
318.986,278.911,221.347,141.850
314.820,278.897,220.825,140.419
313.273,275.504,224.500,139.795
308.741,269.845,223.985,137.907
304.973,264.722,225.730,137.168
305.158,258.900,226.437,138.310
301.679,258.877,229.760,135.688
303.679,253.071,228.844,137.723
300.541,246.665,232.885,138.789
301.121,239.416,230.593,141.131
298.767,234.977,230.686,140.838
297.120,236.255,231.857,139.191
298.481,231.956,232.110,139.669
298.792,227.551,231.480,139.363
300.828,225.071,229.778,139.062
302.834,222.833,226.745,140.782
300.696,221.485,228.408,141.309
302.561,220.504,228.318,143.684
306.215,215.449,225.317,146.620
310.102,211.468,222.316,150.890
314.906,206.019,221.335,155.773
317.504,202.439,224.200,160.172
319.543,199.077,217.345,163.297
319.975,195.217,223.032,164.510
327.289,192.974,219.977,163.171
330.421,193.991,221.010,163.987
333.304,191.584,215.238,165.914
335.257,188.783,219.219,165.266
341.434,189.008,217.753,163.212
340.631,188.381,217.954,158.879
343.621,192.313,217.575,155.106
344.600,190.814,217.071,153.288
348.763,192.167,214.711,149.852
351.381,191.460,216.969,145.587
356.487,193.387,219.393,144.473
358.068,189.866,223.742,144.796
359.647,190.160,223.928,143.920
362.642,192.215,223.634,141.020
364.461,191.713,225.481,142.112
368.377,191.103,221.708,141.763
369.651,191.225,217.813,142.372
369.346,189.684,218.491,142.150
372.043,190.150,219.653,143.305
377.683,190.739,218.120,143.378
383.306,188.692,213.544,145.369
383.065,189.200,213.036,146.772
385.404,187.404,209.201,146.375
388.207,189.360,208.641,148.657
389.853,185.714,209.484,150.653
391.765,186.143,211.308,151.505
392.107,183.625,212.754,151.872
390.940,183.258,213.533,153.890
389.899,179.535,211.368,157.518
385.633,178.959,208.570,160.068
380.074,179.921,206.943,157.712
378.907,179.912,211.039,159.262
375.965,179.143,210.170,160.537
375.838,180.994,210.129,161.798
374.425,182.720,211.523,158.646
374.327,185.071,208.891,157.730
373.869,185.642,205.837,156.138
372.036,186.697,205.629,153.545
368.479,188.093,203.632,151.869
364.259,187.900,200.677,152.646
363.349,189.361,196.185,155.450
363.913,188.389,192.159,155.255
358.459,187.004,188.981,156.536
349.062,188.505,188.171,155.646
345.927,188.967,185.473,156.593
340.318,190.567,184.368,157.629
338.901,189.572,178.856,157.062
335.834,189.212,178.891,156.829
333.486,191.496,177.021,155.555
331.531,191.730,175.545,155.953
329.123,193.338,173.642,154.941
332.241,195.055,172.236,152.804
328.496,197.567,174.961,154.353
329.418,196.140,172.666,154.656
325.513,199.526,172.230,153.846
322.744,202.455,170.006,153.312
319.596,203.372,168.763,152.927
319.095,205.686,167.729,154.549
315.583,206.478,166.326,153.085
316.156,208.093,169.995,156.708
313.737,209.099,176.817,159.101
312.291,208.358,180.030,159.612
313.410,207.764,185.700,162.113
310.961,205.558,191.538,166.037
311.441,205.574,191.779,164.730
306.119,208.868,190.916,165.499
309.043,211.154,186.456,162.924
305.398,212.799,187.227,163.459
304.916,216.101,184.079,161.815
302.200,220.706,179.220,158.226
301.670,222.281,176.171,160.710
298.700,220.675,172.047,157.060
295.621,226.124,172.424,157.170
294.749,227.381,178.736,156.068
297.326,228.467,178.927,158.285
294.036,226.147,176.952,161.124
296.080,228.861,173.154,161.346
297.085,229.401,168.618,161.623
301.982,232.602,164.561,166.106
305.738,231.892,160.931,167.376
310.174,231.862,159.492,169.505
311.912,230.234,160.975,169.957
313.917,228.304,162.472,172.539
318.001,228.455,166.140,173.990
321.735,227.381,168.305,174.042
324.240,226.013,173.111,175.427
326.766,225.951,179.417,176.859
328.214,222.110,181.861,177.288
330.298,220.573,179.211,175.719
332.420,220.259,173.941,173.230
334.965,217.060,169.927,169.373
336.040,219.626,167.748,166.423
338.925,220.052,167.212,163.791
343.008,219.214,166.357,159.749
346.692,217.918,166.751,158.329
351.032,216.888,168.636,157.470
352.121,216.036,170.366,159.384
352.519,216.532,169.537,162.427
358.456,213.804,165.574,159.601
358.526,216.665,165.667,163.521
364.283,213.853,159.438,163.692
365.911,212.368,157.983,165.463
370.130,210.939,153.806,164.213
372.508,211.633,152.040,167.232
377.590,211.521,148.856,166.329
379.872,210.697,149.417,167.950
381.234,209.626,149.139,167.187
383.335,208.342,147.619,169.152
386.374,208.256,144.030,168.725
388.577,205.828,144.309,169.639
390.292,205.347,144.789,169.269
389.727,203.951,145.232,170.097
391.454,202.210,144.175,170.185
393.104,197.256,145.638,171.219
395.187,198.281,145.437,169.125
397.100,196.174,144.701,169.105
396.807,196.706,144.419,168.793
397.528,194.663,144.949,167.834
399.515,192.418,147.173,166.840
400.984,189.387,150.885,165.353
404.594,193.042,153.928,159.224
401.819,193.977,159.092,156.528
405.887,195.012,160.200,153.541
406.310,194.837,160.619,151.804
406.596,193.359,159.620,150.924
406.985,192.094,159.256,150.561
409.658,193.385,159.299,148.307
411.702,192.649,156.108,148.534
413.599,191.582,154.513,150.064
412.384,189.852,156.089,152.183
415.876,188.856,157.625,152.972
418.362,185.124,158.139,154.247
418.554,187.546,160.525,154.752
422.742,187.362,157.891,155.521
423.897,186.647,156.776,156.764
426.102,189.074,151.388,156.900
428.965,187.629,141.694,158.559
431.392,186.329,139.121,157.914
433.794,187.427,139.037,158.087
438.129,184.189,137.423,160.391
440.749,182.070,139.394,161.730
441.429,180.064,142.873,163.771
443.399,179.382,143.857,162.297
447.729,180.414,142.801,161.201
450.920,178.218,141.346,158.837
454.565,175.317,140.003,158.524
453.493,175.257,142.370,158.813
459.760,177.169,141.479,156.561
463.608,176.981,144.095,152.987
465.530,177.430,147.209,150.943
469.126,177.931,149.250,147.592
470.478,177.316,154.610,149.097
470.662,175.953,156.785,146.338
473.989,179.290,162.742,144.777
478.194,180.531,165.340,141.752
481.523,181.579,166.325,140.926
483.189,179.885,167.168,139.726
483.987,178.153,167.236,140.260
488.071,180.845,164.369,138.390
494.265,180.080,159.456,139.822
501.839,175.417,156.352,142.417
502.787,177.294,157.004,145.573
506.373,175.161,149.899,143.595
510.386,177.003,148.999,145.216
516.570,173.533,146.931,146.620
523.312,174.032,148.103,147.771
527.562,171.166,147.769,150.464
529.457,170.571,149.766,151.236
531.684,169.946,148.116,150.215
535.020,171.806,146.217,149.139
538.644,170.610,147.298,151.602
539.607,168.161,147.636,150.632
543.025,169.504,149.598,151.543
548.534,168.562,148.511,149.882
552.816,168.938,150.210,148.220
556.241,169.187,150.593,147.116
558.790,168.939,148.720,146.664
562.045,169.260,148.366,146.227
567.411,170.055,145.131,145.165
571.398,167.937,142.431,145.228
576.914,169.056,141.108,146.012
576.991,165.108,141.546,147.705
580.417,171.135,138.864,145.676
584.751,168.326,132.828,148.056
589.441,167.850,130.321,147.157
593.163,165.995,130.866,148.068
595.928,167.022,132.551,148.502
597.633,163.566,133.147,147.772
602.037,165.519,133.291,149.024
604.469,162.171,132.208,148.872
610.828,165.671,130.763,148.489
612.641,158.316,132.333,151.817
613.349,160.690,132.514,151.051
615.421,160.897,132.124,152.647
618.787,159.982,133.050,152.365
622.169,158.269,135.071,154.193
623.778,157.658,136.923,153.099
623.103,155.430,140.890,153.208
625.382,154.595,145.592,153.027
626.588,152.367,147.572,150.881
627.872,150.043,149.292,150.718
628.498,152.529,150.066,150.031
630.459,148.537,150.605,150.523
632.443,148.874,151.597,148.825
634.325,145.188,152.136,149.668
637.439,143.979,151.144,149.054
638.326,143.426,151.398,148.907
638.731,143.345,150.279,147.642
641.605,141.834,147.915,148.258
644.148,139.511,145.168,146.582
646.693,138.654,144.271,146.216
647.006,137.275,141.657,145.900
649.507,138.665,139.946,144.902
653.196,136.592,135.818,143.801
657.947,135.124,133.529,143.318
662.254,133.318,133.045,142.634
664.045,132.778,132.542,142.072
665.986,134.776,133.289,141.580
672.769,129.912,131.816,143.320
675.041,129.792,133.129,142.791
680.677,127.284,132.683,143.125
681.751,126.208,132.981,144.723
683.442,125.957,133.568,143.883
687.835,126.492,133.200,143.043
691.133,125.864,134.119,143.428
693.036,126.080,135.984,146.281
694.871,122.459,134.126,147.127
696.506,123.365,135.193,146.896
697.733,123.294,136.351,144.820
699.894,124.636,137.845,143.197
702.164,125.329,136.805,142.124
703.194,126.246,137.851,141.855
704.331,124.974,138.962,141.401
706.778,125.183,140.855,141.166
710.437,124.553,141.640,141.479
714.504,124.284,140.659,139.508
715.197,123.072,140.165,137.751
717.538,124.487,140.507,137.671
722.248,126.020,140.806,137.295
726.672,124.374,141.486,136.898
731.581,124.144,142.299,136.722
732.261,121.155,144.547,137.274
735.214,123.194,143.688,135.870
739.580,126.034,142.276,135.757
743.257,126.569,141.731,135.746
749.027,128.460,138.475,136.386
752.119,126.775,136.239,136.136
754.938,129.922,135.170,137.890
760.797,130.064,129.946,138.645
766.404,131.149,128.206,138.814
770.822,130.651,125.826,138.232
772.600,130.870,126.634,138.609
774.487,131.107,126.288,137.255
778.136,131.413,125.506,137.384
780.205,131.718,126.470,137.314
782.130,132.735,127.101,136.589
783.580,132.011,127.864,136.935
784.279,132.053,128.341,138.117
788.417,131.166,126.023,136.238
790.389,131.449,128.194,136.001
790.921,133.235,128.620,132.654
792.572,133.994,128.510,131.930
798.044,134.132,126.657,129.387
800.433,133.701,127.089,127.967
804.270,133.377,126.977,126.194
805.273,133.747,127.805,126.211
807.618,133.655,127.138,126.535
809.659,132.723,128.384,126.665
813.459,131.729,129.637,127.723
817.064,130.829,128.723,128.010
818.858,129.679,128.636,128.192
820.725,128.137,127.412,129.005
826.110,128.677,124.487,128.475
830.872,129.386,122.292,127.512
837.422,128.488,118.877,126.212
838.480,128.151,119.372,127.232
843.183,128.854,118.031,126.439
851.062,128.329,116.008,127.527
856.560,127.103,117.453,128.497
862.158,124.961,116.243,128.684
863.412,126.810,116.125,128.260
867.064,126.355,113.134,128.038
872.192,127.304,111.731,127.020
878.319,127.169,110.711,126.312
882.853,126.647,108.956,126.362
884.795,125.121,106.776,127.564
888.877,126.788,106.296,126.585
894.017,125.345,105.115,125.857
897.731,123.915,105.480,124.900
901.848,124.519,106.064,125.315
904.024,122.948,105.613,124.435
906.095,122.790,106.648,124.210
911.145,122.573,106.096,122.966
913.612,123.256,106.792,122.318
918.001,119.253,107.154,121.723
917.513,120.864,110.498,121.151
918.796,117.960,109.270,121.737
922.224,115.931,111.664,121.200
922.310,114.877,114.902,119.820
924.721,112.962,116.384,119.763
924.557,112.875,119.114,119.306
928.694,111.222,117.963,120.505
933.548,108.279,118.000,118.654
936.040,107.885,118.422,118.215
943.652,106.008,114.923,118.448
943.975,105.927,115.713,118.879
949.020,104.767,113.728,119.676
956.244,102.402,112.495,121.244
962.177,101.036,111.785,121.419
968.041,100.149,111.245,121.430
972.090,99.436,110.863,122.285
976.684,101.048,107.515,120.215
982.243,100.449,107.131,120.335
990.464,97.309,105.867,121.260
997.131,96.284,103.380,120.584
1001.025,97.028,101.515,120.944
1004.514,93.584,101.054,122.325
1014.956,93.278,100.133,124.387
1022.910,93.228,94.994,122.214
1031.304,93.393,92.958,121.262
1033.311,93.365,92.250,120.887
1038.918,93.096,91.071,123.827
1048.735,88.648,89.100,122.919
1057.122,89.279,87.953,123.636
1064.117,87.628,87.320,124.015
1066.082,85.229,89.005,124.786
1072.036,87.721,88.143,124.480
1079.678,84.226,87.292,121.859
1084.932,85.491,87.251,119.445
1089.940,82.365,88.597,119.658
1088.105,83.150,91.784,121.346
1093.890,82.910,89.768,119.107
1099.357,81.182,91.434,118.687
1103.616,79.181,92.808,117.860
1107.524,78.723,94.224,119.085
1108.184,78.276,94.569,119.717
1110.188,79.153,93.306,116.850
1114.709,78.948,93.833,115.772
1118.170,78.801,95.032,112.928
1121.711,79.489,94.854,115.309
1122.611,77.976,92.918,114.606
1124.322,77.743,93.583,115.057
1126.219,74.095,94.477,115.278
1128.029,73.023,95.958,115.316
1128.788,70.196,96.219,116.221
1128.858,71.422,96.939,118.350
1128.529,66.980,96.635,118.272
1130.077,66.082,96.514,118.712
1131.100,65.807,95.108,117.135
1132.047,63.881,94.736,117.368
1133.503,64.339,93.804,116.123
1132.896,66.961,94.032,115.558
1131.508,67.503,94.675,113.494
1130.291,68.521,94.610,113.349
1129.282,68.148,94.760,112.593
1129.139,67.974,95.613,113.021
1128.022,67.616,96.712,113.697
1126.925,68.374,98.155,113.568
1126.308,68.329,98.692,115.180
1126.597,67.319,99.045,115.433
1127.320,68.403,98.965,114.356
1128.612,69.253,97.165,113.946
1128.802,68.302,96.914,114.602
1128.764,69.629,96.229,117.362
1129.760,70.595,94.571,117.169
1131.192,69.840,92.394,117.414
1132.586,72.279,89.738,115.901
1135.337,72.478,86.115,115.045
1135.612,74.987,83.208,115.721
1135.519,73.884,80.457,115.000
1135.150,74.149,80.251,115.258
1135.112,75.315,79.441,115.467
1134.955,75.682,78.047,113.550
1132.550,78.551,76.618,113.136
1128.882,79.274,77.534,113.592
1128.011,76.033,78.488,112.871
1126.102,78.531,79.091,113.616
1121.976,80.074,78.183,110.590
1118.762,81.775,78.195,110.834
1114.370,79.990,78.870,110.544
1111.816,79.680,80.163,110.474
1109.401,80.004,79.848,109.849
1106.955,79.174,79.345,110.558
1099.700,80.342,79.430,109.924
1093.292,81.347,79.890,107.214
1093.689,79.893,81.220,110.579
1090.583,79.701,81.013,111.423
1081.845,78.639,80.951,110.213
1075.839,81.564,81.162,109.868
1068.297,80.085,81.229,109.322
1069.889,81.893,81.209,110.023
1061.371,79.920,81.365,109.997
1052.988,80.275,80.701,110.556
1043.290,81.407,77.811,109.188
1038.182,79.799,76.655,107.677
1040.870,82.067,77.347,109.317
1031.134,83.064,73.553,102.966
1024.175,83.245,70.833,103.866
1018.018,81.980,69.321,105.102
1008.995,85.826,69.249,103.599
1009.357,86.212,70.257,103.297
1000.929,86.467,68.650,102.655
991.305,86.825,69.777,102.042
981.530,87.852,70.320,101.490
974.329,90.078,69.635,99.206
974.302,89.400,70.824,98.445
967.141,88.491,71.021,99.341
959.553,86.020,69.543,97.539
951.896,87.233,69.554,96.575
943.639,86.719,68.807,96.692
945.234,85.534,66.912,95.260
939.064,86.192,66.859,96.007
932.128,86.402,65.879,96.206
926.911,85.092,65.443,96.505
919.860,86.318,64.773,94.884
922.107,85.747,65.632,93.776
914.497,86.681,64.653,92.364
910.617,82.922,62.725,95.369
903.707,83.035,62.477,94.659
896.610,84.106,60.881,94.711
899.665,83.898,61.295,93.242
893.343,83.738,60.709,95.272
886.000,82.071,60.245,94.816
880.994,82.214,57.886,93.181
876.419,81.210,57.725,92.375
878.095,80.152,56.284,92.062
872.112,80.881,54.986,91.724
865.446,78.874,54.391,90.663
859.968,78.150,54.669,91.328
853.294,78.365,53.137,90.019
853.070,77.349,52.718,91.219
848.268,76.304,53.514,90.982
840.258,76.168,54.676,90.492
832.350,76.211,54.946,90.986
826.230,75.568,53.996,91.213
827.190,77.324,52.705,89.817
822.382,74.042,52.568,88.904
815.798,75.109,52.850,89.840
808.989,71.489,52.130,90.295
804.260,71.716,51.839,89.687
805.309,73.151,51.564,88.532
800.411,68.922,50.709,90.578
795.149,67.620,49.745,90.409
791.273,67.618,50.137,90.341
786.488,67.743,50.694,90.019
787.081,70.700,50.138,88.601
781.387,69.220,51.507,88.559
775.882,68.556,51.935,88.094
773.732,64.626,51.651,89.080
771.267,60.961,52.154,94.655
772.476,61.681,52.711,97.051
769.467,58.041,50.868,97.616
768.547,58.082,49.347,98.278
768.347,57.424,48.021,93.682
766.224,57.118,46.520,94.089
767.133,60.102,45.922,92.810
763.105,58.274,45.474,90.874
759.713,58.121,45.743,90.244
754.563,58.380,47.048,88.843
749.890,57.747,47.651,89.525
751.679,57.017,46.627,88.703
746.477,56.807,47.709,86.028
741.021,57.358,49.013,89.773
735.921,52.131,48.578,88.579
731.748,48.669,47.623,94.044
735.263,48.412,47.584,96.796
728.309,48.682,47.533,94.321
725.567,44.872,45.304,94.477
722.384,36.326,45.791,101.904
718.843,28.564,45.605,110.028
719.970,20.934,44.868,120.055
715.218,19.397,46.833,120.116
710.633,19.387,47.524,118.659
706.678,18.751,47.723,118.895
703.189,18.015,48.172,118.755
703.176,15.908,49.150,119.103
699.631,15.634,48.248,120.747
695.001,16.464,49.736,117.470
691.250,14.660,50.159,119.523
688.198,14.939,47.245,118.481
689.172,13.604,50.170,119.203
684.812,14.663,46.478,115.989
681.624,13.351,47.953,119.285
678.544,14.755,46.572,116.183
674.540,13.322,46.668,117.184
674.319,15.222,46.568,117.083
670.526,14.090,45.906,115.288
666.792,14.180,46.714,115.188
662.803,14.804,47.589,115.238
659.267,14.995,48.237,113.189
658.566,14.541,47.954,115.305
655.613,14.582,48.014,111.895
652.253,14.403,47.314,114.192
650.167,14.262,48.328,110.625
647.300,14.479,44.707,110.406
648.543,14.099,45.392,113.835
646.350,13.057,45.021,108.131
643.745,13.815,43.655,109.984
641.562,14.228,44.255,111.669
640.787,13.571,42.474,111.138
640.079,13.617,42.658,113.075
638.802,14.424,43.043,110.497
636.265,13.790,41.027,110.218
634.167,16.053,42.062,112.081
631.135,16.153,42.319,109.401
630.268,15.794,44.998,111.972
628.188,16.884,43.013,109.313
625.866,15.918,45.179,110.840
623.063,17.822,45.313,108.618
623.070,16.529,45.872,109.474
620.986,18.976,46.217,107.999
619.393,17.927,47.062,107.768
615.849,18.510,47.477,106.016
614.972,18.259,48.195,107.216
614.449,18.608,48.261,107.190
612.917,17.932,47.520,106.279
610.137,19.277,47.697,105.927
608.472,18.742,46.250,106.051
605.649,18.641,46.327,106.345
605.083,19.221,45.518,105.714
603.159,17.266,46.322,107.727
600.330,19.273,45.668,105.599
597.901,19.016,45.489,108.462
594.827,19.469,45.214,106.130
595.425,19.158,44.745,109.640
593.579,19.718,44.716,108.158
592.024,18.967,44.591,109.004
588.899,20.178,42.553,106.767
587.411,19.583,43.523,108.254
585.970,18.917,43.739,107.157
584.865,20.009,42.603,107.274
583.462,19.431,42.754,107.138
579.820,19.144,43.174,106.678
577.971,21.806,43.198,105.650
578.313,21.400,43.906,105.357
576.279,20.575,43.684,104.472
573.971,21.290,43.932,103.523
572.060,20.446,43.344,103.453
570.164,19.276,43.913,105.602
569.905,19.123,43.935,106.794
568.545,19.378,43.032,104.764
566.719,19.336,43.441,106.055
565.027,19.735,43.055,105.105
563.617,19.861,42.765,105.982
563.633,20.146,43.470,105.623
560.628,19.887,44.350,104.647
560.148,20.479,43.618,105.102
558.524,21.818,42.306,104.494
556.695,21.715,42.415,106.498
557.043,22.410,41.377,104.378
554.740,22.741,42.437,105.661
552.951,23.867,42.702,101.862
552.299,23.564,42.524,104.601
550.172,25.784,43.075,102.444
551.842,24.196,42.425,102.241
549.711,25.118,41.814,104.477
549.725,26.031,40.995,103.856
549.181,26.740,40.637,103.338
548.920,27.650,41.099,103.494
548.812,27.506,40.868,103.447
549.218,28.645,40.159,103.616
550.110,30.589,39.390,102.691
550.987,31.710,39.370,102.245
551.058,33.145,39.431,101.669
551.135,33.790,39.260,102.475
551.571,34.968,39.163,100.915
552.006,35.724,39.000,103.375
552.863,38.033,39.362,100.428
553.741,39.353,39.945,100.612
553.380,40.360,40.140,99.343
554.599,41.893,39.551,99.664
555.769,44.427,40.236,99.375
557.813,45.429,39.957,98.515
559.661,48.038,39.993,98.170
560.095,48.893,40.170,98.209
561.757,50.595,40.486,97.231
563.862,52.815,40.567,97.119
565.438,55.217,41.088,97.976
567.907,56.726,41.575,97.605
567.325,59.154,41.824,97.312
569.510,59.478,41.141,97.377
571.864,61.313,41.599,97.502
574.602,63.185,40.297,97.419
576.022,64.665,40.064,96.788
576.843,64.992,39.554,95.652
578.849,65.159,39.729,95.417
580.221,65.101,39.159,96.801
583.922,64.178,38.749,95.374
585.535,62.985,39.043,94.832
585.345,62.436,38.961,94.184
