692.000,367.000,36.000,21.000
689.540,364.805,36.230,21.876
688.300,365.171,37.512,22.904
686.640,364.825,37.410,23.034
686.018,364.578,37.476,23.624
683.140,364.862,37.243,24.425
682.631,365.587,37.512,25.277
680.885,365.497,37.426,25.714
679.660,365.229,37.993,26.417
679.384,365.179,37.279,27.085
677.699,365.577,37.171,27.238
676.621,366.066,37.097,27.776
676.041,365.733,36.692,28.890
674.454,365.936,37.040,29.336
673.064,365.856,37.923,30.217
671.402,365.412,38.970,30.953
670.371,365.047,38.537,32.774
668.725,365.119,39.343,33.219
667.369,364.607,39.708,34.277
665.328,364.860,40.706,36.013
663.358,365.678,41.474,35.606
662.192,365.997,41.233,36.554
661.381,365.950,41.336,36.964
661.229,366.026,41.238,37.781
660.205,366.385,40.233,38.183
659.157,367.445,39.932,38.521
657.773,368.676,39.837,37.771
655.813,370.084,39.484,37.402
655.321,370.400,40.513,37.255
654.877,371.912,39.103,37.262
652.647,372.932,39.866,37.159
651.452,373.757,40.402,36.795
650.694,374.692,40.557,36.089
649.385,375.717,41.098,36.051
648.263,377.129,40.651,35.761
647.258,377.848,41.338,36.063
646.282,379.685,41.915,35.606
645.547,380.841,42.017,35.418
645.256,382.917,42.329,34.153
643.918,384.279,44.189,32.510
642.749,385.539,44.304,31.807
641.547,386.363,43.828,32.047
640.955,387.852,43.041,30.966
640.670,388.263,40.954,30.298
640.318,388.987,40.878,30.241
640.708,389.712,41.263,30.054
640.501,390.811,40.168,30.150
640.025,390.949,39.161,30.442
639.956,391.809,38.810,30.516
640.122,392.995,39.211,30.186
639.085,394.086,38.820,29.745
639.589,394.007,38.720,29.996
638.890,393.974,38.104,29.720
639.650,393.839,38.034,30.999
639.230,394.659,39.365,31.205
639.158,395.849,38.419,31.225
638.054,396.581,37.814,31.301
638.512,397.405,38.242,30.957
639.101,399.083,37.457,30.773
638.736,399.776,38.140,30.624
640.417,400.672,37.257,30.475
640.523,401.528,37.393,30.320
641.254,402.113,37.766,30.944
641.512,404.060,38.346,29.452
642.695,404.931,38.457,28.828
642.696,405.394,37.364,29.150
643.663,405.638,37.683,29.531
644.003,405.631,37.119,30.080
644.898,407.242,37.797,30.583
646.022,408.066,36.462,30.670
646.197,409.528,36.404,30.924
646.852,409.940,37.204,30.292
647.472,410.879,37.537,29.740
648.312,412.178,36.852,29.605
649.356,412.226,37.258,29.757
649.005,412.531,36.632,30.434
649.405,413.732,36.661,30.701
650.139,414.334,36.356,30.917
649.990,414.259,35.739,31.359
649.711,415.921,35.711,31.875
649.462,415.052,37.041,32.156
649.308,415.670,35.471,32.226
648.743,415.814,35.714,32.123
648.627,416.727,36.727,32.034
648.637,417.824,35.396,31.760
647.896,418.402,36.030,32.189
647.305,419.482,35.721,32.384
647.323,421.015,35.103,32.012
646.550,420.813,35.479,32.467
646.103,420.728,35.203,33.387
645.948,421.462,35.117,33.772
644.789,421.736,35.096,33.890
644.110,422.037,35.043,34.392
643.722,422.251,35.154,34.952
642.310,422.125,35.102,35.294
641.340,423.529,35.612,35.418
640.637,423.786,36.964,35.593
639.841,425.281,36.530,35.949
638.504,425.831,36.242,35.518
638.357,426.359,35.232,35.894
636.183,426.722,35.951,35.890
635.482,427.339,35.948,35.677
634.816,427.400,35.435,36.474
632.968,426.872,35.116,37.017
631.860,426.844,35.359,37.483
630.423,427.300,34.995,37.426
629.549,427.920,35.218,37.531
628.455,428.518,33.658,36.865
627.743,428.931,34.943,37.837
626.723,430.602,34.738,37.664
625.240,430.956,34.387,36.726
624.237,431.874,34.386,36.845
623.060,432.717,34.307,36.716
622.456,433.681,33.024,35.513
621.438,434.907,33.751,35.176
619.154,435.887,33.656,34.623
618.556,437.362,33.347,34.229
617.511,438.160,32.720,33.634
616.675,438.898,33.363,33.241
615.765,440.424,32.672,32.301
613.356,440.915,32.096,31.485
614.571,442.665,32.308,31.579
612.440,443.309,31.382,30.940
610.492,442.984,31.713,30.771
610.431,444.894,31.779,31.372
608.714,444.965,31.149,30.784
607.776,445.963,31.166,31.095
607.027,445.974,31.519,31.002
606.070,446.890,32.936,31.064
604.062,447.808,32.251,30.750
602.552,447.954,33.205,30.973
600.627,447.954,33.380,31.841
598.798,447.767,34.270,32.394
598.126,448.401,33.903,33.121
596.632,448.544,33.332,33.531
596.550,449.599,33.474,34.483
595.714,449.479,33.276,35.136
595.375,449.156,33.218,36.479
593.641,449.653,33.404,36.309
592.859,450.424,32.558,36.522
591.149,451.317,32.172,36.458
590.923,451.928,32.236,36.016
589.858,452.884,31.746,34.796
587.911,453.582,31.533,33.800
587.974,454.652,32.139,33.451
586.336,455.692,31.866,32.799
585.092,456.320,31.655,31.588
584.561,457.059,30.255,31.430
583.732,457.583,31.451,32.358
582.969,458.385,30.519,31.634
582.465,458.935,30.549,32.089
580.842,459.665,30.805,32.256
580.053,460.190,30.824,32.526
578.665,460.863,29.714,31.801
577.815,461.357,29.687,32.093
576.995,461.924,29.923,33.258
575.393,462.033,30.562,33.543
574.763,462.248,30.029,33.620
574.515,462.811,30.138,34.323
572.849,463.254,30.129,33.966
572.106,464.228,29.943,33.212
570.207,465.229,29.918,33.207
569.869,465.609,29.124,33.378
568.554,466.412,29.305,33.552
567.824,465.808,28.797,33.617
566.991,467.782,29.019,33.384
566.163,468.890,28.753,32.483
565.862,469.426,28.213,32.979
565.035,469.744,28.109,32.566
564.161,469.892,28.084,32.997
563.131,470.286,27.912,32.910
562.518,471.014,27.649,33.365
561.328,471.037,27.755,33.493
560.411,471.153,28.139,33.867
559.258,472.110,28.531,34.259
557.298,471.945,29.955,34.941
555.862,472.525,30.895,35.021
555.709,472.871,31.393,35.983
555.082,473.677,30.605,35.883
554.981,473.284,30.276,35.930
554.762,473.972,29.927,37.441
555.110,474.542,29.615,37.481
554.261,474.460,29.065,38.364
554.046,474.919,28.544,38.967
553.467,475.209,28.166,39.186
553.247,475.592,27.601,39.580
553.423,476.176,26.556,39.337
552.701,476.769,26.866,37.204
552.654,477.735,26.817,35.304
552.127,477.937,26.518,34.104
552.177,478.111,25.949,33.667
551.182,479.050,25.534,32.863
551.200,480.416,26.089,32.873
550.184,480.198,25.597,32.619
550.024,480.663,25.713,33.056
549.060,479.979,25.975,33.883
548.231,480.614,25.514,33.924
548.335,480.124,25.975,34.225
547.712,479.967,25.980,34.980
547.246,480.331,26.208,35.205
546.204,480.138,26.339,36.494
545.939,480.915,26.146,35.829
546.024,481.086,25.320,35.873
544.629,480.516,25.589,36.065
544.835,481.979,25.103,34.679
543.460,482.357,25.557,34.769
543.464,482.316,25.300,35.457
542.938,481.873,25.494,35.766
542.446,482.685,25.695,35.680
541.776,483.254,25.340,36.086
542.006,484.031,25.219,35.547
540.589,484.421,25.106,35.711
540.614,483.947,25.248,35.709
540.340,484.669,25.357,35.835
539.634,484.275,25.157,36.135
538.476,485.014,25.612,36.001
537.214,486.452,26.235,35.142
535.514,486.776,26.940,35.254
534.387,485.753,27.881,36.072
534.143,485.695,28.776,38.530
533.754,485.728,28.489,38.585
533.358,484.959,28.370,40.039
533.214,484.806,28.046,41.733
532.753,485.349,27.946,41.834
532.827,485.848,27.325,41.655
532.244,486.761,27.163,43.118
532.393,486.597,27.117,43.690
530.758,485.653,26.924,44.929
530.980,485.696,27.904,46.724
530.889,485.498,27.291,48.696
530.131,486.473,26.558,50.625
530.668,486.615,26.646,53.918
528.697,487.128,25.605,55.372
529.487,487.168,25.202,56.506
528.441,487.639,24.672,57.679
528.057,488.731,24.970,58.829
527.334,489.294,24.856,59.874
527.544,489.215,25.325,61.694
527.023,488.436,25.279,63.244
525.970,488.492,25.020,65.549
526.241,489.407,25.243,66.540
525.281,489.735,25.357,68.425
524.844,489.265,25.216,70.348
523.958,489.294,26.555,71.442
524.097,488.566,26.351,72.066
522.250,490.414,26.414,71.945
522.492,489.585,27.225,72.051
521.147,487.692,26.570,70.269
521.217,484.625,28.514,64.810
519.589,485.036,28.268,55.502
518.821,488.446,28.879,50.834
517.587,490.385,28.123,46.082
516.237,492.168,28.602,43.839
515.441,494.345,29.025,40.926
514.719,494.969,28.970,40.574
514.226,495.497,29.379,40.022
514.071,496.779,30.247,39.368
512.855,497.215,29.951,39.069
513.476,497.279,30.181,38.919
513.105,497.902,29.447,39.095
512.793,498.854,29.082,39.555
512.506,499.193,29.097,40.680
512.962,498.964,28.631,40.930
512.485,498.852,29.075,42.607
513.285,498.895,28.136,43.251
512.794,498.665,27.837,43.216
512.251,499.354,27.266,42.966
512.793,499.494,27.460,43.870
511.787,501.180,26.470,43.782
512.335,502.326,26.163,44.386
511.326,503.005,26.258,44.590
511.272,502.915,26.264,45.597
511.278,503.089,26.176,46.979
510.989,505.407,25.652,48.037
510.750,504.752,25.320,50.413
511.182,504.509,25.206,52.451
510.249,505.792,24.676,53.184
510.905,505.521,24.271,55.806
510.242,504.832,24.279,58.762
510.418,505.922,23.965,59.604
510.769,506.494,24.222,60.573
509.527,505.768,24.663,63.154
509.923,505.485,24.181,63.591
508.890,505.034,24.813,64.792
508.419,504.285,24.722,65.753
508.107,502.051,25.328,64.658
507.224,500.562,25.257,58.718
507.281,499.415,25.088,52.037
506.221,503.177,25.765,45.119
506.659,504.263,25.428,41.938
505.887,506.017,25.199,40.384
505.113,507.392,24.907,39.782
505.412,507.330,24.582,39.113
504.928,507.479,24.418,38.551
504.065,507.743,24.672,38.157
503.670,509.224,24.751,37.484
503.170,509.790,24.698,37.304
502.593,510.090,24.993,37.407
501.353,509.868,25.572,37.986
500.849,510.256,26.591,37.895
500.321,510.636,26.506,38.443
500.091,510.417,26.817,38.431
500.140,511.380,26.714,40.352
499.950,511.024,25.919,40.049
499.922,510.969,26.439,41.560
499.573,510.923,25.996,41.542
499.999,510.603,25.703,42.435
499.084,511.515,25.302,42.597
499.022,512.350,25.860,43.610
498.575,513.450,25.756,43.689
499.189,513.228,25.144,43.949
499.011,513.630,24.485,43.520
498.665,513.782,24.293,42.236
498.180,514.513,24.453,40.044
498.892,513.514,24.063,39.165
497.986,515.441,24.078,38.713
497.587,514.977,24.191,38.625
496.380,516.937,24.067,38.127
497.378,516.892,23.771,37.914
496.896,517.684,23.188,36.874
496.238,518.805,23.401,35.977
496.752,519.508,23.224,35.391
495.529,518.730,22.833,35.183
495.638,518.842,22.729,35.913
495.516,519.235,22.986,36.155
494.667,520.551,22.461,35.797
495.212,520.849,22.040,35.730
493.854,520.176,22.352,35.078
493.957,520.461,22.124,35.527
494.322,520.864,21.695,35.958
493.273,520.679,22.077,35.467
492.195,522.309,22.517,35.102
492.523,522.411,22.734,35.319
491.479,521.902,23.051,35.081
491.517,523.355,23.102,35.362
491.521,522.571,22.969,35.125
490.837,524.943,23.216,34.740
490.121,525.624,23.257,34.863
489.742,525.134,24.244,35.082
488.648,525.594,24.516,35.104
487.927,526.708,25.018,35.431
486.779,526.378,25.467,35.646
487.071,526.840,25.559,36.642
487.205,526.465,25.219,36.642
487.155,527.246,25.101,37.046
486.758,526.106,25.142,37.577
487.957,524.728,25.646,40.190
486.088,525.458,25.222,39.713
486.871,525.147,25.097,39.024
486.695,527.630,24.635,37.785
486.475,527.124,24.275,36.777
487.158,527.568,23.994,37.094
486.334,530.935,24.358,38.112
485.825,529.125,24.600,36.990
484.785,531.382,24.605,37.397
485.014,531.519,24.478,36.694
484.802,533.130,23.822,36.537
484.005,532.240,23.985,35.831
484.066,533.037,23.679,35.828
483.748,533.131,23.460,35.715
482.963,534.617,23.566,35.267
482.885,534.552,23.274,35.812
482.148,535.099,23.066,35.673
482.412,535.319,22.571,35.273
481.555,537.154,21.996,34.097
481.097,536.547,22.118,34.494
480.375,537.208,22.352,33.661
480.501,538.192,22.820,33.621
479.812,537.936,22.978,33.904
480.078,539.554,22.767,33.965
479.699,539.316,22.545,34.118
479.088,539.828,23.018,34.333
478.750,541.055,23.375,34.051
477.814,540.736,24.043,33.652
477.888,541.896,23.882,33.276
478.452,541.389,24.017,33.978
478.667,541.516,24.340,34.035
478.350,542.666,24.521,33.833
478.337,543.199,25.025,34.274
478.117,542.476,25.396,35.931
478.831,543.827,25.903,36.309
480.829,542.875,26.131,36.984
481.572,542.104,26.199,37.405
482.596,543.100,26.293,38.179
484.710,543.637,26.774,38.351
486.640,543.503,26.850,38.722
487.654,542.919,26.671,40.280
489.543,541.978,26.761,41.536
491.683,542.318,26.498,42.252
493.598,540.805,26.058,43.311
497.400,541.901,25.506,44.008
499.092,540.978,25.570,43.552
502.110,541.389,25.515,40.813
504.440,541.186,25.753,40.400
507.728,540.910,25.349,40.126
512.262,541.762,24.922,40.365
514.538,539.611,24.966,39.037
517.421,541.210,24.383,39.241
520.937,540.998,23.793,39.446
523.217,540.485,23.586,38.168
527.734,541.225,22.744,38.144
530.282,540.077,23.114,37.591
533.317,539.677,22.382,37.556
536.579,539.873,22.452,37.472
538.475,539.091,22.092,38.326
542.511,539.178,21.752,38.257
544.597,539.037,22.155,37.688
546.759,539.272,22.200,37.876
548.641,538.958,21.777,37.284
551.926,539.441,20.949,37.559
554.559,539.294,21.041,37.850
556.785,539.594,21.146,37.978
558.491,539.411,20.978,38.095
559.422,539.398,20.801,38.105
560.293,539.719,21.420,38.328
561.130,539.753,21.641,38.646
561.627,541.520,22.407,38.469
561.825,540.745,22.582,38.044
561.774,541.977,22.955,38.971
561.756,541.476,23.617,38.530
561.437,541.890,23.675,38.985
560.941,542.934,23.829,40.024
561.055,542.945,24.062,41.203
560.615,543.057,24.329,41.135
559.866,543.626,24.171,41.968
561.224,544.084,24.214,43.291
561.220,544.292,24.024,44.597
560.662,543.829,23.682,45.006
560.940,544.013,23.508,44.958
561.362,544.297,23.485,45.027
561.066,544.250,23.630,46.527
560.528,544.509,23.374,47.249
560.305,544.277,23.160,47.226
561.435,545.498,23.017,45.984
560.980,546.116,23.093,44.915
561.170,545.848,22.724,44.343
561.092,545.765,22.071,44.086
559.958,547.307,21.925,42.817
561.031,549.073,21.724,42.446
559.990,551.233,21.597,41.510
560.427,551.280,21.066,41.522
560.197,551.206,20.938,42.305
560.125,551.769,20.807,41.716
560.097,553.425,20.496,41.671
560.009,553.897,20.341,40.964
559.555,554.749,20.181,41.852
558.725,555.720,20.085,40.581
559.019,556.520,19.990,40.452
559.153,557.936,20.245,39.419
559.319,558.439,19.915,38.969
559.006,558.059,19.425,39.589
558.341,558.726,19.672,39.027
558.254,559.544,19.338,39.634
558.223,559.729,19.667,39.844
557.709,560.302,19.954,39.502
556.379,561.774,20.089,39.229
556.502,562.305,20.506,39.862
555.919,562.602,20.834,39.384
555.007,563.690,21.023,38.442
553.981,564.739,20.972,38.441
552.933,565.476,21.630,38.492
551.917,566.002,21.981,38.631
551.936,566.958,22.609,40.590
552.036,566.504,22.613,41.030
552.148,567.443,22.426,41.831
551.167,567.780,22.247,42.001
551.110,568.973,22.546,43.343
551.757,569.271,22.287,44.121
551.664,570.294,21.820,43.887
551.346,570.223,21.733,43.484
550.731,572.088,21.559,42.236
550.900,572.370,21.389,40.919
549.580,574.262,21.287,40.257
550.184,575.186,21.178,40.485
549.385,575.633,21.296,39.926
549.533,576.569,20.977,40.563
548.625,577.649,20.646,40.837
548.778,578.156,20.561,40.238
547.566,580.475,20.776,40.913
547.914,580.169,20.373,40.392
546.950,582.399,20.818,40.871
546.417,582.634,20.718,40.403
546.865,583.122,20.644,40.557
545.565,583.509,20.140,41.036
545.441,583.950,20.211,41.126
545.827,586.589,20.020,42.323
544.887,586.751,19.740,41.252
544.654,587.807,19.409,41.196
543.975,589.071,19.775,41.429
544.043,588.955,19.624,41.194
543.448,591.126,19.417,42.250
542.281,591.420,19.481,41.168
542.955,593.417,19.388,41.426
542.557,594.611,19.609,41.535
541.601,595.021,19.700,40.902
541.497,597.629,19.774,42.416
540.591,597.115,20.210,41.702
539.790,598.599,19.896,44.400
539.302,599.496,20.432,43.614
538.959,599.947,20.255,43.977
538.240,602.105,20.739,44.732
537.081,602.859,21.149,44.629
536.474,604.260,21.243,45.290
535.780,606.619,21.707,45.515
535.347,606.764,22.382,47.153
535.322,607.114,22.185,48.242
534.706,609.262,21.415,47.321
535.010,610.872,21.603,46.395
534.270,612.408,20.594,45.318
534.374,614.426,20.672,43.965
533.666,616.194,20.376,43.710
532.728,617.451,20.568,42.397
532.890,620.943,21.097,41.965
532.318,621.975,20.573,42.383
532.143,623.054,20.500,42.668
531.252,624.666,20.539,42.931
531.143,625.685,20.378,43.476
529.991,626.275,20.436,44.015
530.086,627.745,20.556,44.119
529.609,629.088,20.555,43.635
529.030,631.487,20.505,43.483
527.714,632.691,21.052,43.379
528.204,634.172,21.005,43.678
527.170,635.679,20.989,43.086
527.325,636.761,21.093,42.960
526.789,640.552,20.924,43.132
525.782,641.537,20.674,43.721
525.421,643.085,20.213,43.630
525.551,645.203,19.809,43.136
524.501,647.670,20.121,42.797
524.267,649.404,19.790,43.238
523.368,649.479,19.652,44.421
523.072,651.559,19.745,44.350
522.199,653.338,19.987,44.068
521.677,654.486,20.570,43.731
520.134,656.436,20.745,44.350
519.762,657.986,21.108,44.166
519.259,659.436,20.639,44.638
518.549,661.493,21.019,44.913
518.166,662.926,21.051,44.617
517.332,664.454,21.313,45.098
516.235,666.784,21.423,45.481
515.086,668.355,22.122,44.767
514.374,670.424,21.952,44.012
514.029,672.955,22.349,42.738
513.694,673.914,22.060,43.346
512.849,675.248,22.219,42.287
511.975,677.117,22.031,42.180
511.710,678.227,22.156,41.471
511.275,680.083,21.966,40.874
510.012,682.575,21.936,39.713
509.229,683.863,21.851,37.433
508.768,685.635,21.453,35.659
508.816,687.651,21.024,34.770
507.128,689.605,21.094,32.975
507.742,691.607,20.865,30.747
505.489,693.896,21.227,28.536
506.023,695.513,20.818,27.037
504.588,697.137,21.336,25.348
504.757,698.585,21.370,23.661
503.627,702.671,21.401,21.724
504.073,703.378,20.884,20.447
501.879,706.170,20.813,19.293
501.023,708.881,20.256,18.280
501.505,709.559,22.220,16.620
500.114,710.174,22.815,15.683
500.005,709.772,22.311,14.371
496.899,711.051,22.946,13.426
499.345,710.688,23.126,12.492
497.827,711.563,23.007,11.680
497.390,711.741,22.847,10.954
497.315,711.189,21.699,9.783
497.448,710.726,21.080,10.431
496.999,709.107,20.094,10.991
497.396,708.861,19.544,11.685
496.595,708.450,19.232,11.804
496.620,708.480,19.173,11.946
497.560,708.927,19.331,11.493
498.438,707.070,19.371,11.570
499.041,705.105,19.038,12.145
499.165,704.868,17.057,17.278
500.225,698.739,18.508,18.083
502.020,698.064,18.831,17.942
504.184,699.801,18.764,22.152
506.073,694.420,19.255,20.181
508.554,687.205,19.717,20.047
508.853,682.187,18.910,19.867
510.391,677.381,19.481,19.896
511.122,671.929,19.105,19.954
512.707,668.096,18.671,19.284
513.959,662.631,18.723,19.369
515.108,658.815,18.711,19.539
515.929,654.854,18.496,19.562
516.978,652.347,17.660,20.357
517.451,650.028,17.395,19.742
519.223,646.763,17.490,19.702
519.733,645.242,16.829,19.820
520.043,644.276,16.715,19.785
520.761,643.334,16.872,19.877
520.935,643.518,17.125,20.614
521.924,642.250,17.942,22.301
522.984,640.908,17.882,25.185
522.700,640.056,17.974,27.386
523.429,638.866,18.219,30.168
523.133,637.249,18.294,31.549
522.812,637.213,18.402,34.073
523.179,636.695,18.636,36.364
523.118,635.906,19.540,41.053
523.222,633.925,19.246,46.102
523.145,634.367,20.472,45.343
522.414,635.040,19.648,46.707
522.276,636.747,19.781,47.362
522.557,638.298,19.680,47.809
521.754,639.815,20.136,46.915
521.567,640.209,20.256,47.889
521.138,641.090,20.611,47.718
521.161,642.610,20.652,47.874
520.805,643.662,20.741,48.896
520.370,644.987,20.664,48.288
520.370,646.558,21.164,49.192
519.820,647.307,21.261,49.106
519.643,648.872,21.367,49.077
520.152,649.554,21.253,49.826
519.682,649.292,20.863,48.865
520.193,651.422,20.375,50.117
519.674,652.483,20.629,48.084
519.638,653.925,20.974,48.042
520.204,653.744,21.069,49.970
519.319,653.171,21.266,49.120
519.984,653.887,21.055,49.743
520.114,654.799,21.318,49.666
520.021,654.525,21.451,49.274
520.383,654.708,21.227,49.745
521.048,655.128,21.282,49.670
520.506,653.440,21.190,49.846
521.166,654.204,21.094,50.624
521.181,652.683,20.856,50.846
521.524,652.649,21.249,50.195
521.743,651.044,21.117,50.357
521.867,648.988,20.906,49.933
521.139,645.639,21.093,49.349
520.555,643.827,20.899,50.342
521.266,642.243,20.937,48.671
520.797,638.996,21.510,48.947
520.663,634.454,21.262,48.595
520.863,630.311,20.933,48.421
520.130,625.935,20.793,47.631
519.750,623.673,20.697,48.549
519.208,619.611,20.444,48.644
519.489,619.143,21.079,49.035
518.979,613.906,20.849,48.149
518.964,613.118,20.622,48.311
519.078,611.571,20.552,47.825
519.367,609.342,20.462,49.243
519.295,607.134,20.618,48.000
520.031,604.202,20.783,47.557
519.910,600.365,21.040,47.055
519.982,597.263,21.255,47.484
520.336,595.309,21.166,45.958
521.014,593.861,21.246,46.012
520.831,590.882,20.947,46.048
521.422,590.356,21.077,47.075
521.872,587.516,21.101,46.797
522.022,585.444,21.719,46.632
522.235,582.446,21.440,46.960
522.001,578.949,21.107,47.852
522.620,577.353,21.125,47.381
522.998,574.091,20.464,47.691
522.505,571.447,19.948,47.596
522.313,570.025,20.950,47.338
521.677,565.715,20.588,47.385
521.220,564.359,20.807,48.018
521.432,564.044,21.039,46.770
520.791,560.072,20.570,45.808
519.753,559.136,19.993,46.921
519.264,555.830,21.014,46.691
519.233,554.006,20.268,46.394
519.034,552.998,20.380,46.134
518.491,550.860,20.721,45.273
518.324,548.758,20.927,46.636
518.336,546.627,21.350,45.258
518.137,544.905,21.385,44.931
518.097,542.551,20.986,45.112
518.251,541.992,21.549,44.724
518.778,539.490,21.543,43.645
519.348,537.266,21.299,43.653
518.433,535.068,20.818,44.299
518.921,534.007,20.776,44.807
518.447,530.837,19.755,43.444
518.705,530.790,19.574,44.554
518.332,528.450,19.759,43.476
518.357,527.440,19.744,44.758
517.732,526.125,19.480,45.680
517.558,524.165,19.336,45.442
516.966,522.083,19.218,44.971
517.433,520.703,19.096,45.360
516.104,519.479,19.210,43.874
516.740,517.884,19.335,44.904
515.564,515.598,18.581,43.947
515.504,516.069,18.870,44.274
514.248,514.652,19.671,43.969
514.190,513.528,19.862,43.499
514.040,512.209,19.784,43.472
512.824,511.481,19.761,42.511
512.414,511.264,19.502,42.487
511.321,509.578,19.467,42.897
511.581,508.749,19.311,43.584
510.007,507.484,19.307,42.747
510.635,507.369,19.654,43.101
509.403,505.346,18.774,42.317
508.993,504.840,18.574,43.341
509.379,503.987,18.855,42.863
507.596,502.994,18.816,41.888
507.509,502.382,18.965,43.174
506.981,500.896,19.026,42.926
506.137,499.785,19.628,42.565
505.869,499.167,19.609,43.456
505.292,499.042,20.177,42.132
504.655,496.336,19.396,42.511
504.693,496.457,19.601,43.772
504.596,494.873,19.476,43.463
504.047,493.556,19.401,43.809
504.368,493.432,19.481,44.438
503.719,492.141,19.195,43.661
503.417,490.752,19.096,42.928
503.008,489.604,19.740,43.063
502.612,487.897,19.043,42.806
502.427,488.096,19.440,43.211
501.183,486.655,19.565,41.615
502.074,486.819,19.257,42.111
501.984,485.548,19.386,42.222
501.170,483.916,19.191,41.654
501.652,482.993,19.325,41.683
500.143,481.204,18.796,40.154
501.174,481.413,18.643,41.245
499.419,479.978,19.232,41.019
499.683,480.134,19.838,41.128
499.101,477.785,19.849,39.763
498.576,477.029,19.598,41.001
498.073,476.335,20.008,41.257
497.661,474.734,20.346,40.729
497.456,473.070,19.987,41.059
497.610,472.880,19.511,42.030
496.781,471.310,19.708,41.827
496.560,470.997,19.747,42.033
496.053,469.668,19.764,42.186
496.302,469.052,19.036,43.364
495.273,467.849,19.628,42.374
495.418,467.115,19.338,43.428
494.024,466.420,19.799,42.394
493.644,465.551,20.029,43.679
493.005,464.104,20.622,43.574
492.151,464.001,21.226,43.424
492.164,463.477,21.296,44.300
491.684,462.579,21.467,43.253
491.505,461.260,21.315,43.136
491.685,462.120,21.296,42.687
491.999,461.665,21.111,43.535
492.159,460.890,20.911,42.831
492.411,461.039,20.425,42.843
492.095,459.624,20.001,42.606
492.880,458.858,19.694,41.869
493.432,458.629,19.851,41.021
493.365,457.485,19.607,40.386
493.287,457.482,19.081,39.970
492.326,457.084,19.101,39.907
492.595,455.823,19.029,40.301
492.700,454.258,19.208,40.791
492.594,454.604,18.958,40.144
492.372,452.574,19.078,39.939
492.141,452.019,18.839,40.710
492.171,451.415,18.958,40.640
492.242,451.211,18.733,40.668
491.035,449.594,18.191,40.136
491.773,449.143,18.710,41.464
491.359,447.756,19.190,40.620
490.601,447.371,19.357,40.085
490.343,447.814,19.344,40.743
489.972,446.515,19.512,40.166
490.433,446.518,19.405,40.673
489.657,445.186,19.577,39.821
489.842,444.613,20.154,40.587
489.701,443.671,19.898,40.865
489.035,442.022,19.821,41.132
489.069,441.252,19.603,42.802
488.607,439.793,19.578,41.467
488.149,441.192,20.008,40.937
488.017,440.647,20.522,41.420
487.044,440.176,20.856,40.934
486.752,439.565,21.235,41.092
486.523,439.038,21.513,41.242
486.195,438.016,21.766,40.888
486.020,437.475,21.874,42.260
485.654,436.285,21.636,42.486
485.839,436.310,21.204,42.472
485.876,435.844,21.685,42.935
485.905,434.402,21.303,43.205
485.486,433.771,20.918,43.889
485.981,432.715,21.015,44.661
485.931,431.849,20.899,42.987
486.386,432.928,20.908,41.981
486.289,431.793,19.799,41.466
486.706,432.146,19.905,41.192
485.924,430.129,19.158,40.197
487.024,431.162,18.704,41.809
487.051,430.134,19.039,40.294
486.777,429.133,18.492,38.822
486.473,429.369,18.244,38.784
486.154,428.385,18.435,38.608
485.515,427.751,18.634,38.589
485.449,427.213,18.787,39.300
485.366,427.370,18.770,38.581
485.113,426.375,18.763,38.233
485.510,426.360,18.403,38.753
484.632,424.901,18.385,37.433
485.079,425.247,18.549,37.980
485.509,424.546,18.746,38.041
484.163,423.109,18.353,37.839
484.838,422.818,18.377,38.899
485.052,422.367,18.408,38.932
484.355,421.654,18.146,39.029
483.565,420.376,18.450,40.740
482.670,419.446,19.009,41.262
482.406,419.019,19.924,41.585
482.353,418.213,19.893,41.517
481.692,417.893,19.915,41.086
480.609,417.926,20.152,40.549
480.321,418.062,20.811,40.152
480.842,418.204,20.852,40.579
480.030,416.779,21.281,40.319
479.888,416.350,20.777,40.909
479.653,416.539,20.755,41.197
480.243,417.055,20.860,40.877
479.672,416.330,21.250,41.346
479.764,415.096,21.111,42.945
479.364,414.118,21.352,44.059
479.229,414.006,21.076,44.385
479.534,413.106,20.613,43.773
480.137,411.836,20.157,42.152
479.943,412.100,19.874,39.532
479.041,412.071,19.682,39.712
479.746,411.050,19.453,39.773
479.686,411.303,18.825,38.778
479.972,410.214,18.856,39.393
479.913,410.775,18.085,39.086
479.517,409.824,18.183,38.057
479.631,410.282,18.141,38.958
479.550,409.017,18.589,38.159
479.079,409.231,18.205,39.128
478.456,409.000,18.673,39.442
478.556,408.294,18.799,39.741
478.501,407.755,18.955,38.984
478.277,408.218,18.687,39.797
477.846,407.238,18.634,38.786
478.653,407.216,18.433,40.441
478.045,405.822,18.191,39.345
478.645,405.577,18.030,40.480
477.801,405.691,18.067,39.804
477.919,405.295,18.424,40.653
477.368,405.089,18.014,40.672
476.479,405.294,18.357,40.449
476.436,405.330,19.474,39.939
475.654,405.816,19.082,39.922
475.300,404.619,19.675,40.002
475.542,405.779,20.418,40.657
474.638,404.403,20.580,39.874
474.414,405.179,20.887,41.847
473.649,403.997,20.812,41.614
474.126,403.839,20.913,42.412
473.466,404.061,20.920,41.600
473.343,403.567,20.897,42.568
473.784,403.724,20.787,42.432
473.196,403.782,20.627,42.049
474.046,403.650,20.292,41.586
474.335,403.662,19.910,40.181
474.699,402.930,19.471,39.420
474.320,403.082,19.280,39.093
475.035,403.580,18.983,38.913
474.467,402.018,18.367,38.203
474.417,403.214,18.969,38.220
473.676,401.906,19.119,38.025
473.720,403.029,18.695,38.390
474.080,402.699,18.633,38.195
474.089,402.174,18.387,38.431
474.043,401.135,18.167,39.048
472.942,400.626,18.224,38.239
473.608,401.535,18.252,39.011
473.212,400.503,18.590,38.511
473.023,400.824,18.419,38.170
473.091,400.942,18.214,38.503
471.904,400.807,18.183,37.892
472.305,400.474,18.690,39.072
471.562,399.282,18.992,38.115
471.775,399.380,19.472,39.907
471.683,398.275,18.985,39.915
471.676,397.119,18.938,40.790
471.382,397.478,19.172,40.785
471.027,398.190,19.273,40.302
471.161,397.715,19.058,39.736
470.652,397.942,19.040,40.866
470.278,397.267,19.765,39.561
469.857,397.673,19.495,40.538
469.604,397.347,20.270,40.042
468.724,398.224,20.019,39.223
468.860,397.921,20.137,39.251
468.451,397.555,20.301,39.164
468.468,396.720,20.389,39.586
468.861,397.139,20.418,40.153
468.429,397.021,20.480,39.798
468.557,396.895,20.768,40.489
468.197,395.946,20.388,40.089
468.996,396.577,19.930,40.519
469.380,396.667,19.642,39.320
469.274,396.036,19.653,38.563
469.459,396.109,19.548,38.749
469.094,395.899,19.347,37.208
469.797,395.760,19.471,39.295
469.260,394.587,19.099,37.213
470.013,395.311,18.910,38.577
469.374,394.163,18.410,36.702
469.576,394.893,18.713,37.841
469.008,394.930,18.411,36.915
469.496,394.408,18.718,38.333
468.475,394.082,18.276,37.268
469.260,394.167,18.900,38.231
467.984,393.376,18.209,37.161
468.646,393.491,17.878,38.739
469.062,393.282,17.965,38.369
468.189,393.529,17.966,37.278
468.253,393.340,17.979,38.046
468.035,392.883,18.244,37.989
468.185,392.553,18.349,38.932
468.131,392.199,18.230,38.156
467.627,391.206,18.135,39.718
467.217,390.824,18.816,40.699
466.049,390.069,19.107,39.716
465.681,390.746,20.030,40.796
465.258,390.406,20.095,39.952
465.506,391.049,20.555,40.439
464.895,390.833,21.210,39.557
464.195,390.455,21.213,40.748
464.078,390.643,21.064,40.570
464.227,389.887,21.603,41.658
463.602,389.783,22.073,41.027
464.316,389.556,22.191,41.412
463.498,389.745,21.880,41.608
463.553,389.351,22.041,42.011
463.818,388.812,22.169,42.689
464.125,388.674,21.879,42.737
464.153,388.807,21.969,42.280
464.343,388.569,20.798,41.203
464.757,388.982,20.848,40.501
464.750,388.880,20.404,38.322
464.835,389.305,20.916,38.417
463.959,388.609,20.394,38.156
465.218,388.906,20.493,37.714
464.999,388.387,19.913,37.075
464.892,388.694,19.933,37.321
465.087,389.170,19.536,37.431
465.227,388.669,19.042,36.930
465.525,389.593,18.861,36.901
464.903,387.988,18.906,36.531
465.228,388.279,18.614,37.823
464.985,387.670,19.172,37.622
465.577,388.255,18.659,38.025
464.804,387.080,18.765,36.540
465.161,387.111,18.089,38.188
464.269,386.374,18.296,37.958
464.531,385.956,18.886,38.556
465.175,386.018,18.705,38.374
465.478,385.818,18.225,38.307
465.408,385.250,18.342,37.994
464.932,384.493,18.244,38.168
464.890,384.183,18.195,39.688
464.392,384.021,18.588,39.053
463.848,383.664,18.409,39.145
464.266,383.499,18.699,39.290
463.014,383.449,18.654,38.728
463.368,383.795,19.612,39.306
462.904,383.658,19.266,38.344
462.537,383.595,19.577,38.143
462.181,383.842,19.904,38.152
461.789,383.493,20.084,38.468
461.937,383.199,20.058,39.415
462.712,383.193,20.391,40.116
462.562,382.930,19.913,39.648
462.753,382.555,19.901,39.346
462.675,381.454,19.566,39.030
462.895,381.993,19.531,39.655
463.233,382.164,19.541,39.145
462.718,382.035,18.936,38.221
462.943,382.785,19.382,38.263
462.776,382.884,19.913,36.484
462.733,382.415,19.031,36.360
462.950,382.332,18.597,37.222
463.609,381.384,18.681,37.880
463.146,380.728,18.257,36.119
463.034,380.699,17.805,37.021
462.972,381.401,18.231,37.125
463.137,380.647,17.987,36.804
462.393,380.719,17.748,36.374
462.820,380.697,18.056,37.778
463.012,380.312,18.547,37.388
462.855,380.239,18.179,37.145
462.516,379.010,17.821,36.800
462.295,379.141,17.780,37.610
462.025,378.982,17.591,37.031
462.175,379.230,17.807,37.877
462.307,377.750,17.899,37.055
462.120,378.759,17.219,37.524
461.335,378.262,17.529,36.864
461.522,378.583,18.810,37.267
461.309,378.244,18.526,37.144
461.059,377.781,19.313,37.457
461.541,377.361,19.130,37.659
460.996,377.614,19.542,37.907
460.400,376.888,19.581,37.322
460.421,376.440,19.385,37.458
459.917,376.860,19.496,37.680
460.126,376.876,20.621,38.106
459.710,375.439,20.594,37.643
459.900,376.115,20.517,39.233
459.996,375.429,20.088,38.469
460.301,375.592,20.130,38.665
461.047,376.438,20.293,38.224
460.690,375.168,20.210,37.026
460.033,374.196,19.754,36.593
460.497,374.446,19.446,36.684
460.559,374.689,19.390,36.874
460.238,374.984,19.332,36.197
461.083,374.705,19.485,37.930
460.093,373.282,19.492,36.467
460.594,373.681,19.121,37.880
459.758,374.087,19.224,37.298
459.603,373.206,19.097,37.585
459.607,373.579,19.262,38.299
459.479,372.852,19.068,38.129
459.267,373.160,19.528,38.175
459.416,372.184,18.896,39.615
458.624,371.907,19.366,38.791
458.552,371.989,19.412,39.986
458.600,371.180,19.433,38.520
458.182,371.317,19.122,39.268
458.641,372.081,19.318,38.896
458.264,371.153,19.357,37.608
458.806,371.411,18.938,39.225
457.893,370.727,19.175,38.325
458.015,370.928,19.064,38.820
457.746,370.755,18.971,38.443
457.397,370.292,19.220,38.244
456.637,370.540,19.557,38.268
456.789,370.786,19.396,37.805
456.487,371.066,19.306,37.382
456.099,370.084,19.179,37.493
456.802,369.802,19.533,38.108
455.655,370.746,19.669,36.999
456.099,371.118,20.220,36.678
455.971,370.775,20.005,36.378
455.700,370.090,19.652,37.653
455.635,369.330,19.915,38.677
455.091,368.352,19.663,38.484
455.824,369.078,19.674,39.559
455.475,368.674,19.926,37.371
455.799,369.175,19.610,38.173
455.493,368.421,19.215,37.761
454.887,368.422,18.634,37.484
455.418,369.081,18.910,37.790
455.219,367.956,18.739,36.760
454.419,367.772,18.570,37.255
454.710,368.269,19.054,37.671
454.928,367.709,18.606,37.382
455.283,368.639,18.595,38.217
454.025,367.968,17.852,36.365
454.713,368.202,18.669,37.326
454.648,367.661,18.118,36.347
454.965,367.866,17.995,36.876
454.906,367.564,18.242,36.870
454.627,367.224,18.215,36.278
454.132,367.444,18.551,36.742
454.323,367.554,18.628,37.512
453.256,367.002,18.387,36.972
453.483,367.027,19.052,38.543
453.270,367.248,18.982,36.893
452.869,366.703,19.098,37.360
452.929,367.118,18.749,37.523
452.975,366.849,18.980,37.659
452.268,366.798,18.650,37.172
451.671,366.139,18.723,37.658
451.311,367.704,19.515,37.939
450.734,366.394,19.821,37.518
449.688,366.781,19.796,38.481
449.537,366.677,20.411,38.286
449.471,366.886,19.956,38.071
449.815,367.350,19.989,39.090
448.801,366.338,19.650,38.300
449.587,366.179,20.256,39.276
448.767,367.123,20.141,37.863
449.582,366.682,20.148,38.413
449.467,365.975,20.236,37.429
449.648,366.717,20.034,37.082
448.807,367.197,20.071,35.966
449.548,367.003,20.040,36.740
449.580,366.029,19.993,35.607
449.483,366.623,19.508,35.081
449.558,367.190,18.883,35.815
449.484,367.313,19.057,36.048
449.492,367.187,19.355,35.954
449.490,366.850,19.125,35.141
449.670,366.769,18.746,35.331
449.707,366.721,18.306,35.378
449.566,366.864,18.004,35.807
449.402,366.511,18.499,36.737
449.084,366.679,18.190,36.384
448.661,366.012,18.301,36.896
448.806,366.084,18.457,38.170
449.087,365.511,18.967,38.036
448.585,365.675,18.710,38.499
448.038,365.994,19.121,38.276
447.985,366.106,18.979,38.719
447.770,365.326,19.023,37.820
447.375,366.323,19.136,38.032
446.979,366.127,19.465,37.152
447.424,366.247,18.984,37.903
447.075,365.587,19.133,36.800
447.361,366.693,18.827,38.039
446.627,366.076,18.841,37.283
446.912,366.164,18.680,38.313
446.622,365.881,19.299,37.641
445.800,366.598,19.036,36.642
445.710,366.964,19.031,37.190
446.224,366.742,19.333,37.210
446.712,366.903,18.629,37.363
446.451,365.677,18.285,36.427
446.770,366.055,18.385,37.967
446.485,365.868,18.421,36.528
446.446,366.192,18.360,37.056
446.588,366.329,18.842,37.368
446.195,366.330,18.738,37.154
445.645,366.336,18.861,36.551
445.845,366.662,18.908,38.186
445.493,366.377,19.379,37.789
444.873,365.476,19.183,36.808
445.803,366.367,18.777,38.319
445.541,365.879,18.641,37.463
445.127,365.590,18.405,37.816
444.697,365.588,18.626,38.465
445.209,365.408,18.648,37.754
444.677,365.487,18.313,37.988
445.188,366.537,17.713,38.589
444.768,365.678,18.451,36.833
445.189,367.013,17.909,38.044
443.845,365.698,18.065,37.522
444.594,367.755,19.263,38.495
444.017,365.382,18.950,37.477
444.231,366.035,18.416,39.367
443.121,366.642,18.726,38.752
443.292,365.916,18.732,39.303
442.832,366.157,18.731,39.629
443.089,366.242,18.684,39.029
443.152,367.068,18.553,39.170
441.598,366.629,19.359,37.482
441.488,367.690,19.498,39.111
441.491,366.392,19.719,38.390
441.270,367.618,19.200,39.294
441.746,367.204,19.539,38.433
441.010,368.103,19.435,38.240
441.321,368.025,19.660,38.184
441.059,368.869,19.574,37.426
440.967,368.260,19.319,38.573
440.707,368.194,19.689,38.769
440.866,367.581,19.982,38.666
440.836,368.461,19.332,38.563
440.543,369.291,19.657,37.651
439.871,369.973,19.964,37.217
440.209,369.942,19.963,37.781
440.379,370.151,20.261,37.422
440.201,369.733,19.617,36.681
440.272,369.326,19.301,38.073
440.423,369.836,19.404,38.545
439.252,370.091,19.385,37.034
440.444,370.231,19.417,39.353
439.235,370.115,19.339,37.518
440.220,370.454,19.503,39.570
439.380,369.155,18.917,37.914
438.980,370.959,19.371,37.812
439.002,371.472,19.419,38.430
438.989,371.242,19.067,37.363
438.910,371.872,18.490,38.963
438.729,371.338,18.934,37.600
438.344,372.633,18.744,39.060
437.509,372.205,18.943,39.171
437.541,372.349,18.989,40.624
436.930,371.097,19.121,39.729
436.892,371.759,19.176,40.375
436.364,372.253,19.182,40.201
435.777,372.781,19.962,38.398
435.537,374.132,20.211,39.243
435.070,374.524,20.534,38.620
434.518,374.775,20.773,38.439
434.890,374.765,21.174,38.537
433.416,375.223,21.651,38.959
433.436,375.494,22.434,39.603
433.551,375.432,22.723,39.580
433.634,375.745,23.087,39.976
433.710,376.389,23.823,41.178
433.431,377.012,24.170,41.061
433.674,376.975,23.511,41.057
433.767,377.560,22.978,38.722
434.421,378.305,22.229,37.776
434.349,378.515,21.411,36.544
434.427,379.203,21.262,37.993
434.196,378.944,20.933,37.371
434.084,378.751,20.806,37.695
433.781,379.128,20.184,37.697
434.153,379.775,19.604,37.256
434.486,379.948,19.221,36.719
434.238,380.260,18.995,36.434
434.891,380.795,18.965,36.847
434.001,380.249,18.593,36.428
434.435,380.302,19.132,37.670
433.602,380.731,19.063,37.278
433.666,381.245,19.248,38.002
433.125,380.587,18.982,37.811
433.123,381.009,19.249,38.726
433.173,381.566,19.744,39.482
432.829,380.615,19.201,38.510
432.746,380.897,18.444,40.102
432.780,381.520,18.034,40.255
431.990,382.286,18.772,39.192
431.360,382.201,19.307,40.403
430.178,382.437,19.888,39.090
430.617,382.959,19.473,40.164
430.028,383.650,19.485,39.435
429.712,383.767,20.243,39.256
429.188,384.044,20.218,39.116
429.639,385.002,20.316,39.951
428.500,384.946,20.225,39.420
429.075,385.683,19.956,40.191
428.939,386.016,20.069,39.865
428.619,386.146,20.427,40.069
429.204,386.732,20.125,40.129
430.049,386.345,19.663,39.249
430.262,387.206,18.330,38.257
430.015,387.482,18.661,39.022
430.706,387.194,18.668,39.465
429.702,388.225,18.166,36.903
430.173,389.039,18.414,39.277
429.202,388.092,18.326,37.792
429.419,389.714,18.894,38.272
429.277,389.500,18.195,36.120
429.266,389.707,18.226,37.541
428.679,389.740,18.067,36.962
428.939,390.695,17.971,37.712
428.763,391.015,18.348,37.373
427.817,390.057,17.525,37.040
428.030,391.238,17.630,38.725
426.939,390.321,18.739,36.920
427.310,391.352,18.236,38.887
426.506,391.472,18.299,37.543
426.528,392.219,18.300,38.635
425.979,391.749,19.196,38.035
426.051,392.991,18.653,37.678
426.197,393.029,18.672,38.689
424.659,394.068,18.817,37.941
424.702,393.892,19.493,39.752
423.811,394.496,19.402,38.003
423.856,395.221,19.520,38.375
423.473,395.357,19.835,38.965
422.717,395.711,19.878,38.444
422.583,396.023,19.822,38.297
421.481,397.383,20.523,38.057
422.265,397.654,20.441,38.753
421.931,398.277,20.395,39.054
421.995,397.872,20.627,39.659
421.526,398.199,20.144,39.993
421.957,398.907,19.802,40.228
422.245,398.289,19.546,39.313
422.551,399.471,19.003,39.858
422.115,399.505,19.183,38.461
422.634,400.037,18.657,39.105
421.968,401.326,18.803,37.661
421.844,400.795,19.159,39.287
421.425,400.143,18.757,36.950
421.205,401.462,18.826,38.706
421.604,401.627,18.443,37.901
421.062,402.268,18.414,37.483
421.423,402.432,18.433,38.166
420.461,402.535,19.344,38.573
419.536,401.659,19.305,38.517
419.774,402.229,18.922,39.445
419.567,402.688,19.393,39.362
418.392,402.921,18.974,39.687
418.721,403.137,19.380,40.359
418.760,403.152,19.398,40.494
418.727,404.328,19.709,40.421
417.982,405.269,20.352,39.852
417.310,404.907,20.382,40.404
417.711,405.090,20.221,41.004
416.891,406.026,20.179,40.613
416.492,406.544,20.420,40.569
416.379,407.164,20.289,41.619
415.439,406.657,20.335,40.712
415.558,407.673,19.722,41.088
414.498,408.700,19.889,40.855
414.758,409.266,20.647,40.416
413.500,409.538,20.225,40.805
414.479,409.790,20.637,41.134
414.013,409.852,20.959,42.422
413.404,410.729,21.143,42.204
413.832,410.946,20.939,42.858
413.666,411.120,20.335,41.811
413.746,412.106,19.992,41.105
414.158,412.999,20.013,39.550
414.289,413.718,19.645,38.942
414.193,414.115,19.188,38.679
414.433,415.054,18.891,39.238
413.308,413.739,18.696,38.323
413.646,414.710,19.028,38.931
413.963,415.202,19.363,38.806
413.577,414.144,18.666,37.186
413.397,415.610,18.545,38.135
