807.000,242.000,38.000,99.000
805.978,240.696,39.111,100.508
806.460,242.123,38.784,100.873
806.640,241.430,39.284,101.270
806.965,241.823,39.120,100.329
807.529,241.630,39.794,100.233
807.101,242.412,40.918,101.196
807.772,243.141,41.094,100.895
808.055,243.584,40.677,100.699
807.321,243.815,41.527,100.523
807.893,242.702,41.414,101.164
807.086,243.714,42.062,101.594
808.195,242.703,42.207,101.280
807.550,242.234,43.847,101.464
808.276,241.533,44.160,101.083
809.173,242.559,44.443,101.910
808.863,241.175,43.394,101.645
809.864,241.046,43.548,103.767
809.129,240.851,44.750,104.187
809.411,239.629,44.477,104.577
810.039,240.310,44.654,106.346
809.187,236.944,44.505,106.257
809.313,238.346,45.539,108.563
809.008,235.428,46.168,108.567
809.527,235.645,46.802,110.676
808.321,233.410,47.899,111.553
809.929,231.718,46.919,112.932
809.275,232.480,46.472,114.129
809.487,230.226,45.467,115.538
810.267,229.734,43.605,116.295
808.836,227.542,43.545,118.570
808.892,226.963,43.121,118.518
808.957,228.002,41.750,116.366
808.431,226.094,42.710,117.878
808.118,225.099,42.561,116.891
808.589,225.366,42.709,114.485
806.777,224.084,43.290,114.161
805.925,222.710,44.266,111.552
804.745,224.551,45.885,109.529
803.479,223.389,47.087,109.882
801.587,222.859,49.126,109.947
801.057,222.194,49.229,108.256
800.125,222.268,50.145,106.729
800.344,221.521,50.480,106.599
800.338,221.274,50.683,105.652
801.008,220.350,48.873,105.001
801.306,219.440,49.351,104.733
801.823,220.560,48.213,103.734
802.017,219.044,48.275,105.501
802.946,218.870,47.476,104.541
803.142,218.299,47.123,105.413
803.525,219.355,46.513,105.196
803.904,217.917,45.890,105.880
804.840,218.742,45.931,105.535
804.964,218.130,45.989,107.051
805.279,218.112,46.500,108.119
804.375,217.290,47.925,109.920
805.656,216.179,47.320,111.625
804.643,216.789,48.727,111.995
805.602,215.226,47.500,113.327
805.200,215.105,49.680,113.941
805.033,212.426,49.151,115.455
805.501,212.012,49.828,115.442
805.361,212.035,49.320,115.690
805.908,210.831,49.725,114.232
806.642,209.504,49.437,114.324
806.331,208.362,51.050,116.460
805.730,207.699,51.167,116.566
806.565,204.989,50.878,117.056
807.029,205.818,51.275,115.538
807.426,204.449,51.259,114.202
807.280,205.173,50.442,111.239
808.431,204.515,51.619,110.118
808.129,204.460,50.725,109.573
809.832,203.747,48.983,107.889
807.919,203.013,51.026,108.551
810.780,201.419,47.799,107.988
808.811,203.595,48.352,109.058
810.422,198.948,48.046,111.304
811.601,201.378,46.614,110.103
810.189,199.091,46.583,111.341
810.582,199.785,46.373,112.082
810.663,197.538,44.316,112.152
809.878,197.531,45.987,113.096
811.055,196.815,44.553,112.423
809.944,196.742,44.062,113.219
809.783,194.445,43.432,113.742
809.695,192.686,42.672,113.991
809.087,191.538,43.000,115.043
809.762,189.667,41.496,115.275
809.794,188.279,41.027,114.522
808.392,186.775,42.560,114.624
807.626,185.740,42.953,113.946
807.212,183.933,43.853,111.895
806.587,182.876,44.092,110.259
805.717,182.220,44.496,108.077
805.531,182.233,45.269,104.878
805.317,180.926,45.614,104.979
804.425,179.425,46.658,104.928
803.897,179.300,46.944,104.438
803.492,178.157,47.497,105.011
802.587,177.796,48.196,105.436
802.898,176.226,48.145,105.680
803.851,175.504,47.540,105.943
804.437,175.055,46.883,106.831
804.232,174.754,46.982,108.201
805.775,173.639,45.722,108.737
805.979,172.620,45.493,110.298
806.009,170.889,44.809,111.964
807.139,169.053,44.509,111.488
808.134,168.275,43.446,112.228
809.534,165.083,43.885,112.055
808.634,163.428,44.626,110.956
809.951,161.123,43.224,110.533
808.527,160.412,43.676,110.087
807.714,157.758,44.065,110.019
805.276,157.077,44.748,108.348
803.113,153.367,45.329,106.317
799.725,153.243,44.991,104.014
796.622,150.999,45.147,102.135
791.212,151.174,45.820,99.752
785.061,149.550,47.390,100.244
779.965,148.060,46.658,100.355
773.269,146.345,46.639,100.057
764.684,145.238,46.716,102.174
757.947,142.888,46.687,100.259
749.923,141.525,45.978,102.617
740.871,139.341,45.136,102.825
730.837,138.129,45.408,100.805
722.967,137.525,43.128,103.226
711.395,135.477,42.998,103.198
699.907,134.343,42.546,103.580
690.636,131.541,41.827,103.098
679.099,129.397,41.198,105.702
669.188,126.639,39.762,104.297
658.815,123.877,40.528,105.618
647.640,121.413,41.766,105.637
639.603,120.333,40.486,104.148
630.663,117.960,41.382,101.390
622.334,116.282,41.992,100.135
614.105,115.079,42.700,99.002
608.706,112.980,43.119,98.266
601.086,111.816,44.420,97.368
595.720,110.869,44.517,97.305
590.323,110.670,46.469,98.045
585.620,110.379,46.506,97.887
582.350,109.213,45.529,97.145
579.632,109.025,45.333,98.384
576.785,108.281,45.455,99.434
574.576,107.953,44.172,98.574
572.629,106.724,43.765,100.052
571.093,105.859,42.975,99.787
569.769,105.445,42.373,99.923
568.621,105.543,41.715,100.062
568.012,104.035,41.041,99.594
566.820,102.197,41.895,100.639
567.217,100.208,40.384,101.738
566.065,98.827,40.492,103.036
565.109,96.812,39.948,103.616
564.182,94.342,40.120,105.329
563.138,95.215,39.988,103.518
562.113,91.351,39.894,102.876
560.966,89.385,39.861,102.564
559.286,88.034,40.022,100.455
558.926,87.365,40.168,97.711
557.609,87.691,41.016,95.923
557.298,87.004,40.586,95.195
556.465,87.673,41.443,95.446
556.319,86.342,41.194,95.631
554.998,86.420,41.362,95.609
554.681,85.464,40.265,95.272
554.130,84.816,39.850,95.756
554.058,84.409,39.210,96.440
553.638,84.264,39.186,97.035
553.263,83.725,38.274,96.474
552.330,82.974,37.943,98.707
551.451,82.808,37.722,99.648
551.111,81.974,36.374,98.265
550.124,80.943,36.048,98.951
549.778,79.619,34.845,97.978
548.659,79.082,34.880,99.463
547.398,78.066,35.248,99.366
545.771,77.035,35.804,98.153
544.630,76.534,35.360,96.457
543.379,76.558,36.240,95.804
543.139,75.583,35.947,94.859
542.342,75.439,36.352,94.406
541.926,75.902,35.638,93.965
541.540,75.699,35.686,93.738
540.734,75.206,35.547,93.497
540.301,74.876,35.721,94.369
539.755,75.202,35.728,94.826
539.293,76.325,35.669,94.211
539.160,75.064,35.355,96.151
538.656,75.602,35.543,98.318
537.862,75.538,35.280,99.074
537.574,75.787,34.641,99.675
537.132,76.424,34.486,99.805
536.382,77.194,35.005,99.834
536.350,76.159,34.172,99.238
535.873,77.018,34.713,101.070
536.004,75.119,34.309,102.052
535.415,74.808,34.189,101.454
534.225,75.342,34.803,101.712
533.253,74.749,34.810,101.619
532.324,74.798,35.193,100.809
531.680,75.301,35.855,99.838
530.934,76.327,36.667,98.829
530.186,76.535,36.954,98.022
530.131,77.797,36.804,96.789
529.708,78.802,37.003,95.892
529.499,80.192,36.868,95.610
528.830,82.450,37.025,94.990
527.810,82.618,37.983,96.497
527.597,84.306,37.710,96.182
527.246,85.314,37.286,95.891
527.050,86.969,37.179,96.135
526.330,88.147,37.360,96.838
526.409,89.057,37.537,97.631
526.367,89.955,37.499,98.608
525.959,91.661,37.617,99.113
525.240,92.339,37.777,99.864
525.051,94.275,37.241,99.705
524.450,94.869,36.750,99.522
525.106,96.487,36.218,98.091
524.214,96.612,36.232,98.544
523.400,97.150,35.878,97.928
523.614,97.197,37.009,99.303
522.711,99.717,36.990,97.449
522.079,100.704,37.353,96.651
520.884,101.839,37.626,95.228
521.002,104.001,37.652,93.995
520.021,105.641,38.244,95.231
520.731,107.130,37.567,94.701
520.318,109.052,37.556,93.989
519.655,109.857,38.254,95.216
518.966,112.669,39.218,95.678
518.548,114.928,39.167,97.185
518.493,116.727,38.870,98.060
518.738,119.234,39.229,98.976
518.629,121.436,38.948,98.258
518.606,123.333,39.554,99.918
518.356,126.095,39.050,100.370
518.613,127.567,38.965,100.884
518.627,130.212,39.191,101.462
518.276,132.527,38.917,102.735
518.580,133.768,38.654,103.149
518.618,135.508,38.248,104.070
518.604,137.353,38.354,104.548
518.338,138.693,37.969,105.113
518.089,139.431,38.010,105.689
518.288,139.785,37.535,105.503
517.621,142.079,38.921,105.551
517.816,142.182,38.389,106.087
517.246,143.433,38.389,105.359
516.580,145.471,39.201,103.862
516.648,148.194,39.168,99.392
516.359,151.273,39.263,98.180
515.871,151.980,40.197,99.179
515.293,155.551,40.312,98.399
515.272,157.325,40.087,99.308
515.248,160.538,40.371,100.107
514.754,162.041,40.467,101.692
513.893,164.054,41.820,102.802
514.791,166.998,40.848,102.682
514.087,169.262,41.366,104.980
513.825,170.838,41.390,106.017
514.220,173.832,41.439,107.343
513.863,174.637,41.435,108.907
513.655,176.031,40.568,108.556
513.869,177.354,40.930,107.681
513.587,178.714,40.057,107.670
513.860,178.986,39.130,107.289
513.492,180.716,39.602,107.748
512.456,180.802,40.881,107.285
512.149,182.209,40.496,103.417
511.789,184.775,41.290,100.570
511.390,185.500,42.470,100.511
510.760,188.284,43.057,98.528
510.355,190.171,42.942,99.234
510.295,192.589,44.785,99.314
511.305,194.205,44.071,100.315
511.357,196.411,44.753,101.281
511.349,198.397,45.492,103.982
511.819,201.152,45.130,104.983
511.557,202.196,45.897,107.016
512.986,205.244,44.303,105.273
512.692,206.793,45.995,108.549
514.434,209.581,43.963,106.629
514.823,210.808,44.424,108.711
515.232,211.619,44.357,110.204
516.923,212.824,42.642,109.735
517.709,213.177,43.384,110.216
518.207,212.734,42.875,111.391
519.686,213.922,41.860,111.799
519.818,214.529,42.592,112.622
520.316,216.440,43.013,111.900
519.631,217.084,43.887,110.839
520.789,218.808,43.965,107.884
521.083,220.348,44.314,105.958
522.334,222.338,44.732,103.892
523.223,225.643,44.530,101.955
523.594,227.013,44.701,102.958
524.787,229.424,44.578,103.026
524.564,230.994,44.917,104.677
526.111,233.666,44.137,104.264
526.214,235.255,45.593,105.748
527.255,237.704,45.433,107.254
527.868,238.936,45.549,107.602
528.381,241.467,45.528,108.679
529.426,242.314,45.062,109.328
529.457,243.102,45.571,110.067
530.816,243.243,45.892,110.879
531.512,243.203,47.003,110.695
531.369,244.277,47.919,108.435
532.066,246.349,48.275,108.266
532.703,246.803,48.683,106.916
532.953,247.742,47.866,106.383
534.709,248.529,46.625,104.341
535.384,249.951,46.855,102.535
536.912,252.113,46.479,99.655
538.839,252.741,44.931,100.152
539.166,254.734,45.488,101.945
541.376,256.194,44.821,102.987
542.457,257.749,45.966,104.297
543.821,258.667,46.713,105.758
545.788,260.989,46.508,105.819
547.328,262.417,46.775,106.338
548.287,263.478,46.735,107.120
550.008,264.889,46.829,109.000
551.990,266.022,46.051,109.458
553.844,266.826,45.806,110.987
555.580,266.735,45.396,111.745
556.926,266.949,46.207,112.588
559.188,266.104,44.171,112.562
559.663,266.531,45.966,113.766
561.186,266.815,46.313,116.222
562.171,265.577,46.981,116.179
563.678,265.182,47.541,115.192
564.452,265.745,48.648,113.206
565.473,267.186,49.737,110.527
566.893,267.617,49.902,108.085
568.695,269.467,50.225,105.611
570.034,271.006,50.412,105.321
572.709,271.291,48.789,105.825
573.638,272.792,48.655,106.036
576.549,275.054,48.600,107.962
579.176,276.253,47.242,108.994
581.059,276.964,46.848,109.877
582.764,278.014,45.631,109.562
584.873,278.282,46.547,111.710
587.410,280.164,45.942,111.056
589.587,282.826,44.528,111.043
591.753,282.174,44.527,112.824
593.009,281.814,45.592,114.408
593.956,281.809,45.728,115.210
596.240,281.558,46.930,117.049
597.824,280.924,48.202,117.411
599.868,280.126,48.916,116.755
601.601,281.260,49.497,113.420
605.275,280.503,49.289,113.249
606.848,281.754,49.072,109.628
608.423,281.990,49.756,107.792
611.240,283.163,48.763,104.738
613.889,284.342,48.150,104.046
615.840,286.368,48.846,105.070
618.448,287.260,47.949,107.133
621.383,288.861,48.419,107.784
622.977,289.528,48.629,108.183
624.401,291.632,49.632,109.176
627.946,293.190,49.590,109.948
629.764,293.135,50.671,111.385
633.527,294.282,50.116,111.332
636.858,294.665,50.515,114.080
640.501,293.762,49.724,114.673
643.522,293.179,49.320,114.906
648.100,292.095,49.382,117.044
650.994,292.741,49.621,116.958
653.174,290.934,51.179,116.971
657.192,291.926,50.776,113.321
659.541,291.137,51.329,111.035
662.422,292.202,52.255,107.229
666.427,292.183,51.965,104.414
669.117,291.924,53.203,104.357
672.059,294.667,53.426,101.303
674.270,294.754,53.675,101.969
677.624,295.359,54.641,103.872
680.180,296.269,55.256,105.113
683.709,296.475,55.171,105.344
686.328,296.898,55.491,107.167
689.810,297.562,55.868,107.777
691.769,297.107,56.428,109.700
695.172,297.152,56.443,110.758
698.252,297.609,55.537,112.479
701.514,297.079,56.002,114.776
703.084,296.178,56.302,114.682
706.058,294.878,56.999,115.765
707.834,293.802,56.449,115.615
710.118,292.209,57.436,117.910
712.086,291.127,57.176,117.099
715.325,290.380,55.153,115.448
718.471,289.569,56.460,115.395
721.925,289.800,54.501,112.108
723.497,290.001,55.131,109.649
724.457,289.802,55.660,107.583
726.491,289.722,54.997,106.091
728.838,290.689,54.456,104.591
731.062,290.396,53.771,104.731
732.251,292.247,53.905,105.358
732.577,292.570,55.380,107.579
734.049,291.851,56.081,108.796
735.920,292.936,56.531,108.116
736.639,292.220,57.734,111.445
738.888,292.583,57.025,110.390
739.224,290.711,59.100,114.418
740.262,290.598,58.828,112.817
742.494,290.412,57.820,110.643
742.992,287.312,58.998,113.574
744.747,288.632,57.945,112.147
745.570,284.563,60.225,113.281
744.605,288.029,60.787,107.805
744.419,283.777,59.926,107.698
742.862,285.063,58.840,103.233
738.518,283.516,56.895,101.811
731.624,282.653,55.191,101.376
723.882,283.094,53.800,101.314
716.570,281.154,52.157,102.460
705.847,279.918,50.358,103.858
694.401,279.317,50.812,103.762
682.107,277.997,50.871,105.407
669.488,275.898,51.677,106.263
654.178,277.391,52.767,105.656
641.489,274.683,53.738,109.893
627.118,275.910,52.869,109.474
614.042,272.738,53.420,111.899
598.989,273.052,53.315,112.245
584.256,272.711,52.670,114.113
570.937,271.758,51.880,115.238
556.257,270.862,52.374,116.721
544.835,270.821,50.168,116.522
533.817,269.797,49.997,115.502
522.353,270.445,49.740,113.315
511.557,271.354,48.968,111.293
500.925,269.623,50.097,109.657
492.538,271.614,49.602,105.510
484.112,272.335,49.565,104.644
476.561,273.517,49.924,104.678
470.171,274.805,48.602,106.206
464.968,274.821,48.993,103.407
458.483,275.372,50.791,108.888
453.623,275.016,52.089,109.862
447.979,274.602,53.945,112.380
445.488,274.953,53.599,111.756
442.503,275.105,53.827,113.553
439.750,274.937,54.236,115.033
438.627,274.469,53.424,114.684
438.748,273.435,52.668,114.551
437.879,271.006,51.083,114.810
438.212,270.119,49.486,114.593
437.830,267.986,49.498,115.587
437.215,265.581,48.537,114.577
434.884,264.517,49.302,113.014
433.016,263.937,49.500,110.433
431.757,262.564,49.900,108.330
430.887,261.454,50.517,106.149
429.399,260.423,51.534,104.863
427.434,259.883,53.101,102.613
427.936,259.411,52.340,103.764
426.874,258.472,53.656,105.022
426.623,257.645,52.806,105.600
425.996,256.043,53.088,107.392
425.468,255.115,54.005,109.605
425.455,253.359,52.598,110.347
425.105,252.468,53.021,111.916
424.778,251.299,53.109,112.417
424.383,249.194,53.642,113.616
424.528,247.082,55.364,115.124
423.907,244.542,56.532,115.269
423.942,241.642,55.278,115.284
424.501,240.310,54.950,115.701
424.980,239.324,52.732,112.238
424.398,236.805,52.935,113.151
424.027,233.716,52.264,112.428
423.505,231.527,51.649,111.101
422.526,229.237,51.573,110.487
421.939,227.244,51.617,109.499
422.251,225.884,51.393,107.372
422.322,224.903,51.443,106.009
422.397,224.093,51.096,105.912
421.716,221.568,52.770,107.551
421.587,219.951,51.620,107.643
421.198,219.520,52.426,106.903
421.582,218.109,51.422,108.465
421.489,216.462,51.166,109.209
421.309,214.486,52.050,111.163
422.357,213.070,50.728,113.132
421.708,212.248,50.581,114.155
422.562,210.299,50.062,115.335
422.651,209.297,50.390,115.713
423.179,206.723,49.803,115.782
423.689,204.144,49.795,117.790
424.481,202.353,49.407,117.882
424.749,200.108,49.639,117.467
424.791,197.428,49.742,116.621
424.533,195.550,50.284,115.577
424.536,193.462,49.572,113.857
423.583,191.711,49.302,110.535
423.127,191.449,49.328,108.522
422.042,189.818,49.813,107.011
422.109,187.702,50.099,105.749
421.844,185.834,50.237,104.281
422.747,184.376,50.343,104.511
423.908,184.523,49.942,103.684
423.407,182.263,52.095,106.295
423.412,180.830,51.931,108.554
423.531,179.038,53.053,109.775
423.751,177.432,53.297,111.572
424.418,177.179,54.008,113.093
424.187,176.738,53.345,111.235
425.091,176.056,53.171,112.267
425.325,175.149,52.599,112.329
426.534,173.324,51.822,112.841
426.110,172.249,50.789,113.178
427.271,170.004,48.572,113.348
427.444,168.239,46.851,113.220
426.781,167.510,46.150,111.155
427.300,165.353,47.581,111.865
427.428,164.555,46.930,109.837
426.809,162.329,48.344,109.102
426.478,160.644,48.843,107.619
426.465,159.476,48.350,107.408
427.131,157.600,47.983,106.373
427.157,156.632,48.341,105.600
427.307,155.970,47.950,105.859
428.607,154.646,47.716,106.849
428.009,154.512,48.645,107.450
428.576,153.149,47.978,108.548
428.601,153.019,48.146,108.500
428.801,152.124,48.386,109.162
429.058,151.436,48.718,111.106
429.874,151.266,47.721,112.465
430.599,150.853,47.135,111.877
431.057,150.134,46.890,111.996
432.203,150.225,45.950,111.123
433.004,150.534,45.840,108.398
433.961,147.864,46.208,110.854
435.669,146.088,45.109,112.241
436.907,144.642,45.175,111.674
436.763,143.189,46.774,109.756
437.236,142.545,45.979,108.596
435.976,142.003,46.535,107.716
435.493,141.333,47.251,106.231
434.065,140.391,47.421,105.528
432.830,141.381,47.848,103.244
431.266,140.720,48.342,105.164
429.578,140.813,48.603,104.822
427.944,140.210,49.386,106.622
425.625,141.079,49.132,107.512
423.524,142.442,49.532,107.645
421.026,141.921,49.952,108.578
417.582,142.358,50.713,108.586
414.819,144.165,50.526,109.273
413.070,144.336,50.053,110.008
409.906,144.433,50.220,110.699
408.532,144.088,50.777,113.067
406.928,144.216,49.994,112.566
405.954,144.101,49.128,113.471
404.066,143.888,48.314,113.142
402.662,142.850,48.531,114.254
401.075,142.971,48.159,111.977
399.735,141.927,48.481,110.535
397.813,141.087,49.365,109.687
397.527,140.214,48.822,108.972
397.071,140.493,48.298,107.067
396.311,140.317,49.443,106.131
395.169,140.122,49.815,105.463
394.301,141.272,50.883,102.851
393.617,140.878,49.972,104.077
392.674,141.242,50.602,104.420
392.301,141.911,49.807,104.862
391.502,141.606,49.643,107.193
390.881,142.187,48.882,107.779
390.579,143.139,48.210,109.254
389.488,142.343,49.305,110.875
389.709,142.725,48.873,112.290
389.880,142.487,48.174,113.029
388.523,142.366,49.304,114.356
388.869,141.472,48.319,114.908
387.821,140.891,49.286,115.164
387.858,140.529,48.628,115.033
386.302,140.119,47.501,116.525
385.292,139.029,47.823,115.721
384.451,138.201,47.856,115.964
383.827,137.331,47.582,115.775
382.241,137.193,47.894,115.174
381.369,137.018,47.281,113.870
380.275,136.970,47.608,112.741
379.471,137.162,46.852,110.858
378.170,137.998,47.358,108.648
377.399,138.303,48.202,108.270
375.621,139.393,47.862,107.732
373.981,140.785,50.332,108.384
373.057,140.701,49.627,108.691
371.323,141.578,50.831,108.828
369.297,144.175,51.860,108.024
368.464,145.084,53.433,108.166
366.167,146.035,54.857,108.109
364.580,146.729,55.225,107.564
361.792,148.368,56.738,106.517
359.456,147.811,57.728,106.204
357.205,147.962,58.086,105.802
353.549,147.944,60.826,107.155
351.874,148.657,61.494,107.091
348.322,148.333,63.970,107.012
347.023,148.253,63.855,106.429
344.295,148.517,62.355,106.081
341.797,148.924,61.725,104.853
340.300,148.860,59.735,105.136
338.054,150.382,57.411,103.985
335.455,152.904,56.461,103.142
334.380,152.546,54.373,102.940
331.924,153.966,53.051,104.311
330.334,154.886,52.003,105.271
328.830,155.378,52.537,106.035
326.292,157.481,53.915,106.035
325.645,158.834,53.876,105.616
324.930,161.121,54.049,105.496
324.208,160.675,54.431,106.709
322.255,164.118,55.095,106.932
323.124,164.169,55.266,106.216
323.346,163.947,56.530,107.197
325.187,165.633,57.506,107.599
327.316,163.581,57.792,109.808
330.634,163.221,57.725,111.065
336.615,162.214,56.846,113.290
341.508,160.539,55.818,114.766
348.042,159.372,55.530,115.352
355.834,157.732,52.205,114.596
362.139,156.914,49.609,113.780
369.777,157.278,48.283,112.238
377.901,157.782,45.457,108.981
385.262,155.719,44.746,108.882
394.035,158.068,46.408,107.319
401.143,157.898,45.753,106.217
407.701,157.404,47.753,106.607
415.214,158.752,48.295,105.916
421.296,159.158,48.202,106.324
428.098,159.713,49.385,106.910
433.399,161.283,51.230,106.893
438.055,161.935,54.658,106.699
443.294,163.986,54.274,105.197
447.105,163.183,56.331,107.489
451.015,166.012,56.657,105.296
454.696,166.281,56.927,104.343
456.999,167.859,57.423,103.753
457.651,167.935,58.714,103.967
459.451,168.726,58.214,104.100
459.823,168.908,58.427,104.432
459.625,171.043,56.392,104.095
458.737,172.153,55.300,103.356
457.476,173.766,54.440,103.299
455.890,175.162,53.161,102.824
453.346,177.779,53.025,103.712
451.955,179.209,49.729,105.150
449.230,181.326,50.000,105.501
446.826,183.772,49.903,106.941
445.804,184.941,51.869,108.206
443.226,187.534,52.835,109.185
441.910,190.566,53.634,108.217
439.646,190.875,55.021,109.248
439.232,192.911,54.563,111.317
437.774,195.538,55.748,111.041
437.530,198.556,55.286,109.616
435.188,199.900,55.696,110.886
435.203,201.347,55.479,112.219
433.844,201.919,54.992,114.227
432.149,203.867,54.759,115.501
431.250,205.288,53.679,116.434
429.819,205.812,53.949,117.338
427.937,207.518,52.880,118.567
425.949,208.478,51.765,118.248
424.957,208.902,48.108,115.994
423.205,210.345,47.638,115.552
421.574,211.902,46.975,115.328
420.531,213.098,47.484,114.841
417.886,215.131,47.485,112.536
416.702,216.874,47.626,112.109
415.300,220.000,47.838,111.896
414.318,222.254,47.243,112.587
412.446,225.156,49.267,114.153
411.095,226.100,49.160,114.146
408.776,229.567,50.797,114.092
407.104,232.553,52.587,113.643
404.646,235.504,53.949,113.417
402.728,238.017,55.576,114.212
400.230,240.019,57.626,114.035
397.564,241.901,59.898,114.688
394.558,243.133,61.292,115.455
393.130,244.292,60.568,115.264
390.167,246.039,61.929,115.344
388.130,247.170,61.966,115.409
385.162,248.788,62.519,114.551
384.127,249.888,60.766,112.010
382.415,251.745,59.856,110.543
381.426,255.603,58.593,108.359
378.640,256.102,57.887,110.173
377.537,258.436,56.623,110.372
376.347,261.389,56.223,111.091
374.628,263.370,54.950,110.631
372.962,266.330,55.427,111.213
371.093,268.104,56.333,112.713
369.241,271.192,56.841,113.063
368.586,272.993,57.155,113.763
367.355,274.919,57.202,116.186
365.825,278.337,57.147,116.244
364.811,279.551,58.822,116.120
363.571,281.758,59.451,116.323
361.247,283.546,59.874,117.358
360.434,285.017,60.712,118.300
358.318,286.666,61.668,118.761
355.641,287.201,61.787,120.060
353.401,289.410,62.523,120.224
351.273,290.313,62.158,120.667
350.056,291.461,60.364,120.107
349.218,292.794,59.062,118.454
348.503,293.555,58.770,118.471
347.076,293.732,57.997,117.378
345.683,297.036,57.961,114.686
345.704,298.657,57.312,113.187
344.619,300.228,57.112,111.879
342.892,303.061,58.144,110.909
341.301,304.650,58.693,110.493
339.558,307.460,60.747,110.404
339.541,308.941,62.582,110.585
338.238,311.747,62.342,110.593
337.283,312.524,66.877,110.827
335.898,315.808,67.183,110.882
336.218,316.055,70.319,112.005
335.021,316.616,70.678,112.065
334.577,315.938,71.959,112.017
333.092,318.016,73.219,111.090
332.455,316.903,74.652,111.524
332.303,317.952,75.501,110.983
333.051,318.134,73.628,109.697
332.840,316.803,72.308,108.880
335.453,316.714,70.579,106.720
337.505,316.259,68.124,106.181
340.995,316.087,65.822,105.542
342.760,315.316,65.121,106.325
345.908,315.992,63.409,106.388
348.492,316.290,62.268,106.849
350.594,314.651,63.043,109.607
352.796,314.524,63.652,110.255
355.382,314.079,63.926,112.611
358.922,313.119,63.106,112.718
360.451,312.478,63.706,113.744
363.097,311.767,63.857,114.071
366.305,311.527,64.724,116.060
368.365,309.713,65.098,116.291
369.854,308.174,64.908,117.323
372.748,306.654,64.978,118.496
374.695,305.024,63.302,118.822
376.916,302.914,64.173,120.432
377.890,301.112,63.366,121.274
380.004,299.366,61.226,121.090
381.375,297.669,58.710,118.693
382.240,295.305,57.428,117.504
383.315,293.659,56.983,118.188
384.602,293.073,55.433,115.422
384.952,290.782,54.831,113.766
386.060,289.522,53.645,111.212
385.231,288.983,53.884,109.644
386.356,288.540,53.276,109.728
386.596,289.362,53.924,110.090
386.530,288.228,54.358,111.396
386.615,288.243,54.807,111.947
386.633,287.180,55.028,112.331
386.825,285.858,55.691,112.790
387.166,284.575,56.451,112.895
387.453,284.037,57.792,113.031
388.004,282.064,58.785,113.902
389.709,279.488,60.122,113.731
390.040,277.808,59.652,113.170
392.462,274.459,61.282,113.590
394.713,272.947,60.743,112.351
396.942,270.717,60.481,111.621
400.904,269.111,59.037,108.613
404.829,266.792,59.496,107.237
408.611,265.151,59.162,104.967
412.115,263.553,58.976,104.716
417.550,262.657,57.779,105.577
421.156,260.577,57.906,105.846
425.606,259.483,56.779,106.433
430.688,258.121,55.605,108.092
434.847,257.358,56.404,109.651
439.279,256.282,57.661,110.726
444.181,255.296,58.458,111.545
449.288,253.904,58.555,112.572
455.235,252.377,57.773,113.076
