772.000,249.000,6.000,15.000
770.991,248.001,5.607,14.059
769.952,249.332,5.823,13.860
769.917,248.808,6.264,13.841
769.514,248.929,6.426,13.896
768.141,249.520,6.362,13.645
767.013,249.705,7.111,13.214
766.809,250.441,7.344,12.976
766.111,250.976,7.443,12.439
765.679,250.848,7.559,11.966
764.736,250.980,7.667,12.046
764.119,252.990,7.794,12.124
763.235,252.707,7.549,11.893
762.325,252.399,7.116,11.581
761.480,251.613,6.729,11.674
761.179,251.785,6.441,10.924
760.357,251.702,6.142,10.262
759.551,253.143,6.215,9.949
758.585,254.053,6.188,9.529
758.721,254.129,6.085,9.465
757.501,255.324,5.845,9.138
757.469,256.072,5.678,9.351
756.689,256.106,5.422,9.089
756.432,256.518,5.473,9.655
755.277,256.496,5.507,9.440
754.345,256.780,5.272,9.636
754.885,257.161,5.268,10.379
753.786,257.519,5.404,10.853
753.457,257.008,5.194,10.755
752.108,256.704,5.164,10.663
751.472,256.289,5.095,10.169
752.167,256.640,5.034,10.675
751.424,258.492,5.178,10.761
751.061,259.042,5.254,10.492
749.166,259.657,5.226,10.238
748.404,258.768,5.221,10.146
748.819,259.273,5.321,9.939
748.944,261.041,5.515,9.065
745.609,263.930,5.928,9.552
745.567,263.944,6.782,8.572
745.031,264.035,6.901,7.995
745.108,264.650,6.871,7.699
744.796,264.151,6.495,7.474
744.598,264.105,5.999,7.145
742.981,264.160,5.752,7.253
742.108,265.236,5.463,7.168
741.877,264.628,5.492,7.035
740.961,265.239,5.508,7.398
741.168,265.514,5.633,8.017
740.079,265.220,5.650,8.224
739.537,264.757,5.468,7.916
740.330,264.287,5.407,8.462
739.271,265.102,5.388,8.463
737.998,266.956,5.304,8.334
737.000,268.951,5.623,8.306
735.253,268.919,5.927,7.761
735.806,268.983,6.142,7.366
736.579,270.534,6.148,7.711
734.348,270.156,6.761,7.230
733.368,270.165,6.374,7.128
732.732,270.534,5.894,7.040
733.129,270.703,5.643,7.474
731.873,270.158,5.498,7.553
731.575,269.714,5.272,7.614
731.204,270.072,5.196,8.112
729.866,271.109,5.223,8.477
730.036,271.457,5.729,8.224
729.131,272.193,5.714,7.952
729.514,274.843,6.699,7.728
727.987,273.161,7.030,6.764
727.556,275.379,7.572,7.348
728.241,275.031,9.128,6.700
727.601,274.383,9.364,7.355
725.476,271.687,9.978,7.486
723.964,271.449,10.110,8.334
724.009,271.735,10.213,9.064
724.841,272.584,10.167,10.463
721.057,272.721,10.410,10.709
720.848,272.973,8.679,11.145
720.197,272.635,7.766,10.836
719.516,272.598,7.444,11.018
719.608,271.952,7.186,11.110
719.077,273.870,7.090,10.737
718.881,274.581,6.880,10.753
717.652,275.180,6.926,10.297
715.932,276.019,7.023,9.845
716.125,276.490,7.009,9.784
715.469,276.241,6.954,9.379
713.414,276.406,6.884,9.320
713.625,278.510,7.173,10.084
713.456,277.739,6.858,9.544
713.621,276.523,6.531,9.188
712.796,278.101,6.257,9.475
712.127,278.623,5.912,9.568
710.105,278.994,5.842,9.555
711.226,278.728,6.700,9.324
709.959,277.495,6.407,9.645
709.390,277.150,6.338,9.908
707.955,277.432,6.416,9.932
707.921,276.512,6.405,9.680
707.354,276.593,6.107,9.584
706.903,276.817,5.951,9.706
706.414,277.697,5.926,10.025
704.871,279.042,5.772,9.947
704.699,278.179,5.981,10.102
704.098,278.806,5.868,9.642
703.629,279.599,5.666,9.243
703.348,279.354,5.391,8.840
702.228,280.545,5.420,8.919
701.250,283.457,5.383,9.049
700.365,285.047,5.361,9.492
701.063,283.927,7.103,8.880
700.171,284.794,7.661,9.645
698.211,284.778,6.961,10.038
697.669,283.961,6.532,10.357
696.105,283.317,6.578,10.206
696.897,282.676,6.706,9.577
696.225,283.141,6.647,9.123
694.718,283.909,6.552,8.670
694.465,282.332,6.513,8.575
693.033,282.568,6.671,8.498
693.578,283.247,6.930,9.038
692.454,283.062,6.927,8.973
691.225,283.353,7.148,8.848
692.411,284.242,7.275,8.747
691.092,284.252,7.027,8.706
690.884,284.298,6.799,8.935
691.045,284.942,6.726,9.042
690.457,284.679,6.785,9.615
689.137,285.016,6.754,9.831
689.099,285.205,6.671,10.458
689.682,284.716,6.563,10.694
688.740,285.166,6.432,10.395
687.549,285.503,6.473,10.142
687.520,285.564,6.570,9.766
686.516,285.535,6.981,9.041
687.782,286.081,7.290,8.707
688.034,285.825,7.942,8.203
689.539,285.244,9.132,8.221
691.941,283.795,10.108,8.235
691.909,284.304,10.821,8.604
691.581,284.394,11.682,9.157
689.967,284.902,12.307,9.891
688.309,285.552,13.449,10.528
687.386,285.964,14.047,10.084
685.385,287.226,15.611,10.544
685.228,288.884,16.956,10.956
684.976,288.195,17.493,10.286
684.412,288.087,18.172,10.617
684.373,289.420,19.354,11.538
682.254,289.053,20.628,12.202
683.550,288.058,21.247,14.031
680.970,287.416,21.925,14.628
677.090,285.527,22.239,15.331
674.497,287.605,23.760,16.666
674.163,289.234,24.933,18.484
674.887,289.054,25.348,18.498
673.361,287.645,26.650,18.804
674.776,286.534,28.530,20.229
676.306,288.487,28.713,20.683
675.906,288.517,28.695,21.400
676.055,288.745,28.569,21.442
675.694,287.741,28.631,21.822
676.621,288.782,31.200,22.385
677.037,288.373,30.676,22.698
676.252,287.944,28.319,23.038
674.018,288.454,27.439,23.002
676.072,288.953,27.615,22.634
676.577,289.631,29.137,22.379
677.890,288.892,33.493,21.720
679.802,292.045,34.556,23.188
678.295,289.212,36.468,22.273
680.120,290.721,36.331,24.216
680.832,290.810,37.671,22.440
683.528,292.039,35.542,22.649
684.590,292.173,36.173,21.840
684.896,292.729,37.778,21.006
685.338,292.876,38.437,20.951
685.694,292.722,38.481,21.396
685.804,292.129,38.724,22.945
688.358,292.397,40.446,22.608
689.583,292.417,40.022,22.900
692.247,292.762,39.509,22.885
693.098,293.466,39.465,23.902
695.775,293.506,38.445,24.217
700.208,293.477,39.776,23.157
703.672,293.542,43.779,22.603
703.678,291.094,42.224,23.382
706.585,294.334,43.778,24.721
707.474,293.355,44.348,23.560
710.601,294.868,45.035,25.051
709.701,293.685,42.822,25.076
710.880,295.435,46.592,25.502
712.001,294.410,49.084,25.945
718.606,296.400,50.148,26.820
718.415,294.191,49.956,26.552
718.841,293.415,50.579,27.389
721.057,293.952,51.218,26.874
725.855,294.504,52.667,27.670
723.787,295.861,52.988,26.987
724.077,295.773,52.302,27.980
725.538,296.209,51.630,29.648
725.846,297.043,50.893,29.147
732.369,299.588,49.697,29.771
722.086,297.568,51.300,28.404
726.393,304.046,50.717,31.969
736.101,304.290,49.490,33.451
729.225,300.513,50.586,35.303
735.337,303.116,48.870,38.181
737.458,305.073,46.571,39.949
739.979,302.237,48.621,39.103
740.631,302.451,49.817,42.445
744.597,302.409,51.033,41.864
741.816,301.556,52.336,41.248
739.110,305.443,51.468,44.521
742.360,307.957,54.599,45.185
744.547,307.974,59.069,49.876
742.399,306.331,65.593,54.803
736.902,305.276,72.736,61.053
728.320,306.138,75.527,73.996
732.009,318.576,80.898,96.383
738.841,333.129,83.744,110.288
744.345,334.650,78.391,120.081
750.915,337.283,70.681,130.335
754.780,341.350,56.760,136.998
759.132,347.347,57.805,137.190
764.751,358.997,55.728,135.899
766.101,351.750,55.906,121.317
768.572,367.657,54.285,125.658
767.193,366.788,59.698,116.414
767.413,368.217,59.827,117.024
768.873,371.641,60.188,118.757
769.081,367.193,61.308,116.798
769.550,376.136,60.777,123.337
775.256,377.686,61.421,118.189
775.339,378.668,60.751,114.186
775.732,377.530,61.924,114.537
775.433,377.211,63.203,115.892
777.083,379.925,64.972,116.516
779.870,381.154,65.602,119.655
779.031,383.449,66.533,121.600
782.977,384.219,66.457,125.585
783.069,386.830,65.948,126.207
784.603,392.367,65.799,125.714
786.241,392.542,67.074,129.362
787.446,390.264,68.055,129.846
785.150,393.478,68.394,130.983
790.317,391.428,69.344,129.700
789.690,394.085,67.899,132.710
790.752,395.559,70.237,135.453
788.465,393.856,72.152,131.799
793.416,394.902,72.483,132.158
794.709,399.625,72.609,134.175
794.642,404.632,72.837,136.739
797.669,409.533,72.367,140.014
798.992,416.912,69.497,141.749
797.456,419.056,69.794,145.537
801.666,412.945,74.846,149.697
798.236,424.622,75.740,154.899
801.931,416.379,78.818,156.027
800.696,427.761,79.897,160.689
796.470,416.716,84.746,165.688
803.377,422.394,83.634,166.128
800.447,428.284,86.252,165.460
799.071,426.313,88.833,168.690
802.677,420.934,90.765,170.249
803.378,431.330,89.202,171.967
800.312,439.645,91.190,171.426
801.179,421.891,94.872,174.695
806.350,429.951,94.566,170.682
802.940,437.075,94.013,175.052
803.745,434.896,95.215,177.465
808.864,436.989,94.002,180.046
803.216,448.457,98.899,179.352
802.295,431.959,103.117,189.925
801.053,437.333,104.825,185.363
800.642,436.509,105.640,182.332
800.824,440.604,109.850,174.970
799.311,444.276,113.205,176.125
797.790,445.378,117.300,175.791
797.680,450.538,119.672,176.791
796.530,449.630,121.482,178.947
795.964,448.077,126.346,179.910
797.142,456.681,125.092,180.618
795.120,459.030,128.492,181.389
793.494,459.712,131.472,187.314
792.088,456.773,136.818,188.459
789.762,460.848,140.077,191.079
785.502,459.729,136.509,192.903
790.661,455.626,143.364,198.545
792.565,465.004,139.755,199.875
794.621,469.202,140.782,195.797
788.593,469.525,145.323,193.799
786.414,462.995,152.229,194.546
793.779,464.469,151.923,204.675
790.480,475.199,150.342,203.871
778.710,470.765,158.657,200.875
779.762,449.151,173.067,209.579
766.462,457.944,180.895,229.682
740.397,434.972,204.904,225.450
760.146,415.655,211.811,239.609
740.429,389.253,231.463,243.750
744.258,370.607,252.706,257.497
740.331,345.449,279.423,266.456
737.833,303.461,311.642,279.386
732.146,274.739,346.478,284.043
714.641,258.778,366.769,286.072
703.526,249.835,388.783,294.757
692.451,249.465,406.065,305.837
671.375,252.519,434.367,307.816
632.872,248.785,444.643,305.496
572.502,259.679,459.227,302.098
553.163,260.674,462.301,295.625
543.050,265.369,452.013,289.734
540.353,278.785,446.953,284.490
540.951,297.952,438.579,287.105
518.586,328.691,427.072,285.505
495.274,324.445,415.541,278.320
484.826,336.580,411.635,273.705
470.218,335.266,414.657,268.992
458.127,342.685,428.106,268.915
482.914,346.575,449.859,266.338
484.143,355.305,468.348,274.697
476.566,347.830,485.890,280.314
456.996,345.554,486.116,297.048
446.730,337.614,504.489,293.329
443.082,340.783,492.207,297.680
440.545,340.917,498.067,295.101
439.371,344.027,496.381,293.416
433.098,344.390,495.816,291.635
411.099,350.361,492.058,293.183
416.242,358.226,504.741,299.841
406.292,360.413,524.805,298.520
392.029,366.949,540.206,299.448
371.510,373.573,556.738,297.877
360.093,380.859,572.637,290.467
346.155,396.218,600.461,285.148
359.761,407.447,627.062,280.807
365.823,415.718,623.005,270.312
365.495,432.840,607.654,265.972
362.059,433.487,619.560,264.982
346.797,438.446,621.499,263.208
333.610,434.658,636.365,263.014
342.138,432.627,647.568,263.385
343.546,431.357,632.667,266.039
352.372,439.776,636.771,261.121
354.740,440.431,611.389,260.075
378.309,441.909,602.839,256.354
399.176,438.041,582.090,254.810
404.386,435.256,584.389,252.870
402.030,431.515,585.530,261.293
401.564,430.622,582.951,264.361
401.729,429.649,596.243,276.178
395.074,434.332,584.278,279.620
394.182,438.485,593.967,277.753
401.191,434.854,583.082,276.660
406.368,435.213,570.668,285.483
412.803,441.056,560.882,282.765
425.018,446.886,531.123,276.413
436.382,449.395,545.534,268.629
430.007,454.576,529.993,269.491
435.784,458.074,538.417,259.757
413.429,464.715,536.322,254.224
419.998,461.900,564.257,256.962
406.772,466.353,540.820,250.465
412.304,461.962,573.281,254.003
407.787,467.610,545.849,250.356
402.383,466.945,584.907,246.093
380.971,475.234,577.460,237.546
386.941,466.494,592.159,241.612
387.358,465.807,594.888,240.379
380.343,465.515,591.946,236.243
376.299,461.197,609.350,239.743
355.070,461.439,616.011,241.589
341.278,446.545,627.450,240.765
347.505,426.128,641.123,252.358
313.262,435.474,606.374,259.005
309.857,437.213,635.358,261.906
318.191,420.239,630.402,265.458
311.761,416.658,642.389,280.766
289.023,405.160,625.702,283.603
278.105,400.676,610.759,298.516
257.896,397.502,593.779,296.577
225.658,394.661,554.562,301.087
174.133,412.455,523.949,323.689
142.032,411.929,503.831,295.196
114.716,432.802,483.756,308.480
107.442,423.086,474.872,281.151
82.880,428.420,470.922,295.647
84.423,414.883,494.559,277.118
28.969,447.590,503.800,296.744
44.829,423.752,494.290,276.438
51.214,434.222,497.485,279.315
30.045,424.408,482.508,277.252
0.000,421.849,495.798,278.604
28.427,420.198,525.314,283.658
0.000,417.711,511.248,287.115
3.212,421.681,509.081,290.678
22.420,419.554,496.017,288.545
25.391,431.079,487.570,281.002
23.431,417.764,477.031,273.149
30.375,410.554,467.281,268.479
31.239,418.156,464.823,264.267
32.208,431.864,461.794,257.141
30.572,440.262,461.630,250.028
14.796,443.128,452.000,240.315
17.791,441.618,442.871,233.120
36.392,438.595,446.001,219.328
55.452,444.678,439.815,219.533
67.195,465.051,431.525,220.391
90.460,472.921,416.195,208.537
91.112,494.274,391.431,202.390
82.636,483.859,374.086,198.307
85.079,477.536,355.204,187.262
72.029,482.156,364.954,180.746
88.841,491.884,358.928,183.649
65.057,476.493,360.654,179.814
75.704,479.948,358.986,178.631
71.165,481.303,354.272,172.560
65.274,486.654,346.386,169.373
60.876,488.441,342.535,159.516
49.660,487.723,339.886,153.077
45.443,485.699,330.797,146.141
41.419,487.714,323.678,141.156
29.071,486.620,323.478,137.566
26.306,493.057,322.752,137.036
14.221,492.163,320.525,137.479
0.979,492.013,317.163,135.020
6.611,493.595,300.818,131.349
9.764,495.888,290.494,131.513
11.904,496.984,275.014,130.118
13.434,497.602,260.700,128.684
12.343,501.318,246.075,126.739
13.398,509.057,237.790,123.820
10.226,521.112,235.597,122.887
4.753,518.387,225.017,122.428
4.078,521.208,219.902,120.602
0.000,522.469,211.856,123.789
0.000,514.468,205.390,129.730
10.484,542.832,208.663,137.133
20.270,557.748,208.053,141.734
14.176,572.001,216.316,134.209
13.610,573.163,215.183,133.356
13.538,568.129,213.954,137.862
8.694,565.317,213.267,145.890
10.306,558.203,213.847,156.568
8.964,553.991,213.385,163.309
14.300,547.791,214.520,166.819
12.306,542.645,213.882,182.612
12.660,535.066,219.134,184.588
13.693,533.491,221.616,187.696
15.110,533.609,222.814,187.674
12.975,532.226,220.548,186.918
13.009,530.859,211.741,185.202
11.004,533.809,208.311,185.411
11.070,535.027,204.564,186.386
3.519,534.441,200.479,184.042
4.443,538.817,195.441,180.362
6.181,542.309,191.086,172.297
8.247,539.063,186.942,169.124
9.198,531.846,181.952,166.884
12.562,528.709,183.488,167.827
28.652,521.717,185.143,161.927
71.743,521.114,216.262,159.062
109.378,498.030,255.478,148.996
120.428,510.097,269.835,144.260
119.136,520.407,259.527,148.233
131.927,513.653,237.505,150.857
105.761,509.837,239.876,141.246
87.925,518.629,241.691,134.678
74.250,518.061,243.635,127.932
84.837,515.546,241.253,122.740
84.369,517.805,238.723,126.897
66.718,521.292,233.205,125.808
49.088,521.871,225.402,124.953
34.609,521.511,229.434,117.454
46.786,526.036,241.294,117.583
41.260,533.584,239.714,122.371
43.578,543.906,233.636,133.607
53.202,551.723,233.981,148.333
55.933,551.405,241.450,157.629
68.165,552.635,246.943,179.268
82.426,548.585,254.855,188.562
108.363,536.638,259.309,204.582
144.561,522.879,284.146,199.433
186.315,522.912,303.293,200.422
217.721,528.436,312.614,201.934
