198.0,249.0,95.0,325.0
197.0,247.0,96.0,330.0
196.0,247.0,96.0,332.0
196.0,247.0,95.0,337.0
196.0,248.0,95.0,335.0
198.0,248.0,93.0,340.0
199.0,249.0,95.0,340.0
203.0,253.0,95.0,335.0
206.0,251.0,95.0,339.0
209.0,249.0,95.0,342.0
208.0,249.0,98.0,342.0
211.0,252.0,100.0,335.0
214.0,251.0,97.0,348.0
217.0,252.0,96.0,349.0
215.0,253.0,98.0,354.0
216.0,255.0,102.0,349.0
219.0,253.0,101.0,349.0
220.0,258.0,106.0,330.0
227.0,244.0,98.0,358.0
226.0,242.0,100.0,352.0
219.0,240.0,107.0,343.0
215.0,235.0,106.0,348.0
216.0,228.0,106.0,350.0
213.0,226.0,108.0,351.0
210.0,221.0,109.0,358.0
212.0,218.0,105.0,354.0
211.0,212.0,104.0,358.0
212.0,208.0,106.0,355.0
212.0,207.0,110.0,351.0
220.0,207.0,107.0,365.0
223.0,215.0,107.0,366.0
218.0,225.0,113.0,357.0
218.0,230.0,110.0,361.0
218.0,228.0,111.0,366.0
215.0,232.0,113.0,357.0
215.0,233.0,110.0,355.0
215.0,237.0,111.0,352.0
212.0,234.0,110.0,355.0
211.0,224.0,109.0,365.0
211.0,214.0,110.0,378.0
209.0,206.0,110.0,378.0
210.0,201.0,110.0,379.0
207.0,195.0,111.0,371.0
209.0,186.0,112.0,363.0
211.0,187.0,117.0,351.0
214.0,188.0,119.0,352.0
221.0,179.0,115.0,367.0
223.0,177.0,118.0,360.0
225.0,183.0,120.0,349.0
231.0,184.0,115.0,368.0
236.0,188.0,116.0,365.0
236.0,185.0,115.0,367.0
234.0,186.0,115.0,366.0
229.0,191.0,120.0,347.0
241.0,192.0,116.0,343.0
247.0,187.0,111.0,359.0
241.0,186.0,112.0,348.0
242.0,193.0,112.0,349.0
238.0,202.0,116.0,346.0
228.0,211.0,112.0,314.0
211.0,191.0,111.0,315.0
197.0,167.0,111.0,331.0
187.0,150.0,114.0,337.0
182.0,135.0,114.0,343.0
177.0,135.0,120.0,337.0
175.0,144.0,122.0,343.0
174.0,148.0,123.0,335.0
176.0,155.0,123.0,335.0
180.0,166.0,116.0,322.0
188.0,168.0,122.0,323.0
193.0,173.0,120.0,325.0
205.0,175.0,122.0,332.0
214.0,169.0,119.0,344.0
221.0,173.0,115.0,341.0
226.0,196.0,112.0,336.0
229.0,203.0,107.0,339.0
229.0,207.0,105.0,344.0
229.0,204.0,103.0,342.0
227.0,199.0,101.0,337.0
223.0,185.0,99.0,333.0
222.0,177.0,98.0,332.0
222.0,174.0,98.0,324.0
224.0,169.0,100.0,321.0
227.0,166.0,101.0,323.0
225.0,165.0,104.0,330.0
231.0,178.0,106.0,310.0
241.0,189.0,104.0,314.0
248.0,206.0,107.0,304.0
265.0,215.0,106.0,300.0
277.0,215.0,105.0,292.0
299.0,223.0,103.0,288.0
318.0,221.0,105.0,291.0
331.0,218.0,107.0,295.0
346.0,218.0,107.0,304.0
359.0,206.0,105.0,311.0
365.0,193.0,102.0,325.0
361.0,185.0,105.0,326.0
362.0,173.0,103.0,324.0
366.0,163.0,103.0,338.0
366.0,155.0,102.0,343.0
366.0,164.0,108.0,330.0
375.0,158.0,107.0,346.0
376.0,154.0,102.0,340.0
378.0,157.0,104.0,324.0
385.0,169.0,105.0,312.0
392.0,165.0,105.0,312.0
398.0,170.0,101.0,324.0
395.0,181.0,107.0,323.0
394.0,186.0,107.0,330.0
394.0,192.0,106.0,339.0
394.0,190.0,108.0,354.0
383.0,186.0,119.0,352.0
379.0,191.0,120.0,351.0
371.0,186.0,121.0,350.0
370.0,190.0,115.0,362.0
366.0,195.0,120.0,360.0
365.0,174.0,116.0,361.0
363.0,158.0,117.0,366.0
362.0,158.0,114.0,365.0
362.0,159.0,111.0,361.0
357.0,175.0,108.0,350.0
354.0,181.0,107.0,354.0
347.0,189.0,105.0,351.0
340.0,194.0,107.0,344.0
332.0,196.0,106.0,353.0
327.0,190.0,109.0,353.0
323.0,208.0,108.0,357.0
318.0,222.0,108.0,351.0
315.0,224.0,109.0,352.0
313.0,223.0,112.0,347.0
311.0,227.0,115.0,341.0
308.0,237.0,117.0,350.0
309.0,229.0,116.0,343.0
312.0,217.0,113.0,348.0
305.0,218.0,115.0,346.0
307.0,212.0,110.0,358.0
308.0,208.0,109.0,355.0
304.0,197.0,106.0,358.0
304.0,182.0,103.0,364.0
304.0,178.0,100.0,357.0
302.0,177.0,98.0,361.0
304.0,169.0,93.0,360.0
306.0,171.0,93.0,361.0
311.0,177.0,89.0,361.0
314.0,179.0,88.0,357.0
317.0,189.0,87.0,360.0
316.0,191.0,88.0,364.0
319.0,197.0,87.0,356.0
321.0,209.0,86.0,349.0
325.0,212.0,85.0,346.0
327.0,212.0,85.0,347.0
329.0,223.0,85.0,339.0
327.0,247.0,88.0,325.0
326.0,239.0,84.0,325.0
326.0,230.0,85.0,322.0
324.0,220.0,83.0,324.0
323.0,216.0,82.0,324.0
316.0,211.0,80.0,317.0
311.0,204.0,80.0,316.0
313.0,205.0,77.0,305.0
310.0,195.0,78.0,301.0
316.0,182.0,76.0,291.0
314.0,196.0,78.0,284.0
311.0,197.0,79.0,283.0
305.0,197.0,81.0,292.0
308.0,199.0,80.0,290.0
307.0,205.0,80.0,284.0
307.0,207.0,84.0,281.0
305.0,213.0,83.0,282.0
306.0,220.0,85.0,279.0
304.0,233.0,87.0,271.0
306.0,239.0,88.0,267.0
310.0,242.0,88.0,264.0
309.0,246.0,87.0,264.0
309.0,250.0,89.0,270.0
310.0,252.0,87.0,271.0
311.0,251.0,86.0,271.0
315.0,251.0,85.0,263.0
318.0,248.0,85.0,269.0
321.0,251.0,84.0,273.0
323.0,246.0,79.0,270.0
328.0,240.0,79.0,276.0
329.0,230.0,80.0,280.0
330.0,227.0,79.0,274.0
331.0,227.0,76.0,271.0
334.0,232.0,75.0,271.0
337.0,223.0,72.0,260.0
338.0,224.0,70.0,260.0
341.0,222.0,71.0,260.0
347.0,228.0,69.0,254.0
345.0,235.0,70.0,254.0
350.0,240.0,67.0,253.0
350.0,243.0,66.0,251.0
349.0,254.0,65.0,248.0
345.0,252.0,66.0,240.0
343.0,253.0,65.0,237.0
341.0,261.0,65.0,232.0
339.0,261.0,66.0,228.0
337.0,268.0,67.0,223.0
332.0,265.0,69.0,223.0
325.0,268.0,64.0,225.0
322.0,267.0,64.0,228.0
317.0,252.0,58.0,232.0
316.0,256.0,59.0,235.0
314.0,244.0,57.0,233.0
315.0,243.0,57.0,227.0
315.0,245.0,55.0,222.0
314.0,246.0,55.0,218.0
316.0,247.0,56.0,207.0
321.0,256.0,57.0,220.0
320.0,247.0,58.0,208.0
322.0,254.0,62.0,205.0
326.0,256.0,64.0,209.0
334.0,257.0,60.0,207.0
334.0,258.0,62.0,196.0
336.0,257.0,62.0,194.0
339.0,266.0,63.0,188.0
344.0,272.0,62.0,188.0
342.0,273.0,65.0,196.0
343.0,279.0,67.0,194.0
348.0,278.0,63.0,194.0
350.0,284.0,64.0,192.0
353.0,275.0,61.0,188.0
353.0,271.0,64.0,204.0
354.0,265.0,61.0,203.0
357.0,255.0,57.0,195.0
357.0,252.0,59.0,183.0
360.0,254.0,60.0,175.0
363.0,251.0,61.0,180.0
367.0,249.0,62.0,185.0
368.0,246.0,61.0,188.0
371.0,238.0,60.0,178.0
375.0,230.0,59.0,171.0
379.0,235.0,59.0,172.0
382.0,237.0,58.0,169.0
384.0,246.0,62.0,172.0
383.0,248.0,60.0,166.0
382.0,249.0,61.0,165.0
382.0,250.0,61.0,170.0
380.0,255.0,62.0,173.0
377.0,263.0,66.0,185.0
370.0,269.0,67.0,193.0
370.0,266.0,64.0,192.0
367.0,264.0,61.0,194.0
362.0,252.0,61.0,206.0
358.0,259.0,61.0,184.0
349.0,256.0,57.0,179.0
343.0,251.0,56.0,181.0
339.0,246.0,55.0,182.0
334.0,239.0,54.0,183.0
331.0,232.0,56.0,189.0
328.0,229.0,57.0,181.0
328.0,229.0,56.0,177.0
330.0,238.0,57.0,180.0
330.0,238.0,59.0,184.0
329.0,231.0,57.0,185.0
328.0,233.0,58.0,175.0
335.0,226.0,55.0,169.0
340.0,227.0,55.0,169.0
342.0,229.0,54.0,170.0
349.0,233.0,53.0,170.0
354.0,238.0,54.0,168.0
357.0,241.0,56.0,175.0
363.0,241.0,56.0,172.0
367.0,247.0,57.0,172.0
374.0,255.0,59.0,173.0
378.0,265.0,60.0,172.0
381.0,267.0,60.0,177.0
388.0,267.0,57.0,174.0
391.0,267.0,57.0,180.0
393.0,266.0,57.0,185.0
390.0,261.0,61.0,196.0
387.0,263.0,63.0,197.0
387.0,264.0,64.0,193.0
390.0,262.0,64.0,195.0
390.0,255.0,65.0,196.0
391.0,258.0,64.0,190.0
388.0,260.0,66.0,188.0
387.0,260.0,66.0,192.0
387.0,258.0,66.0,190.0
386.0,261.0,68.0,192.0
379.0,263.0,70.0,184.0
374.0,262.0,72.0,184.0
370.0,264.0,69.0,180.0
360.0,260.0,71.0,182.0
354.0,259.0,72.0,183.0
347.0,257.0,72.0,185.0
338.0,254.0,76.0,192.0
329.0,254.0,73.0,192.0
324.0,252.0,72.0,189.0
316.0,248.0,72.0,194.0
306.0,244.0,73.0,197.0
299.0,242.0,73.0,203.0
292.0,242.0,73.0,206.0
283.0,245.0,73.0,201.0
276.0,244.0,71.0,202.0
268.0,243.0,71.0,202.0
259.0,243.0,70.0,205.0
252.0,244.0,70.0,207.0
242.0,249.0,71.0,211.0
236.0,247.0,71.0,212.0
231.0,250.0,70.0,214.0
224.0,257.0,70.0,210.0
215.0,262.0,70.0,215.0
205.0,256.0,69.0,219.0
200.0,251.0,70.0,223.0
195.0,248.0,71.0,226.0
190.0,246.0,70.0,218.0
183.0,247.0,69.0,211.0
182.0,246.0,70.0,213.0
179.0,237.0,68.0,212.0
180.0,243.0,70.0,209.0
180.0,243.0,70.0,205.0
183.0,243.0,70.0,201.0
185.0,246.0,70.0,194.0
189.0,246.0,69.0,188.0
196.0,249.0,69.0,187.0
208.0,250.0,67.0,184.0
215.0,253.0,66.0,183.0
225.0,258.0,65.0,185.0
234.0,260.0,64.0,192.0
244.0,250.0,61.0,184.0
253.0,256.0,61.0,190.0
260.0,256.0,62.0,193.0
266.0,257.0,65.0,195.0
273.0,263.0,66.0,201.0
272.0,267.0,70.0,201.0
271.0,274.0,75.0,200.0
282.0,266.0,68.0,204.0
282.0,271.0,69.0,209.0
281.0,262.0,71.0,199.0
282.0,262.0,71.0,200.0
284.0,259.0,72.0,202.0
290.0,247.0,64.0,205.0
290.0,253.0,67.0,208.0
293.0,251.0,64.0,198.0
294.0,246.0,64.0,205.0
293.0,251.0,68.0,205.0
286.0,247.0,68.0,211.0
280.0,243.0,71.0,211.0
279.0,236.0,70.0,206.0
269.0,232.0,75.0,219.0
267.0,232.0,71.0,209.0
270.0,240.0,67.0,203.0
271.0,244.0,63.0,199.0
273.0,266.0,66.0,198.0
275.0,270.0,63.0,191.0
280.0,269.0,60.0,188.0
285.0,278.0,61.0,188.0
288.0,272.0,58.0,184.0
291.0,274.0,59.0,181.0
298.0,275.0,58.0,175.0
304.0,268.0,57.0,171.0
312.0,266.0,57.0,167.0
319.0,265.0,57.0,159.0
327.0,268.0,58.0,157.0
337.0,268.0,60.0,157.0
345.0,268.0,59.0,160.0
352.0,271.0,59.0,160.0
361.0,267.0,59.0,159.0
368.0,263.0,56.0,157.0
372.0,262.0,57.0,159.0
374.0,252.0,55.0,156.0
375.0,254.0,58.0,161.0
378.0,247.0,56.0,162.0
380.0,245.0,56.0,165.0
378.0,241.0,55.0,167.0
377.0,230.0,55.0,168.0
368.0,239.0,55.0,178.0
366.0,233.0,57.0,179.0
362.0,228.0,57.0,176.0
358.0,222.0,59.0,179.0
354.0,215.0,57.0,180.0
347.0,222.0,57.0,176.0
339.0,225.0,56.0,176.0
330.0,237.0,58.0,173.0
318.0,241.0,59.0,174.0
306.0,245.0,59.0,172.0
292.0,252.0,60.0,179.0
280.0,255.0,60.0,177.0
267.0,255.0,59.0,174.0
253.0,260.0,61.0,177.0
237.0,259.0,63.0,184.0
229.0,254.0,61.0,180.0
216.0,252.0,63.0,186.0
211.0,238.0,62.0,181.0
203.0,236.0,65.0,187.0
195.0,232.0,66.0,196.0
191.0,233.0,66.0,199.0
186.0,236.0,66.0,205.0
183.0,238.0,64.0,204.0
178.0,238.0,67.0,198.0
174.0,240.0,66.0,204.0
168.0,238.0,66.0,209.0
165.0,239.0,63.0,204.0
165.0,241.0,64.0,204.0
163.0,244.0,64.0,200.0
164.0,240.0,62.0,195.0
166.0,255.0,66.0,191.0
171.0,258.0,66.0,189.0
175.0,268.0,68.0,197.0
176.0,269.0,69.0,205.0
175.0,271.0,72.0,204.0
173.0,261.0,70.0,209.0
172.0,252.0,69.0,214.0
173.0,245.0,70.0,211.0
176.0,242.0,72.0,217.0
177.0,242.0,75.0,215.0
182.0,236.0,70.0,215.0
187.0,220.0,71.0,229.0
186.0,213.0,71.0,226.0
189.0,200.0,72.0,233.0
192.0,201.0,74.0,230.0
195.0,201.0,72.0,232.0
198.0,200.0,68.0,242.0
198.0,205.0,68.0,241.0
197.0,209.0,69.0,235.0
196.0,215.0,71.0,233.0
193.0,216.0,70.0,228.0
195.0,218.0,69.0,232.0
192.0,216.0,71.0,227.0
189.0,218.0,71.0,229.0
189.0,220.0,71.0,232.0
186.0,222.0,72.0,232.0
183.0,223.0,71.0,228.0
179.0,221.0,72.0,229.0
175.0,221.0,73.0,225.0
170.0,215.0,71.0,226.0
163.0,207.0,73.0,234.0
161.0,201.0,74.0,241.0
159.0,196.0,75.0,243.0
160.0,197.0,75.0,244.0
159.0,193.0,74.0,248.0
158.0,182.0,73.0,253.0
157.0,178.0,75.0,253.0
159.0,179.0,74.0,253.0
161.0,182.0,73.0,257.0
161.0,190.0,73.0,254.0
161.0,196.0,72.0,256.0
162.0,200.0,75.0,256.0
163.0,203.0,73.0,252.0
163.0,211.0,73.0,252.0
165.0,216.0,72.0,249.0
165.0,219.0,73.0,253.0
164.0,221.0,74.0,257.0
163.0,224.0,74.0,254.0
161.0,226.0,75.0,258.0
161.0,226.0,75.0,255.0
161.0,223.0,75.0,255.0
161.0,222.0,75.0,253.0
161.0,218.0,76.0,256.0
160.0,214.0,76.0,260.0
157.0,211.0,76.0,253.0
157.0,201.0,80.0,258.0
160.0,193.0,78.0,256.0
158.0,185.0,77.0,257.0
157.0,176.0,78.0,260.0
155.0,166.0,77.0,249.0
159.0,163.0,79.0,256.0
159.0,165.0,78.0,250.0
161.0,172.0,75.0,245.0
162.0,178.0,74.0,246.0
163.0,186.0,75.0,244.0
161.0,189.0,76.0,248.0
160.0,189.0,76.0,256.0
159.0,193.0,76.0,251.0
158.0,201.0,76.0,251.0
154.0,208.0,78.0,246.0
149.0,211.0,77.0,245.0
145.0,210.0,75.0,249.0
140.0,212.0,77.0,255.0
139.0,206.0,77.0,260.0
134.0,202.0,78.0,257.0
133.0,200.0,76.0,260.0
134.0,201.0,76.0,266.0
133.0,198.0,75.0,270.0
130.0,194.0,72.0,269.0
129.0,202.0,73.0,269.0
129.0,198.0,70.0,258.0
129.0,195.0,66.0,244.0
128.0,194.0,64.0,239.0
129.0,200.0,67.0,240.0
129.0,201.0,64.0,232.0
134.0,203.0,61.0,232.0
134.0,203.0,60.0,235.0
136.0,208.0,60.0,245.0
138.0,212.0,62.0,255.0
138.0,214.0,65.0,256.0
138.0,215.0,67.0,259.0
137.0,214.0,67.0,254.0
138.0,216.0,67.0,248.0
139.0,216.0,68.0,250.0
138.0,215.0,68.0,252.0
138.0,215.0,72.0,253.0
135.0,217.0,73.0,251.0
137.0,222.0,77.0,252.0
135.0,216.0,75.0,251.0
134.0,217.0,75.0,247.0
135.0,219.0,78.0,250.0
136.0,222.0,80.0,249.0
137.0,223.0,81.0,247.0
140.0,221.0,81.0,248.0
144.0,226.0,85.0,253.0
145.0,227.0,85.0,253.0
147.0,225.0,84.0,257.0
148.0,226.0,84.0,256.0
149.0,227.0,84.0,247.0
153.0,226.0,85.0,249.0
155.0,225.0,82.0,255.0
155.0,225.0,81.0,247.0
157.0,223.0,81.0,248.0
160.0,226.0,80.0,251.0
161.0,228.0,80.0,252.0
164.0,230.0,82.0,252.0
165.0,233.0,80.0,248.0
165.0,233.0,80.0,246.0
169.0,237.0,80.0,248.0
171.0,239.0,79.0,246.0
172.0,234.0,78.0,248.0
176.0,237.0,78.0,250.0
179.0,236.0,77.0,249.0
179.0,233.0,76.0,241.0
183.0,233.0,76.0,244.0
185.0,233.0,76.0,239.0
192.0,233.0,73.0,242.0
194.0,234.0,73.0,239.0
197.0,232.0,74.0,237.0
202.0,232.0,74.0,240.0
204.0,230.0,74.0,237.0
205.0,228.0,75.0,233.0
211.0,229.0,74.0,239.0
213.0,227.0,74.0,239.0
213.0,222.0,73.0,236.0
215.0,226.0,74.0,233.0
214.0,224.0,74.0,231.0
216.0,228.0,74.0,231.0
215.0,221.0,73.0,233.0
212.0,223.0,73.0,231.0
213.0,222.0,73.0,234.0
209.0,222.0,74.0,233.0
207.0,222.0,74.0,230.0
203.0,225.0,73.0,227.0
199.0,226.0,73.0,228.0
196.0,227.0,73.0,227.0
190.0,228.0,74.0,221.0
184.0,228.0,75.0,223.0
180.0,226.0,74.0,218.0
175.0,226.0,73.0,217.0
171.0,228.0,74.0,220.0
169.0,232.0,75.0,212.0
163.0,229.0,74.0,210.0
160.0,230.0,72.0,206.0
155.0,229.0,69.0,201.0
148.0,234.0,72.0,200.0
142.0,227.0,69.0,205.0
135.0,238.0,72.0,198.0
129.0,239.0,71.0,197.0
120.0,238.0,73.0,203.0
117.0,240.0,73.0,211.0
111.0,237.0,71.0,209.0
108.0,234.0,70.0,213.0
107.0,236.0,70.0,213.0
103.0,233.0,70.0,216.0
100.0,234.0,69.0,216.0
100.0,233.0,68.0,214.0
102.0,236.0,71.0,218.0
100.0,234.0,68.0,219.0
101.0,234.0,69.0,219.0
100.0,232.0,69.0,219.0
99.0,236.0,67.0,217.0
100.0,234.0,67.0,216.0
99.0,233.0,67.0,215.0
100.0,235.0,67.0,215.0
100.0,235.0,66.0,216.0
101.0,235.0,66.0,218.0
102.0,239.0,67.0,216.0
103.0,240.0,67.0,212.0
107.0,239.0,66.0,214.0
109.0,240.0,65.0,211.0
112.0,242.0,65.0,210.0
114.0,242.0,64.0,214.0
116.0,238.0,63.0,216.0
115.0,235.0,64.0,216.0
117.0,238.0,64.0,214.0
117.0,239.0,65.0,210.0
117.0,235.0,64.0,213.0
115.0,236.0,64.0,211.0
110.0,237.0,67.0,209.0
106.0,233.0,67.0,207.0
103.0,237.0,67.0,205.0
99.0,236.0,67.0,205.0
98.0,231.0,66.0,206.0
95.0,233.0,67.0,206.0
94.0,232.0,65.0,205.0
93.0,239.0,66.0,188.0
89.0,225.0,62.0,196.0
87.0,226.0,62.0,194.0
88.0,224.0,60.0,192.0
91.0,223.0,59.0,192.0
93.0,227.0,58.0,189.0
92.0,229.0,58.0,190.0
91.0,232.0,60.0,189.0
94.0,234.0,59.0,189.0
96.0,239.0,60.0,183.0
97.0,240.0,59.0,183.0
99.0,243.0,60.0,183.0
105.0,251.0,58.0,178.0
108.0,252.0,57.0,181.0
112.0,250.0,54.0,184.0
114.0,253.0,52.0,180.0
115.0,251.0,50.0,178.0
117.0,246.0,49.0,180.0
118.0,245.0,50.0,186.0
121.0,251.0,50.0,184.0
121.0,249.0,48.0,183.0
122.0,252.0,49.0,181.0
121.0,259.0,51.0,192.0
120.0,255.0,51.0,186.0
117.0,244.0,51.0,183.0
115.0,238.0,50.0,181.0
113.0,237.0,50.0,181.0
112.0,239.0,49.0,188.0
114.0,237.0,49.0,186.0
114.0,231.0,48.0,179.0
111.0,235.0,50.0,175.0
108.0,230.0,50.0,171.0
106.0,228.0,50.0,169.0
101.0,227.0,52.0,168.0
101.0,225.0,52.0,167.0
100.0,217.0,49.0,167.0
98.0,215.0,50.0,164.0
98.0,215.0,48.0,166.0
97.0,219.0,48.0,165.0
93.0,223.0,48.0,160.0
89.0,226.0,46.0,157.0
85.0,230.0,46.0,158.0
83.0,233.0,46.0,153.0
80.0,235.0,46.0,149.0
75.0,238.0,46.0,145.0
70.0,230.0,44.0,148.0
67.0,231.0,43.0,151.0
68.0,236.0,43.0,147.0
66.0,239.0,43.0,145.0
67.0,247.0,43.0,140.0
66.0,253.0,45.0,136.0
66.0,253.0,45.0,136.0
66.0,252.0,48.0,137.0
65.0,248.0,49.0,139.0
67.0,247.0,49.0,137.0
69.0,242.0,50.0,137.0
73.0,242.0,48.0,140.0
76.0,243.0,48.0,142.0
78.0,239.0,46.0,143.0
81.0,239.0,46.0,142.0
82.0,234.0,46.0,139.0
87.0,233.0,46.0,134.0
90.0,233.0,47.0,135.0
95.0,235.0,47.0,141.0
100.0,246.0,45.0,145.0
101.0,253.0,47.0,145.0
101.0,251.0,47.0,145.0
102.0,245.0,47.0,150.0
103.0,243.0,48.0,150.0
103.0,244.0,49.0,149.0
103.0,243.0,49.0,150.0
107.0,245.0,47.0,146.0
108.0,250.0,49.0,144.0
109.0,252.0,50.0,141.0
111.0,246.0,49.0,139.0
111.0,238.0,48.0,141.0
110.0,233.0,48.0,140.0
109.0,239.0,51.0,144.0
109.0,234.0,50.0,149.0
111.0,235.0,47.0,149.0
110.0,232.0,45.0,148.0
107.0,227.0,47.0,155.0
103.0,230.0,49.0,155.0
102.0,229.0,47.0,154.0
98.0,229.0,48.0,154.0
93.0,224.0,46.0,151.0
88.0,227.0,48.0,153.0
81.0,224.0,46.0,152.0
73.0,233.0,50.0,156.0
67.0,239.0,51.0,156.0
61.0,246.0,51.0,159.0
57.0,256.0,54.0,159.0
51.0,258.0,54.0,157.0
47.0,255.0,55.0,164.0
45.0,256.0,54.0,169.0
42.0,263.0,57.0,166.0
42.0,265.0,57.0,162.0
44.0,260.0,57.0,169.0
45.0,256.0,58.0,169.0
48.0,255.0,59.0,162.0
59.0,258.0,58.0,158.0
68.0,258.0,57.0,157.0
75.0,262.0,58.0,153.0
81.0,259.0,59.0,161.0
93.0,264.0,62.0,175.0
97.0,258.0,62.0,177.0
99.0,248.0,63.0,175.0
105.0,249.0,66.0,178.0
111.0,245.0,68.0,184.0
116.0,240.0,66.0,181.0
122.0,242.0,70.0,190.0
126.0,241.0,71.0,195.0
129.0,241.0,73.0,201.0
131.0,241.0,76.0,211.0
135.0,241.0,75.0,213.0
140.0,242.0,75.0,209.0
143.0,240.0,75.0,210.0
142.0,244.0,78.0,218.0
144.0,241.0,76.0,210.0
145.0,241.0,79.0,210.0
148.0,243.0,79.0,210.0
151.0,245.0,79.0,209.0
154.0,244.0,79.0,209.0
156.0,249.0,78.0,205.0
160.0,247.0,80.0,207.0
164.0,247.0,79.0,207.0
167.0,250.0,80.0,215.0
173.0,248.0,79.0,210.0
174.0,247.0,80.0,214.0
176.0,247.0,81.0,219.0
178.0,248.0,81.0,223.0
179.0,246.0,83.0,227.0
179.0,243.0,85.0,238.0
178.0,244.0,86.0,234.0
175.0,242.0,86.0,240.0
176.0,238.0,87.0,238.0
176.0,235.0,86.0,242.0
176.0,233.0,86.0,240.0
174.0,231.0,87.0,246.0
175.0,229.0,88.0,248.0
177.0,228.0,90.0,253.0
178.0,226.0,91.0,255.0
179.0,224.0,90.0,251.0
180.0,224.0,91.0,255.0
179.0,224.0,92.0,257.0
178.0,226.0,91.0,252.0
178.0,222.0,91.0,257.0
176.0,224.0,94.0,260.0
176.0,224.0,91.0,260.0
176.0,227.0,92.0,256.0
173.0,227.0,93.0,257.0
171.0,227.0,92.0,260.0
172.0,226.0,93.0,263.0
170.0,222.0,96.0,268.0
170.0,219.0,96.0,272.0
170.0,219.0,96.0,274.0
170.0,218.0,95.0,275.0
171.0,218.0,99.0,281.0
170.0,218.0,99.0,284.0
172.0,220.0,98.0,283.0
170.0,222.0,99.0,280.0
169.0,223.0,101.0,286.0
170.0,221.0,101.0,287.0
171.0,219.0,101.0,287.0
170.0,217.0,104.0,296.0
171.0,218.0,103.0,291.0
174.0,218.0,103.0,293.0
176.0,218.0,104.0,292.0
174.0,217.0,103.0,293.0
176.0,216.0,105.0,299.0
177.0,214.0,106.0,304.0
179.0,218.0,105.0,292.0
180.0,216.0,103.0,295.0
181.0,217.0,103.0,298.0
182.0,217.0,101.0,295.0
180.0,217.0,102.0,293.0
179.0,219.0,102.0,283.0
176.0,218.0,103.0,284.0
174.0,218.0,103.0,291.0
172.0,219.0,103.0,287.0
169.0,217.0,105.0,296.0
169.0,212.0,104.0,306.0
166.0,209.0,106.0,306.0
166.0,209.0,107.0,300.0
168.0,212.0,110.0,295.0
173.0,218.0,111.0,291.0
180.0,223.0,113.0,290.0
182.0,226.0,111.0,295.0
185.0,228.0,112.0,303.0
188.0,235.0,113.0,284.0
193.0,234.0,113.0,297.0
199.0,232.0,109.0,294.0
200.0,229.0,108.0,297.0
203.0,224.0,109.0,295.0
208.0,220.0,110.0,297.0
210.0,215.0,108.0,298.0
210.0,208.0,105.0,295.0
209.0,201.0,104.0,295.0
209.0,193.0,107.0,301.0
209.0,186.0,106.0,304.0
206.0,180.0,105.0,301.0
205.0,173.0,104.0,302.0
204.0,173.0,105.0,304.0
204.0,173.0,102.0,297.0
202.0,174.0,103.0,298.0
203.0,177.0,103.0,299.0
206.0,185.0,103.0,293.0
208.0,195.0,98.0,295.0
210.0,208.0,103.0,288.0
206.0,215.0,102.0,291.0
203.0,222.0,98.0,284.0
197.0,230.0,101.0,274.0
193.0,229.0,102.0,277.0
187.0,225.0,103.0,272.0
182.0,223.0,101.0,271.0
175.0,217.0,100.0,275.0
172.0,210.0,98.0,284.0
169.0,206.0,99.0,286.0
164.0,200.0,102.0,278.0
162.0,193.0,100.0,285.0
162.0,190.0,99.0,294.0
163.0,194.0,101.0,280.0
171.0,189.0,98.0,293.0
173.0,186.0,97.0,286.0
176.0,180.0,98.0,288.0
175.0,180.0,99.0,289.0
177.0,184.0,98.0,293.0
180.0,187.0,98.0,288.0
181.0,191.0,96.0,287.0
180.0,191.0,99.0,287.0
181.0,193.0,100.0,292.0
179.0,198.0,103.0,279.0
182.0,203.0,104.0,280.0
187.0,206.0,102.0,283.0
190.0,208.0,103.0,284.0
191.0,210.0,105.0,281.0
191.0,211.0,103.0,281.0
194.0,209.0,101.0,283.0
195.0,209.0,103.0,275.0
194.0,213.0,105.0,281.0
194.0,210.0,103.0,282.0
194.0,207.0,105.0,286.0
196.0,199.0,103.0,284.0
198.0,191.0,102.0,282.0
198.0,182.0,103.0,279.0
199.0,178.0,106.0,274.0
201.0,180.0,109.0,267.0
206.0,182.0,110.0,263.0
212.0,186.0,108.0,263.0
218.0,186.0,107.0,269.0
223.0,188.0,106.0,274.0
222.0,186.0,106.0,280.0
229.0,191.0,104.0,279.0
223.0,193.0,105.0,281.0
227.0,203.0,104.0,275.0
223.0,206.0,105.0,276.0
219.0,210.0,107.0,271.0
218.0,214.0,107.0,273.0
213.0,214.0,106.0,272.0
213.0,219.0,106.0,270.0
211.0,217.0,105.0,271.0
210.0,215.0,103.0,272.0
208.0,215.0,105.0,269.0
210.0,217.0,103.0,265.0
212.0,218.0,104.0,267.0
212.0,221.0,105.0,267.0
214.0,220.0,104.0,270.0
211.0,212.0,106.0,273.0
211.0,214.0,105.0,270.0
211.0,215.0,104.0,274.0
211.0,214.0,104.0,275.0
209.0,216.0,103.0,272.0
209.0,218.0,104.0,273.0
207.0,215.0,101.0,268.0
205.0,218.0,104.0,273.0
203.0,217.0,105.0,277.0
201.0,218.0,105.0,276.0
198.0,213.0,104.0,276.0
196.0,217.0,106.0,272.0
193.0,216.0,106.0,270.0
190.0,217.0,106.0,269.0
186.0,213.0,104.0,273.0
183.0,217.0,107.0,274.0
182.0,218.0,107.0,271.0
177.0,220.0,113.0,275.0
175.0,217.0,110.0,265.0
173.0,215.0,109.0,273.0
171.0,216.0,109.0,270.0
170.0,213.0,107.0,269.0
170.0,212.0,110.0,280.0
171.0,213.0,108.0,271.0
170.0,211.0,108.0,280.0
169.0,210.0,108.0,276.0
168.0,210.0,108.0,274.0
166.0,208.0,108.0,274.0
164.0,209.0,107.0,272.0
165.0,210.0,107.0,270.0
162.0,207.0,105.0,267.0
165.0,215.0,108.0,269.0
160.0,211.0,105.0,268.0
160.0,211.0,105.0,271.0
156.0,208.0,103.0,273.0
162.0,214.0,107.0,267.0
159.0,211.0,106.0,268.0
158.0,210.0,103.0,271.0
162.0,213.0,106.0,272.0
161.0,215.0,107.0,272.0
162.0,215.0,108.0,274.0
155.0,205.0,101.0,279.0
160.0,214.0,107.0,270.0
161.0,214.0,107.0,275.0
162.0,216.0,108.0,273.0
166.0,217.0,110.0,277.0
166.0,217.0,109.0,273.0
162.0,215.0,107.0,272.0
162.0,216.0,108.0,277.0
166.0,223.0,109.0,273.0
166.0,224.0,109.0,271.0
165.0,222.0,110.0,276.0
163.0,221.0,112.0,283.0
165.0,225.0,110.0,277.0
163.0,221.0,109.0,286.0
163.0,220.0,110.0,278.0
162.0,221.0,108.0,278.0
162.0,223.0,108.0,272.0
161.0,225.0,107.0,269.0
159.0,222.0,107.0,276.0
161.0,221.0,107.0,272.0
157.0,220.0,107.0,272.0
161.0,223.0,108.0,275.0
158.0,222.0,107.0,274.0
156.0,220.0,107.0,277.0
157.0,215.0,108.0,282.0
156.0,217.0,108.0,281.0
154.0,214.0,108.0,284.0
154.0,212.0,109.0,285.0
156.0,212.0,111.0,283.0
159.0,216.0,109.0,284.0
154.0,219.0,110.0,286.0
154.0,219.0,110.0,285.0
157.0,222.0,110.0,285.0
159.0,222.0,109.0,287.0
159.0,223.0,109.0,284.0
162.0,226.0,109.0,291.0
169.0,228.0,111.0,298.0
167.0,229.0,109.0,303.0
171.0,230.0,111.0,294.0
170.0,228.0,110.0,299.0
168.0,227.0,112.0,302.0
170.0,228.0,110.0,294.0
168.0,225.0,110.0,300.0
164.0,215.0,110.0,307.0
167.0,210.0,108.0,302.0
167.0,200.0,108.0,299.0
165.0,192.0,110.0,305.0
162.0,186.0,112.0,307.0
165.0,185.0,113.0,303.0
167.0,179.0,112.0,307.0
170.0,175.0,112.0,311.0
168.0,170.0,111.0,307.0
169.0,171.0,112.0,304.0
167.0,171.0,113.0,303.0
173.0,176.0,111.0,292.0
172.0,179.0,111.0,290.0
174.0,182.0,111.0,287.0
171.0,182.0,112.0,288.0
171.0,190.0,112.0,282.0
174.0,190.0,109.0,278.0
181.0,207.0,107.0,272.0
177.0,216.0,109.0,271.0
182.0,226.0,110.0,268.0
177.0,233.0,112.0,267.0
175.0,233.0,114.0,268.0
177.0,239.0,116.0,269.0
181.0,245.0,116.0,269.0
179.0,252.0,118.0,266.0
183.0,253.0,114.0,261.0
176.0,251.0,117.0,264.0
179.0,247.0,115.0,263.0
176.0,249.0,116.0,264.0
180.0,251.0,116.0,265.0
182.0,245.0,115.0,262.0
179.0,244.0,116.0,267.0
183.0,240.0,113.0,265.0
184.0,244.0,112.0,261.0
184.0,242.0,111.0,265.0
182.0,242.0,112.0,265.0
178.0,238.0,110.0,267.0
180.0,241.0,110.0,266.0
184.0,241.0,104.0,265.0
180.0,241.0,107.0,271.0
182.0,244.0,104.0,269.0
183.0,244.0,106.0,272.0
177.0,244.0,111.0,271.0
179.0,239.0,108.0,277.0
176.0,235.0,108.0,279.0
172.0,237.0,112.0,279.0
170.0,238.0,113.0,271.0
166.0,237.0,113.0,265.0
159.0,234.0,117.0,280.0
154.0,229.0,121.0,281.0
151.0,226.0,120.0,284.0
151.0,231.0,117.0,291.0
148.0,236.0,119.0,282.0
151.0,235.0,116.0,281.0
147.0,236.0,116.0,275.0
154.0,234.0,115.0,273.0
155.0,236.0,114.0,267.0
151.0,241.0,112.0,262.0
152.0,239.0,112.0,258.0
148.0,238.0,114.0,261.0
149.0,231.0,112.0,256.0
139.0,231.0,111.0,250.0
142.0,226.0,112.0,257.0
144.0,227.0,110.0,265.0
137.0,233.0,114.0,259.0
141.0,236.0,112.0,264.0
144.0,237.0,115.0,263.0
150.0,235.0,112.0,264.0
145.0,244.0,112.0,259.0
151.0,238.0,110.0,268.0
147.0,235.0,112.0,266.0
142.0,236.0,115.0,263.0
143.0,233.0,115.0,265.0
144.0,238.0,112.0,265.0
147.0,235.0,112.0,267.0
142.0,244.0,115.0,259.0
145.0,242.0,113.0,262.0
147.0,237.0,112.0,268.0
144.0,236.0,116.0,263.0
150.0,237.0,113.0,270.0
150.0,239.0,113.0,268.0
150.0,244.0,112.0,262.0
152.0,242.0,116.0,262.0
153.0,250.0,112.0,266.0
153.0,246.0,115.0,269.0
151.0,247.0,113.0,269.0
149.0,242.0,115.0,268.0
148.0,242.0,114.0,271.0
146.0,245.0,113.0,269.0
143.0,247.0,114.0,271.0
135.0,243.0,115.0,275.0
132.0,243.0,114.0,272.0
130.0,244.0,115.0,275.0
129.0,243.0,116.0,278.0
123.0,239.0,117.0,280.0
129.0,233.0,116.0,282.0
116.0,230.0,119.0,290.0
118.0,228.0,119.0,288.0
122.0,230.0,119.0,282.0
123.0,228.0,117.0,282.0
136.0,237.0,120.0,274.0
138.0,242.0,119.0,269.0
125.0,238.0,117.0,265.0
135.0,243.0,116.0,269.0
151.0,252.0,115.0,264.0
130.0,241.0,119.0,275.0
125.0,238.0,116.0,280.0
133.0,232.0,119.0,286.0
130.0,229.0,115.0,289.0
131.0,230.0,113.0,285.0
130.0,233.0,109.0,283.0
133.0,229.0,113.0,282.0
127.0,233.0,106.0,278.0
127.0,232.0,107.0,278.0
135.0,235.0,115.0,279.0
127.0,231.0,113.0,277.0
128.0,231.0,115.0,278.0
127.0,229.0,116.0,275.0
117.0,223.0,120.0,278.0
114.0,221.0,122.0,279.0
109.0,221.0,119.0,283.0
107.0,222.0,118.0,286.0
105.0,223.0,121.0,276.0
102.0,225.0,123.0,279.0
100.0,231.0,118.0,280.0
97.0,230.0,122.0,271.0
89.0,235.0,122.0,265.0
91.0,234.0,115.0,266.0
96.0,246.0,109.0,252.0
77.0,232.0,115.0,258.0
73.0,243.0,112.0,258.0
78.0,246.0,111.0,261.0
67.0,242.0,114.0,260.0
65.0,244.0,111.0,251.0
72.0,250.0,104.0,253.0
61.0,249.0,100.0,257.0
67.0,250.0,95.0,248.0
71.0,250.0,98.0,249.0
71.0,251.0,94.0,245.0
73.0,258.0,92.0,238.0
71.0,258.0,86.0,240.0
74.0,262.0,92.0,232.0
70.0,267.0,89.0,225.0
71.0,268.0,99.0,216.0
75.0,267.0,106.0,216.0
77.0,261.0,107.0,220.0
88.0,262.0,100.0,224.0
89.0,260.0,100.0,224.0
87.0,256.0,100.0,228.0
83.0,251.0,102.0,233.0
84.0,243.0,99.0,236.0
78.0,241.0,101.0,241.0
76.0,232.0,99.0,244.0
72.0,223.0,100.0,249.0
69.0,217.0,99.0,252.0
59.0,229.0,100.0,256.0
62.0,221.0,95.0,249.0
62.0,214.0,94.0,244.0
56.0,219.0,97.0,253.0
61.0,221.0,96.0,248.0
66.0,221.0,93.0,237.0
68.0,226.0,95.0,248.0
74.0,228.0,90.0,242.0
77.0,236.0,90.0,231.0
84.0,233.0,91.0,224.0
86.0,239.0,93.0,236.0
94.0,245.0,91.0,226.0
99.0,239.0,91.0,229.0
109.0,249.0,89.0,226.0
112.0,249.0,91.0,229.0
117.0,256.0,93.0,233.0
126.0,259.0,97.0,230.0
144.0,267.0,92.0,231.0
161.0,268.0,86.0,236.0
170.0,277.0,86.0,236.0
177.0,271.0,83.0,245.0
180.0,268.0,84.0,243.0
186.0,259.0,84.0,243.0
191.0,259.0,83.0,250.0
198.0,255.0,79.0,252.0
197.0,254.0,79.0,259.0
199.0,251.0,76.0,261.0
200.0,255.0,73.0,252.0
