130.0,132.0,31.0,115.0
130.0,133.0,30.0,113.0
130.0,133.0,31.0,114.0
130.0,133.0,31.0,114.0
129.0,133.0,31.0,113.0
129.0,131.0,31.0,115.0
129.0,129.0,32.0,117.0
129.0,129.0,32.0,114.0
128.0,127.0,32.0,114.0
128.0,127.0,33.0,113.0
127.0,125.0,32.0,115.0
128.0,127.0,31.0,111.0
128.0,127.0,31.0,112.0
128.0,127.0,30.0,110.0
128.0,127.0,29.0,110.0
125.0,124.0,31.0,113.0
125.0,122.0,31.0,114.0
125.0,122.0,31.0,112.0
124.0,120.0,31.0,112.0
125.0,120.0,29.0,113.0
125.0,120.0,29.0,113.0
125.0,121.0,30.0,113.0
124.0,122.0,30.0,110.0
124.0,122.0,30.0,110.0
123.0,122.0,32.0,110.0
124.0,122.0,31.0,111.0
123.0,123.0,32.0,109.0
124.0,121.0,32.0,113.0
124.0,119.0,31.0,115.0
124.0,118.0,30.0,114.0
124.0,116.0,30.0,115.0
123.0,116.0,31.0,113.0
123.0,116.0,31.0,112.0
124.0,117.0,29.0,110.0
124.0,117.0,29.0,110.0
123.0,117.0,29.0,110.0
122.0,116.0,30.0,108.0
122.0,116.0,30.0,106.0
122.0,115.0,30.0,106.0
122.0,114.0,29.0,109.0
122.0,112.0,29.0,110.0
122.0,112.0,29.0,112.0
122.0,112.0,30.0,112.0
122.0,111.0,29.0,111.0
122.0,113.0,30.0,108.0
122.0,114.0,29.0,107.0
121.0,114.0,31.0,109.0
122.0,114.0,30.0,108.0
122.0,113.0,30.0,107.0
122.0,112.0,29.0,112.0
123.0,111.0,29.0,112.0
122.0,110.0,29.0,106.0
123.0,111.0,28.0,105.0
122.0,109.0,29.0,106.0
122.0,108.0,29.0,108.0
123.0,109.0,28.0,105.0
123.0,109.0,27.0,105.0
122.0,110.0,28.0,101.0
121.0,109.0,28.0,102.0
120.0,108.0,29.0,103.0
119.0,107.0,29.0,103.0
120.0,106.0,28.0,103.0
121.0,105.0,27.0,106.0
120.0,105.0,28.0,105.0
121.0,105.0,27.0,105.0
120.0,106.0,28.0,103.0
120.0,106.0,28.0,103.0
120.0,107.0,28.0,101.0
120.0,107.0,29.0,101.0
120.0,106.0,29.0,104.0
119.0,106.0,30.0,104.0
120.0,105.0,29.0,107.0
120.0,104.0,29.0,106.0
119.0,103.0,29.0,101.0
119.0,102.0,29.0,105.0
119.0,100.0,30.0,107.0
120.0,101.0,28.0,104.0
119.0,102.0,29.0,104.0
119.0,103.0,28.0,100.0
119.0,102.0,29.0,101.0
119.0,102.0,28.0,99.0
118.0,101.0,28.0,100.0
118.0,99.0,29.0,101.0
118.0,98.0,28.0,102.0
118.0,97.0,27.0,104.0
117.0,97.0,28.0,104.0
118.0,98.0,27.0,103.0
119.0,99.0,26.0,101.0
118.0,98.0,27.0,101.0
118.0,100.0,29.0,100.0
118.0,99.0,29.0,102.0
118.0,100.0,28.0,100.0
118.0,99.0,28.0,101.0
118.0,98.0,29.0,103.0
118.0,97.0,29.0,102.0
118.0,96.0,29.0,100.0
118.0,97.0,29.0,98.0
118.0,96.0,29.0,100.0
118.0,95.0,28.0,99.0
118.0,97.0,28.0,97.0
118.0,97.0,28.0,95.0
117.0,97.0,28.0,93.0
117.0,96.0,28.0,93.0
117.0,96.0,28.0,92.0
117.0,94.0,28.0,92.0
117.0,93.0,27.0,95.0
117.0,93.0,26.0,96.0
118.0,93.0,26.0,96.0
118.0,94.0,26.0,95.0
118.0,96.0,26.0,93.0
118.0,96.0,26.0,91.0
118.0,96.0,26.0,92.0
118.0,95.0,26.0,92.0
118.0,96.0,27.0,91.0
118.0,95.0,27.0,93.0
117.0,94.0,27.0,94.0
117.0,93.0,26.0,92.0
117.0,92.0,27.0,91.0
117.0,91.0,27.0,93.0
117.0,91.0,26.0,93.0
117.0,91.0,26.0,92.0
117.0,93.0,26.0,88.0
116.0,94.0,26.0,88.0
115.0,92.0,27.0,88.0
115.0,91.0,27.0,87.0
115.0,90.0,27.0,90.0
114.0,89.0,26.0,90.0
115.0,89.0,26.0,90.0
115.0,88.0,25.0,93.0
115.0,89.0,25.0,91.0
115.0,90.0,25.0,89.0
114.0,90.0,25.0,88.0
115.0,91.0,25.0,88.0
114.0,91.0,26.0,87.0
114.0,91.0,26.0,87.0
113.0,91.0,27.0,87.0
113.0,89.0,26.0,89.0
113.0,88.0,26.0,90.0
113.0,87.0,26.0,85.0
113.0,88.0,26.0,84.0
113.0,87.0,25.0,85.0
113.0,87.0,24.0,85.0
113.0,87.0,25.0,82.0
112.0,87.0,25.0,84.0
112.0,88.0,24.0,83.0
111.0,87.0,25.0,84.0
110.0,87.0,26.0,83.0
109.0,84.0,26.0,85.0
109.0,84.0,26.0,84.0
109.0,83.0,25.0,85.0
110.0,83.0,24.0,87.0
110.0,83.0,24.0,88.0
110.0,84.0,24.0,85.0
110.0,84.0,23.0,85.0
109.0,84.0,25.0,85.0
109.0,85.0,25.0,86.0
109.0,85.0,25.0,84.0
109.0,85.0,25.0,86.0
109.0,84.0,25.0,87.0
108.0,82.0,25.0,88.0
108.0,82.0,25.0,87.0
108.0,81.0,25.0,87.0
107.0,81.0,25.0,85.0
108.0,79.0,24.0,87.0
108.0,81.0,24.0,84.0
107.0,82.0,24.0,84.0
106.0,82.0,24.0,83.0
106.0,82.0,24.0,81.0
105.0,81.0,25.0,82.0
106.0,79.0,24.0,81.0
105.0,78.0,24.0,82.0
104.0,77.0,25.0,85.0
105.0,77.0,24.0,85.0
105.0,77.0,24.0,84.0
105.0,78.0,24.0,84.0
105.0,78.0,23.0,85.0
105.0,79.0,24.0,83.0
105.0,80.0,24.0,82.0
105.0,80.0,23.0,81.0
105.0,79.0,24.0,83.0
104.0,79.0,24.0,83.0
104.0,77.0,24.0,84.0
104.0,77.0,24.0,82.0
104.0,76.0,24.0,80.0
104.0,76.0,24.0,81.0
104.0,77.0,23.0,79.0
103.0,77.0,24.0,77.0
103.0,78.0,23.0,77.0
102.0,79.0,24.0,75.0
102.0,80.0,24.0,74.0
100.0,79.0,25.0,72.0
101.0,78.0,24.0,72.0
100.0,77.0,25.0,73.0
101.0,77.0,24.0,73.0
101.0,77.0,24.0,75.0
99.0,79.0,26.0,79.0
100.0,80.0,25.0,75.0
101.0,81.0,24.0,74.0
102.0,82.0,24.0,72.0
100.0,85.0,25.0,81.0
96.0,93.0,28.0,96.0
96.0,92.0,29.0,91.0
98.0,92.0,27.0,90.0
98.0,91.0,27.0,84.0
100.0,90.0,26.0,84.0
99.0,81.0,27.0,85.0
100.0,84.0,26.0,85.0
100.0,81.0,27.0,87.0
100.0,79.0,26.0,87.0
102.0,83.0,26.0,88.0
101.0,78.0,26.0,89.0
99.0,73.0,26.0,84.0
99.0,72.0,26.0,84.0
99.0,71.0,25.0,83.0
99.0,70.0,26.0,85.0
99.0,71.0,25.0,84.0
99.0,70.0,26.0,81.0
99.0,70.0,25.0,80.0
99.0,69.0,24.0,80.0
99.0,69.0,24.0,80.0
100.0,70.0,24.0,81.0
99.0,70.0,24.0,80.0
100.0,71.0,24.0,79.0
99.0,69.0,24.0,81.0
99.0,69.0,25.0,79.0
99.0,69.0,24.0,79.0
99.0,68.0,25.0,78.0
98.0,67.0,25.0,79.0
98.0,67.0,25.0,79.0
98.0,67.0,24.0,80.0
98.0,67.0,24.0,80.0
98.0,69.0,24.0,76.0
97.0,70.0,25.0,74.0
97.0,67.0,24.0,76.0
97.0,67.0,24.0,77.0
97.0,67.0,24.0,76.0
97.0,66.0,23.0,76.0
97.0,65.0,23.0,79.0
97.0,65.0,23.0,78.0
97.0,65.0,22.0,77.0
97.0,65.0,21.0,77.0
98.0,67.0,21.0,76.0
99.0,67.0,21.0,76.0
98.0,67.0,22.0,75.0
98.0,68.0,22.0,74.0
98.0,68.0,22.0,73.0
98.0,66.0,22.0,74.0
98.0,66.0,22.0,74.0
98.0,66.0,22.0,73.0
98.0,64.0,22.0,76.0
98.0,64.0,22.0,75.0
98.0,64.0,21.0,73.0
98.0,64.0,22.0,72.0
98.0,65.0,21.0,71.0
98.0,65.0,21.0,70.0
98.0,65.0,21.0,70.0
98.0,64.0,21.0,70.0
98.0,64.0,22.0,70.0
98.0,64.0,22.0,71.0
98.0,64.0,21.0,71.0
98.0,64.0,22.0,71.0
99.0,64.0,21.0,71.0
99.0,64.0,22.0,71.0
99.0,64.0,21.0,71.0
100.0,64.0,21.0,72.0
100.0,65.0,21.0,71.0
100.0,64.0,21.0,72.0
100.0,62.0,21.0,73.0
100.0,63.0,21.0,73.0
101.0,63.0,21.0,71.0
100.0,63.0,22.0,71.0
100.0,60.0,22.0,72.0
100.0,60.0,22.0,73.0
100.0,60.0,22.0,73.0
100.0,59.0,22.0,73.0
100.0,60.0,21.0,72.0
100.0,60.0,21.0,71.0
100.0,59.0,22.0,71.0
99.0,59.0,22.0,72.0
99.0,59.0,23.0,72.0
99.0,59.0,22.0,72.0
99.0,58.0,22.0,74.0
99.0,58.0,21.0,76.0
99.0,58.0,22.0,75.0
100.0,59.0,21.0,74.0
100.0,59.0,21.0,73.0
100.0,60.0,21.0,72.0
100.0,60.0,21.0,72.0
100.0,61.0,20.0,72.0
100.0,60.0,21.0,73.0
99.0,58.0,22.0,74.0
100.0,59.0,21.0,74.0
100.0,58.0,21.0,73.0
99.0,57.0,22.0,74.0
99.0,56.0,22.0,74.0
99.0,57.0,22.0,73.0
99.0,56.0,22.0,74.0
99.0,58.0,22.0,71.0
99.0,58.0,22.0,69.0
99.0,58.0,21.0,69.0
99.0,58.0,22.0,70.0
98.0,56.0,22.0,72.0
98.0,56.0,23.0,71.0
99.0,55.0,22.0,72.0
99.0,55.0,22.0,73.0
98.0,55.0,22.0,73.0
99.0,56.0,21.0,73.0
99.0,57.0,21.0,70.0
100.0,57.0,20.0,70.0
100.0,59.0,20.0,68.0
100.0,58.0,20.0,69.0
100.0,57.0,20.0,69.0
99.0,56.0,21.0,70.0
99.0,56.0,21.0,71.0
99.0,55.0,21.0,72.0
99.0,53.0,21.0,72.0
99.0,54.0,21.0,72.0
99.0,53.0,21.0,72.0
99.0,54.0,21.0,69.0
99.0,54.0,20.0,69.0
98.0,55.0,21.0,67.0
98.0,54.0,21.0,68.0
98.0,54.0,21.0,68.0
97.0,54.0,22.0,67.0
97.0,53.0,21.0,69.0
97.0,53.0,22.0,68.0
97.0,54.0,22.0,68.0
97.0,53.0,21.0,69.0
97.0,54.0,21.0,67.0
98.0,54.0,21.0,67.0
97.0,53.0,22.0,68.0
97.0,55.0,21.0,66.0
98.0,55.0,21.0,65.0
98.0,55.0,21.0,65.0
97.0,54.0,21.0,66.0
98.0,54.0,21.0,67.0
98.0,54.0,21.0,67.0
97.0,52.0,22.0,66.0
97.0,51.0,22.0,69.0
97.0,52.0,22.0,68.0
97.0,51.0,21.0,68.0
97.0,52.0,22.0,67.0
96.0,52.0,22.0,66.0
96.0,52.0,21.0,65.0
96.0,52.0,22.0,64.0
96.0,52.0,22.0,64.0
95.0,51.0,23.0,64.0
95.0,51.0,22.0,65.0
96.0,51.0,22.0,64.0
96.0,51.0,21.0,66.0
96.0,51.0,21.0,65.0
96.0,52.0,22.0,62.0
97.0,53.0,20.0,62.0
96.0,51.0,21.0,65.0
96.0,52.0,21.0,64.0
96.0,52.0,21.0,64.0
96.0,52.0,21.0,64.0
96.0,52.0,21.0,63.0
96.0,51.0,21.0,64.0
96.0,51.0,22.0,65.0
96.0,49.0,22.0,66.0
96.0,49.0,22.0,66.0
96.0,48.0,22.0,67.0
96.0,49.0,22.0,65.0
96.0,50.0,21.0,65.0
95.0,49.0,22.0,66.0
95.0,49.0,23.0,65.0
95.0,49.0,23.0,66.0
95.0,49.0,23.0,67.0
95.0,46.0,23.0,72.0
96.0,45.0,23.0,73.0
96.0,46.0,22.0,72.0
96.0,46.0,22.0,72.0
95.0,47.0,22.0,69.0
94.0,47.0,24.0,73.0
94.0,49.0,23.0,72.0
94.0,48.0,23.0,73.0
96.0,49.0,21.0,64.0
96.0,50.0,21.0,62.0
96.0,50.0,21.0,64.0
96.0,48.0,22.0,66.0
96.0,48.0,21.0,66.0
96.0,48.0,21.0,65.0
96.0,47.0,21.0,66.0
96.0,46.0,21.0,67.0
96.0,46.0,21.0,66.0
96.0,47.0,21.0,66.0
96.0,47.0,21.0,63.0
96.0,47.0,21.0,64.0
96.0,47.0,21.0,64.0
95.0,46.0,21.0,65.0
95.0,47.0,21.0,64.0
96.0,45.0,21.0,66.0
96.0,45.0,21.0,66.0
96.0,46.0,20.0,63.0
96.0,47.0,21.0,62.0
96.0,48.0,21.0,62.0
96.0,47.0,20.0,62.0
96.0,48.0,20.0,60.0
96.0,48.0,20.0,61.0
96.0,48.0,20.0,60.0
96.0,48.0,20.0,61.0
96.0,48.0,20.0,61.0
96.0,47.0,20.0,62.0
95.0,45.0,21.0,64.0
94.0,45.0,21.0,63.0
94.0,45.0,21.0,62.0
95.0,45.0,21.0,62.0
95.0,45.0,20.0,62.0
94.0,45.0,21.0,63.0
94.0,45.0,21.0,62.0
93.0,45.0,21.0,62.0
93.0,44.0,21.0,62.0
94.0,43.0,20.0,64.0
93.0,44.0,20.0,64.0
94.0,44.0,19.0,62.0
94.0,44.0,19.0,61.0
94.0,44.0,19.0,61.0
93.0,46.0,20.0,58.0
93.0,45.0,20.0,59.0
93.0,45.0,20.0,60.0
93.0,45.0,20.0,60.0
93.0,45.0,19.0,59.0
93.0,44.0,20.0,60.0
92.0,45.0,20.0,59.0
92.0,44.0,20.0,60.0
92.0,44.0,20.0,60.0
92.0,43.0,20.0,60.0
92.0,43.0,19.0,58.0
92.0,44.0,19.0,57.0
91.0,44.0,19.0,59.0
91.0,44.0,19.0,58.0
90.0,43.0,19.0,59.0
90.0,42.0,20.0,59.0
90.0,42.0,20.0,60.0
90.0,43.0,19.0,60.0
90.0,42.0,19.0,60.0
90.0,42.0,19.0,60.0
90.0,42.0,19.0,59.0
89.0,43.0,20.0,57.0
89.0,43.0,19.0,57.0
90.0,43.0,19.0,57.0
91.0,45.0,19.0,57.0
90.0,44.0,19.0,56.0
90.0,43.0,19.0,57.0
90.0,43.0,19.0,58.0
90.0,43.0,19.0,58.0
88.0,42.0,20.0,58.0
88.0,41.0,20.0,59.0
88.0,40.0,21.0,59.0
88.0,42.0,20.0,57.0
88.0,41.0,20.0,57.0
87.0,41.0,21.0,56.0
86.0,40.0,21.0,57.0
85.0,39.0,22.0,58.0
87.0,39.0,20.0,58.0
86.0,38.0,21.0,59.0
85.0,36.0,21.0,61.0
87.0,38.0,20.0,60.0
87.0,38.0,20.0,59.0
87.0,39.0,20.0,59.0
88.0,41.0,19.0,57.0
88.0,41.0,20.0,59.0
86.0,40.0,21.0,58.0
86.0,40.0,21.0,58.0
88.0,42.0,20.0,57.0
88.0,41.0,20.0,59.0
88.0,40.0,20.0,58.0
88.0,41.0,21.0,58.0
89.0,39.0,19.0,58.0
88.0,39.0,19.0,59.0
89.0,39.0,19.0,59.0
89.0,40.0,19.0,56.0
89.0,40.0,20.0,56.0
89.0,41.0,19.0,55.0
88.0,40.0,19.0,53.0
88.0,40.0,20.0,55.0
88.0,38.0,20.0,54.0
88.0,39.0,20.0,55.0
89.0,38.0,19.0,56.0
89.0,39.0,19.0,55.0
89.0,39.0,19.0,55.0
90.0,39.0,19.0,54.0
90.0,40.0,19.0,54.0
90.0,41.0,19.0,53.0
90.0,40.0,18.0,53.0
90.0,40.0,19.0,53.0
90.0,40.0,19.0,55.0
90.0,39.0,19.0,55.0
91.0,38.0,18.0,55.0
91.0,39.0,20.0,55.0
91.0,38.0,19.0,56.0
91.0,37.0,18.0,54.0
91.0,37.0,18.0,55.0
91.0,38.0,18.0,54.0
91.0,38.0,18.0,53.0
91.0,37.0,18.0,53.0
91.0,38.0,18.0,52.0
91.0,37.0,19.0,53.0
91.0,37.0,19.0,53.0
