352.000,197.000,56.000,100.000
351.940,192.752,57.120,102.000
353.847,193.500,56.000,100.000
354.314,191.126,57.120,102.000
355.847,193.847,56.000,100.000
356.049,194.480,54.902,98.039
356.049,194.480,54.902,98.039
355.500,192.153,56.000,100.000
356.049,193.480,54.902,98.039
355.293,191.852,53.825,96.117
355.049,189.160,54.902,98.039
353.153,188.500,56.000,100.000
352.940,184.752,57.120,102.000
354.049,185.160,54.902,98.039
352.940,180.752,57.120,102.000
354.847,178.806,56.000,100.000
355.847,175.806,56.000,100.000
357.688,170.378,57.120,102.000
362.062,167.752,57.120,102.000
362.770,167.881,58.262,104.040
366.194,178.929,56.000,100.000
369.194,197.358,56.000,100.000
368.940,223.979,57.120,102.000
368.369,244.903,58.262,104.040
369.500,262.664,56.000,100.000
366.192,264.248,57.120,102.000
363.192,250.761,57.120,102.000
361.786,224.139,59.428,106.121
362.369,201.656,58.262,104.040
362.153,184.642,56.000,100.000
359.192,168.387,57.120,102.000
356.192,160.256,57.120,102.000
355.728,165.122,54.902,98.039
350.818,175.865,57.120,102.000
341.322,194.735,57.120,102.000
323.989,210.317,56.000,100.000
306.462,220.210,53.825,96.117
298.765,211.765,56.000,100.000
305.235,204.765,56.000,100.000
324.175,195.256,57.120,102.000
341.801,168.021,57.120,102.000
346.062,138.273,57.120,102.000
329.062,107.851,59.428,106.121
323.068,108.869,59.428,106.121
326.172,136.107,58.262,104.040
338.651,178.323,59.428,106.121
363.193,249.551,58.262,104.040
377.970,281.134,56.000,100.000
383.810,290.118,57.120,102.000
386.370,276.633,54.902,98.039
373.949,231.908,57.120,102.000
375.645,175.121,59.428,106.121
388.651,156.857,59.428,106.121
391.314,166.744,57.120,102.000
375.492,203.035,59.428,106.121
352.209,249.466,57.120,102.000
334.989,265.317,56.000,100.000
338.541,256.071,56.000,100.000
345.777,225.050,58.262,104.040
351.933,175.839,59.428,106.121
346.818,139.386,60.616,108.243
336.351,139.010,59.428,106.121
318.695,171.913,60.616,108.243
309.157,230.537,58.262,104.040
310.500,267.522,56.000,100.000
311.314,270.622,57.120,102.000
310.369,241.452,58.262,104.040
305.498,187.550,59.428,106.121
303.099,128.783,61.829,110.408
304.192,130.836,60.616,108.243
298.362,170.318,58.262,104.040
292.763,223.734,58.262,104.040
304.276,249.746,56.000,100.000
341.036,247.126,57.120,102.000
348.777,228.262,58.262,104.040
326.345,197.421,59.428,106.121
278.077,157.012,60.616,108.243
279.650,163.211,60.616,108.243
297.688,202.149,63.065,112.616
306.482,243.745,60.616,108.243
317.179,270.705,58.262,104.040
329.982,266.276,58.262,104.040
332.645,233.992,59.428,106.121
313.739,174.295,61.829,110.408
290.863,141.844,60.616,108.243
284.637,152.194,61.829,110.408
270.959,194.937,64.326,114.869
266.637,238.937,61.828,110.408
273.504,254.305,59.428,106.121
286.651,238.716,59.428,106.121
289.108,198.012,60.616,108.243
272.798,126.413,63.065,112.616
263.802,98.666,65.613,117.166
260.537,122.590,65.613,117.166
258.934,185.869,63.065,112.616
259.586,242.322,61.828,110.408
266.504,260.163,59.428,106.121
269.645,249.004,59.428,106.121
266.927,213.704,59.428,106.121
256.663,157.757,61.828,110.408
254.927,145.145,59.428,106.121
243.986,160.417,60.616,108.243
234.158,197.515,58.262,104.040
251.186,231.114,58.262,104.040
297.616,248.297,58.262,104.040
332.643,234.714,60.616,108.243
344.970,210.988,61.828,110.408
342.276,196.340,60.616,108.243
339.927,197.440,59.428,106.121
343.047,199.758,61.828,110.408
356.314,209.127,60.616,108.243
365.363,224.734,59.428,106.121
369.566,230.669,60.616,108.243
361.150,224.834,61.828,110.408
344.281,204.472,63.065,112.616
307.283,178.676,60.616,108.243
251.358,161.023,63.065,112.616
227.405,173.585,60.616,108.243
233.504,191.593,59.428,106.121
251.919,207.142,61.828,110.408
276.755,216.810,63.065,112.616
304.355,216.809,61.828,110.408
325.604,209.630,60.616,108.243
339.137,193.540,63.065,112.616
339.586,183.886,61.828,110.408
329.175,188.758,61.828,110.408
322.150,191.270,61.828,110.408
313.663,191.296,61.828,110.408
314.192,190.920,60.616,108.243
324.398,197.211,60.616,108.243
322.734,201.753,60.616,108.243
299.213,197.675,63.065,112.616
280.252,192.347,61.828,110.408
276.934,182.090,63.065,112.616
286.509,174.373,61.828,110.408
283.611,168.347,61.828,110.408
283.357,160.434,59.428,106.121
290.933,151.863,59.428,106.121
292.560,141.860,61.828,110.408
293.484,139.675,63.065,112.616
302.482,150.127,60.616,108.243
301.586,156.732,61.828,110.408
297.068,154.151,59.428,106.121
306.398,144.630,60.616,108.243
335.330,135.860,61.828,110.408
337.073,137.783,61.828,110.408
332.818,148.585,60.616,108.243
334.369,160.290,58.262,104.040
311.321,159.836,60.616,108.243
247.773,149.607,63.065,112.616
215.129,151.652,65.613,117.166
203.832,163.294,63.065,112.616
216.856,169.753,60.616,108.243
266.026,171.743,63.065,112.616
334.135,163.604,65.613,117.166
392.611,155.573,63.065,112.616
405.856,154.462,60.616,108.243
415.363,168.305,59.428,106.121
408.637,173.732,61.828,110.408
374.595,172.192,63.065,112.616
317.088,171.066,64.326,114.868
274.082,174.652,65.613,117.166
267.383,184.777,63.065,112.616
253.315,192.777,63.065,112.616
254.192,189.546,60.616,108.243
280.272,173.540,63.065,112.616
316.185,166.630,60.616,108.243
354.408,159.641,63.065,112.616
397.959,162.226,63.065,112.616
432.857,168.260,63.065,112.616
445.856,174.753,60.616,108.243
434.528,175.836,60.616,108.243
414.348,173.276,58.262,104.040
417.172,174.881,58.262,104.040
439.520,175.295,60.616,108.243
458.369,176.440,59.428,106.121
481.520,172.462,60.616,108.243
510.306,168.675,63.065,112.616
522.856,171.836,60.616,108.243
524.073,176.245,61.828,110.408
521.276,186.127,60.616,108.243
511.663,189.758,61.828,110.408
482.146,185.158,63.065,112.616
457.304,184.809,61.828,110.408
445.688,185.296,61.828,110.408
446.786,188.869,59.428,106.121
468.062,187.378,60.616,108.243
494.272,182.158,63.065,112.616
483.349,183.709,63.065,112.616
434.371,187.708,64.326,114.868
389.503,186.917,65.613,117.166
377.315,187.675,63.065,112.616
371.637,186.809,61.828,110.408
361.986,191.295,60.616,108.243
352.780,199.587,59.428,106.121
356.047,201.758,61.828,110.408
376.604,202.378,60.616,108.243
399.381,193.860,61.828,110.408
396.790,182.782,64.326,114.868
369.663,176.607,63.065,112.616
347.863,176.920,60.616,108.243
330.696,177.378,60.616,108.243
318.070,177.378,60.616,108.243
307.175,182.245,61.828,110.408
305.451,188.777,63.065,112.616
314.509,193.270,61.828,110.408
326.856,191.462,60.616,108.243
333.974,185.072,58.262,104.040
324.444,179.004,60.616,108.243
311.070,182.295,60.616,108.243
291.252,181.296,61.828,110.408
269.730,174.124,63.065,112.616
258.070,173.462,60.616,108.243
253.934,172.709,63.065,112.616
260.035,179.260,63.065,112.616
275.772,184.295,60.616,108.243
302.272,182.192,63.065,112.616
326.238,173.090,63.065,112.616
334.022,174.296,61.828,110.408
321.070,179.753,60.616,108.243
300.345,186.157,59.428,106.121
281.238,186.837,60.616,108.243
254.180,179.641,63.065,112.616
237.864,173.424,64.326,114.868
238.099,172.322,61.828,110.408
231.148,156.140,64.326,114.868
217.714,130.039,61.828,110.408
230.262,120.329,64.326,114.868
251.789,139.434,65.613,117.166
262.069,186.183,63.065,112.616
280.171,239.285,63.065,112.616
292.898,266.903,65.613,117.166
292.451,267.675,63.065,112.616
288.124,241.527,61.828,110.408
301.620,193.167,63.065,112.616
314.483,164.552,61.828,110.408
328.314,159.546,60.616,108.243
339.103,187.531,63.065,112.616
339.586,235.886,61.828,110.408
339.884,285.126,64.326,114.868
359.432,322.989,61.828,110.408
362.001,325.226,63.065,112.616
352.053,297.762,64.326,114.868
342.989,245.842,66.925,119.509
341.242,204.742,64.326,114.868
322.247,181.921,63.065,112.616
308.315,192.811,63.065,112.616
316.621,227.653,64.326,114.868
334.355,275.649,66.925,119.509
349.262,305.917,64.326,114.868
349.968,310.226,63.065,112.616
337.646,285.822,65.613,117.166
314.020,233.836,65.613,117.166
296.333,188.149,65.613,117.166
301.001,156.819,63.065,112.616
309.621,162.255,64.326,114.868
313.428,205.107,65.613,117.166
313.694,261.733,65.613,117.166
321.035,303.632,63.065,112.616
320.734,315.585,60.616,108.243
307.201,297.937,61.828,110.408
293.315,253.201,63.065,112.616
293.884,187.080,64.326,114.868
315.999,157.668,64.326,114.868
324.552,172.844,63.065,112.616
320.537,216.685,65.613,117.166
313.598,268.868,66.925,119.509
307.601,305.106,64.326,114.868
298.053,301.971,64.326,114.868
296.611,273.065,61.828,110.408
303.552,222.133,63.065,112.616
325.406,193.552,61.828,110.408
338.262,208.086,64.326,114.868
341.431,260.673,64.326,114.868
331.989,315.088,66.925,119.509
330.242,332.539,64.326,114.868
320.989,308.818,66.925,119.509
307.232,251.723,68.264,121.899
293.549,186.744,66.925,119.509
296.884,161.215,64.326,114.868
306.621,178.086,64.326,114.868
313.086,228.868,66.925,119.509
320.578,283.378,68.264,121.899
328.007,315.903,65.613,117.166
322.900,313.641,63.065,112.616
310.832,275.269,63.065,112.616
307.124,224.244,61.828,110.408
307.884,157.080,64.326,114.868
302.148,132.310,64.326,114.868
297.695,145.991,64.326,114.868
294.242,190.937,64.326,114.868
303.163,249.889,65.613,117.166
324.999,291.295,64.326,114.868
332.535,300.732,61.828,110.408
320.506,277.951,64.326,114.868
302.940,229.062,66.925,119.509
291.068,173.101,65.613,117.166
292.272,135.040,65.613,117.166
302.621,137.613,64.326,114.868
297.818,172.771,66.925,119.509
291.601,236.957,64.326,114.868
295.001,286.734,63.065,112.616
305.996,307.630,61.828,110.408
312.552,295.573,63.065,112.616
320.552,257.269,63.065,112.616
321.272,207.571,65.613,117.166
307.232,157.933,68.263,121.899
305.537,145.713,65.613,117.166
304.790,164.086,64.326,114.868
298.959,202.373,65.613,117.166
301.850,250.842,65.613,117.166
310.552,283.531,63.065,112.616
318.024,285.379,60.616,108.243
327.363,257.851,59.427,106.120
334.022,212.168,61.828,110.408
324.601,166.742,64.326,114.868
312.646,142.244,65.613,117.166
315.484,148.743,63.065,112.616
316.586,181.527,61.828,110.408
309.148,219.295,64.326,114.868
312.867,258.600,66.925,119.509
323.621,285.822,64.326,114.868
325.484,284.158,63.065,112.616
326.884,258.310,64.326,114.868
328.884,216.290,64.326,114.868
323.959,165.992,65.613,117.166
315.803,134.353,65.613,117.166
313.242,136.613,64.326,114.868
313.099,154.168,61.828,110.408
313.586,189.989,61.828,110.408
323.168,240.673,64.326,114.868
322.451,274.048,63.065,112.616
311.528,282.211,60.616,108.243
309.099,261.963,61.828,110.408
316.073,218.290,64.326,114.868
317.586,181.629,61.828,110.408
310.148,149.668,64.326,114.868
310.099,149.322,61.828,110.408
306.242,167.180,64.326,114.868
294.646,199.060,65.613,117.166
283.832,233.048,63.065,112.616
277.959,259.325,65.613,117.166
274.417,271.811,63.065,112.616
288.314,274.379,60.616,108.243
321.791,255.450,61.828,110.408
349.842,240.424,61.828,110.408
383.857,237.675,63.065,112.616
408.238,243.260,63.065,112.616
433.755,250.777,63.065,112.616
442.621,254.708,64.326,114.868
427.490,253.917,65.613,117.166
388.238,250.761,65.613,117.166
342.925,249.339,65.613,117.166
305.245,246.550,68.263,121.899
292.490,247.339,65.613,117.166
295.850,242.183,65.613,117.166
313.654,238.124,63.065,112.616
355.113,223.140,64.326,114.868
373.632,207.713,65.613,117.166
378.979,201.330,64.326,114.868
378.694,193.604,65.613,117.166
379.968,190.124,63.065,112.616
369.224,191.074,65.613,117.166
335.232,201.014,66.925,119.509
293.183,216.843,66.925,119.509
260.551,230.543,65.613,117.166
258.934,239.260,63.065,112.616
281.546,238.066,64.326,114.868
320.149,225.870,65.613,117.166
372.160,200.599,66.925,119.509
404.182,173.209,69.629,124.337
415.862,161.415,68.263,121.899
418.272,154.448,65.613,117.166
400.330,145.697,66.925,119.509
358.490,138.307,69.629,124.337
321.840,148.380,69.629,124.337
280.202,163.245,72.442,129.360
234.791,183.754,69.629,124.337
187.865,194.046,71.021,126.824
151.840,200.356,69.629,124.337
148.208,197.916,66.925,119.509
185.206,193.657,69.629,124.337
250.493,183.850,72.442,129.360
314.079,154.014,75.368,134.586
346.644,135.910,72.442,129.360
359.409,133.307,69.629,124.337
378.430,149.328,68.263,121.899
389.163,158.230,65.613,117.166
377.646,148.448,65.613,117.166
341.887,131.773,68.263,121.899
288.032,115.422,71.021,126.824
235.183,110.983,68.263,121.899
199.245,110.550,68.263,121.899
165.189,109.331,69.629,124.337
153.232,107.267,68.263,121.899
169.788,100.983,68.263,121.899
202.156,86.130,71.021,126.824
232.832,82.307,69.629,124.337
252.489,84.505,71.021,126.824
263.220,94.760,68.263,121.899
258.442,101.118,68.263,121.899
236.501,109.185,66.925,119.509
217.937,109.681,69.629,124.337
222.114,116.630,71.021,126.824
243.072,129.402,68.263,121.899
264.714,136.118,68.263,121.899
292.282,129.983,68.263,121.899
316.808,114.933,69.629,124.337
323.992,109.335,72.442,129.360
332.385,112.332,69.629,124.337
326.864,116.213,71.021,126.824
315.232,126.760,68.263,121.899
294.023,128.192,68.263,121.899
260.531,127.796,71.021,126.824
249.232,133.834,68.263,121.899
250.038,129.916,66.925,119.509
257.578,113.773,68.263,121.899
283.483,85.534,69.629,124.337
327.405,72.130,71.021,126.824
354.483,78.356,69.629,124.337
369.364,89.046,71.021,126.824
378.060,110.429,69.629,124.337
370.986,122.055,69.629,124.337
350.023,131.760,68.263,121.899
324.864,140.230,65.613,117.166
305.755,141.495,65.613,117.166
309.294,134.625,68.263,121.899
321.741,122.713,65.613,117.166
322.010,95.921,68.263,121.899
328.385,85.957,69.629,124.337
344.704,101.245,72.442,129.360
368.906,131.129,71.021,126.824
379.239,158.421,71.021,126.824
357.381,175.328,68.263,121.899
308.109,178.834,68.263,121.899
254.183,170.341,68.263,121.899
226.455,154.131,68.263,121.899
224.726,141.415,68.263,121.899
219.442,125.131,68.263,121.899
206.962,109.258,69.629,124.337
206.686,102.632,69.629,124.337
233.483,112.380,69.629,124.337
279.114,143.546,71.021,126.824
316.532,177.828,69.629,124.337
336.783,205.803,69.629,124.337
331.598,220.624,66.925,119.509
305.563,211.632,69.629,124.337
282.781,182.755,71.021,126.824
287.035,152.510,69.629,124.337
316.924,115.785,68.263,121.899
345.031,82.339,71.021,126.824
372.483,71.608,69.629,124.337
383.948,83.755,71.021,126.824
394.239,121.671,71.021,126.824
396.764,155.669,72.442,129.360
394.336,186.803,69.629,124.337
370.739,197.402,68.263,121.899
321.116,192.982,69.629,124.337
286.172,171.653,72.442,129.360
279.309,145.683,72.442,129.360
284.035,116.510,69.629,124.337
294.476,82.455,72.442,129.360
318.674,77.592,72.442,129.360
340.660,94.300,73.891,131.947
365.674,128.927,72.442,129.360
387.931,168.897,72.442,129.360
385.573,194.005,71.021,126.824
354.529,204.760,68.263,121.899
314.793,188.038,66.925,119.509
282.551,157.353,65.613,117.166
238.677,106.933,68.263,121.899
225.031,64.797,71.021,126.824
252.322,42.880,71.021,126.824
282.644,55.760,72.442,129.360
297.551,84.741,73.891,131.947
322.674,122.412,72.442,129.360
343.189,155.927,72.442,129.360
336.312,175.080,69.629,124.337
309.889,177.006,69.629,124.337
297.232,160.489,68.263,121.899
295.989,132.463,71.021,126.824
301.114,106.463,71.021,126.824
311.239,100.963,71.021,126.824
328.434,115.730,69.629,124.337
337.060,137.104,69.629,124.337
324.031,156.588,71.021,126.824
309.612,169.055,69.629,124.337
306.336,177.706,69.629,124.337
311.710,170.632,69.629,124.337
317.249,146.910,72.442,129.360
323.067,115.201,75.368,134.586
306.500,98.891,75.368,134.586
274.627,103.408,76.876,137.278
269.445,138.518,73.891,131.947
287.328,174.073,73.891,131.947
300.948,190.755,71.021,126.824
304.406,180.838,71.021,126.824
322.105,151.866,73.891,131.947
338.551,119.534,73.891,131.947
333.223,99.976,73.891,131.947
322.082,107.790,72.442,129.360
308.126,136.026,75.368,134.586
314.507,175.412,72.442,129.360
307.309,196.730,72.442,129.360
273.823,198.088,71.021,126.824
271.336,175.884,69.629,124.337
292.072,143.069,68.263,121.899
297.823,118.880,71.021,126.824
290.309,119.562,72.442,129.360
293.764,151.185,72.442,129.360
321.483,193.527,69.629,124.337
323.764,208.245,72.442,129.360
311.287,201.957,69.629,124.337
313.764,171.940,72.442,129.360
317.406,162.838,71.021,126.824
314.537,187.957,72.442,129.360
289.884,229.639,72.442,129.360
279.962,254.104,69.629,124.337
282.406,239.422,71.021,126.824
283.022,189.031,72.442,129.360
294.239,149.089,71.021,126.824
314.489,145.672,71.021,126.824
321.441,179.073,73.891,131.947
314.448,243.587,71.021,126.824
303.874,289.884,68.263,121.899
292.874,287.909,68.263,121.899
284.312,247.811,69.629,124.337
289.710,185.363,69.629,124.337
306.788,160.279,68.263,121.899
318.656,180.296,71.021,126.824
318.279,229.352,72.442,129.360
304.612,274.202,69.629,124.337
289.612,272.657,69.629,124.337
277.962,237.160,69.629,124.337
283.249,180.803,72.442,129.360
312.769,163.530,73.891,131.947
325.948,188.296,71.021,126.824
326.332,237.069,73.891,131.947
319.448,275.963,71.021,126.824
295.739,276.909,68.263,121.899
269.563,235.136,69.629,124.337
270.368,180.723,68.263,121.899
294.614,162.713,71.021,126.824
305.239,197.254,71.021,126.824
291.113,267.397,73.891,131.947
296.406,319.629,71.021,126.824
307.220,320.909,68.263,121.899
314.531,283.922,71.021,126.824
314.279,237.516,72.442,129.360
315.686,216.884,69.629,124.337
306.448,234.880,71.021,126.824
297.445,276.960,73.891,131.947
305.823,309.838,71.021,126.824
312.294,302.699,68.263,121.899
310.011,257.786,69.629,124.337
297.824,202.546,72.442,129.360
291.312,188.583,69.629,124.337
285.052,210.215,72.442,129.360
273.891,251.182,73.891,131.947
260.339,265.017,72.442,129.360
251.567,240.425,72.442,129.360
262.996,187.984,73.891,131.947
289.416,162.683,72.442,129.360
305.364,181.171,71.021,126.824
302.336,232.576,69.629,124.337
278.073,275.504,71.021,126.824
267.740,273.380,71.021,126.824
270.109,227.871,73.891,131.947
278.823,161.756,71.021,126.824
279.332,120.425,73.891,131.947
270.668,116.972,73.891,131.947
262.567,159.639,72.442,129.360
262.629,215.219,75.368,134.586
260.000,243.186,73.890,131.947
249.031,229.005,71.021,126.824
259.735,185.112,69.629,124.337
282.674,146.228,72.442,129.360
291.531,143.672,71.021,126.824
281.668,166.409,73.890,131.947
267.615,201.546,71.021,126.824
251.597,218.987,72.442,129.360
234.906,226.921,71.021,126.824
218.597,220.593,72.442,129.360
220.442,212.768,75.368,134.586
248.215,214.526,73.890,131.947
261.948,217.088,71.021,126.824
268.294,219.551,68.263,121.899
277.239,210.255,71.021,126.824
284.936,197.773,68.263,121.899
289.114,183.130,71.021,126.824
295.823,181.380,71.021,126.824
295.011,187.356,69.629,124.337
287.158,193.476,68.263,121.899
277.448,192.796,71.021,126.824
263.591,193.909,68.263,121.899
258.442,190.267,68.263,121.899
272.364,181.255,71.021,126.824
294.197,164.005,71.021,126.824
305.220,150.131,68.263,121.899
322.781,142.963,71.021,126.824
345.714,147.193,68.263,121.899
337.986,151.356,69.629,124.337
313.627,147.077,72.442,129.360
291.227,145.526,73.890,131.947
287.864,148.088,71.021,126.824
284.442,150.551,68.263,121.899
269.323,142.963,71.021,126.824
265.573,132.838,71.021,126.824
276.996,119.862,73.890,131.947
285.441,114.194,73.890,131.947
295.531,118.797,71.021,126.824
297.022,124.790,72.442,129.360
299.022,130.047,72.442,129.360
308.531,132.797,71.021,126.824
318.734,138.790,72.442,129.360
313.052,145.790,72.442,129.360
302.031,152.213,71.021,126.824
290.824,154.305,72.442,129.360
294.360,161.356,69.629,124.337
302.531,165.213,71.021,126.824
313.735,176.380,69.629,124.337
316.406,185.338,71.021,126.824
313.336,196.380,69.629,124.337
309.573,201.921,71.021,126.824
313.010,212.760,68.263,121.899
315.010,214.193,68.263,121.899
313.726,216.193,68.263,121.899
305.989,219.355,66.925,119.509
303.537,224.074,65.613,117.165
302.368,223.193,68.263,121.899
302.368,226.835,68.263,121.899
