150.000,53.000,40.000,148.000
149.945,56.705,38.447,142.253
146.730,56.270,40.000,148.000
143.730,57.885,40.000,148.000
142.945,61.705,38.447,142.253
141.945,62.705,38.447,142.253
140.464,67.694,36.954,136.729
137.464,71.974,36.954,136.729
136.511,76.020,35.519,131.420
135.131,75.730,36.229,134.048
134.883,79.284,34.822,128.843
134.248,81.524,34.140,126.317
132.883,80.079,34.822,128.843
132.606,82.580,33.470,123.840
132.089,78.873,34.822,128.843
129.281,77.790,35.519,131.420
130.089,76.667,34.822,128.843
129.385,73.222,36.229,134.048
128.131,70.967,36.229,134.048
127.654,66.463,37.693,139.464
126.744,68.135,36.954,136.729
127.385,69.476,36.229,134.048
125.281,70.790,35.519,131.420
126.089,72.079,34.822,128.843
125.606,75.739,33.470,123.840
128.365,77.930,32.814,121.412
126.606,77.739,33.470,123.840
129.083,78.739,33.470,123.840
128.430,79.706,34.140,126.317
129.612,79.342,34.140,126.317
130.612,80.524,34.140,126.317
131.612,80.342,34.140,126.317
133.200,76.560,35.519,131.420
133.303,72.856,36.954,136.729
135.264,69.158,37.693,139.464
136.250,61.878,39.216,145.098
137.925,59.020,40.800,150.960
139.885,57.730,40.000,148.000
141.250,57.593,39.216,145.098
143.939,59.374,38.447,142.253
146.939,59.374,38.447,142.253
147.277,60.705,38.447,142.253
148.608,63.036,38.447,142.253
150.303,68.694,36.954,136.729
151.303,70.415,36.954,136.729
153.894,71.476,36.229,134.048
156.582,71.415,36.954,136.729
158.970,73.790,35.519,131.420
161.500,75.079,34.822,128.843
163.794,77.524,34.140,126.316
164.612,78.524,34.140,126.316
166.794,78.342,34.140,126.316
167.612,78.342,34.140,126.316
169.794,77.160,34.140,126.316
170.612,77.342,34.140,126.316
170.765,76.262,33.470,123.840
173.642,78.985,32.171,119.031
172.765,73.104,33.470,123.840
174.229,74.794,32.814,121.411
174.093,73.658,32.814,121.411
174.093,73.794,32.814,121.411
175.529,74.985,32.171,119.031
174.765,72.580,33.470,123.840
174.765,73.739,33.470,123.840
175.093,77.067,32.814,121.411
175.415,79.098,32.171,119.031
174.765,76.580,33.470,123.840
175.093,78.930,32.814,121.411
174.430,76.342,34.140,126.316
173.606,76.421,33.470,123.840
173.765,76.580,33.470,123.840
171.883,72.873,34.822,128.843
171.606,73.262,33.470,123.840
169.066,69.978,34.140,126.316
167.066,66.796,34.140,126.316
165.511,62.560,35.519,131.420
162.464,60.135,36.954,136.729
159.464,58.856,36.954,136.729
157.349,59.073,37.693,139.464
157.654,58.768,37.693,139.464
152.819,57.309,39.216,145.098
151.534,58.309,39.216,145.098
150.534,60.667,39.216,145.098
148.614,63.705,38.447,142.253
146.043,66.073,37.693,139.464
143.877,72.239,36.229,134.048
141.349,72.378,37.693,139.464
140.744,75.415,36.954,136.729
140.511,77.790,35.519,131.420
138.677,80.284,34.822,128.843
137.511,80.020,35.519,131.420
136.511,79.790,35.519,131.420
135.883,79.873,34.822,128.843
135.248,80.160,34.140,126.316
134.248,79.160,34.140,126.316
133.248,76.978,34.140,126.316
132.248,74.978,34.140,126.316
131.248,74.160,34.140,126.316
130.248,73.160,34.140,126.316
129.248,73.342,34.140,126.316
129.430,73.342,34.140,126.316
128.606,74.580,33.470,123.840
129.924,74.580,33.470,123.840
129.765,75.739,33.470,123.840
129.765,75.580,33.470,123.840
131.229,77.930,32.814,121.411
131.924,77.739,33.470,123.840
132.612,76.342,34.140,126.316
133.612,76.342,34.140,126.316
134.294,75.079,34.822,128.843
134.640,71.222,36.229,134.048
134.959,66.158,37.693,139.464
136.939,61.711,38.447,142.253
137.885,57.115,40.000,148.000
138.513,57.433,40.800,150.960
140.250,58.593,39.216,145.098
143.264,63.073,37.693,139.464
145.303,66.694,36.954,136.729
145.741,73.480,35.519,131.420
147.294,77.490,34.822,128.843
148.924,81.898,33.470,123.840
148.765,85.057,33.470,123.840
150.229,88.067,32.814,121.411
150.612,87.706,34.140,126.316
153.365,92.067,32.814,121.411
155.642,94.098,32.170,119.031
156.229,92.794,32.814,121.411
157.529,95.098,32.170,119.031
158.229,92.658,32.814,121.411
159.794,91.524,34.140,126.316
162.365,91.522,32.814,121.411
163.794,86.978,34.140,126.316
164.612,83.796,34.140,126.316
165.612,80.978,34.140,126.316
166.612,78.978,34.140,126.316
167.612,76.978,34.140,126.316
168.924,75.104,33.470,123.840
169.093,74.522,32.814,121.411
170.229,72.522,32.814,121.411
168.248,67.978,34.140,126.316
169.294,65.873,34.822,128.843
167.511,63.560,35.519,131.420
168.303,59.856,36.954,136.729
166.349,58.768,37.693,139.464
166.654,57.463,37.693,139.464
164.945,56.374,38.447,142.253
164.892,54.951,39.216,145.098
164.349,57.768,37.693,139.463
165.385,60.476,36.229,134.048
164.511,61.790,35.519,131.420
