139.000,112.000,51.000,36.000
138.490,113.123,52.020,36.720
138.490,115.107,52.020,36.720
138.490,117.107,52.020,36.720
138.490,118.123,52.020,36.720
138.490,119.123,52.020,36.720
138.490,119.140,52.020,36.720
138.490,119.140,52.020,36.720
138.490,119.140,52.020,36.720
138.490,119.140,52.020,36.720
138.490,119.140,52.020,36.720
138.490,119.140,52.020,36.720
136.523,119.140,52.020,36.720
136.490,119.140,52.020,36.720
135.507,118.157,52.020,36.720
135.490,118.140,52.020,36.720
135.490,117.157,52.020,36.720
135.490,117.140,52.020,36.720
135.490,116.157,52.020,36.720
135.490,116.140,52.020,36.720
134.970,114.770,53.060,37.454
135.490,115.140,52.020,36.720
135.490,114.157,52.020,36.720
134.970,112.770,53.060,37.454
135.973,112.773,53.060,37.454
135.970,111.770,53.060,37.454
136.490,112.140,52.020,36.720
136.490,111.157,52.020,36.720
137.473,110.157,52.020,36.720
138.473,110.140,52.020,36.720
139.473,109.157,52.020,36.720
140.473,109.140,52.020,36.720
139.439,107.375,54.122,38.203
140.490,109.123,52.020,36.720
140.490,109.140,52.020,36.720
141.473,108.157,52.020,36.720
143.457,108.140,52.020,36.720
146.440,107.157,52.020,36.720
148.457,106.157,52.020,36.720
151.390,106.853,50.000,35.294
152.457,106.140,52.020,36.720
154.979,105.773,53.060,37.454
156.485,105.398,54.122,38.203
160.440,107.123,52.020,36.720
162.509,108.444,54.122,38.203
164.485,108.398,54.122,38.203
166.485,109.421,54.122,38.203
166.942,110.060,55.204,38.968
169.485,109.375,54.122,38.203
171.485,109.398,54.122,38.203
172.475,105.433,56.308,39.747
173.423,103.716,58.583,41.353
175.423,101.609,58.583,41.353
177.423,100.716,58.583,41.353
177.177,98.836,60.950,43.023
179.316,98.716,58.583,41.353
181.410,98.562,56.308,39.747
182.410,97.562,56.308,39.747
181.783,96.143,57.434,40.542
184.475,97.691,56.308,39.747
185.942,98.016,55.204,38.968
184.783,97.229,57.434,40.542
184.209,96.824,58.583,41.353
185.316,96.824,58.583,41.353
184.025,97.141,60.950,43.023
185.209,97.824,58.583,41.353
184.101,98.931,58.583,41.353
185.869,99.229,57.434,40.542
185.209,98.824,58.583,41.353
185.209,98.824,58.583,41.353
184.101,98.824,58.583,41.353
185.316,98.824,58.583,41.353
184.101,98.824,58.583,41.353
183.025,97.988,60.950,43.023
181.873,97.988,60.950,43.023
183.209,98.824,58.583,41.353
179.721,97.988,60.950,43.023
180.025,97.988,60.950,43.023
178.873,97.988,60.950,43.023
180.209,98.824,58.583,41.353
178.611,99.229,57.434,40.542
178.209,97.716,58.583,41.353
176.611,99.315,57.434,40.542
176.209,97.716,58.583,41.353
174.611,98.229,57.434,40.542
175.898,99.016,55.204,38.968
171.526,97.143,57.434,40.542
171.783,98.315,57.434,40.542
168.994,95.609,58.583,41.353
169.209,95.824,58.583,41.353
167.611,96.229,57.434,40.542
167.209,96.931,58.583,41.353
166.101,96.824,58.583,41.353
166.752,97.540,59.755,42.180
163.721,96.988,60.950,43.023
166.316,97.824,58.583,41.353
163.873,98.141,60.950,43.023
165.177,99.141,60.950,43.023
165.623,100.540,59.755,42.180
165.623,100.410,59.755,42.180
163.240,99.558,62.169,43.884
163.993,99.119,63.412,44.761
163.240,98.383,62.169,43.884
164.025,98.988,60.950,43.023
162.364,98.281,59.755,42.180
163.209,99.931,58.583,41.353
161.493,99.410,59.755,42.180
159.873,98.988,60.950,43.023
159.416,98.558,62.169,43.884
158.240,98.558,62.169,43.884
159.591,98.558,62.169,43.884
157.595,98.119,63.412,44.761
159.591,99.733,62.169,43.884
158.240,99.558,62.169,43.884
157.794,99.119,63.412,44.761
156.595,97.921,63.412,44.761
158.025,98.988,60.950,43.023
158.623,98.281,59.755,42.180
158.623,99.540,59.755,42.180
159.209,97.609,58.583,41.353
158.623,97.410,59.755,42.180
159.783,96.058,57.434,40.542
158.623,95.410,59.755,42.180
158.623,93.151,59.755,42.180
158.623,92.281,59.755,42.180
159.783,92.143,57.434,40.542
160.346,91.562,56.308,39.747
160.346,90.562,56.308,39.747
161.439,90.375,54.122,38.203
160.898,88.973,55.204,38.968
160.346,87.562,56.308,39.747
162.462,87.375,54.122,38.203
162.439,86.375,54.122,38.203
161.346,84.562,56.308,39.747
161.346,83.562,56.308,39.747
162.942,84.016,55.204,38.968
163.970,82.767,53.060,37.454
163.970,82.773,53.060,37.454
162.898,80.973,55.204,38.968
164.973,81.773,53.060,37.454
164.970,80.770,53.060,37.454
163.898,80.016,55.204,38.968
163.898,78.973,55.204,38.968
163.346,78.627,56.308,39.747
164.410,76.498,56.308,39.747
164.898,78.060,55.204,38.968
165.970,77.770,53.060,37.454
166.490,79.123,52.020,36.720
166.490,79.140,52.020,36.720
165.507,78.157,52.020,36.720
164.970,77.773,53.060,37.454
166.000,78.500,51.000,36.000
166.500,77.908,50.000,35.294
166.500,76.908,50.000,35.294
166.000,76.500,51.000,36.000
166.500,75.908,50.000,35.294
167.445,75.853,50.000,35.294
168.445,75.853,50.000,35.294
168.500,75.853,50.000,35.294
168.990,76.199,49.020,34.602
168.990,76.199,49.020,34.602
168.990,76.199,49.020,34.602
168.990,76.199,49.020,34.602
168.990,76.199,49.020,34.602
168.500,74.908,50.000,35.294
168.990,75.199,49.020,34.602
168.990,75.199,49.020,34.602
168.990,75.199,49.020,34.602
168.990,75.199,49.020,34.602
168.990,75.199,49.020,34.602
168.990,75.199,49.020,34.602
168.000,77.392,51.000,36.000
168.500,79.743,50.000,35.294
167.490,79.140,52.020,36.720
167.490,78.157,52.020,36.720
166.970,77.773,53.060,37.454
166.439,79.444,54.122,38.203
165.967,80.776,53.060,37.454
166.462,80.398,54.122,38.203
164.854,81.060,55.204,38.968
165.410,80.627,56.308,39.747
165.898,82.060,55.204,38.968
165.898,83.060,55.204,38.968
165.898,84.060,55.204,38.968
165.346,84.691,56.308,39.747
166.439,87.444,54.122,38.203
167.462,88.421,54.122,38.203
166.898,89.060,55.204,38.968
165.783,88.229,57.434,40.542
165.783,90.401,57.434,40.542
165.209,90.931,58.583,41.353
165.209,91.931,58.583,41.353
165.209,94.039,58.583,41.353
166.316,94.931,58.583,41.353
166.209,95.931,58.583,41.353
165.025,94.988,60.950,43.023
165.025,96.141,60.950,43.023
165.025,97.141,60.950,43.023
165.025,98.141,60.950,43.023
165.025,97.988,60.950,43.023
165.025,99.141,60.950,43.023
164.416,99.733,62.169,43.884
164.993,100.318,63.412,44.761
166.025,102.141,60.950,43.023
167.209,105.039,58.583,41.353
166.025,105.141,60.950,43.023
166.025,106.141,60.950,43.023
167.209,107.931,58.583,41.353
167.177,108.141,60.950,43.023
167.623,109.540,59.755,42.180
168.783,111.315,57.434,40.542
168.209,111.931,58.583,41.353
167.025,112.141,60.950,43.023
166.416,112.733,62.169,43.884
166.416,114.909,62.169,43.884
165.160,114.894,64.680,45.657
165.794,117.517,63.412,44.761
166.416,118.733,62.169,43.884
166.416,120.909,62.169,43.884
165.794,122.517,63.412,44.761
165.794,124.517,63.412,44.761
166.416,125.733,62.169,43.884
166.416,126.733,62.169,43.884
166.416,127.733,62.169,43.884
166.416,128.733,62.169,43.884
166.416,128.558,62.169,43.884
166.416,129.733,62.169,43.884
165.160,129.894,64.680,45.657
165.160,129.672,64.680,45.657
165.160,130.894,64.680,45.657
165.160,130.672,64.680,45.657
165.160,131.894,64.680,45.657
166.416,132.558,62.169,43.884
166.416,132.558,62.169,43.884
165.160,131.672,64.680,45.657
165.160,131.672,64.680,45.657
165.160,131.672,64.680,45.657
166.416,132.558,62.169,43.884
167.623,132.281,59.755,42.180
165.240,131.558,62.169,43.884
165.383,128.226,64.680,45.657
165.240,128.383,62.169,43.884
166.025,126.684,60.950,43.023
163.595,123.722,63.412,44.761
164.993,121.722,63.412,44.761
164.873,119.532,60.950,43.023
164.993,116.722,63.412,44.761
163.721,115.684,60.950,43.023
163.993,113.921,63.412,44.761
162.595,112.921,63.412,44.761
163.993,110.722,63.412,44.761
163.240,110.383,62.169,43.884
166.330,109.836,60.950,43.023
164.240,108.383,62.169,43.884
166.752,110.540,59.755,42.180
164.240,107.208,62.169,43.884
163.794,107.119,63.412,44.761
162.065,105.208,62.169,43.884
161.160,104.672,64.680,45.657
160.065,104.383,62.169,43.884
157.937,103.672,64.680,45.657
156.937,102.449,64.680,45.657
157.794,103.119,63.412,44.761
155.937,99.004,64.680,45.657
158.591,99.558,62.169,43.884
158.416,98.383,62.169,43.884
159.025,97.836,60.950,43.023
158.416,96.383,62.169,43.884
158.416,95.383,62.169,43.884
158.416,94.383,62.169,43.884
159.025,93.836,60.950,43.023
159.025,92.836,60.950,43.023
160.752,93.410,59.755,42.180
160.623,92.281,59.755,42.180
161.177,91.988,60.950,43.023
162.209,91.716,58.583,41.353
162.177,92.141,60.950,43.023
163.209,91.716,58.583,41.353
162.025,92.141,60.950,43.023
163.177,90.836,60.950,43.023
165.316,92.931,58.583,41.353
165.209,91.716,58.583,41.353
165.177,92.141,60.950,43.023
166.209,91.716,58.583,41.353
166.209,92.931,58.583,41.353
166.209,91.716,58.583,41.353
166.209,92.931,58.583,41.353
166.209,91.716,58.583,41.353
166.209,92.931,58.583,41.353
166.209,91.716,58.583,41.353
166.209,92.931,58.583,41.353
166.209,91.716,58.583,41.353
166.209,92.931,58.583,41.353
166.209,91.716,58.583,41.353
166.209,92.931,58.583,41.353
165.101,92.824,58.583,41.353
165.177,91.988,60.950,43.023
164.493,93.540,59.755,42.180
164.025,92.988,60.950,43.023
164.623,93.410,59.755,42.180
164.623,93.410,59.755,42.180
164.623,93.410,59.755,42.180
164.025,92.988,60.950,43.023
164.025,92.988,60.950,43.023
165.209,93.824,58.583,41.353
164.025,92.988,60.950,43.023
165.209,92.716,58.583,41.353
165.783,94.315,57.434,40.542
165.209,92.716,58.583,41.353
166.869,93.229,57.434,40.542
166.209,91.716,58.583,41.353
166.209,92.931,58.583,41.353
166.209,91.716,58.583,41.353
167.316,92.931,58.583,41.353
167.209,91.716,58.583,41.353
166.025,92.141,60.950,43.023
167.209,91.716,58.583,41.353
167.783,93.315,57.434,40.542
167.209,91.716,58.583,41.353
167.209,92.931,58.583,41.353
167.209,91.716,58.583,41.353
168.869,93.315,57.434,40.542
168.209,91.716,58.583,41.353
169.869,92.229,57.434,40.542
169.209,90.716,58.583,41.353
170.316,91.931,58.583,41.353
171.882,90.281,59.755,42.180
171.623,91.540,59.755,42.180
171.623,90.281,59.755,42.180
172.752,90.410,59.755,42.180
172.025,88.836,60.950,43.023
172.623,91.669,59.755,42.180
172.025,89.836,60.950,43.023
173.177,89.988,60.950,43.023
173.623,90.410,59.755,42.180
174.752,90.410,59.755,42.180
175.209,90.824,58.583,41.353
175.752,91.540,59.755,42.180
176.783,91.143,57.434,40.542
176.209,91.931,58.583,41.353
176.752,91.410,59.755,42.180
177.209,90.716,58.583,41.353
177.783,92.315,57.434,40.542
177.209,90.716,58.583,41.353
178.346,93.755,56.308,39.747
178.346,92.562,56.308,39.747
176.697,93.315,57.434,40.542
177.316,91.716,58.583,41.353
176.101,92.931,58.583,41.353
176.209,92.824,58.583,41.353
176.209,92.824,58.583,41.353
176.209,92.824,58.583,41.353
176.209,92.824,58.583,41.353
176.209,93.931,58.583,41.353
175.623,93.410,59.755,42.180
175.623,93.410,59.755,42.180
176.209,93.824,58.583,41.353
176.752,93.410,59.755,42.180
176.025,92.988,60.950,43.023
177.177,92.988,60.950,43.023
177.025,92.988,60.950,43.023
179.316,92.716,58.583,41.353
178.025,93.141,60.950,43.023
179.209,92.716,58.583,41.353
180.869,94.315,57.434,40.542
179.623,92.281,59.755,42.180
180.783,94.315,57.434,40.542
181.316,92.716,58.583,41.353
181.783,94.315,57.434,40.542
181.752,92.281,59.755,42.180
182.783,94.315,57.434,40.542
182.209,92.716,58.583,41.353
183.869,93.229,57.434,40.542
183.209,91.716,58.583,41.353
183.783,93.315,57.434,40.542
184.316,91.716,58.583,41.353
184.209,92.931,58.583,41.353
185.316,92.824,58.583,41.353
185.209,92.824,58.583,41.353
185.209,92.824,58.583,41.353
186.316,92.824,58.583,41.353
186.209,92.824,58.583,41.353
186.209,92.824,58.583,41.353
186.209,92.824,58.583,41.353
187.316,93.931,58.583,41.353
186.623,93.410,59.755,42.180
186.025,92.988,60.950,43.023
186.025,92.988,60.950,43.023
187.177,92.988,60.950,43.023
187.025,92.988,60.950,43.023
187.025,92.988,60.950,43.023
187.025,92.988,60.950,43.023
187.025,92.988,60.950,43.023
186.416,92.558,62.169,43.884
187.591,92.558,62.169,43.884
187.416,92.558,62.169,43.884
187.416,93.733,62.169,43.884
188.025,93.988,60.950,43.023
188.025,93.988,60.950,43.023
188.025,93.988,60.950,43.023
188.025,93.988,60.950,43.023
188.025,93.988,60.950,43.023
189.177,93.988,60.950,43.023
190.209,94.824,58.583,41.353
189.025,93.988,60.950,43.023
189.025,93.988,60.950,43.023
189.025,93.988,60.950,43.023
189.025,93.988,60.950,43.023
190.209,94.824,58.583,41.353
190.209,94.824,58.583,41.353
190.209,94.824,58.583,41.353
190.209,94.824,58.583,41.353
190.209,94.824,58.583,41.353
189.025,93.988,60.950,43.023
189.025,93.988,60.950,43.023
189.025,93.988,60.950,43.023
189.025,93.988,60.950,43.023
189.025,93.988,60.950,43.023
189.025,93.988,60.950,43.023
189.025,93.988,60.950,43.023
189.025,93.988,60.950,43.023
190.177,93.988,60.950,43.023
190.025,93.988,60.950,43.023
190.025,93.988,60.950,43.023
190.623,94.410,59.755,42.180
190.025,93.988,60.950,43.023
191.209,94.824,58.583,41.353
191.209,94.824,58.583,41.353
190.025,93.988,60.950,43.023
190.025,93.988,60.950,43.023
190.025,93.988,60.950,43.023
191.177,93.988,60.950,43.023
191.025,93.988,60.950,43.023
192.177,93.988,60.950,43.023
191.416,93.558,62.169,43.884
191.416,93.558,62.169,43.884
191.416,93.558,62.169,43.884
192.025,93.988,60.950,43.023
192.025,93.988,60.950,43.023
190.873,93.988,60.950,43.023
191.623,94.410,59.755,42.180
188.065,92.383,62.169,43.884
189.025,94.141,60.950,43.023
186.721,92.836,60.950,43.023
188.209,94.931,58.583,41.353
186.493,93.281,59.755,42.180
184.873,94.141,60.950,43.023
186.209,93.716,58.583,41.353
182.721,94.141,60.950,43.023
182.416,92.383,62.169,43.884
181.873,94.141,60.950,43.023
182.025,93.988,60.950,43.023
180.873,93.988,60.950,43.023
181.025,93.988,60.950,43.023
181.623,94.410,59.755,42.180
179.873,92.836,60.950,43.023
181.209,94.931,58.583,41.353
178.873,93.988,60.950,43.023
181.316,94.824,58.583,41.353
178.873,93.988,60.950,43.023
179.025,93.988,60.950,43.023
179.623,94.410,59.755,42.180
177.873,93.988,60.950,43.023
180.316,94.824,58.583,41.353
179.623,94.410,59.755,42.180
177.873,93.988,60.950,43.023
179.177,93.988,60.950,43.023
178.416,93.558,62.169,43.884
180.752,95.540,59.755,42.180
180.025,94.988,60.950,43.023
181.209,95.824,58.583,41.353
182.316,95.824,58.583,41.353
183.316,95.824,58.583,41.353
182.025,94.988,60.950,43.023
182.591,94.558,62.169,43.884
184.177,94.988,60.950,43.023
185.177,94.988,60.950,43.023
185.025,94.988,60.950,43.023
187.316,96.931,58.583,41.353
187.209,96.824,58.583,41.353
187.177,95.988,60.950,43.023
187.591,95.558,62.169,43.884
189.177,95.988,60.950,43.023
189.591,95.558,62.169,43.884
190.591,95.558,62.169,43.884
191.591,95.558,62.169,43.884
192.591,95.558,62.169,43.884
192.993,95.119,63.412,44.761
193.383,93.449,64.680,45.657
195.591,95.733,62.169,43.884
197.177,94.836,60.950,43.023
200.423,96.931,58.583,41.353
201.882,95.281,59.755,42.180
202.752,96.540,59.755,42.180
204.316,94.609,58.583,41.353
203.025,95.141,60.950,43.023
204.752,95.410,59.755,42.180
205.752,95.410,59.755,42.180
205.623,95.410,59.755,42.180
205.623,95.410,59.755,42.180
205.623,95.410,59.755,42.180
205.101,95.824,58.583,41.353
204.623,95.410,59.755,42.180
201.721,94.988,60.950,43.023
201.493,95.410,59.755,42.180
198.721,94.988,60.950,43.023
199.101,95.824,58.583,41.353
196.364,95.410,59.755,42.180
193.721,93.836,60.950,43.023
191.595,94.318,63.412,44.761
190.721,93.836,60.950,43.023
191.101,94.824,58.583,41.353
189.493,94.410,59.755,42.180
188.493,93.281,59.755,42.180
187.493,94.540,59.755,42.180
186.493,93.281,59.755,42.180
186.101,93.824,58.583,41.353
186.209,92.716,58.583,41.353
185.101,92.824,58.583,41.353
186.869,93.229,57.434,40.542
185.101,92.824,58.583,41.353
186.869,93.229,57.434,40.542
185.101,92.824,58.583,41.353
185.209,92.824,58.583,41.353
182.873,90.836,60.950,43.023
183.025,92.141,60.950,43.023
182.493,91.281,59.755,42.180
183.209,91.824,58.583,41.353
179.721,88.684,60.950,43.023
182.316,89.824,58.583,41.353
181.101,86.501,58.583,41.353
181.209,86.824,58.583,41.353
180.697,85.058,57.434,40.542
181.869,85.229,57.434,40.542
180.101,83.716,58.583,41.353
181.869,84.229,57.434,40.542
179.493,83.410,59.755,42.180
181.869,83.143,57.434,40.542
182.898,85.060,55.204,38.967
182.346,83.562,56.308,39.747
180.101,82.824,58.583,41.353
181.869,82.143,57.434,40.542
180.101,81.824,58.583,41.353
183.475,82.627,56.308,39.747
182.282,81.562,56.308,39.747
182.869,81.229,57.434,40.542
180.493,79.281,59.755,42.180
182.316,79.824,58.583,41.353
181.623,79.410,59.755,42.180
181.623,79.410,59.755,42.180
181.623,79.410,59.755,42.180
181.623,80.540,59.755,42.180
181.623,81.540,59.755,42.180
181.697,83.315,57.434,40.542
182.869,85.401,57.434,40.542
181.623,85.540,59.755,42.180
181.101,86.931,58.583,41.353
182.316,87.931,58.583,41.353
181.101,90.039,58.583,41.353
181.209,90.931,58.583,41.353
178.873,92.293,60.950,43.023
181.316,95.039,58.583,41.353
180.101,95.931,58.583,41.353
179.025,97.293,60.950,43.023
177.873,99.293,60.950,43.023
178.591,99.733,62.169,43.884
176.595,101.517,63.412,44.761
177.416,102.733,62.169,43.884
176.240,104.909,62.169,43.884
175.160,106.117,64.680,45.657
175.240,108.909,62.169,43.884
174.160,110.117,64.680,45.657
171.581,112.566,67.293,47.501
173.160,117.340,64.680,45.657
172.595,120.517,63.412,44.761
172.794,121.318,63.412,44.761
169.714,121.894,64.680,45.657
170.160,124.117,64.680,45.657
168.266,125.709,65.974,46.570
169.794,128.517,63.412,44.761
167.397,128.119,63.412,44.761
167.794,128.119,63.412,44.761
164.714,126.449,64.680,45.657
165.794,128.318,63.412,44.761
164.595,125.722,63.412,44.761
164.794,126.119,63.412,44.761
162.397,123.722,63.412,44.761
162.873,124.988,60.950,43.023
161.794,122.921,63.412,44.761
160.595,123.119,63.412,44.761
162.025,121.684,60.950,43.023
160.873,121.988,60.950,43.023
161.591,119.208,62.169,43.884
160.794,119.119,63.412,44.761
160.794,119.119,63.412,44.761
160.160,119.894,64.680,45.657
161.993,122.517,63.412,44.761
160.513,119.968,65.974,46.570
157.883,116.679,68.639,48.451
155.444,112.596,71.412,50.409
154.585,109.382,68.639,48.451
153.019,108.968,65.974,46.570
150.492,110.894,64.680,45.657
148.937,110.672,64.680,45.657
149.760,112.709,65.974,46.570
150.794,114.318,63.412,44.761
153.177,116.141,60.950,43.023
154.177,117.141,60.950,43.023
156.330,118.141,60.950,43.023
155.993,118.318,63.412,44.761
154.513,117.215,65.974,46.570
154.513,115.968,65.974,46.570
154.513,114.968,65.974,46.570
153.266,112.721,65.974,46.570
152.853,108.933,67.293,47.501
151.581,106.205,67.293,47.501
149.883,103.977,68.639,48.451
151.513,105.215,65.974,46.570
149.019,103.968,65.974,46.570
150.160,104.672,64.680,45.657
148.266,102.968,65.974,46.570
147.937,103.672,64.680,45.657
146.853,102.749,67.293,47.501
146.937,103.672,64.680,45.657
145.853,101.477,67.293,47.501
141.847,100.790,70.012,49.420
142.853,99.205,67.293,47.501
143.513,97.968,65.974,46.570
142.937,97.449,64.680,45.657
143.760,97.215,65.974,46.570
144.160,95.226,64.680,45.657
144.160,96.894,64.680,45.657
145.383,96.672,64.680,45.657
144.513,98.709,65.974,46.570
144.513,99.462,65.974,46.570
141.883,96.977,68.639,48.451
144.125,97.749,67.293,47.501
141.883,95.977,68.639,48.451
140.883,94.977,68.639,48.451
139.883,93.977,68.639,48.451
138.171,92.466,70.012,49.420
137.883,90.679,68.639,48.451
140.125,90.749,67.293,47.501
138.494,91.113,70.012,49.420
137.080,91.169,72.840,51.417
139.818,95.760,70.012,49.420
140.853,99.294,67.293,47.501
139.581,101.022,67.293,47.501
139.180,98.977,68.639,48.451
138.494,98.790,70.012,49.420
137.794,98.296,71.412,50.409
137.171,98.790,70.012,49.420
136.794,96.946,71.412,50.409
136.883,96.977,68.639,48.451
135.883,95.977,68.639,48.451
135.494,95.790,70.012,49.420
135.494,95.790,70.012,49.420
135.457,94.792,72.840,51.417
138.494,96.646,71.412,50.409
140.834,95.792,72.840,51.417
145.141,98.113,70.012,49.420
146.180,99.572,68.639,48.451
143.444,99.646,71.412,50.409
144.494,99.790,70.012,49.420
142.585,98.977,68.639,48.451
140.171,98.790,70.012,49.420
141.853,98.477,67.293,47.501
135.990,98.274,68.639,48.451
135.581,100.022,67.293,47.501
133.309,102.294,67.293,47.501
130.309,105.294,67.293,47.501
128.494,106.113,70.012,49.420
129.818,105.790,70.012,49.420
130.818,105.790,70.012,49.420
131.818,105.790,70.012,49.420
128.703,104.792,72.840,51.417
126.947,104.277,74.297,52.445
126.703,104.792,72.840,51.417
129.834,103.415,72.840,51.417
134.141,104.790,70.012,49.420
135.144,102.946,71.412,50.409
135.494,105.113,70.012,49.420
138.776,103.977,68.639,48.451
140.494,103.296,71.412,50.409
144.141,102.466,70.012,49.420
144.457,101.792,72.840,51.417
144.080,100.415,72.840,51.417
144.794,102.646,71.412,50.409
139.949,100.415,72.840,51.417
136.542,100.277,74.297,52.445
132.949,100.792,72.840,51.417
130.947,101.682,74.297,52.445
128.542,104.086,74.297,52.445
129.794,109.346,71.412,50.409
131.818,109.790,70.012,49.420
130.171,111.113,70.012,49.420
130.494,112.113,70.012,49.420
127.847,111.790,70.012,49.420
123.326,112.169,72.840,51.417
121.703,111.792,72.840,51.417
124.818,114.113,70.012,49.420
123.080,111.415,72.840,51.417
123.041,110.753,75.783,53.494
124.756,109.873,74.297,52.445
124.351,108.873,74.297,52.445
122.947,107.873,74.297,52.445
121.851,105.757,77.299,54.564
119.138,104.468,74.297,52.445
116.389,100.296,77.299,54.564
111.006,97.296,77.299,54.564
106.733,96.873,74.297,52.445
103.744,98.296,71.412,50.409
96.733,94.468,74.297,52.445
95.094,95.296,71.412,50.409
93.444,93.946,71.412,50.409
92.351,93.277,74.297,52.445
92.351,90.468,74.297,52.445
95.144,92.646,71.412,50.409
94.080,91.792,72.840,51.417
93.444,92.296,71.412,50.409
93.171,92.790,70.012,49.420
93.494,92.790,70.012,49.420
90.703,90.415,72.840,51.417
93.834,92.169,72.840,51.417
94.080,90.415,72.840,51.417
92.703,92.169,72.840,51.417
95.144,93.646,71.412,50.409
91.947,92.277,74.297,52.445
93.080,91.415,72.840,51.417
91.847,94.113,70.012,49.420
87.326,91.415,72.840,51.417
82.949,91.792,72.840,51.417
78.949,90.415,72.840,51.417
74.394,92.646,71.412,50.409
69.949,89.038,72.840,51.417
68.703,88.792,72.840,51.417
70.457,90.169,72.840,51.417
73.565,90.682,74.297,52.445
82.342,93.546,72.840,51.417
94.082,98.760,70.012,49.420
101.342,100.546,72.840,51.417
101.756,101.682,74.297,52.445
102.080,101.792,72.840,51.417
98.542,99.873,74.297,52.445
92.467,99.218,77.299,54.564
91.389,97.757,77.299,54.564
89.587,96.182,78.845,55.655
90.078,96.672,78.845,55.655
90.851,97.218,77.299,54.564
93.773,98.679,77.299,54.564
98.906,100.186,75.783,53.494
100.773,99.218,77.299,54.564
103.773,100.679,77.299,54.564
109.565,101.277,74.297,52.445
110.773,100.218,77.299,54.564
115.234,100.218,77.299,54.564
120.040,101.163,78.845,55.655
126.696,102.679,77.299,54.564
128.330,101.116,80.422,56.768
128.289,101.116,80.422,56.768
128.289,101.116,80.422,56.768
127.485,100.548,82.030,57.904
128.289,101.116,80.422,56.768
132.059,100.182,78.845,55.655
138.040,100.672,78.845,55.655
146.157,98.296,77.299,54.564
152.530,97.672,78.845,55.655
158.891,98.636,80.422,56.768
164.549,101.163,78.845,55.655
166.330,100.116,80.422,56.768
170.137,101.099,82.030,57.904
176.549,104.163,78.845,55.655
179.137,102.548,82.030,57.904
184.850,104.636,80.422,56.768
190.549,107.163,78.845,55.655
192.330,106.116,80.422,56.768
196.137,107.099,82.030,57.904
199.668,106.379,85.344,60.243
206.137,105.998,82.030,57.904
209.586,105.548,82.030,57.904
212.586,105.548,82.030,57.904
216.330,104.596,80.422,56.768
219.330,104.116,80.422,56.768
222.330,104.116,80.422,56.768
225.330,104.116,80.422,56.768
226.036,105.099,82.030,57.904
224.828,104.379,85.344,60.243
226.485,105.548,82.030,57.904
227.289,104.596,80.422,56.768
225.665,102.969,83.671,59.062
224.828,102.379,85.344,60.243
228.036,103.548,82.030,57.904
229.289,104.116,80.422,56.768
227.769,104.116,80.422,56.768
227.289,104.116,80.422,56.768
224.934,105.099,82.030,57.904
221.384,105.548,82.030,57.904
215.920,103.388,83.671,59.062
212.728,104.116,80.422,56.768
208.384,101.998,82.030,57.904
206.083,99.388,83.671,59.062
204.934,101.099,82.030,57.904
206.036,103.099,82.030,57.904
208.809,104.116,80.422,56.768
206.249,105.636,80.422,56.768
201.728,106.116,80.422,56.768
195.208,104.596,80.422,56.768
191.384,103.548,82.030,57.904
184.688,102.596,80.422,56.768
176.688,102.116,80.422,56.768
170.833,99.998,82.030,57.904
167.384,99.548,82.030,57.904
164.384,99.548,82.030,57.904
161.384,99.548,82.030,57.904
156.833,99.548,82.030,57.904
151.833,99.548,82.030,57.904
147.501,97.388,83.671,59.062
144.728,98.116,80.422,56.768
141.249,98.116,80.422,56.768
139.769,98.116,80.422,56.768
134.501,98.551,83.671,59.062
133.249,100.116,80.422,56.768
129.384,97.998,82.030,57.904
128.097,100.163,78.845,55.655
124.249,100.636,80.422,56.768
125.078,103.163,78.845,55.655
121.249,102.116,80.422,56.768
120.587,104.163,78.845,55.655
117.934,105.650,82.030,57.904
115.934,105.548,82.030,57.904
113.249,106.116,80.422,56.768
112.485,103.998,82.030,57.904
110.249,102.596,80.422,56.768
108.769,102.116,80.422,56.768
105.934,103.099,82.030,57.904
103.249,104.116,80.422,56.768
103.289,104.116,80.422,56.768
104.851,103.757,77.299,54.564
103.289,101.596,80.422,56.768
106.312,100.757,77.299,54.564
105.810,100.116,80.422,56.768
106.289,100.116,80.422,56.768
107.851,104.141,77.299,54.564
107.078,109.634,78.845,55.655
106.289,112.156,80.422,56.768
104.665,114.133,83.671,59.062
103.083,115.551,83.671,59.062
103.485,118.099,82.030,57.904
100.215,115.765,85.344,60.243
103.036,111.896,82.030,57.904
103.485,105.346,82.030,57.904
103.485,100.896,82.030,57.904
101.828,91.312,85.344,60.243
104.246,88.806,83.671,59.062
106.289,85.555,80.422,56.768
107.036,82.998,82.030,57.904
110.586,84.099,82.030,57.904
110.441,84.992,85.344,60.243
113.266,88.067,87.051,61.448
116.246,95.296,83.671,59.062
117.485,101.751,82.030,57.904
115.249,108.197,80.422,56.768
113.665,111.714,83.671,59.062
111.215,112.992,85.344,60.243
109.104,110.483,88.792,62.677
109.104,108.483,88.792,62.677
107.426,104.805,88.792,62.677
106.216,101.111,90.568,63.930
105.310,97.403,92.379,65.209
104.504,93.399,90.568,63.930
105.057,87.657,92.379,65.209
107.057,84.403,92.379,65.209
109.104,81.126,88.792,62.677
107.310,78.149,92.379,65.209
106.387,79.025,94.227,66.513
110.803,83.388,92.379,65.209
113.803,89.881,92.379,65.209
118.461,97.876,88.792,62.677
118.928,100.959,90.568,63.930
122.640,100.535,90.568,63.930
120.387,97.462,94.227,66.513
123.057,96.149,92.379,65.209
122.387,91.681,94.227,66.513
124.216,89.111,90.568,63.930
123.310,87.149,92.379,65.209
123.310,81.657,92.379,65.209
119.628,80.578,96.111,67.843
118.483,78.047,98.033,69.200
115.613,75.318,99.994,70.584
117.444,74.762,96.111,67.843
117.444,72.762,96.111,67.843
116.483,70.047,98.033,69.200
116.483,68.047,98.033,69.200
117.444,66.762,96.111,67.843
115.503,67.098,99.994,70.584
119.261,72.212,96.111,67.843
124.803,79.135,92.379,65.209
122.444,83.029,96.111,67.843
120.503,88.769,99.994,70.584
122.393,94.879,99.994,70.584
123.483,99.606,98.033,69.200
119.575,98.502,101.994,71.996
120.503,97.318,99.994,70.584
119.503,92.646,101.994,71.996
120.503,91.318,99.994,70.584
119.503,86.646,101.994,71.996
120.503,83.427,99.994,70.584
119.503,78.646,101.994,71.996
121.431,74.646,101.994,71.996
122.450,69.849,104.034,73.436
122.483,67.816,104.034,73.436
121.443,69.054,106.114,74.904
123.503,74.358,101.994,71.996
122.483,81.649,104.034,73.436
121.443,91.078,106.114,74.904
120.516,103.582,104.034,73.436
119.443,113.078,106.114,74.904
116.336,118.437,108.237,76.402
114.195,116.755,112.610,79.489
114.336,114.207,108.237,76.402
112.195,106.369,112.610,79.489
110.066,98.240,112.610,79.489
111.299,90.187,110.401,77.930
110.195,81.240,112.610,79.489
110.195,74.369,112.610,79.489
110.195,70.498,112.610,79.489
109.069,65.618,114.862,81.079
109.069,68.132,114.862,81.079
110.195,73.013,112.610,79.489
104.727,80.646,114.862,81.079
106.195,94.528,112.610,79.489
99.491,102.009,117.159,82.700
98.749,112.618,119.502,84.354
93.985,115.319,124.330,87.762
91.985,117.969,124.330,87.762
94.749,112.546,119.502,84.354
92.490,103.287,119.502,84.354
89.250,90.958,121.892,86.042
89.554,78.958,121.892,86.042
84.694,69.549,126.817,89.518
85.092,64.947,126.817,89.518
82.694,62.344,126.817,89.518
83.250,69.088,121.892,86.042
81.092,74.933,126.817,89.518
76.036,85.404,131.940,93.134
77.824,98.072,129.353,91.308
75.211,106.178,134.579,94.997
69.845,106.730,140.016,98.835
72.211,109.002,134.579,94.997
68.270,97.672,137.270,96.897
73.024,89.956,131.940,93.134
72.530,74.968,131.940,93.134
76.269,63.620,129.353,91.308
74.530,55.450,131.940,93.134
71.865,46.267,137.270,96.897
70.492,42.436,140.016,98.835
70.492,39.436,140.016,98.835
67.845,41.730,140.016,98.835
70.211,51.634,134.579,94.997
70.378,63.627,129.353,91.308
69.530,75.404,131.940,93.134
65.667,86.722,134.579,94.997
62.492,98.317,140.016,98.835
61.270,104.242,137.270,96.897
59.492,105.730,140.016,98.835
53.910,98.579,145.672,102.827
56.492,92.142,140.016,98.835
59.211,83.825,134.579,94.997
61.755,73.825,134.579,94.997
60.865,60.077,137.270,96.897
58.092,49.995,142.816,100.811
59.492,45.789,140.016,98.835
59.492,43.436,140.016,98.835
56.664,43.840,145.672,102.827
56.664,52.348,145.672,102.827
55.207,62.293,148.586,104.884
56.664,79.609,145.672,102.827
52.398,95.911,148.586,104.884
50.721,106.469,151.557,106.982
50.910,119.101,145.672,102.827
44.856,117.009,151.557,106.982
41.660,108.887,157.680,111.304
38.475,97.296,164.051,115.800
40.083,86.574,160.834,113.530
44.641,72.944,157.680,111.304
52.050,62.250,154.589,109.121
53.721,54.414,151.557,106.982
53.641,45.887,157.680,111.304
50.475,43.600,164.051,115.800
50.475,46.701,164.051,115.800
53.660,57.790,157.680,111.304
52.083,71.937,160.834,113.530
51.997,85.258,167.332,118.116
53.475,102.106,164.051,115.800
48.671,110.931,167.332,118.116
50.475,114.701,164.051,115.800
43.934,105.808,170.678,120.479
44.161,96.581,170.678,120.479
50.576,86.195,164.051,115.800
47.161,68.128,170.678,120.479
50.387,52.128,170.678,120.479
48.454,41.183,174.092,122.888
54.997,33.952,167.332,118.116
54.834,31.279,167.332,118.116
51.454,29.056,174.092,122.888
49.934,39.940,170.678,120.479
50.161,53.166,170.678,120.479
48.454,65.220,174.092,122.888
46.713,80.611,177.574,125.346
39.634,85.280,184.748,130.410
38.279,87.553,188.442,133.018
38.514,87.150,181.125,127.853
40.713,78.757,177.574,125.346
40.713,65.400,177.574,125.346
42.454,50.601,174.092,122.888
42.454,37.892,174.092,122.888
45.745,24.892,174.092,122.888
48.745,18.474,174.092,122.888
50.161,16.034,170.678,120.479
50.161,19.487,170.678,120.479
50.161,25.714,170.678,120.479
45.163,33.929,174.092,122.888
45.454,50.511,174.092,122.888
47.161,70.619,170.678,120.479
45.454,85.511,174.092,122.888
47.070,97.254,177.574,125.346
44.937,102.421,181.125,127.853
44.937,102.574,181.125,127.853
41.279,89.304,188.442,133.018
43.126,76.325,184.748,130.410
43.126,62.325,184.748,130.410
39.394,48.760,192.211,135.679
43.126,44.310,184.748,130.410
48.361,42.150,181.125,127.853
47.938,42.574,181.125,127.853
47.841,43.553,188.442,133.018
48.279,54.678,188.442,133.018
42.761,68.195,192.211,135.679
44.178,82.129,196.055,138.392
48.279,92.115,188.442,133.018
48.514,94.574,181.125,127.853
48.938,87.726,181.125,127.853
49.163,80.183,174.092,122.888
52.745,70.183,174.092,122.888
50.713,62.113,177.574,125.346
52.454,53.183,174.092,122.888
54.161,47.808,170.678,120.479
52.454,47.056,174.092,122.888
52.454,53.638,174.092,122.888
52.454,67.220,174.092,122.888
48.938,85.117,181.125,127.853
50.713,100.254,177.574,125.346
47.356,106.541,177.574,125.346
47.713,100.113,177.574,125.346
47.713,89.757,177.574,125.346
51.161,82.581,170.678,120.479
54.387,69.355,170.678,120.479
62.161,57.789,167.331,118.116
68.123,44.533,160.834,113.530
69.576,37.397,164.050,115.800
75.641,33.887,157.680,111.304
78.641,33.848,157.680,111.304
78.660,36.829,157.680,111.304
81.721,50.469,151.557,106.982
80.206,60.629,154.588,109.121
84.586,70.604,151.557,106.982
84.641,71.829,157.680,111.304
87.721,74.009,151.557,106.982
93.418,70.579,145.672,102.827
96.418,59.071,145.672,102.827
100.792,51.995,142.816,100.811
103.865,43.672,137.270,96.897
106.460,36.267,137.270,96.897
114.518,32.945,131.940,93.134
118.269,33.846,129.353,91.308
117.824,38.737,129.353,91.308
119.024,50.404,131.940,93.134
121.092,66.125,126.816,89.517
118.530,78.898,131.940,93.134
118.530,96.392,131.940,93.134
113.270,99.242,137.270,96.897
116.755,105.090,134.579,94.997
118.530,98.451,131.940,93.134
119.824,87.620,129.353,91.308
127.036,75.517,124.330,87.762
134.267,66.028,119.502,84.354
134.685,50.517,124.330,87.762
135.489,40.152,126.816,89.517
137.554,34.567,121.892,86.041
137.489,32.741,126.816,89.517
139.489,32.741,126.816,89.517
140.335,40.670,124.330,87.762
137.824,51.072,129.353,91.308
142.685,69.071,124.330,87.762
143.489,84.522,126.816,89.517
145.489,99.125,126.816,89.517
145.092,105.933,126.816,89.517
143.985,106.619,124.330,87.762
145.489,98.549,126.816,89.517
145.250,88.958,121.892,86.041
147.858,72.350,121.892,86.041
152.135,60.861,117.159,82.700
156.324,52.112,112.609,79.489
158.324,41.112,112.609,79.489
160.324,34.369,112.609,79.489
160.336,36.299,108.237,76.402
160.324,34.756,112.609,79.489
160.336,42.437,108.237,76.402
163.449,53.078,106.114,74.904
159.212,61.970,110.401,77.930
162.428,78.668,108.237,76.402
159.212,90.057,110.401,77.930
160.324,100.399,112.609,79.489
156.898,104.303,114.861,81.079
159.299,101.361,110.401,77.930
159.437,99.036,106.114,74.904
159.443,89.018,106.114,74.904
160.483,79.949,104.034,73.435
162.503,69.866,99.994,70.584
163.431,61.790,101.994,71.996
162.483,52.916,104.034,73.435
158.336,47.207,108.237,76.402
162.450,48.782,104.034,73.435
161.575,49.502,101.994,71.996
161.630,56.460,98.033,69.200
161.483,64.313,98.033,69.200
159.503,72.143,101.994,71.996
160.503,82.659,99.994,70.584
162.445,92.663,96.111,67.843
162.445,96.212,96.111,67.843
159.630,97.753,98.033,69.200
161.387,93.900,94.226,66.513
157.630,85.487,98.033,69.200
159.387,78.337,94.226,66.513
159.337,69.487,98.033,69.200
160.393,61.647,99.994,70.584
160.628,58.945,96.111,67.843
162.311,59.896,92.379,65.209
165.783,66.197,88.792,62.676
165.216,72.383,90.568,63.930
163.504,82.807,90.568,63.930
164.057,92.374,92.379,65.209
163.504,102.807,90.568,63.930
163.216,109.383,90.568,63.930
163.216,111.247,90.568,63.930
164.104,108.805,88.792,62.676
165.828,103.925,85.344,60.243
170.586,97.795,82.030,57.903
172.828,89.061,83.670,59.061
172.620,81.194,87.051,61.448
177.828,78.806,83.670,59.061
180.036,76.447,82.030,57.903
182.036,76.548,82.030,57.903
183.289,77.116,80.421,56.768
183.390,82.602,77.299,54.564
183.851,88.063,77.299,54.564
182.289,94.717,80.421,56.768
183.078,101.634,78.844,55.655
186.041,108.483,75.783,53.494
183.390,106.757,77.299,54.564
184.609,103.455,75.783,53.494
181.587,96.711,78.844,55.655
185.041,90.590,75.783,53.494
186.080,86.284,72.840,51.417
186.080,81.661,72.840,51.417
186.080,79.038,72.840,51.417
188.818,79.790,70.012,49.420
189.181,82.870,68.639,48.451
191.760,89.204,65.974,46.570
192.760,94.204,65.974,46.570
191.181,98.465,68.639,48.451
192.513,102.957,65.974,46.570
191.937,104.894,64.680,45.656
191.513,101.721,65.974,46.570
189.715,99.004,64.680,45.656
190.794,94.325,63.412,44.761
189.595,91.722,63.412,44.761
189.873,90.684,60.949,43.023
188.241,89.383,62.168,43.884
184.890,90.733,62.168,43.884
180.198,91.318,63.412,44.761
177.569,93.141,60.949,43.023
177.493,95.669,59.754,42.179
176.493,97.669,59.754,42.179
178.330,99.293,60.949,43.023
180.941,100.909,62.168,43.884
188.467,102.909,62.168,43.884
193.788,103.318,63.412,44.761
202.642,104.733,62.168,43.884
207.274,103.672,64.680,45.656
214.986,105.318,63.412,44.761
221.786,107.141,60.949,43.023
228.467,107.733,62.168,43.884
234.141,111.799,59.754,42.179
237.482,112.141,60.949,43.023
238.177,113.141,60.949,43.023
238.591,112.558,62.168,43.884
239.623,114.540,59.754,42.179
237.873,113.988,60.949,43.023
236.241,113.558,62.168,43.884
234.234,114.410,59.754,42.179
229.890,112.383,62.168,43.884
223.269,111.672,64.680,45.656
219.309,109.477,67.293,47.501
215.037,109.750,67.293,47.501
210.047,108.226,64.680,45.656
207.890,109.558,62.168,43.884
204.105,109.281,59.754,42.179
199.105,108.281,59.754,42.179
194.105,107.281,59.754,42.179
189.354,107.143,57.434,40.542
185.440,105.058,57.434,40.542
181.440,103.058,57.434,40.542
177.440,101.058,57.434,40.542
173.440,100.143,57.434,40.542
169.440,99.143,57.434,40.542
166.994,97.716,58.583,41.352
165.493,96.281,59.754,42.179
163.364,95.281,59.754,42.179
161.873,94.988,60.949,43.023
161.493,94.281,59.754,42.179
159.873,93.988,60.949,43.023
160.623,94.410,59.754,42.179
158.241,93.558,62.168,43.884
159.623,94.410,59.754,42.179
157.873,93.988,60.949,43.023
159.178,93.988,60.949,43.023
159.623,95.540,59.754,42.179
159.623,96.540,59.754,42.179
159.623,96.410,59.754,42.179
160.178,95.988,60.949,43.023
159.416,96.733,62.168,43.884
162.330,98.141,60.949,43.023
163.178,99.141,60.949,43.023
164.766,98.558,62.168,43.884
167.330,101.293,60.949,43.023
169.316,102.931,58.583,41.352
172.475,106.820,56.308,39.747
173.954,108.401,57.434,40.542
176.475,110.756,56.308,39.747
177.424,110.931,58.583,41.352
179.424,111.931,58.583,41.352
182.475,115.820,56.308,39.747
185.486,118.445,54.121,38.203
187.486,120.445,54.121,38.203
190.457,122.123,52.020,36.720
191.486,123.445,54.121,38.203
193.474,124.140,52.020,36.720
197.424,126.107,52.020,36.720
200.391,129.689,50.000,35.294
202.391,129.853,50.000,35.294
203.445,129.853,50.000,35.294
206.288,131.447,48.058,33.923
208.723,133.652,47.116,33.258
209.857,133.661,45.286,31.967
211.140,132.151,44.398,31.340
213.776,130.825,42.674,30.123
216.954,130.734,41.838,29.532
218.163,129.943,41.838,29.532
220.583,128.632,42.674,30.123
220.970,127.632,42.674,30.123
224.318,128.799,41.017,28.953
224.372,129.525,41.838,29.532
225.776,128.632,42.674,30.123
226.970,128.439,42.674,30.123
227.970,129.245,42.674,30.123
229.767,131.574,41.017,28.953
230.788,132.585,39.424,27.829
229.713,132.858,38.651,27.283
231.627,134.090,37.151,26.224
231.905,135.320,38.651,27.283
232.905,134.128,38.651,27.283
233.925,134.388,37.151,26.224
234.289,133.957,36.422,25.710
234.289,133.645,36.422,25.710
233.222,131.983,37.151,26.224
233.270,132.842,37.894,26.748
234.627,131.281,37.151,26.224
235.627,129.983,37.151,26.224
236.986,127.977,37.894,26.748
235.837,125.977,37.894,26.748
235.553,124.693,37.894,26.748
236.977,124.957,36.422,25.710
237.270,123.409,37.894,26.748
236.520,122.686,37.151,26.224
237.646,123.572,35.708,25.206
237.691,126.333,34.321,24.227
236.334,126.144,35.008,24.711
235.289,124.957,36.422,25.710
234.673,125.806,35.008,24.711
235.988,127.684,34.321,24.227
234.673,126.483,35.008,24.711
235.988,127.684,34.321,24.227
237.637,128.035,34.321,24.227
237.321,128.572,35.708,25.206
239.671,128.222,35.708,25.206
239.691,128.387,34.321,24.227
237.673,127.483,35.008,24.711
235.621,126.897,35.708,25.206
233.095,128.035,34.321,24.227
229.447,128.387,34.321,24.227
224.798,127.738,34.321,24.227
220.859,126.988,33.648,23.752
217.349,126.144,35.008,24.711
214.349,126.144,35.008,24.711
212.393,126.387,34.321,24.227
210.393,126.387,34.321,24.227
209.042,126.387,34.321,24.227
208.334,125.483,35.008,24.711
207.042,126.684,34.321,24.227
207.339,126.387,34.321,24.227
206.404,126.624,33.648,23.752
207.312,126.624,33.648,23.752
207.339,127.035,34.321,24.227
206.691,128.035,34.321,24.227
207.312,127.988,33.648,23.752
207.658,126.483,35.008,24.711
208.658,126.144,35.008,24.711
210.312,126.624,33.648,23.752
210.988,126.387,34.321,24.227
210.334,124.821,35.008,24.711
209.996,125.806,35.008,24.711
211.312,125.988,33.648,23.752
213.877,126.481,32.989,23.286
215.877,128.728,32.989,23.286
216.948,130.532,33.648,23.752
215.996,132.791,35.008,24.711
217.312,136.168,33.648,23.752
217.658,138.130,35.008,24.711
217.289,140.399,36.422,25.710
214.946,141.572,35.708,25.206
214.646,143.247,35.708,25.206
215.339,144.035,34.321,24.227
214.334,144.144,35.008,24.711
215.320,143.483,35.008,24.711
216.981,143.144,35.008,24.711
219.643,143.144,35.008,24.711
220.996,142.897,35.708,25.206
221.988,144.035,34.321,24.227
223.671,144.572,35.708,25.206
223.977,144.645,36.422,25.710
225.329,142.281,37.150,26.224
225.977,144.022,36.422,25.710
226.627,141.983,37.150,26.224
229.355,144.711,36.422,25.710
230.321,144.897,35.708,25.206
231.996,148.272,35.708,25.206
230.673,154.100,35.008,24.711
228.912,163.973,36.422,25.710
223.539,175.303,37.893,26.748
