152.000,102.000,40.000,67.000
152.100,101.330,40.800,68.340
152.892,104.618,39.216,65.686
154.238,107.223,38.447,64.398
153.500,107.000,40.000,67.000
154.873,106.676,39.216,65.686
155.873,107.637,39.216,65.686
152.432,111.184,38.447,64.398
147.471,113.223,38.447,64.398
144.328,115.475,36.954,61.898
141.189,116.753,35.519,59.494
137.189,113.201,35.519,59.494
133.668,111.252,36.229,60.684
134.629,112.641,35.519,59.494
138.008,112.158,36.229,60.684
138.947,107.856,36.954,61.898
143.082,105.340,38.447,64.398
148.775,105.637,39.216,65.686
155.755,107.618,39.216,65.686
160.500,109.000,40.000,67.000
167.755,112.598,39.216,65.686
178.676,117.559,39.216,65.686
183.794,119.618,39.216,65.686
188.200,117.310,40.800,68.340
187.276,114.888,42.448,71.101
190.835,114.617,44.163,73.973
188.378,111.870,45.947,76.962
184.552,111.249,46.866,78.501
182.403,109.269,47.804,80.071
180.389,105.360,49.735,83.306
178.682,103.007,48.760,81.673
173.062,94.673,50.730,84.972
165.526,91.209,50.730,84.972
158.160,88.871,51.744,86.672
154.152,90.936,52.779,88.405
144.989,90.477,50.730,84.972
140.062,86.209,50.730,84.972
133.160,82.577,51.744,86.672
127.172,82.604,49.735,83.306
117.573,83.751,51.744,86.672
112.545,86.451,53.835,90.173
107.833,89.936,52.779,88.405
104.747,93.751,51.744,86.672
104.389,97.090,49.735,83.306
103.628,97.751,51.744,86.672
103.929,99.105,53.835,90.173
106.696,100.392,56.010,93.816
108.929,107.797,53.835,90.173
105.891,107.413,53.835,90.173
105.044,105.139,54.911,91.977
101.079,99.369,57.130,95.692
96.650,93.941,57.130,95.692
99.792,92.226,57.130,95.692
103.239,92.207,59.438,99.558
100.450,91.240,58.272,97.606
102.895,94.992,56.010,93.816
103.895,94.592,56.010,93.816
106.734,94.154,58.272,97.606
111.725,94.207,59.438,99.558
117.725,93.721,59.438,99.558
124.765,91.210,60.627,101.550
130.764,89.710,61.839,103.580
131.781,88.749,59.438,99.558
130.907,86.783,58.272,97.606
136.249,83.210,60.627,101.549
138.821,86.154,58.272,97.606
141.734,88.272,60.627,101.549
150.211,94.179,59.438,99.558
156.191,99.067,58.272,97.606
164.496,106.193,56.010,93.816
172.312,112.451,53.835,90.173
185.498,109.192,56.010,93.816
193.105,106.240,58.272,97.606
203.561,106.697,58.272,97.606
210.648,106.697,58.272,97.606
217.211,105.721,59.438,99.558
221.764,103.710,61.839,103.580
223.702,104.725,60.627,101.549
225.364,106.697,58.272,97.606
221.155,103.210,60.627,101.549
220.295,100.749,59.438,99.558
219.079,99.797,57.130,95.692
211.794,96.797,57.130,95.692
207.553,97.139,54.911,91.977
206.472,99.298,52.779,88.405
202.152,96.659,52.779,88.405
198.062,95.477,50.730,84.972
194.902,90.874,49.735,83.306
188.428,85.294,47.804,80.071
183.209,81.563,46.866,78.501
173.841,78.269,45.046,75.453
165.586,76.305,44.163,73.973
156.725,77.950,42.448,71.101
149.960,77.290,40.800,68.340
145.990,79.637,39.216,65.686
138.049,80.637,39.216,65.686
132.990,78.696,39.216,65.686
130.393,77.379,38.447,64.398
124.990,76.657,39.216,65.686
116.230,78.875,37.693,63.136
112.404,80.475,36.954,61.898
109.189,79.977,35.519,59.494
102.045,75.535,36.229,60.684
94.234,71.535,36.229,60.684
85.709,66.856,36.954,61.898
80.045,63.535,36.229,60.684
77.607,60.854,34.822,58.327
75.574,58.347,36.229,60.684
73.477,56.725,34.822,58.327
68.736,53.725,34.822,58.327
67.255,53.632,33.470,56.063
65.928,53.469,33.470,56.063
66.913,54.018,32.814,54.963
68.734,53.198,32.814,54.963
72.112,54.979,33.470,56.063
73.137,56.615,34.140,57.184
79.622,59.142,33.470,56.063
85.835,59.198,32.814,54.963
91.622,58.469,33.470,56.063
95.698,57.055,34.140,57.184
102.053,56.336,34.822,58.327
110.443,56.970,36.229,60.684
119.262,60.247,36.954,61.898
129.961,60.875,37.693,63.136
140.811,60.301,38.447,64.398
151.077,59.990,37.693,63.136
158.716,60.618,39.216,65.686
168.300,63.410,40.800,68.340
174.500,63.000,40.000,67.000
183.056,61.647,41.616,69.707
187.582,60.950,42.448,71.101
190.813,60.606,41.616,69.707
188.769,57.074,43.297,72.523
188.418,52.097,44.163,73.973
177.188,40.681,45.947,76.962
166.522,29.705,46.866,78.501
157.233,18.904,47.804,80.071
147.522,19.249,46.866,78.501
141.244,22.540,48.760,81.672
138.552,31.279,46.866,78.501
136.229,34.316,45.947,76.962
134.229,35.168,45.947,76.962
133.210,39.826,44.163,73.973
126.847,43.072,42.448,71.101
121.980,41.270,40.800,68.340
112.108,42.657,39.216,65.686
105.500,40.000,40.000,67.000
97.069,36.735,39.216,65.686
89.173,33.221,37.693,63.135
84.971,30.677,39.216,65.686
75.088,30.657,39.216,65.686
67.173,32.875,37.693,63.135
62.971,33.618,39.216,65.686
51.900,33.350,40.800,68.340
49.153,33.011,42.448,71.101
42.898,31.513,44.163,73.973
40.210,29.305,44.163,73.973
39.314,26.201,44.163,73.973
43.481,21.269,45.046,75.453
50.418,17.722,45.947,76.962
57.097,17.250,46.866,78.501
61.753,16.078,46.866,78.501
68.608,18.900,45.046,75.453
73.925,18.421,46.866,78.501
80.608,22.026,45.046,75.453
86.608,24.026,45.046,75.453
91.121,25.316,45.947,76.962
96.121,29.614,45.947,76.962
102.270,36.911,45.947,76.962
105.972,41.614,45.947,76.962
107.824,45.465,45.947,76.962
114.964,49.440,47.804,80.071
123.580,56.551,49.735,83.306
133.281,66.160,50.730,84.972
135.672,72.355,50.730,84.972
137.749,76.895,52.779,88.405
136.237,77.759,53.835,90.173
137.417,79.257,54.911,91.976
138.929,88.489,53.835,90.173
138.895,89.393,56.009,93.816
140.277,92.067,58.272,97.606
145.249,98.819,60.626,101.549
150.270,110.866,63.076,105.652
158.532,120.024,65.624,109.920
165.897,124.147,68.275,114.361
174.385,124.917,69.641,116.648
176.896,119.197,72.454,121.361
172.853,112.063,73.903,123.788
171.056,107.183,76.889,128.789
163.367,105.183,76.889,128.789
154.387,106.368,75.381,126.264
149.027,108.820,72.454,121.361
132.733,102.599,75.381,126.264
121.593,99.386,72.454,121.361
107.777,95.682,71.034,118.981
105.949,91.492,68.275,114.361
102.012,85.747,66.936,112.119
95.338,83.767,66.936,112.119
91.685,80.094,66.936,112.119
91.723,82.618,64.337,107.765
87.943,87.802,61.839,103.580
82.837,92.693,59.438,99.558
82.507,94.654,57.130,95.692
77.180,96.512,54.911,91.976
72.833,99.617,52.779,88.405
79.208,103.551,50.730,84.972
84.606,107.334,49.735,83.306
88.363,109.334,49.735,83.306
96.093,111.334,49.735,83.306
106.823,114.577,49.735,83.306
115.977,117.045,51.744,86.671
126.986,116.298,52.779,88.405
136.347,114.978,52.779,88.405
143.281,114.885,54.911,91.976
151.933,112.654,57.130,95.692
170.098,113.693,59.438,99.558
185.586,111.710,61.839,103.580
202.024,104.792,64.337,107.765
217.766,97.420,66.936,112.119
225.897,91.199,68.275,114.361
234.250,88.618,65.624,109.920
233.047,85.259,65.624,109.920
221.991,84.441,66.936,112.119
213.716,80.435,69.641,116.648
204.104,79.009,71.034,118.981
191.707,81.320,68.275,114.361
171.951,82.441,66.936,112.119
162.072,86.226,64.337,107.765
154.305,91.802,61.839,103.580
138.855,86.401,64.337,107.765
125.121,88.710,61.839,103.580
111.464,86.618,64.337,107.765
97.563,87.181,65.624,109.920
82.707,88.733,68.275,114.361
64.624,89.441,66.936,112.119
55.844,92.181,65.624,109.920
45.828,92.026,68.275,114.361
48.162,85.953,69.641,116.648
62.419,90.114,66.936,112.119
78.090,89.917,69.641,116.648
92.017,93.026,68.275,114.361
102.604,95.026,68.275,114.361
111.638,96.561,71.033,118.981
124.414,105.889,71.033,118.981
143.198,117.499,72.454,121.361
163.517,120.785,71.033,118.981
178.608,120.435,69.641,116.648
197.198,117.820,72.454,121.361
208.141,117.820,72.454,121.361
220.126,116.694,69.641,116.648
222.705,112.747,66.936,112.119
222.723,106.575,64.337,107.765
214.305,107.164,61.839,103.580
203.894,111.693,59.438,99.558
191.253,114.154,58.272,97.606
180.509,113.226,57.130,95.692
164.692,113.192,56.009,93.816
154.816,112.722,53.835,90.173
143.694,104.991,56.009,93.816
131.689,101.394,54.911,91.976
125.194,99.339,52.779,88.405
111.916,91.381,52.779,88.405
97.916,86.673,50.729,84.972
87.989,83.209,50.729,84.972
76.930,81.007,48.760,81.672
71.037,78.735,46.866,78.501
66.380,74.735,46.866,78.501
65.378,73.870,45.947,76.962
69.379,74.855,47.804,80.071
71.558,73.664,48.760,81.672
70.633,67.874,49.735,83.306
