540.000,366.000,151.000,53.000
534.000,364.000,152.000,55.000
528.000,356.000,149.000,56.000
518.000,365.000,157.000,58.000
515.000,368.000,158.000,60.000
511.000,369.000,162.000,59.000
508.000,368.000,163.000,60.000
512.000,368.000,165.000,59.000
508.000,368.000,156.000,59.000
507.000,368.000,164.000,60.000
509.000,368.000,156.000,56.000
507.000,366.000,159.000,60.000
509.000,364.000,159.000,63.000
503.000,360.000,160.000,60.000
500.000,356.000,159.000,55.000
503.000,346.000,157.000,58.000
496.000,337.000,156.000,57.000
489.000,327.000,157.000,60.000
486.000,329.000,159.000,60.000
480.000,329.000,157.000,58.000
476.000,329.000,159.000,54.000
479.000,328.000,154.000,54.000
475.000,327.000,155.000,55.000
474.000,325.000,155.000,56.000
471.000,325.000,160.000,56.000
470.000,323.000,160.000,56.000
477.000,320.000,157.000,53.000
475.000,315.000,159.000,54.000
483.000,312.000,154.000,58.000
487.000,316.000,153.000,53.000
485.000,316.000,157.000,56.000
496.000,316.000,145.000,53.000
497.000,319.000,152.000,53.000
497.000,317.000,153.000,55.000
502.000,321.000,154.000,55.000
503.000,322.000,157.000,58.000
507.000,320.000,148.000,55.000
511.000,317.000,143.000,57.000
514.000,320.000,149.000,58.000
507.000,322.000,150.000,55.000
506.000,324.000,150.000,56.000
512.000,324.000,148.000,58.000
507.000,321.000,148.000,61.000
506.000,325.000,151.000,57.000
509.000,327.000,145.000,56.000
505.000,330.000,151.000,60.000
506.000,331.000,153.000,56.000
506.000,334.000,156.000,57.000
511.000,333.000,145.000,57.000
513.000,334.000,148.000,56.000
507.000,332.000,154.000,59.000
510.000,332.000,152.000,55.000
512.000,334.000,160.000,57.000
517.000,334.000,159.000,59.000
512.000,336.000,161.000,58.000
512.000,335.000,163.000,57.000
508.000,335.000,171.000,58.000
511.000,332.000,169.000,58.000
508.000,331.000,167.000,59.000
506.000,331.000,172.000,58.000
506.000,330.000,173.000,59.000
506.000,329.000,165.000,61.000
511.000,329.000,151.000,64.000
511.000,332.000,156.000,63.000
516.000,334.000,152.000,65.000
507.000,340.000,160.000,63.000
507.000,341.000,163.000,62.000
508.000,348.000,162.000,61.000
503.000,356.000,169.000,62.000
507.000,365.000,169.000,60.000
513.000,373.000,168.000,60.000
510.000,373.000,173.000,61.000
519.000,375.000,170.000,67.000
523.000,386.000,173.000,65.000
521.000,391.000,176.000,65.000
529.000,393.000,173.000,68.000
533.000,397.000,169.000,67.000
529.000,396.000,172.000,67.000
536.000,395.000,165.000,66.000
530.000,394.000,172.000,66.000
524.000,395.000,181.000,61.000
526.000,392.000,184.000,61.000
535.000,387.000,177.000,62.000
529.000,387.000,184.000,61.000
531.000,380.000,190.000,62.000
533.000,382.000,193.000,62.000
538.000,381.000,193.000,64.000
542.000,383.000,194.000,66.000
551.000,391.000,192.000,68.000
544.000,387.000,202.000,71.000
548.000,400.000,207.000,69.000
552.000,409.000,209.000,69.000
555.000,423.000,212.000,65.000
558.000,433.000,215.000,65.000
557.000,438.000,218.000,68.000
557.000,438.000,218.000,70.000
545.000,441.000,217.000,69.000
540.000,444.000,218.000,70.000
524.000,447.000,232.000,69.000
528.000,449.000,222.000,71.000
513.000,451.000,226.000,75.000
512.000,451.000,230.000,76.000
507.000,452.000,227.000,73.000
496.000,450.000,233.000,70.000
485.000,452.000,242.000,74.000
484.000,452.000,239.000,74.000
481.000,454.000,241.000,71.000
477.000,448.000,246.000,86.000
480.000,446.000,238.000,78.000
473.000,439.000,253.000,80.000
468.000,436.000,261.000,83.000
474.000,437.000,255.000,74.000
482.000,434.000,258.000,78.000
487.000,435.000,250.000,75.000
492.000,429.000,258.000,79.000
497.000,426.000,265.000,80.000
508.000,422.000,266.000,80.000
509.000,419.000,274.000,79.000
511.000,416.000,283.000,81.000
522.000,416.000,266.000,83.000
524.000,413.000,281.000,78.000
523.000,407.000,291.000,83.000
528.000,403.000,288.000,88.000
525.000,396.000,290.000,90.000
519.000,394.000,303.000,89.000
517.000,392.000,306.000,92.000
512.000,389.000,314.000,91.000
519.000,387.000,307.000,85.000
507.000,383.000,309.000,82.000
507.000,377.000,302.000,84.000
508.000,378.000,301.000,85.000
506.000,369.000,300.000,92.000
501.000,368.000,304.000,90.000
481.000,369.000,308.000,85.000
467.000,366.000,321.000,81.000
466.000,363.000,315.000,80.000
481.000,362.000,297.000,74.000
495.000,361.000,285.000,72.000
475.000,353.000,295.000,74.000
480.000,350.000,288.000,75.000
464.000,346.000,290.000,78.000
480.000,345.000,284.000,73.000
476.000,341.000,277.000,79.000
485.000,338.000,260.000,81.000
472.000,343.000,237.000,71.000
483.000,342.000,194.000,73.000
490.000,344.000,194.000,74.000
488.000,337.000,226.000,80.000
481.000,324.000,213.000,98.000
481.000,324.000,213.000,98.000
568.000,357.000,171.000,57.000
541.000,354.000,198.000,59.000
523.000,356.000,186.000,59.000
514.000,358.000,184.000,58.000
521.000,358.000,182.000,57.000
496.000,360.000,252.000,52.000
511.000,364.000,244.000,48.000
522.000,365.000,234.000,46.000
528.000,366.000,234.000,47.000
541.000,370.000,222.000,45.000
536.000,366.000,225.000,47.000
542.000,372.000,225.000,42.000
533.000,369.000,236.000,47.000
552.000,371.000,219.000,47.000
558.000,368.000,203.000,54.000
567.000,367.000,193.000,56.000
569.000,366.000,178.000,58.000
572.000,359.000,150.000,63.000
570.000,362.000,166.000,65.000
570.000,362.000,166.000,65.000
662.000,378.000,148.000,47.000
613.000,377.000,150.000,50.000
573.000,374.000,203.000,54.000
549.000,373.000,210.000,58.000
548.000,373.000,212.000,55.000
548.000,369.000,203.000,60.000
546.000,360.000,215.000,71.000
541.000,363.000,221.000,67.000
592.000,345.000,236.000,82.000
671.000,375.000,145.000,44.000
617.000,368.000,149.000,59.000
526.000,348.000,295.000,86.000
521.000,346.000,302.000,77.000
513.000,344.000,311.000,84.000
498.000,341.000,323.000,82.000
503.000,327.000,315.000,100.000
500.000,361.000,239.000,60.000
483.000,363.000,254.000,65.000
479.000,368.000,281.000,65.000
472.000,371.000,299.000,64.000
467.000,373.000,306.000,68.000
466.000,372.000,312.000,67.000
465.000,372.000,319.000,69.000
458.000,372.000,321.000,70.000
443.000,373.000,337.000,70.000
440.000,369.000,348.000,72.000
427.000,361.000,352.000,76.000
407.000,356.000,419.000,87.000
433.000,353.000,345.000,86.000
419.000,350.000,400.000,90.000
416.000,350.000,388.000,88.000
402.000,350.000,382.000,86.000
427.000,343.000,363.000,90.000
423.000,341.000,347.000,91.000
420.000,348.000,348.000,81.000
432.000,353.000,341.000,78.000
436.000,356.000,333.000,82.000
449.000,352.000,331.000,83.000
469.000,357.000,329.000,87.000
462.000,360.000,309.000,81.000
479.000,367.000,296.000,81.000
493.000,370.000,290.000,84.000
492.000,364.000,394.000,81.000
496.000,360.000,388.000,90.000
509.000,363.000,376.000,95.000
514.000,374.000,352.000,90.000
502.000,382.000,384.000,83.000
506.000,384.000,377.000,83.000
516.000,388.000,366.000,80.000
519.000,379.000,354.000,83.000
544.000,376.000,328.000,85.000
546.000,378.000,334.000,84.000
527.000,377.000,344.000,78.000
556.000,365.000,309.000,88.000
562.000,358.000,302.000,93.000
538.000,367.000,317.000,79.000
532.000,371.000,314.000,68.000
539.000,370.000,304.000,68.000
542.000,372.000,285.000,68.000
542.000,364.000,279.000,75.000
540.000,369.000,301.000,70.000
546.000,377.000,243.000,61.000
532.000,369.000,240.000,64.000
538.000,370.000,229.000,61.000
525.000,363.000,216.000,67.000
505.000,361.000,225.000,65.000
490.000,360.000,202.000,69.000
484.000,361.000,189.000,63.000
474.000,364.000,187.000,60.000
473.000,366.000,178.000,58.000
467.000,367.000,168.000,58.000
466.000,368.000,160.000,48.000
475.000,363.000,174.000,52.000
478.000,357.000,172.000,52.000
475.000,351.000,171.000,54.000
481.000,347.000,161.000,60.000
469.000,347.000,173.000,54.000
469.000,340.000,157.000,55.000
461.000,334.000,153.000,52.000
452.000,327.000,154.000,51.000
443.000,322.000,143.000,51.000
442.000,322.000,141.000,50.000
436.000,319.000,133.000,51.000
436.000,321.000,131.000,50.000
432.000,327.000,132.000,48.000
432.000,330.000,128.000,51.000
444.000,331.000,123.000,49.000
443.000,333.000,123.000,49.000
453.000,332.000,120.000,48.000
457.000,334.000,125.000,46.000
460.000,334.000,126.000,47.000
474.000,333.000,119.000,44.000
485.000,333.000,115.000,43.000
488.000,333.000,109.000,44.000
494.000,333.000,109.000,39.000
497.000,332.000,109.000,40.000
500.000,331.000,106.000,39.000
505.000,337.000,102.000,34.000
514.000,342.000,95.000,35.000
510.000,340.000,97.000,37.000
513.000,348.000,97.000,34.000
520.000,355.000,91.000,36.000
521.000,363.000,92.000,35.000
525.000,370.000,91.000,33.000
527.000,369.000,90.000,34.000
531.000,376.000,89.000,33.000
536.000,383.000,87.000,31.000
540.000,389.000,85.000,31.000
547.000,395.000,80.000,29.000
543.000,401.000,83.000,30.000
542.000,400.000,84.000,31.000
542.000,407.000,86.000,30.000
541.000,413.000,89.000,33.000
544.000,421.000,89.000,31.000
548.000,425.000,90.000,32.000
553.000,432.000,90.000,33.000
555.000,432.000,91.000,33.000
560.000,439.000,92.000,34.000
562.000,444.000,92.000,35.000
567.000,447.000,92.000,36.000
573.000,450.000,94.000,39.000
574.000,455.000,94.000,40.000
577.000,455.000,93.000,39.000
576.000,455.000,97.000,40.000
583.000,454.000,95.000,41.000
580.000,456.000,98.000,43.000
580.000,455.000,99.000,45.000
578.000,457.000,103.000,44.000
579.000,457.000,103.000,44.000
582.000,457.000,102.000,45.000
578.000,459.000,105.000,43.000
581.000,459.000,106.000,48.000
581.000,460.000,108.000,49.000
580.000,459.000,113.000,52.000
579.000,456.000,116.000,56.000
581.000,458.000,117.000,55.000
578.000,458.000,121.000,58.000
583.000,459.000,117.000,57.000
579.000,458.000,120.000,63.000
577.000,456.000,126.000,64.000
578.000,458.000,127.000,62.000
575.000,454.000,127.000,66.000
575.000,451.000,126.000,68.000
572.000,445.000,134.000,71.000
567.000,440.000,135.000,71.000
574.000,440.000,127.000,68.000
574.000,437.000,128.000,70.000
572.000,434.000,127.000,69.000
572.000,426.000,123.000,71.000
568.000,420.000,123.000,68.000
570.000,419.000,120.000,64.000
568.000,413.000,119.000,65.000
568.000,414.000,116.000,64.000
570.000,413.000,112.000,68.000
565.000,410.000,111.000,65.000
562.000,411.000,114.000,71.000
559.000,410.000,105.000,70.000
546.000,409.000,112.000,66.000
550.000,406.000,104.000,67.000
544.000,402.000,97.000,65.000
535.000,400.000,94.000,62.000
527.000,398.000,98.000,65.000
519.000,399.000,97.000,65.000
511.000,398.000,98.000,68.000
510.000,397.000,96.000,64.000
507.000,394.000,95.000,67.000
503.000,395.000,98.000,65.000
507.000,398.000,96.000,67.000
506.000,403.000,93.000,65.000
508.000,408.000,95.000,66.000
507.000,406.000,90.000,62.000
511.000,411.000,91.000,65.000
511.000,415.000,87.000,66.000
506.000,412.000,92.000,66.000
512.000,414.000,88.000,66.000
506.000,410.000,91.000,62.000
507.000,410.000,89.000,62.000
507.000,405.000,89.000,60.000
508.000,400.000,86.000,59.000
508.000,396.000,87.000,56.000
513.000,390.000,88.000,59.000
517.000,384.000,87.000,61.000
517.000,386.000,88.000,58.000
518.000,381.000,91.000,59.000
524.000,379.000,91.000,58.000
530.000,375.000,85.000,57.000
534.000,370.000,87.000,61.000
536.000,373.000,82.000,55.000
536.000,371.000,81.000,58.000
538.000,371.000,80.000,57.000
541.000,374.000,80.000,57.000
542.000,372.000,80.000,58.000
546.000,372.000,81.000,58.000
558.000,374.000,74.000,58.000
551.000,373.000,76.000,57.000
553.000,375.000,78.000,59.000
555.000,375.000,76.000,58.000
557.000,376.000,82.000,59.000
559.000,374.000,84.000,60.000
560.000,378.000,86.000,60.000
564.000,373.000,89.000,70.000
564.000,371.000,91.000,70.000
574.000,369.000,92.000,72.000
582.000,366.000,91.000,71.000
590.000,370.000,92.000,69.000
596.000,372.000,93.000,69.000
595.000,372.000,96.000,70.000
604.000,376.000,89.000,69.000
609.000,383.000,93.000,72.000
606.000,386.000,94.000,71.000
603.000,385.000,96.000,71.000
599.000,387.000,95.000,65.000
598.000,387.000,95.000,66.000
593.000,388.000,97.000,62.000
588.000,385.000,99.000,61.000
584.000,381.000,98.000,62.000
580.000,382.000,96.000,59.000
577.000,381.000,98.000,59.000
579.000,380.000,94.000,59.000
581.000,377.000,92.000,59.000
581.000,378.000,94.000,56.000
584.000,380.000,93.000,58.000
584.000,385.000,96.000,56.000
584.000,387.000,91.000,55.000
584.000,391.000,91.000,49.000
581.000,395.000,94.000,55.000
580.000,401.000,93.000,55.000
578.000,409.000,93.000,51.000
576.000,416.000,95.000,51.000
575.000,420.000,91.000,52.000
576.000,420.000,87.000,50.000
577.000,420.000,91.000,56.000
574.000,419.000,90.000,54.000
576.000,418.000,87.000,50.000
568.000,413.000,90.000,48.000
573.000,402.000,82.000,55.000
574.000,402.000,82.000,54.000
576.000,392.000,86.000,52.000
583.000,383.000,85.000,52.000
589.000,370.000,88.000,51.000
599.000,361.000,87.000,47.000
605.000,355.000,89.000,49.000
605.000,353.000,87.000,49.000
614.000,349.000,89.000,50.000
625.000,348.000,88.000,48.000
632.000,350.000,87.000,49.000
641.000,353.000,91.000,50.000
646.000,360.000,90.000,48.000
648.000,362.000,88.000,45.000
648.000,367.000,86.000,46.000
640.000,372.000,90.000,48.000
626.000,373.000,91.000,48.000
618.000,379.000,86.000,40.000
610.000,373.000,84.000,48.000
611.000,375.000,84.000,45.000
598.000,369.000,89.000,49.000
586.000,365.000,87.000,48.000
579.000,360.000,84.000,48.000
572.000,361.000,84.000,46.000
564.000,362.000,87.000,43.000
567.000,362.000,85.000,44.000
562.000,366.000,87.000,43.000
567.000,375.000,83.000,40.000
573.000,386.000,85.000,42.000
580.000,397.000,85.000,46.000
593.000,409.000,84.000,41.000
590.000,410.000,85.000,37.000
601.000,418.000,87.000,34.000
608.000,428.000,90.000,41.000
617.000,432.000,85.000,44.000
624.000,440.000,82.000,42.000
626.000,446.000,87.000,41.000
626.000,446.000,85.000,39.000
632.000,455.000,87.000,38.000
636.000,462.000,83.000,42.000
638.000,465.000,86.000,44.000
633.000,467.000,88.000,39.000
634.000,465.000,85.000,41.000
633.000,467.000,87.000,40.000
632.000,467.000,86.000,37.000
629.000,458.000,88.000,36.000
633.000,452.000,86.000,42.000
632.000,447.000,85.000,39.000
640.000,439.000,86.000,37.000
642.000,438.000,83.000,38.000
649.000,432.000,83.000,42.000
656.000,426.000,83.000,45.000
666.000,426.000,82.000,43.000
672.000,428.000,81.000,43.000
677.000,431.000,78.000,44.000
673.000,433.000,84.000,38.000
677.000,436.000,78.000,44.000
666.000,437.000,87.000,41.000
659.000,432.000,86.000,43.000
648.000,432.000,84.000,40.000
640.000,425.000,82.000,46.000
637.000,423.000,84.000,44.000
626.000,419.000,85.000,43.000
613.000,418.000,85.000,42.000
605.000,415.000,84.000,43.000
598.000,412.000,83.000,42.000
596.000,409.000,85.000,45.000
596.000,410.000,84.000,43.000
595.000,409.000,83.000,43.000
603.000,409.000,79.000,45.000
600.000,413.000,79.000,46.000
604.000,418.000,79.000,45.000
603.000,417.000,81.000,47.000
606.000,425.000,81.000,45.000
607.000,430.000,81.000,44.000
607.000,435.000,78.000,45.000
605.000,439.000,82.000,42.000
605.000,439.000,82.000,47.000
608.000,438.000,80.000,48.000
603.000,438.000,83.000,45.000
599.000,434.000,81.000,46.000
596.000,428.000,83.000,47.000
598.000,428.000,80.000,46.000
593.000,429.000,86.000,43.000
601.000,426.000,80.000,46.000
604.000,424.000,83.000,47.000
610.000,422.000,82.000,47.000
618.000,423.000,82.000,47.000
624.000,425.000,82.000,46.000
629.000,432.000,81.000,46.000
627.000,431.000,81.000,44.000
633.000,437.000,81.000,45.000
637.000,445.000,82.000,44.000
635.000,454.000,84.000,42.000
634.000,457.000,81.000,48.000
634.000,458.000,79.000,46.000
628.000,458.000,83.000,42.000
628.000,453.000,83.000,46.000
627.000,446.000,80.000,43.000
627.000,441.000,84.000,45.000
631.000,437.000,85.000,46.000
636.000,437.000,85.000,44.000
634.000,435.000,86.000,42.000
641.000,436.000,88.000,42.000
650.000,439.000,85.000,44.000
657.000,445.000,86.000,44.000
663.000,450.000,84.000,41.000
659.000,456.000,85.000,40.000
660.000,457.000,85.000,41.000
649.000,462.000,88.000,41.000
631.000,461.000,89.000,40.000
613.000,458.000,91.000,39.000
599.000,454.000,89.000,38.000
587.000,447.000,85.000,42.000
585.000,447.000,86.000,41.000
577.000,445.000,85.000,42.000
569.000,438.000,85.000,43.000
560.000,432.000,89.000,38.000
559.000,428.000,90.000,39.000
562.000,418.000,91.000,39.000
560.000,419.000,90.000,40.000
568.000,415.000,89.000,39.000
576.000,409.000,88.000,40.000
582.000,408.000,86.000,39.000
586.000,405.000,89.000,36.000
588.000,398.000,88.000,36.000
592.000,398.000,87.000,39.000
592.000,391.000,87.000,39.000
589.000,383.000,86.000,42.000
585.000,377.000,89.000,42.000
582.000,374.000,89.000,37.000
576.000,371.000,89.000,39.000
575.000,372.000,92.000,36.000
570.000,370.000,88.000,35.000
564.000,366.000,89.000,40.000
562.000,364.000,88.000,40.000
558.000,357.000,87.000,37.000
558.000,357.000,89.000,37.000
560.000,357.000,88.000,39.000
569.000,360.000,89.000,41.000
576.000,366.000,90.000,38.000
587.000,370.000,88.000,37.000
593.000,378.000,89.000,37.000
595.000,385.000,87.000,39.000
593.000,385.000,90.000,38.000
588.000,398.000,89.000,38.000
585.000,411.000,86.000,38.000
574.000,421.000,89.000,39.000
564.000,430.000,89.000,37.000
554.000,435.000,93.000,36.000
557.000,433.000,91.000,40.000
552.000,437.000,89.000,38.000
550.000,434.000,91.000,39.000
551.000,434.000,89.000,39.000
555.000,431.000,89.000,37.000
559.000,427.000,93.000,37.000
563.000,428.000,89.000,37.000
569.000,423.000,86.000,38.000
576.000,419.000,87.000,38.000
581.000,415.000,89.000,37.000
586.000,410.000,89.000,35.000
589.000,404.000,88.000,36.000
586.000,404.000,92.000,35.000
586.000,396.000,91.000,38.000
579.000,388.000,92.000,36.000
574.000,377.000,91.000,37.000
564.000,365.000,91.000,39.000
549.000,355.000,97.000,39.000
550.000,357.000,94.000,38.000
541.000,349.000,91.000,36.000
531.000,342.000,92.000,39.000
522.000,339.000,91.000,35.000
514.000,333.000,89.000,37.000
504.000,330.000,90.000,34.000
504.000,329.000,93.000,39.000
499.000,328.000,89.000,37.000
491.000,329.000,90.000,36.000
484.000,327.000,89.000,34.000
475.000,322.000,90.000,38.000
470.000,318.000,91.000,38.000
472.000,320.000,90.000,37.000
471.000,320.000,91.000,38.000
472.000,327.000,89.000,36.000
474.000,335.000,91.000,32.000
474.000,340.000,92.000,35.000
483.000,343.000,89.000,40.000
482.000,348.000,91.000,35.000
488.000,349.000,93.000,36.000
495.000,348.000,96.000,39.000
510.000,351.000,88.000,37.000
513.000,350.000,91.000,37.000
519.000,344.000,95.000,37.000
521.000,346.000,91.000,36.000
531.000,342.000,90.000,35.000
535.000,334.000,92.000,34.000
543.000,326.000,92.000,36.000
544.000,318.000,90.000,37.000
551.000,312.000,90.000,36.000
552.000,313.000,91.000,35.000
555.000,308.000,94.000,33.000
557.000,303.000,95.000,34.000
564.000,301.000,96.000,34.000
569.000,301.000,96.000,33.000
578.000,305.000,94.000,34.000
582.000,306.000,91.000,34.000
586.000,315.000,92.000,33.000
593.000,323.000,92.000,33.000
602.000,336.000,93.000,33.000
607.000,340.000,95.000,36.000
624.000,355.000,89.000,30.000
622.000,352.000,91.000,35.000
632.000,357.000,95.000,39.000
647.000,365.000,95.000,37.000
656.000,372.000,95.000,38.000
671.000,385.000,92.000,33.000
684.000,388.000,91.000,37.000
683.000,392.000,91.000,33.000
693.000,398.000,90.000,33.000
700.000,404.000,96.000,35.000
701.000,410.000,98.000,33.000
706.000,414.000,93.000,29.000
709.000,414.000,89.000,29.000
704.000,412.000,94.000,32.000
704.000,414.000,95.000,32.000
703.000,416.000,92.000,30.000
696.000,420.000,95.000,28.000
694.000,419.000,94.000,32.000
694.000,417.000,94.000,29.000
693.000,415.000,96.000,33.000
692.000,412.000,93.000,30.000
691.000,410.000,93.000,29.000
689.000,407.000,95.000,34.000
688.000,411.000,94.000,30.000
685.000,414.000,92.000,28.000
683.000,414.000,93.000,28.000
683.000,415.000,90.000,27.000
677.000,415.000,90.000,29.000
671.000,417.000,91.000,30.000
664.000,420.000,92.000,31.000
655.000,423.000,94.000,30.000
658.000,426.000,91.000,29.000
648.000,429.000,94.000,27.000
641.000,432.000,94.000,29.000
636.000,434.000,94.000,30.000
626.000,436.000,94.000,28.000
614.000,434.000,98.000,27.000
616.000,435.000,96.000,28.000
608.000,432.000,94.000,27.000
606.000,434.000,96.000,28.000
608.000,435.000,91.000,25.000
606.000,437.000,95.000,26.000
604.000,434.000,100.000,27.000
605.000,436.000,98.000,27.000
608.000,430.000,94.000,28.000
603.000,429.000,99.000,25.000
602.000,426.000,100.000,25.000
603.000,427.000,96.000,27.000
600.000,427.000,100.000,27.000
599.000,428.000,102.000,28.000
603.000,429.000,99.000,25.000
604.000,428.000,98.000,27.000
602.000,424.000,97.000,27.000
601.000,424.000,95.000,25.000
598.000,419.000,96.000,27.000
599.000,419.000,95.000,27.000
589.000,416.000,101.000,27.000
586.000,411.000,95.000,26.000
583.000,407.000,96.000,25.000
585.000,408.000,89.000,22.000
585.000,406.000,91.000,22.000
582.000,405.000,92.000,26.000
584.000,405.000,92.000,27.000
585.000,401.000,92.000,27.000
586.000,405.000,94.000,26.000
591.000,405.000,96.000,30.000
592.000,408.000,96.000,28.000
601.000,412.000,94.000,28.000
614.000,415.000,88.000,28.000
621.000,421.000,93.000,30.000
631.000,429.000,91.000,28.000
637.000,433.000,91.000,28.000
637.000,434.000,94.000,28.000
644.000,439.000,88.000,28.000
648.000,441.000,89.000,27.000
650.000,444.000,88.000,27.000
649.000,442.000,90.000,31.000
648.000,436.000,93.000,30.000
649.000,437.000,93.000,29.000
647.000,428.000,93.000,28.000
649.000,416.000,92.000,29.000
651.000,401.000,93.000,31.000
653.000,388.000,96.000,31.000
656.000,371.000,94.000,28.000
656.000,371.000,97.000,31.000
661.000,358.000,89.000,30.000
663.000,346.000,91.000,29.000
662.000,335.000,93.000,31.000
662.000,334.000,90.000,29.000
661.000,331.000,93.000,31.000
664.000,335.000,89.000,28.000
662.000,333.000,93.000,31.000
658.000,333.000,92.000,29.000
655.000,331.000,95.000,29.000
652.000,334.000,90.000,28.000
648.000,336.000,91.000,27.000
649.000,334.000,89.000,30.000
646.000,339.000,89.000,26.000
640.000,349.000,89.000,25.000
634.000,355.000,90.000,26.000
633.000,363.000,90.000,27.000
628.000,365.000,92.000,26.000
630.000,367.000,89.000,25.000
621.000,369.000,91.000,27.000
617.000,372.000,88.000,26.000
608.000,377.000,90.000,26.000
597.000,382.000,89.000,26.000
584.000,382.000,94.000,29.000
585.000,381.000,93.000,30.000
581.000,379.000,92.000,29.000
573.000,378.000,90.000,28.000
567.000,374.000,91.000,27.000
560.000,375.000,97.000,29.000
555.000,369.000,99.000,29.000
559.000,374.000,91.000,26.000
559.000,370.000,87.000,26.000
557.000,371.000,90.000,25.000
557.000,367.000,94.000,28.000
554.000,365.000,97.000,30.000
554.000,366.000,97.000,29.000
554.000,368.000,94.000,25.000
550.000,365.000,98.000,30.000
547.000,366.000,96.000,29.000
542.000,373.000,89.000,24.000
534.000,375.000,89.000,25.000
524.000,377.000,92.000,25.000
524.000,378.000,90.000,26.000
513.000,380.000,92.000,26.000
504.000,385.000,93.000,24.000
496.000,389.000,94.000,23.000
491.000,391.000,92.000,23.000
484.000,393.000,93.000,23.000
485.000,390.000,92.000,24.000
485.000,389.000,94.000,24.000
487.000,381.000,93.000,24.000
491.000,373.000,96.000,25.000
500.000,364.000,96.000,27.000
504.000,361.000,101.000,24.000
511.000,365.000,88.000,22.000
515.000,355.000,101.000,26.000
525.000,352.000,95.000,24.000
536.000,344.000,91.000,24.000
542.000,335.000,93.000,26.000
545.000,332.000,93.000,22.000
547.000,334.000,91.000,21.000
552.000,331.000,93.000,21.000
559.000,328.000,95.000,22.000
566.000,327.000,94.000,23.000
569.000,328.000,93.000,23.000
569.000,331.000,94.000,24.000
572.000,332.000,91.000,23.000
572.000,334.000,94.000,24.000
571.000,338.000,94.000,25.000
572.000,342.000,93.000,26.000
574.000,347.000,91.000,22.000
573.000,348.000,93.000,21.000
575.000,347.000,90.000,21.000
570.000,348.000,92.000,23.000
573.000,345.000,90.000,23.000
573.000,344.000,87.000,21.000
573.000,344.000,89.000,21.000
573.000,343.000,90.000,21.000
573.000,342.000,92.000,22.000
578.000,343.000,90.000,24.000
579.000,347.000,91.000,22.000
585.000,351.000,89.000,22.000
589.000,355.000,89.000,21.000
593.000,358.000,88.000,22.000
591.000,359.000,90.000,20.000
592.000,368.000,93.000,20.000
595.000,377.000,93.000,18.000
597.000,386.000,89.000,20.000
596.000,393.000,89.000,19.000
596.000,397.000,86.000,18.000
594.000,395.000,89.000,18.000
590.000,395.000,95.000,20.000
591.000,395.000,91.000,18.000
589.000,390.000,91.000,23.000
585.000,394.000,89.000,18.000
582.000,390.000,92.000,20.000
583.000,389.000,91.000,20.000
580.000,386.000,93.000,22.000
577.000,387.000,92.000,21.000
576.000,393.000,90.000,19.000
574.000,395.000,92.000,19.000
576.000,398.000,90.000,19.000
575.000,396.000,88.000,18.000
574.000,403.000,89.000,17.000
572.000,400.000,95.000,20.000
571.000,401.000,96.000,20.000
575.000,400.000,90.000,18.000
576.000,396.000,89.000,22.000
574.000,397.000,91.000,19.000
575.000,389.000,92.000,22.000
574.000,390.000,96.000,23.000
576.000,395.000,87.000,20.000
577.000,401.000,87.000,18.000
572.000,405.000,90.000,19.000
574.000,405.000,87.000,17.000
569.000,411.000,88.000,20.000
567.000,418.000,98.000,25.000
567.000,427.000,97.000,23.000
568.000,431.000,91.000,24.000
568.000,437.000,91.000,24.000
569.000,436.000,92.000,25.000
566.000,437.000,92.000,26.000
568.000,434.000,92.000,26.000
570.000,440.000,88.000,18.000
572.000,429.000,91.000,24.000
573.000,426.000,92.000,22.000
575.000,426.000,91.000,23.000
575.000,415.000,93.000,27.000
577.000,412.000,93.000,25.000
581.000,407.000,93.000,24.000
585.000,402.000,90.000,27.000
588.000,401.000,88.000,24.000
590.000,402.000,88.000,23.000
590.000,398.000,87.000,25.000
587.000,394.000,89.000,24.000
583.000,390.000,92.000,24.000
579.000,385.000,92.000,28.000
577.000,388.000,87.000,23.000
575.000,385.000,89.000,25.000
567.000,386.000,90.000,26.000
556.000,386.000,93.000,27.000
543.000,398.000,88.000,17.000
530.000,394.000,89.000,25.000
518.000,397.000,87.000,28.000
519.000,404.000,84.000,18.000
501.000,402.000,90.000,28.000
487.000,403.000,93.000,29.000
486.000,410.000,86.000,26.000
485.000,413.000,90.000,26.000
488.000,423.000,85.000,24.000
489.000,423.000,82.000,23.000
496.000,428.000,82.000,23.000
505.000,436.000,82.000,24.000
513.000,436.000,82.000,25.000
520.000,434.000,85.000,27.000
526.000,431.000,84.000,26.000
527.000,431.000,84.000,28.000
527.000,427.000,86.000,24.000
526.000,423.000,88.000,24.000
526.000,414.000,86.000,24.000
520.000,408.000,85.000,22.000
507.000,402.000,84.000,24.000
506.000,403.000,84.000,23.000
494.000,399.000,89.000,24.000
491.000,399.000,83.000,21.000
487.000,396.000,85.000,23.000
486.000,395.000,82.000,22.000
493.000,397.000,83.000,19.000
491.000,395.000,84.000,21.000
501.000,394.000,85.000,21.000
516.000,394.000,84.000,20.000
530.000,394.000,84.000,20.000
542.000,390.000,84.000,21.000
541.000,390.000,87.000,21.000
556.000,386.000,83.000,21.000
565.000,378.000,84.000,22.000
573.000,374.000,81.000,21.000
580.000,372.000,78.000,20.000
579.000,368.000,83.000,24.000
578.000,369.000,84.000,21.000
579.000,367.000,80.000,20.000
573.000,367.000,81.000,21.000
566.000,364.000,80.000,20.000
559.000,362.000,80.000,22.000
553.000,360.000,80.000,19.000
552.000,361.000,79.000,18.000
551.000,359.000,75.000,18.000
550.000,357.000,76.000,19.000
551.000,354.000,75.000,18.000
551.000,352.000,78.000,20.000
554.000,352.000,79.000,19.000
556.000,352.000,77.000,20.000
562.000,352.000,79.000,20.000
570.000,351.000,79.000,20.000
578.000,354.000,78.000,21.000
588.000,359.000,74.000,15.000
594.000,356.000,75.000,18.000
594.000,356.000,75.000,18.000
602.000,357.000,76.000,18.000
607.000,358.000,73.000,15.000
607.000,352.000,74.000,19.000
607.000,352.000,69.000,16.000
604.000,351.000,70.000,16.000
601.000,349.000,76.000,17.000
600.000,349.000,77.000,18.000
603.000,351.000,73.000,18.000
604.000,358.000,73.000,15.000
610.000,359.000,71.000,17.000
611.000,365.000,74.000,16.000
612.000,367.000,73.000,13.000
614.000,369.000,74.000,15.000
616.000,367.000,72.000,17.000
616.000,366.000,73.000,16.000
619.000,367.000,75.000,15.000
626.000,366.000,75.000,15.000
625.000,367.000,77.000,16.000
633.000,364.000,76.000,17.000
641.000,365.000,75.000,16.000
647.000,365.000,74.000,16.000
648.000,362.000,80.000,20.000
656.000,364.000,71.000,17.000
656.000,365.000,73.000,16.000
657.000,366.000,73.000,17.000
656.000,361.000,78.000,20.000
652.000,356.000,78.000,24.000
648.000,353.000,74.000,19.000
639.000,351.000,77.000,18.000
639.000,351.000,76.000,18.000
631.000,350.000,74.000,18.000
628.000,352.000,70.000,18.000
615.000,354.000,78.000,20.000
611.000,358.000,76.000,21.000
608.000,366.000,77.000,21.000
607.000,367.000,80.000,21.000
614.000,374.000,72.000,18.000
615.000,378.000,77.000,19.000
611.000,380.000,79.000,19.000
608.000,382.000,80.000,19.000
609.000,384.000,72.000,18.000
606.000,383.000,78.000,19.000
609.000,385.000,70.000,17.000
606.000,383.000,70.000,18.000
604.000,381.000,68.000,17.000
594.000,374.000,74.000,22.000
592.000,377.000,68.000,16.000
589.000,373.000,74.000,18.000
582.000,371.000,74.000,18.000
574.000,370.000,71.000,19.000
563.000,371.000,74.000,20.000
553.000,374.000,76.000,20.000
548.000,377.000,72.000,19.000
548.000,378.000,72.000,19.000
541.000,381.000,73.000,20.000
536.000,383.000,73.000,19.000
532.000,388.000,73.000,19.000
532.000,390.000,71.000,18.000
524.000,391.000,75.000,20.000
527.000,392.000,73.000,21.000
525.000,394.000,74.000,21.000
526.000,396.000,72.000,20.000
527.000,402.000,69.000,19.000
524.000,403.000,70.000,19.000
525.000,408.000,70.000,17.000
523.000,405.000,73.000,18.000
521.000,407.000,73.000,18.000
524.000,409.000,73.000,17.000
529.000,414.000,74.000,18.000
534.000,414.000,72.000,18.000
540.000,417.000,70.000,18.000
543.000,417.000,69.000,18.000
545.000,418.000,72.000,18.000
554.000,419.000,70.000,17.000
559.000,420.000,70.000,19.000
564.000,423.000,69.000,15.000
570.000,423.000,68.000,14.000
564.000,421.000,76.000,17.000
568.000,419.000,73.000,17.000
575.000,418.000,72.000,18.000
582.000,417.000,72.000,16.000
588.000,413.000,74.000,16.000
599.000,413.000,69.000,14.000
601.000,413.000,68.000,15.000
603.000,411.000,68.000,16.000
608.000,412.000,65.000,14.000
606.000,409.000,73.000,16.000
612.000,411.000,72.000,15.000
616.000,414.000,65.000,15.000
617.000,414.000,65.000,14.000
618.000,415.000,67.000,15.000
618.000,416.000,66.000,15.000
618.000,416.000,68.000,16.000
618.000,422.000,68.000,15.000
618.000,427.000,67.000,14.000
617.000,428.000,67.000,14.000
620.000,431.000,66.000,14.000
620.000,431.000,67.000,13.000
618.000,431.000,64.000,12.000
612.000,430.000,68.000,13.000
611.000,426.000,66.000,12.000
610.000,425.000,67.000,13.000
608.000,425.000,66.000,14.000
611.000,421.000,63.000,13.000
615.000,420.000,63.000,13.000
614.000,415.000,66.000,14.000
616.000,411.000,66.000,15.000
614.000,410.000,71.000,15.000
613.000,405.000,66.000,14.000
607.000,403.000,69.000,13.000
603.000,398.000,69.000,17.000
595.000,392.000,74.000,23.000
590.000,391.000,75.000,20.000
590.000,392.000,75.000,20.000
584.000,391.000,77.000,21.000
583.000,394.000,75.000,17.000
575.000,393.000,75.000,16.000
570.000,390.000,73.000,16.000
558.000,386.000,75.000,17.000
557.000,383.000,78.000,22.000
554.000,383.000,74.000,16.000
554.000,375.000,75.000,22.000
554.000,377.000,72.000,15.000
552.000,373.000,73.000,17.000
550.000,370.000,75.000,19.000
551.000,369.000,74.000,21.000
549.000,368.000,76.000,21.000
549.000,367.000,75.000,22.000
549.000,367.000,75.000,22.000
549.000,368.000,72.000,20.000
547.000,369.000,75.000,21.000
546.000,371.000,75.000,19.000
549.000,372.000,74.000,22.000
550.000,374.000,76.000,23.000
555.000,380.000,73.000,20.000
562.000,383.000,72.000,18.000
567.000,382.000,72.000,21.000
566.000,382.000,73.000,20.000
573.000,382.000,73.000,18.000
583.000,381.000,72.000,19.000
587.000,377.000,73.000,19.000
593.000,374.000,73.000,21.000
592.000,374.000,76.000,18.000
592.000,374.000,75.000,18.000
593.000,370.000,73.000,19.000
594.000,369.000,71.000,16.000
591.000,368.000,70.000,17.000
589.000,368.000,68.000,17.000
585.000,375.000,66.000,15.000
584.000,374.000,67.000,16.000
579.000,377.000,67.000,16.000
575.000,381.000,69.000,15.000
570.000,382.000,69.000,16.000
567.000,383.000,66.000,14.000
563.000,382.000,65.000,13.000
561.000,382.000,65.000,13.000
559.000,378.000,65.000,13.000
556.000,369.000,66.000,15.000
555.000,368.000,70.000,16.000
560.000,370.000,64.000,15.000
565.000,371.000,65.000,16.000
564.000,371.000,65.000,16.000
569.000,372.000,68.000,18.000
572.000,370.000,68.000,18.000
569.000,367.000,71.000,21.000
570.000,366.000,71.000,20.000
572.000,368.000,66.000,17.000
572.000,365.000,69.000,17.000
572.000,362.000,67.000,17.000
566.000,351.000,72.000,23.000
567.000,350.000,71.000,23.000
567.000,346.000,69.000,20.000
566.000,338.000,69.000,20.000
567.000,335.000,69.000,22.000
562.000,325.000,70.000,23.000
560.000,327.000,70.000,22.000
561.000,323.000,71.000,20.000
561.000,319.000,69.000,25.000
560.000,321.000,72.000,24.000
559.000,323.000,71.000,26.000
556.000,324.000,73.000,28.000
559.000,326.000,70.000,27.000
555.000,333.000,68.000,20.000
549.000,333.000,74.000,30.000
543.000,347.000,74.000,25.000
543.000,354.000,72.000,24.000
538.000,368.000,70.000,25.000
538.000,367.000,70.000,25.000
534.000,375.000,73.000,25.000
536.000,391.000,71.000,22.000
531.000,395.000,72.000,26.000
528.000,400.000,71.000,24.000
524.000,407.000,70.000,23.000
524.000,406.000,71.000,21.000
520.000,407.000,69.000,22.000
517.000,411.000,70.000,24.000
514.000,414.000,68.000,24.000
512.000,413.000,70.000,25.000
508.000,416.000,72.000,25.000
511.000,419.000,70.000,24.000
506.000,422.000,68.000,22.000
501.000,421.000,72.000,28.000
497.000,431.000,72.000,25.000
495.000,440.000,72.000,24.000
494.000,448.000,75.000,28.000
495.000,453.000,74.000,24.000
496.000,462.000,70.000,22.000
494.000,471.000,71.000,22.000
493.000,470.000,75.000,30.000
493.000,479.000,68.000,19.000
486.000,477.000,74.000,26.000
485.000,477.000,75.000,25.000
484.000,477.000,69.000,20.000
480.000,462.000,72.000,30.000
472.000,467.000,72.000,19.000
466.000,457.000,75.000,25.000
465.000,446.000,71.000,29.000
466.000,455.000,71.000,20.000
462.000,447.000,68.000,20.000
457.000,446.000,72.000,18.000
447.000,448.000,72.000,21.000
440.000,447.000,71.000,20.000
431.000,445.000,71.000,22.000
432.000,446.000,73.000,23.000
427.000,447.000,73.000,20.000
417.000,449.000,75.000,24.000
415.000,452.000,73.000,24.000
414.000,454.000,72.000,24.000
412.000,454.000,75.000,26.000
413.000,456.000,70.000,20.000
412.000,453.000,71.000,19.000
412.000,455.000,75.000,25.000
415.000,456.000,74.000,25.000
417.000,459.000,78.000,26.000
422.000,462.000,76.000,29.000
423.000,464.000,76.000,28.000
431.000,464.000,73.000,33.000
433.000,481.000,72.000,23.000
438.000,489.000,70.000,22.000
440.000,495.000,71.000,21.000
441.000,501.000,72.000,21.000
441.000,500.000,72.000,23.000
438.000,499.000,78.000,32.000
441.000,513.000,72.000,24.000
440.000,523.000,75.000,21.000
442.000,530.000,71.000,23.000
440.000,534.000,72.000,20.000
438.000,534.000,73.000,21.000
439.000,541.000,73.000,21.000
441.000,543.000,72.000,20.000
444.000,546.000,72.000,19.000
451.000,548.000,70.000,18.000
456.000,544.000,74.000,29.000
454.000,546.000,75.000,27.000
463.000,550.000,72.000,21.000
469.000,553.000,72.000,20.000
472.000,556.000,72.000,19.000
480.000,561.000,70.000,21.000
480.000,558.000,78.000,29.000
479.000,560.000,80.000,28.000
483.000,564.000,77.000,27.000
488.000,566.000,72.000,24.000
483.000,567.000,72.000,22.000
477.000,567.000,72.000,23.000
470.000,566.000,73.000,21.000
470.000,564.000,73.000,25.000
458.000,565.000,75.000,24.000
451.000,566.000,71.000,24.000
440.000,565.000,72.000,22.000
422.000,555.000,75.000,24.000
408.000,549.000,73.000,27.000
409.000,550.000,71.000,23.000
394.000,545.000,71.000,20.000
376.000,530.000,75.000,25.000
367.000,525.000,75.000,26.000
359.000,525.000,72.000,20.000
355.000,519.000,73.000,22.000
353.000,516.000,76.000,24.000
352.000,511.000,74.000,24.000
351.000,500.000,80.000,28.000
351.000,498.000,79.000,26.000
355.000,499.000,78.000,26.000
362.000,498.000,70.000,22.000
361.000,497.000,75.000,23.000
367.000,495.000,74.000,23.000
376.000,495.000,70.000,19.000
376.000,484.000,75.000,23.000
384.000,475.000,73.000,23.000
387.000,465.000,75.000,23.000
387.000,467.000,74.000,23.000
391.000,463.000,71.000,21.000
393.000,452.000,76.000,27.000
399.000,458.000,69.000,19.000
396.000,462.000,71.000,17.000
396.000,465.000,70.000,19.000
396.000,466.000,70.000,20.000
393.000,469.000,77.000,22.000
396.000,477.000,74.000,23.000
398.000,482.000,67.000,20.000
398.000,488.000,69.000,18.000
400.000,491.000,68.000,17.000
398.000,487.000,73.000,21.000
396.000,491.000,74.000,18.000
398.000,497.000,67.000,17.000
393.000,503.000,72.000,17.000
393.000,510.000,71.000,17.000
395.000,517.000,70.000,18.000
394.000,517.000,70.000,19.000
393.000,520.000,73.000,21.000
396.000,524.000,69.000,26.000
400.000,533.000,68.000,19.000
401.000,536.000,68.000,18.000
404.000,539.000,67.000,19.000
405.000,539.000,66.000,18.000
413.000,541.000,67.000,17.000
422.000,539.000,67.000,19.000
428.000,532.000,69.000,19.000
438.000,529.000,70.000,17.000
442.000,523.000,68.000,18.000
441.000,518.000,72.000,23.000
446.000,521.000,69.000,17.000
446.000,520.000,68.000,15.000
445.000,517.000,69.000,19.000
446.000,518.000,69.000,24.000
442.000,527.000,68.000,19.000
440.000,526.000,74.000,18.000
439.000,532.000,73.000,20.000
440.000,534.000,71.000,17.000
439.000,537.000,68.000,20.000
437.000,540.000,68.000,19.000
437.000,544.000,66.000,18.000
435.000,544.000,67.000,18.000
432.000,545.000,71.000,19.000
435.000,547.000,69.000,20.000
438.000,549.000,68.000,17.000
435.000,545.000,70.000,18.000
433.000,540.000,71.000,17.000
432.000,540.000,72.000,17.000
431.000,535.000,70.000,18.000
427.000,526.000,70.000,21.000
424.000,518.000,71.000,21.000
421.000,509.000,70.000,22.000
420.000,501.000,69.000,23.000
419.000,504.000,72.000,20.000
416.000,500.000,71.000,20.000
408.000,503.000,74.000,19.000
407.000,510.000,75.000,18.000
408.000,512.000,74.000,21.000
410.000,516.000,71.000,23.000
411.000,518.000,68.000,21.000
410.000,521.000,71.000,21.000
410.000,528.000,63.000,21.000
408.000,535.000,65.000,20.000
407.000,543.000,66.000,17.000
408.000,545.000,65.000,18.000
406.000,542.000,69.000,22.000
412.000,544.000,64.000,21.000
414.000,542.000,64.000,19.000
420.000,541.000,65.000,18.000
426.000,532.000,68.000,21.000
434.000,530.000,63.000,18.000
433.000,528.000,66.000,21.000
442.000,522.000,68.000,20.000
456.000,523.000,60.000,16.000
466.000,515.000,63.000,19.000
479.000,514.000,59.000,20.000
486.000,515.000,58.000,18.000
486.000,514.000,57.000,18.000
494.000,511.000,55.000,16.000
502.000,509.000,53.000,14.000
504.000,502.000,55.000,17.000
511.000,502.000,53.000,15.000
515.000,499.000,54.000,17.000
514.000,498.000,55.000,18.000
518.000,494.000,50.000,15.000
517.000,487.000,49.000,17.000
519.000,490.000,47.000,12.000
521.000,485.000,50.000,15.000
520.000,487.000,51.000,13.000
525.000,486.000,49.000,16.000
527.000,483.000,50.000,14.000
530.000,478.000,50.000,13.000
533.000,472.000,50.000,14.000
534.000,465.000,49.000,16.000
534.000,464.000,49.000,15.000
535.000,459.000,50.000,15.000
537.000,456.000,52.000,16.000
543.000,450.000,48.000,15.000
545.000,447.000,47.000,16.000
553.000,446.000,48.000,15.000
552.000,447.000,49.000,15.000
559.000,444.000,49.000,12.000
569.000,441.000,47.000,14.000
578.000,439.000,48.000,13.000
589.000,434.000,46.000,14.000
599.000,430.000,47.000,14.000
598.000,431.000,48.000,14.000
607.000,430.000,49.000,15.000
614.000,433.000,48.000,13.000
619.000,442.000,47.000,13.000
619.000,447.000,48.000,13.000
616.000,454.000,49.000,15.000
616.000,456.000,48.000,13.000
610.000,463.000,46.000,14.000
604.000,470.000,47.000,16.000
596.000,480.000,46.000,15.000
587.000,485.000,46.000,15.000
576.000,489.000,47.000,14.000
575.000,490.000,48.000,15.000
568.000,490.000,47.000,17.000
558.000,488.000,49.000,18.000
549.000,485.000,45.000,18.000
540.000,482.000,45.000,17.000
529.000,478.000,46.000,18.000
529.000,478.000,47.000,16.000
523.000,478.000,46.000,16.000
518.000,477.000,44.000,14.000
510.000,477.000,48.000,15.000
509.000,478.000,44.000,14.000
507.000,482.000,47.000,18.000
505.000,481.000,48.000,18.000
507.000,483.000,46.000,16.000
506.000,482.000,48.000,18.000
506.000,481.000,47.000,19.000
509.000,483.000,45.000,16.000
510.000,486.000,44.000,16.000
511.000,486.000,44.000,16.000
511.000,487.000,45.000,18.000
511.000,490.000,45.000,17.000
512.000,490.000,44.000,17.000
515.000,491.000,46.000,15.000
516.000,487.000,43.000,19.000
516.000,487.000,43.000,18.000
519.000,487.000,43.000,17.000
517.000,486.000,43.000,18.000
516.000,484.000,43.000,19.000
513.000,485.000,44.000,18.000
510.000,485.000,42.000,17.000
511.000,484.000,40.000,18.000
504.000,479.000,42.000,19.000
497.000,478.000,41.000,17.000
488.000,478.000,43.000,16.000
483.000,475.000,41.000,19.000
473.000,475.000,40.000,19.000
473.000,473.000,42.000,20.000
463.000,473.000,41.000,19.000
456.000,474.000,41.000,18.000
448.000,474.000,39.000,22.000
441.000,473.000,41.000,20.000
437.000,473.000,42.000,23.000
437.000,474.000,41.000,21.000
432.000,472.000,41.000,21.000
431.000,471.000,41.000,20.000
431.000,468.000,40.000,19.000
431.000,466.000,40.000,21.000
430.000,462.000,42.000,20.000
431.000,463.000,40.000,19.000
431.000,463.000,41.000,19.000
433.000,464.000,41.000,16.000
432.000,464.000,41.000,16.000
434.000,471.000,40.000,15.000
436.000,474.000,40.000,15.000
434.000,472.000,43.000,21.000
439.000,477.000,39.000,20.000
442.000,474.000,39.000,21.000
443.000,473.000,40.000,22.000
445.000,474.000,38.000,18.000
446.000,472.000,41.000,20.000
448.000,472.000,40.000,22.000
452.000,467.000,39.000,23.000
459.000,465.000,39.000,23.000
464.000,461.000,37.000,19.000
465.000,455.000,38.000,17.000
471.000,447.000,38.000,17.000
471.000,447.000,38.000,19.000
480.000,436.000,36.000,21.000
484.000,424.000,36.000,21.000
487.000,418.000,36.000,25.000
494.000,408.000,36.000,20.000
496.000,400.000,34.000,23.000
495.000,400.000,35.000,20.000
498.000,393.000,35.000,21.000
499.000,390.000,35.000,25.000
503.000,387.000,34.000,23.000
506.000,389.000,37.000,19.000
511.000,392.000,34.000,21.000
512.000,390.000,33.000,24.000
517.000,392.000,34.000,23.000
521.000,394.000,33.000,23.000
526.000,392.000,33.000,25.000
530.000,397.000,34.000,23.000
536.000,400.000,33.000,25.000
537.000,400.000,32.000,25.000
542.000,403.000,30.000,25.000
544.000,407.000,30.000,22.000
547.000,407.000,30.000,23.000
544.000,410.000,31.000,23.000
543.000,413.000,30.000,21.000
544.000,414.000,29.000,20.000
541.000,415.000,28.000,19.000
541.000,415.000,28.000,21.000
539.000,415.000,28.000,22.000
538.000,415.000,28.000,20.000
537.000,415.000,27.000,20.000
535.000,417.000,26.000,18.000
536.000,421.000,25.000,19.000
539.000,429.000,23.000,17.000
544.000,431.000,24.000,17.000
547.000,436.000,24.000,18.000
548.000,440.000,23.000,18.000
548.000,440.000,23.000,17.000
548.000,446.000,21.000,16.000
552.000,447.000,20.000,16.000
562.000,447.000,20.000,19.000
568.000,451.000,21.000,21.000
573.000,451.000,20.000,23.000
574.000,449.000,20.000,24.000
576.000,453.000,24.000,24.000
580.000,452.000,21.000,22.000
581.000,447.000,23.000,23.000
588.000,447.000,20.000,22.000
589.000,449.000,20.000,22.000
590.000,449.000,20.000,21.000
592.000,456.000,16.000,17.000
592.000,459.000,17.000,17.000
590.000,460.000,17.000,18.000
584.000,461.000,16.000,19.000
575.000,462.000,17.000,22.000
575.000,461.000,17.000,24.000
562.000,463.000,22.000,24.000
552.000,463.000,24.000,24.000
543.000,462.000,22.000,25.000
536.000,462.000,24.000,25.000
527.000,456.000,25.000,24.000
528.000,458.000,27.000,24.000
525.000,451.000,25.000,27.000
520.000,443.000,25.000,27.000
523.000,439.000,22.000,24.000
519.000,434.000,24.000,26.000
522.000,432.000,22.000,23.000
522.000,433.000,23.000,24.000
521.000,431.000,24.000,22.000
518.000,426.000,23.000,22.000
516.000,423.000,28.000,24.000
515.000,416.000,28.000,25.000
514.000,415.000,30.000,23.000
513.000,415.000,32.000,24.000
509.000,407.000,30.000,26.000
513.000,404.000,27.000,25.000
510.000,400.000,26.000,26.000
511.000,401.000,25.000,25.000
506.000,399.000,27.000,23.000
508.000,399.000,26.000,23.000
502.000,392.000,27.000,26.000
499.000,392.000,27.000,24.000
494.000,386.000,28.000,23.000
495.000,384.000,28.000,23.000
497.000,380.000,26.000,21.000
496.000,380.000,26.000,21.000
495.000,375.000,26.000,23.000
492.000,373.000,24.000,20.000
490.000,370.000,24.000,23.000
490.000,369.000,27.000,24.000
489.000,369.000,28.000,23.000
489.000,369.000,28.000,23.000
488.000,368.000,30.000,24.000
483.000,366.000,30.000,20.000
479.000,360.000,30.000,23.000
476.000,359.000,30.000,23.000
472.000,352.000,32.000,25.000
471.000,353.000,33.000,25.000
470.000,350.000,32.000,23.000
463.000,345.000,34.000,22.000
464.000,348.000,34.000,24.000
465.000,352.000,33.000,24.000
465.000,350.000,33.000,25.000
468.000,357.000,34.000,22.000
473.000,360.000,32.000,26.000
476.000,376.000,33.000,23.000
483.000,392.000,36.000,21.000
486.000,406.000,36.000,21.000
489.000,406.000,33.000,21.000
496.000,417.000,32.000,21.000
505.000,431.000,32.000,23.000
512.000,441.000,33.000,23.000
519.000,449.000,34.000,22.000
526.000,455.000,35.000,18.000
529.000,455.000,34.000,17.000
536.000,452.000,33.000,20.000
543.000,454.000,33.000,20.000
552.000,457.000,34.000,22.000
556.000,463.000,37.000,21.000
562.000,465.000,37.000,21.000
561.000,466.000,40.000,22.000
565.000,472.000,36.000,21.000
575.000,472.000,33.000,20.000
583.000,473.000,33.000,17.000
586.000,471.000,36.000,16.000
589.000,467.000,36.000,17.000
592.000,467.000,32.000,18.000
593.000,458.000,33.000,19.000
594.000,452.000,37.000,17.000
590.000,441.000,36.000,17.000
589.000,430.000,33.000,16.000
582.000,416.000,33.000,16.000
583.000,417.000,34.000,15.000
573.000,403.000,32.000,16.000
566.000,393.000,35.000,18.000
554.000,383.000,35.000,17.000
543.000,377.000,34.000,16.000
536.000,367.000,33.000,16.000
534.000,367.000,33.000,16.000
521.000,360.000,37.000,19.000
511.000,351.000,38.000,18.000
509.000,345.000,37.000,20.000
504.000,335.000,38.000,20.000
502.000,331.000,36.000,18.000
501.000,330.000,34.000,19.000
501.000,327.000,36.000,17.000
499.000,324.000,35.000,18.000
499.000,320.000,37.000,17.000
495.000,319.000,40.000,16.000
499.000,319.000,39.000,14.000
500.000,319.000,36.000,15.000
502.000,318.000,36.000,14.000
504.000,319.000,40.000,17.000
511.000,324.000,37.000,17.000
525.000,335.000,36.000,17.000
535.000,354.000,33.000,18.000
537.000,355.000,32.000,17.000
553.000,361.000,30.000,21.000
567.000,368.000,33.000,17.000
576.000,376.000,32.000,18.000
585.000,378.000,32.000,19.000
594.000,384.000,33.000,17.000
594.000,384.000,36.000,15.000
601.000,385.000,34.000,16.000
611.000,387.000,31.000,17.000
619.000,392.000,30.000,16.000
628.000,399.000,29.000,16.000
636.000,407.000,29.000,16.000
636.000,409.000,29.000,15.000
639.000,410.000,30.000,17.000
639.000,413.000,30.000,17.000
636.000,413.000,30.000,16.000
631.000,409.000,31.000,16.000
628.000,401.000,31.000,17.000
629.000,401.000,32.000,17.000
626.000,399.000,31.000,16.000
622.000,394.000,32.000,17.000
620.000,392.000,32.000,16.000
618.000,392.000,33.000,15.000
621.000,392.000,32.000,18.000
621.000,392.000,34.000,19.000
621.000,394.000,34.000,19.000
623.000,398.000,33.000,17.000
620.000,402.000,34.000,17.000
624.000,407.000,36.000,16.000
631.000,409.000,33.000,17.000
631.000,408.000,32.000,16.000
637.000,410.000,32.000,18.000
640.000,412.000,34.000,19.000
640.000,412.000,34.000,17.000
643.000,410.000,33.000,18.000
640.000,406.000,34.000,17.000
640.000,407.000,34.000,17.000
635.000,401.000,37.000,17.000
631.000,396.000,35.000,18.000
629.000,390.000,34.000,19.000
625.000,391.000,34.000,16.000
621.000,390.000,36.000,15.000
622.000,390.000,35.000,17.000
622.000,385.000,36.000,17.000
619.000,374.000,37.000,23.000
614.000,377.000,41.000,18.000
609.000,375.000,39.000,18.000
604.000,375.000,42.000,17.000
604.000,373.000,42.000,18.000
603.000,374.000,40.000,18.000
599.000,373.000,41.000,18.000
598.000,375.000,38.000,18.000
590.000,376.000,43.000,20.000
594.000,381.000,39.000,18.000
591.000,381.000,41.000,18.000
595.000,385.000,39.000,19.000
595.000,391.000,42.000,20.000
595.000,396.000,44.000,19.000
596.000,401.000,43.000,19.000
594.000,408.000,44.000,19.000
596.000,407.000,42.000,19.000
599.000,415.000,40.000,18.000
601.000,418.000,45.000,19.000
606.000,421.000,42.000,21.000
613.000,423.000,42.000,19.000
615.000,424.000,42.000,17.000
615.000,424.000,45.000,16.000
619.000,423.000,45.000,18.000
625.000,417.000,46.000,22.000
628.000,418.000,45.000,21.000
632.000,417.000,48.000,20.000
634.000,416.000,46.000,20.000
632.000,416.000,46.000,20.000
634.000,412.000,44.000,20.000
634.000,407.000,47.000,22.000
630.000,401.000,49.000,19.000
631.000,392.000,49.000,21.000
630.000,391.000,45.000,20.000
628.000,391.000,48.000,20.000
626.000,392.000,49.000,21.000
624.000,401.000,49.000,21.000
626.000,412.000,49.000,19.000
631.000,423.000,46.000,21.000
631.000,435.000,46.000,21.000
629.000,433.000,49.000,20.000
629.000,445.000,48.000,22.000
632.000,454.000,50.000,21.000
632.000,463.000,56.000,21.000
631.000,465.000,53.000,21.000
631.000,471.000,58.000,23.000
630.000,470.000,61.000,24.000
627.000,471.000,61.000,23.000
624.000,470.000,68.000,24.000
626.000,469.000,70.000,25.000
626.000,467.000,75.000,25.000
629.000,467.000,65.000,20.000
630.000,465.000,73.000,25.000
632.000,465.000,73.000,26.000
635.000,465.000,74.000,27.000
639.000,468.000,77.000,25.000
644.000,471.000,76.000,25.000
646.000,470.000,75.000,27.000
648.000,469.000,74.000,26.000
652.000,471.000,76.000,26.000
655.000,475.000,76.000,27.000
656.000,481.000,78.000,29.000
654.000,482.000,78.000,32.000
650.000,482.000,81.000,30.000
651.000,485.000,78.000,28.000
648.000,482.000,78.000,27.000
647.000,481.000,76.000,27.000
652.000,480.000,77.000,23.000
653.000,473.000,74.000,26.000
660.000,471.000,77.000,25.000
659.000,470.000,77.000,26.000
665.000,469.000,78.000,24.000
670.000,466.000,74.000,25.000
677.000,465.000,74.000,25.000
686.000,465.000,67.000,21.000
690.000,463.000,68.000,23.000
688.000,464.000,69.000,23.000
693.000,463.000,65.000,21.000
692.000,460.000,66.000,22.000
686.000,461.000,67.000,22.000
687.000,459.000,66.000,20.000
687.000,457.000,60.000,21.000
686.000,459.000,60.000,20.000
686.000,457.000,58.000,20.000
680.000,454.000,58.000,20.000
677.000,450.000,56.000,20.000
673.000,443.000,55.000,20.000
673.000,440.000,56.000,19.000
672.000,441.000,57.000,19.000
673.000,435.000,57.000,20.000
676.000,433.000,53.000,19.000
677.000,424.000,56.000,20.000
679.000,416.000,54.000,24.000
685.000,416.000,50.000,19.000
685.000,416.000,52.000,18.000
684.000,408.000,56.000,19.000
687.000,402.000,56.000,19.000
693.000,395.000,55.000,19.000
699.000,391.000,54.000,19.000
706.000,389.000,53.000,19.000
705.000,388.000,54.000,21.000
711.000,389.000,56.000,20.000
713.000,392.000,60.000,18.000
723.000,395.000,57.000,21.000
722.000,400.000,58.000,21.000
721.000,401.000,61.000,21.000
714.000,406.000,63.000,22.000
709.000,417.000,63.000,23.000
704.000,430.000,62.000,22.000
698.000,443.000,63.000,22.000
691.000,453.000,63.000,24.000
690.000,455.000,62.000,24.000
682.000,464.000,60.000,22.000
667.000,472.000,64.000,24.000
649.000,476.000,65.000,25.000
630.000,481.000,69.000,25.000
613.000,482.000,71.000,26.000
611.000,483.000,73.000,25.000
596.000,481.000,75.000,25.000
593.000,486.000,71.000,24.000
595.000,487.000,67.000,24.000
589.000,486.000,74.000,26.000
586.000,483.000,76.000,25.000
586.000,483.000,77.000,25.000
588.000,484.000,79.000,25.000
589.000,481.000,80.000,26.000
594.000,479.000,77.000,24.000
592.000,476.000,79.000,26.000
588.000,471.000,75.000,22.000
588.000,470.000,76.000,23.000
585.000,468.000,73.000,24.000
576.000,462.000,75.000,24.000
567.000,459.000,73.000,25.000
558.000,459.000,72.000,26.000
548.000,458.000,73.000,21.000
550.000,460.000,71.000,22.000
541.000,459.000,68.000,22.000
533.000,457.000,69.000,21.000
529.000,454.000,65.000,21.000
523.000,454.000,66.000,21.000
522.000,452.000,63.000,19.000
520.000,453.000,64.000,21.000
520.000,455.000,64.000,20.000
519.000,457.000,66.000,20.000
520.000,463.000,67.000,19.000
524.000,465.000,65.000,20.000
530.000,467.000,63.000,20.000
531.000,466.000,60.000,19.000
539.000,468.000,60.000,19.000
544.000,470.000,59.000,19.000
544.000,469.000,63.000,18.000
549.000,471.000,60.000,17.000
549.000,469.000,63.000,16.000
551.000,468.000,60.000,18.000
547.000,466.000,61.000,19.000
548.000,464.000,60.000,18.000
542.000,460.000,61.000,18.000
536.000,458.000,62.000,18.000
531.000,454.000,61.000,16.000
533.000,454.000,59.000,18.000
531.000,452.000,58.000,14.000
529.000,448.000,55.000,16.000
525.000,445.000,55.000,16.000
518.000,443.000,61.000,16.000
513.000,440.000,63.000,16.000
511.000,441.000,64.000,17.000
512.000,438.000,61.000,17.000
502.000,438.000,66.000,18.000
495.000,438.000,73.000,18.000
488.000,442.000,82.000,18.000
490.000,441.000,80.000,22.000
489.000,443.000,78.000,19.000
490.000,445.000,85.000,19.000
491.000,444.000,82.000,20.000
491.000,445.000,88.000,23.000
490.000,446.000,92.000,20.000
490.000,444.000,95.000,22.000
490.000,444.000,97.000,23.000
485.000,444.000,93.000,24.000
487.000,444.000,101.000,24.000
484.000,447.000,96.000,25.000
482.000,449.000,97.000,27.000
484.000,450.000,98.000,28.000
485.000,452.000,98.000,26.000
485.000,455.000,96.000,28.000
476.000,458.000,83.000,26.000
470.000,461.000,79.000,26.000
470.000,463.000,77.000,27.000
459.000,459.000,164.000,32.000
472.000,467.000,74.000,27.000
449.000,457.000,170.000,37.000
443.000,461.000,181.000,37.000
440.000,462.000,186.000,39.000
436.000,462.000,199.000,39.000
431.000,463.000,206.000,39.000
430.000,462.000,210.000,42.000
424.000,459.000,216.000,41.000
422.000,456.000,212.000,42.000
416.000,452.000,222.000,43.000
411.000,447.000,224.000,42.000
411.000,442.000,232.000,47.000
406.000,441.000,242.000,48.000
412.000,442.000,240.000,46.000
410.000,435.000,250.000,45.000
420.000,422.000,253.000,49.000
437.000,416.000,245.000,47.000
441.000,406.000,250.000,48.000
441.000,401.000,251.000,56.000
466.000,402.000,245.000,53.000
492.000,395.000,234.000,49.000
521.000,390.000,220.000,52.000
549.000,393.000,207.000,47.000
570.000,396.000,202.000,49.000
576.000,399.000,195.000,45.000
583.000,402.000,194.000,48.000
594.000,406.000,190.000,45.000
611.000,412.000,178.000,43.000
617.000,416.000,176.000,42.000
632.000,422.000,160.000,36.000
637.000,424.000,153.000,37.000
641.000,425.000,152.000,37.000
647.000,429.000,145.000,38.000
651.000,432.000,137.000,36.000
651.000,433.000,132.000,36.000
654.000,435.000,123.000,33.000
655.000,436.000,121.000,32.000
653.000,436.000,119.000,33.000
656.000,436.000,114.000,32.000
658.000,436.000,106.000,30.000
654.000,432.000,102.000,29.000
657.000,429.000,99.000,28.000
658.000,429.000,98.000,27.000
660.000,427.000,92.000,27.000
658.000,428.000,91.000,25.000
657.000,426.000,92.000,26.000
665.000,427.000,86.000,26.000
670.000,429.000,80.000,24.000
685.000,432.000,71.000,23.000
687.000,436.000,72.000,26.000
696.000,439.000,68.000,24.000
696.000,441.000,67.000,23.000
701.000,444.000,64.000,21.000
701.000,442.000,65.000,22.000
697.000,441.000,66.000,21.000
702.000,439.000,60.000,21.000
703.000,438.000,58.000,21.000
703.000,440.000,59.000,21.000
700.000,437.000,59.000,21.000
703.000,439.000,50.000,20.000
699.000,437.000,52.000,17.000
698.000,436.000,52.000,20.000
698.000,435.000,49.000,18.000
698.000,436.000,51.000,18.000
694.000,434.000,50.000,17.000
695.000,432.000,48.000,16.000
697.000,433.000,48.000,17.000
699.000,433.000,45.000,15.000
699.000,432.000,46.000,15.000
697.000,431.000,48.000,15.000
700.000,427.000,45.000,17.000
701.000,428.000,45.000,17.000
701.000,428.000,46.000,17.000
704.000,428.000,46.000,16.000
709.000,431.000,45.000,15.000
708.000,432.000,45.000,15.000
716.000,433.000,43.000,16.000
717.000,433.000,46.000,16.000
721.000,434.000,47.000,18.000
723.000,437.000,48.000,17.000
727.000,439.000,49.000,17.000
728.000,439.000,48.000,17.000
732.000,441.000,51.000,18.000
736.000,443.000,53.000,19.000
748.000,447.000,50.000,18.000
755.000,453.000,50.000,18.000
757.000,461.000,53.000,19.000
757.000,461.000,56.000,19.000
757.000,469.000,58.000,17.000
766.000,474.000,58.000,19.000
776.000,482.000,57.000,20.000
777.000,483.000,58.000,21.000
775.000,488.000,57.000,21.000
775.000,488.000,58.000,21.000
774.000,490.000,59.000,20.000
770.000,490.000,58.000,22.000
767.000,489.000,58.000,20.000
759.000,490.000,57.000,20.000
751.000,488.000,56.000,17.000
755.000,488.000,51.000,18.000
746.000,488.000,52.000,19.000
740.000,487.000,53.000,19.000
734.000,488.000,54.000,19.000
727.000,488.000,53.000,20.000
724.000,492.000,52.000,19.000
722.000,490.000,53.000,20.000
720.000,493.000,51.000,19.000
719.000,495.000,51.000,18.000
716.000,497.000,51.000,18.000
715.000,497.000,51.000,18.000
715.000,499.000,52.000,19.000
715.000,500.000,53.000,20.000
716.000,497.000,51.000,21.000
720.000,496.000,51.000,18.000
719.000,494.000,50.000,18.000
718.000,492.000,50.000,20.000
720.000,490.000,49.000,21.000
720.000,489.000,48.000,21.000
723.000,486.000,48.000,20.000
726.000,481.000,49.000,18.000
730.000,476.000,48.000,19.000
734.000,468.000,43.000,22.000
734.000,469.000,40.000,21.000
736.000,466.000,41.000,21.000
736.000,465.000,43.000,22.000
738.000,463.000,47.000,22.000
740.000,465.000,45.000,23.000
743.000,466.000,41.000,21.000
743.000,466.000,42.000,21.000
744.000,467.000,43.000,23.000
744.000,467.000,44.000,23.000
748.000,463.000,43.000,22.000
750.000,457.000,39.000,23.000
748.000,456.000,39.000,23.000
744.000,455.000,42.000,23.000
746.000,451.000,39.000,21.000
744.000,449.000,39.000,22.000
742.000,447.000,40.000,23.000
740.000,445.000,41.000,23.000
738.000,444.000,40.000,22.000
739.000,444.000,37.000,21.000
737.000,442.000,37.000,22.000
735.000,437.000,36.000,22.000
735.000,434.000,35.000,23.000
734.000,433.000,35.000,22.000
735.000,431.000,34.000,20.000
734.000,431.000,34.000,19.000
735.000,428.000,34.000,19.000
735.000,425.000,33.000,20.000
736.000,422.000,35.000,21.000
739.000,417.000,37.000,19.000
743.000,412.000,35.000,19.000
741.000,411.000,34.000,19.000
744.000,409.000,34.000,20.000
746.000,409.000,37.000,22.000
749.000,408.000,34.000,20.000
753.000,407.000,31.000,18.000
756.000,406.000,29.000,23.000
757.000,406.000,28.000,21.000
760.000,407.000,28.000,20.000
761.000,406.000,29.000,20.000
765.000,406.000,30.000,19.000
766.000,407.000,30.000,20.000
773.000,406.000,27.000,21.000
773.000,406.000,27.000,20.000
779.000,405.000,28.000,21.000
788.000,401.000,27.000,25.000
796.000,400.000,29.000,22.000
805.000,393.000,28.000,22.000
812.000,388.000,29.000,26.000
809.000,389.000,32.000,23.000
814.000,385.000,33.000,24.000
822.000,379.000,32.000,25.000
827.000,376.000,34.000,29.000
832.000,374.000,33.000,27.000
832.000,375.000,38.000,27.000
833.000,375.000,37.000,28.000
830.000,374.000,35.000,26.000
824.000,376.000,39.000,32.000
822.000,376.000,43.000,31.000
822.000,381.000,44.000,33.000
822.000,381.000,42.000,33.000
824.000,381.000,42.000,33.000
826.000,385.000,41.000,35.000
831.000,389.000,40.000,37.000
830.000,388.000,43.000,39.000
830.000,386.000,43.000,41.000
830.000,385.000,38.000,36.000
832.000,383.000,39.000,40.000
833.000,377.000,41.000,39.000
838.000,374.000,37.000,40.000
839.000,370.000,36.000,37.000
839.000,364.000,38.000,37.000
843.000,356.000,37.000,40.000
839.000,358.000,41.000,39.000
838.000,347.000,38.000,39.000
837.000,336.000,38.000,43.000
836.000,336.000,39.000,41.000
833.000,327.000,39.000,42.000
832.000,320.000,38.000,42.000
835.000,321.000,37.000,42.000
832.000,321.000,37.000,42.000
832.000,321.000,39.000,41.000
833.000,320.000,37.000,41.000
832.000,318.000,36.000,43.000
832.000,319.000,36.000,41.000
833.000,316.000,38.000,42.000
834.000,319.000,36.000,40.000
834.000,320.000,40.000,39.000
834.000,319.000,37.000,41.000
836.000,323.000,39.000,41.000
839.000,328.000,38.000,39.000
842.000,335.000,39.000,40.000
843.000,339.000,39.000,40.000
844.000,338.000,40.000,39.000
843.000,336.000,41.000,40.000
846.000,336.000,40.000,36.000
850.000,333.000,39.000,37.000
846.000,327.000,42.000,40.000
849.000,322.000,41.000,40.000
846.000,318.000,41.000,42.000
845.000,319.000,42.000,40.000
844.000,314.000,41.000,39.000
840.000,309.000,42.000,37.000
837.000,304.000,42.000,37.000
833.000,296.000,41.000,39.000
831.000,288.000,42.000,38.000
826.000,287.000,46.000,38.000
825.000,282.000,46.000,38.000
823.000,274.000,45.000,38.000
824.000,267.000,45.000,35.000
821.000,263.000,44.000,37.000
824.000,256.000,46.000,35.000
824.000,258.000,46.000,36.000
829.000,256.000,45.000,33.000
836.000,256.000,45.000,34.000
841.000,256.000,48.000,34.000
848.000,256.000,47.000,35.000
857.000,257.000,45.000,35.000
857.000,258.000,47.000,34.000
863.000,260.000,47.000,34.000
868.000,267.000,49.000,35.000
876.000,271.000,47.000,34.000
878.000,271.000,50.000,32.000
879.000,272.000,54.000,32.000
882.000,271.000,50.000,31.000
882.000,269.000,51.000,32.000
879.000,268.000,51.000,33.000
871.000,264.000,53.000,33.000
862.000,260.000,51.000,34.000
854.000,259.000,53.000,32.000
856.000,260.000,50.000,35.000
846.000,261.000,51.000,33.000
831.000,258.000,55.000,32.000
825.000,257.000,51.000,35.000
813.000,259.000,53.000,35.000
801.000,261.000,54.000,35.000
802.000,262.000,53.000,31.000
793.000,263.000,54.000,31.000
786.000,264.000,55.000,34.000
782.000,265.000,52.000,34.000
778.000,265.000,52.000,32.000
778.000,265.000,53.000,32.000
774.000,263.000,55.000,32.000
774.000,262.000,53.000,31.000
772.000,257.000,53.000,32.000
774.000,256.000,54.000,30.000
776.000,251.000,53.000,33.000
777.000,247.000,54.000,30.000
776.000,246.000,54.000,30.000
779.000,241.000,55.000,31.000
779.000,237.000,54.000,34.000
774.000,234.000,54.000,32.000
767.000,231.000,56.000,32.000
760.000,232.000,57.000,31.000
757.000,233.000,56.000,29.000
749.000,234.000,56.000,31.000
739.000,235.000,58.000,29.000
732.000,233.000,56.000,33.000
728.000,237.000,56.000,31.000
723.000,233.000,54.000,31.000
723.000,234.000,55.000,29.000
719.000,229.000,57.000,32.000
711.000,226.000,58.000,28.000
711.000,224.000,57.000,28.000
711.000,221.000,57.000,30.000
714.000,223.000,57.000,27.000
713.000,222.000,55.000,29.000
716.000,222.000,56.000,30.000
721.000,224.000,58.000,31.000
729.000,230.000,57.000,31.000
732.000,234.000,58.000,28.000
739.000,236.000,54.000,32.000
737.000,238.000,57.000,29.000
739.000,241.000,58.000,31.000
743.000,243.000,57.000,28.000
748.000,247.000,59.000,29.000
748.000,250.000,58.000,27.000
750.000,255.000,60.000,28.000
750.000,253.000,58.000,29.000
751.000,254.000,59.000,27.000
749.000,255.000,60.000,27.000
747.000,254.000,62.000,29.000
748.000,254.000,60.000,29.000
747.000,255.000,60.000,29.000
748.000,254.000,59.000,28.000
747.000,255.000,59.000,28.000
747.000,250.000,59.000,29.000
744.000,250.000,61.000,28.000
744.000,248.000,61.000,29.000
739.000,246.000,61.000,30.000
739.000,248.000,63.000,28.000
737.000,249.000,62.000,26.000
733.000,252.000,64.000,29.000
728.000,252.000,66.000,32.000
729.000,256.000,60.000,27.000
728.000,257.000,62.000,30.000
727.000,259.000,65.000,31.000
731.000,262.000,63.000,31.000
735.000,271.000,66.000,30.000
741.000,277.000,66.000,30.000
748.000,283.000,65.000,28.000
749.000,284.000,64.000,27.000
753.000,286.000,65.000,26.000
762.000,287.000,62.000,27.000
769.000,287.000,62.000,27.000
776.000,284.000,62.000,26.000
779.000,280.000,64.000,27.000
778.000,278.000,68.000,29.000
786.000,274.000,65.000,26.000
792.000,272.000,67.000,27.000
799.000,273.000,64.000,25.000
801.000,272.000,68.000,26.000
807.000,275.000,63.000,26.000
808.000,278.000,62.000,24.000
809.000,277.000,61.000,25.000
803.000,275.000,64.000,26.000
798.000,272.000,65.000,25.000
794.000,268.000,66.000,27.000
788.000,268.000,68.000,23.000
785.000,261.000,70.000,28.000
774.000,261.000,67.000,24.000
763.000,252.000,70.000,27.000
755.000,251.000,65.000,27.000
743.000,246.000,71.000,29.000
736.000,247.000,71.000,27.000
737.000,249.000,69.000,24.000
734.000,250.000,66.000,26.000
727.000,249.000,67.000,28.000
722.000,247.000,67.000,26.000
721.000,243.000,69.000,25.000
725.000,245.000,64.000,22.000
718.000,238.000,70.000,21.000
721.000,231.000,64.000,25.000
725.000,229.000,65.000,24.000
723.000,226.000,69.000,27.000
721.000,225.000,71.000,26.000
724.000,222.000,72.000,28.000
722.000,222.000,69.000,27.000
720.000,225.000,66.000,22.000
714.000,226.000,68.000,25.000
714.000,225.000,67.000,25.000
705.000,233.000,68.000,22.000
701.000,235.000,67.000,21.000
696.000,240.000,63.000,26.000
690.000,243.000,62.000,20.000
678.000,244.000,66.000,21.000
680.000,245.000,63.000,21.000
672.000,244.000,64.000,23.000
663.000,244.000,64.000,22.000
650.000,239.000,69.000,27.000
645.000,239.000,63.000,25.000
641.000,238.000,62.000,23.000
639.000,239.000,62.000,20.000
630.000,234.000,68.000,23.000
626.000,231.000,67.000,25.000
629.000,231.000,63.000,20.000
628.000,227.000,63.000,21.000
629.000,223.000,66.000,20.000
628.000,221.000,67.000,24.000
629.000,220.000,64.000,20.000
631.000,217.000,64.000,20.000
635.000,213.000,64.000,20.000
638.000,212.000,65.000,22.000
639.000,213.000,66.000,21.000
639.000,213.000,66.000,21.000
640.000,215.000,67.000,26.000
642.000,218.000,65.000,26.000
644.000,227.000,63.000,20.000
646.000,233.000,61.000,21.000
644.000,240.000,68.000,25.000
644.000,240.000,68.000,23.000
649.000,249.000,65.000,25.000
647.000,261.000,67.000,23.000
649.000,271.000,64.000,23.000
647.000,286.000,61.000,20.000
642.000,300.000,63.000,20.000
641.000,299.000,63.000,20.000
635.000,312.000,64.000,20.000
633.000,328.000,60.000,22.000
621.000,338.000,65.000,21.000
617.000,351.000,62.000,18.000
605.000,357.000,65.000,23.000
606.000,359.000,63.000,21.000
599.000,365.000,61.000,21.000
589.000,371.000,64.000,21.000
582.000,373.000,64.000,23.000
575.000,377.000,64.000,24.000
567.000,381.000,66.000,21.000
569.000,383.000,64.000,20.000
564.000,384.000,64.000,20.000
563.000,386.000,63.000,21.000
557.000,383.000,65.000,24.000
553.000,382.000,63.000,24.000
548.000,373.000,66.000,28.000
546.000,379.000,70.000,24.000
545.000,376.000,70.000,21.000
538.000,368.000,75.000,25.000
537.000,368.000,78.000,26.000
529.000,367.000,81.000,23.000
529.000,366.000,78.000,26.000
527.000,367.000,79.000,23.000
527.000,370.000,81.000,26.000
522.000,374.000,84.000,27.000
521.000,383.000,84.000,27.000
522.000,388.000,82.000,30.000
518.000,398.000,92.000,27.000
516.000,398.000,93.000,29.000
525.000,410.000,96.000,26.000
538.000,418.000,99.000,29.000
554.000,426.000,101.000,30.000
570.000,434.000,105.000,31.000
588.000,437.000,97.000,29.000
582.000,434.000,107.000,34.000
593.000,435.000,109.000,33.000
599.000,435.000,111.000,32.000
609.000,434.000,110.000,32.000
611.000,432.000,110.000,30.000
618.000,433.000,104.000,27.000
615.000,434.000,107.000,27.000
614.000,431.000,107.000,28.000
605.000,433.000,111.000,28.000
600.000,436.000,110.000,29.000
595.000,440.000,107.000,30.000
591.000,447.000,106.000,29.000
592.000,448.000,108.000,28.000
591.000,451.000,105.000,28.000
587.000,453.000,106.000,27.000
582.000,452.000,112.000,26.000
586.000,449.000,114.000,29.000
591.000,446.000,116.000,29.000
592.000,448.000,114.000,30.000
603.000,443.000,108.000,31.000
607.000,437.000,111.000,31.000
619.000,434.000,112.000,31.000
629.000,431.000,113.000,31.000
643.000,432.000,115.000,28.000
639.000,430.000,119.000,30.000
656.000,429.000,117.000,29.000
671.000,423.000,113.000,30.000
675.000,421.000,119.000,31.000
679.000,420.000,121.000,31.000
676.000,422.000,118.000,31.000
676.000,419.000,122.000,33.000
671.000,421.000,118.000,32.000
670.000,424.000,118.000,34.000
664.000,429.000,120.000,30.000
658.000,427.000,119.000,31.000
654.000,427.000,121.000,32.000
655.000,428.000,118.000,29.000
653.000,427.000,120.000,29.000
653.000,422.000,119.000,29.000
649.000,417.000,124.000,30.000
649.000,409.000,121.000,29.000
643.000,399.000,120.000,31.000
642.000,401.000,123.000,28.000
638.000,393.000,126.000,30.000
633.000,389.000,121.000,31.000
621.000,391.000,124.000,29.000
613.000,392.000,121.000,30.000
602.000,396.000,126.000,29.000
602.000,396.000,124.000,28.000
589.000,397.000,123.000,29.000
579.000,401.000,124.000,30.000
568.000,405.000,123.000,30.000
561.000,409.000,130.000,37.000
567.000,422.000,126.000,28.000
565.000,422.000,129.000,27.000
570.000,425.000,125.000,29.000
576.000,422.000,124.000,31.000
583.000,418.000,126.000,31.000
592.000,419.000,127.000,29.000
603.000,422.000,129.000,30.000
602.000,421.000,131.000,29.000
615.000,424.000,135.000,29.000
633.000,426.000,123.000,32.000
645.000,429.000,127.000,31.000
660.000,433.000,130.000,32.000
661.000,435.000,131.000,31.000
661.000,437.000,131.000,28.000
655.000,430.000,127.000,32.000
640.000,425.000,131.000,32.000
624.000,420.000,132.000,31.000
615.000,413.000,127.000,31.000
599.000,414.000,128.000,28.000
599.000,414.000,131.000,27.000
587.000,413.000,133.000,31.000
581.000,412.000,128.000,30.000
565.000,409.000,132.000,31.000
551.000,400.000,139.000,36.000
544.000,399.000,133.000,31.000
545.000,401.000,133.000,29.000
543.000,395.000,131.000,31.000
543.000,391.000,138.000,35.000
548.000,391.000,131.000,34.000
546.000,392.000,135.000,32.000
547.000,393.000,136.000,33.000
546.000,398.000,143.000,32.000
551.000,406.000,145.000,33.000
551.000,410.000,138.000,27.000
555.000,413.000,142.000,33.000
556.000,416.000,144.000,38.000
562.000,428.000,141.000,29.000
564.000,429.000,139.000,26.000
564.000,419.000,146.000,37.000
566.000,420.000,141.000,35.000
563.000,412.000,141.000,36.000
558.000,408.000,135.000,28.000
551.000,395.000,140.000,36.000
545.000,388.000,138.000,36.000
537.000,383.000,137.000,32.000
536.000,381.000,139.000,34.000
531.000,378.000,137.000,35.000
525.000,379.000,136.000,35.000
522.000,378.000,138.000,36.000
518.000,380.000,140.000,37.000
520.000,381.000,147.000,45.000
519.000,387.000,145.000,38.000
528.000,400.000,143.000,29.000
540.000,402.000,143.000,38.000
544.000,407.000,145.000,40.000
552.000,411.000,149.000,41.000
561.000,414.000,148.000,41.000
562.000,416.000,149.000,37.000
573.000,419.000,145.000,37.000
585.000,421.000,143.000,38.000
591.000,422.000,140.000,34.000
588.000,421.000,146.000,37.000
584.000,418.000,150.000,39.000
588.000,418.000,145.000,41.000
580.000,419.000,150.000,36.000
573.000,418.000,149.000,35.000
568.000,414.000,147.000,35.000
563.000,406.000,152.000,41.000
559.000,408.000,147.000,38.000
559.000,408.000,146.000,39.000
553.000,403.000,149.000,38.000
545.000,401.000,147.000,39.000
539.000,400.000,141.000,27.000
533.000,391.000,145.000,39.000
525.000,392.000,146.000,36.000
524.000,392.000,148.000,35.000
525.000,394.000,137.000,32.000
523.000,394.000,146.000,38.000
518.000,398.000,146.000,30.000
516.000,394.000,153.000,41.000
521.000,402.000,145.000,32.000
518.000,402.000,145.000,31.000
523.000,398.000,147.000,35.000
524.000,394.000,148.000,37.000
531.000,393.000,149.000,34.000
538.000,384.000,152.000,35.000
549.000,379.000,143.000,31.000
548.000,375.000,142.000,36.000
549.000,363.000,156.000,43.000
554.000,364.000,149.000,38.000
553.000,365.000,153.000,36.000
551.000,362.000,147.000,38.000
553.000,372.000,141.000,29.000
550.000,372.000,141.000,28.000
543.000,366.000,146.000,37.000
546.000,370.000,139.000,34.000
544.000,371.000,137.000,30.000
537.000,369.000,144.000,34.000
537.000,367.000,145.000,33.000
540.000,368.000,143.000,35.000
541.000,366.000,144.000,34.000
543.000,368.000,136.000,28.000
544.000,359.000,144.000,37.000
546.000,361.000,147.000,35.000
553.000,361.000,143.000,36.000
553.000,362.000,142.000,33.000
557.000,361.000,148.000,40.000
563.000,369.000,150.000,34.000
564.000,368.000,149.000,39.000
571.000,372.000,148.000,39.000
574.000,377.000,144.000,36.000
575.000,377.000,145.000,36.000
576.000,386.000,144.000,30.000
579.000,384.000,142.000,37.000
578.000,384.000,141.000,42.000
584.000,387.000,138.000,38.000
582.000,391.000,137.000,29.000
580.000,387.000,140.000,37.000
579.000,392.000,136.000,31.000
575.000,390.000,141.000,36.000
567.000,389.000,143.000,38.000
558.000,395.000,139.000,30.000
549.000,394.000,139.000,29.000
552.000,396.000,139.000,31.000
542.000,395.000,140.000,32.000
535.000,397.000,140.000,30.000
528.000,397.000,141.000,32.000
522.000,398.000,140.000,33.000
522.000,397.000,141.000,34.000
520.000,397.000,143.000,29.000
521.000,397.000,138.000,32.000
525.000,396.000,139.000,31.000
525.000,392.000,133.000,28.000
528.000,392.000,132.000,32.000
527.000,395.000,132.000,36.000
528.000,397.000,133.000,25.000
529.000,399.000,137.000,30.000
530.000,407.000,138.000,25.000
536.000,410.000,127.000,30.000
534.000,413.000,136.000,30.000
536.000,418.000,132.000,26.000
535.000,419.000,134.000,30.000
538.000,417.000,135.000,36.000
545.000,421.000,135.000,31.000
553.000,420.000,128.000,31.000
559.000,415.000,126.000,30.000
564.000,408.000,131.000,32.000
568.000,409.000,126.000,31.000
571.000,402.000,129.000,32.000
576.000,394.000,129.000,23.000
581.000,389.000,130.000,25.000
583.000,373.000,130.000,33.000
583.000,371.000,126.000,29.000
584.000,371.000,125.000,31.000
579.000,368.000,123.000,28.000
577.000,371.000,126.000,28.000
574.000,371.000,126.000,31.000
572.000,372.000,125.000,32.000
572.000,375.000,120.000,29.000
573.000,374.000,119.000,29.000
572.000,372.000,124.000,32.000
571.000,368.000,124.000,30.000
572.000,363.000,124.000,28.000
574.000,361.000,121.000,28.000
577.000,355.000,122.000,25.000
576.000,353.000,127.000,29.000
579.000,348.000,126.000,26.000
582.000,340.000,124.000,30.000
584.000,338.000,120.000,27.000
580.000,338.000,114.000,25.000
575.000,334.000,114.000,25.000
575.000,333.000,116.000,27.000
563.000,334.000,115.000,25.000
557.000,332.000,122.000,26.000
545.000,330.000,120.000,25.000
538.000,330.000,116.000,23.000
528.000,329.000,117.000,24.000
528.000,327.000,113.000,29.000
525.000,332.000,106.000,27.000
522.000,339.000,104.000,24.000
523.000,348.000,103.000,22.000
523.000,353.000,104.000,21.000
528.000,359.000,101.000,20.000
528.000,359.000,108.000,21.000
535.000,362.000,103.000,23.000
541.000,365.000,106.000,24.000
549.000,366.000,104.000,22.000
559.000,367.000,101.000,21.000
568.000,361.000,106.000,24.000
568.000,364.000,103.000,21.000
571.000,358.000,106.000,24.000
577.000,359.000,104.000,22.000
584.000,362.000,102.000,22.000
585.000,363.000,99.000,22.000
587.000,363.000,99.000,21.000
588.000,362.000,98.000,22.000
592.000,360.000,95.000,23.000
587.000,358.000,99.000,25.000
586.000,361.000,102.000,23.000
585.000,361.000,102.000,21.000
586.000,360.000,100.000,21.000
585.000,360.000,100.000,21.000
586.000,359.000,100.000,22.000
584.000,356.000,99.000,22.000
586.000,352.000,101.000,23.000
588.000,350.000,99.000,23.000
592.000,348.000,98.000,24.000
592.000,347.000,97.000,23.000
594.000,345.000,99.000,23.000
596.000,343.000,100.000,23.000
596.000,343.000,97.000,22.000
597.000,342.000,99.000,22.000
598.000,340.000,96.000,22.000
597.000,337.000,98.000,24.000
599.000,342.000,96.000,21.000
602.000,340.000,95.000,23.000
601.000,343.000,96.000,23.000
605.000,345.000,92.000,22.000
608.000,345.000,92.000,21.000
609.000,345.000,93.000,22.000
611.000,343.000,92.000,23.000
618.000,343.000,92.000,23.000
624.000,340.000,92.000,22.000
628.000,338.000,92.000,22.000
633.000,335.000,92.000,21.000
632.000,337.000,93.000,21.000
632.000,334.000,93.000,21.000
629.000,332.000,93.000,21.000
623.000,328.000,96.000,22.000
618.000,331.000,90.000,22.000
618.000,332.000,90.000,22.000
609.000,336.000,94.000,23.000
606.000,339.000,91.000,24.000
597.000,345.000,89.000,23.000
592.000,350.000,90.000,22.000
584.000,351.000,90.000,22.000
586.000,350.000,88.000,22.000
579.000,354.000,90.000,21.000
573.000,355.000,91.000,23.000
571.000,359.000,89.000,23.000
569.000,361.000,90.000,22.000
568.000,363.000,90.000,22.000
568.000,364.000,88.000,22.000
568.000,366.000,87.000,22.000
569.000,370.000,84.000,21.000
570.000,374.000,86.000,21.000
574.000,377.000,88.000,21.000
578.000,383.000,88.000,21.000
577.000,381.000,89.000,22.000
586.000,383.000,85.000,21.000
603.000,386.000,82.000,21.000
610.000,384.000,83.000,22.000
618.000,380.000,87.000,22.000
626.000,377.000,87.000,23.000
626.000,377.000,90.000,23.000
631.000,376.000,89.000,22.000
637.000,376.000,87.000,21.000
638.000,375.000,89.000,21.000
640.000,374.000,86.000,21.000
636.000,378.000,85.000,23.000
638.000,376.000,82.000,24.000
634.000,379.000,85.000,22.000
628.000,379.000,85.000,21.000
622.000,378.000,82.000,25.000
617.000,378.000,82.000,24.000
618.000,381.000,80.000,23.000
615.000,382.000,82.000,22.000
616.000,384.000,83.000,22.000
612.000,385.000,82.000,22.000
610.000,382.000,83.000,22.000
610.000,379.000,83.000,23.000
610.000,376.000,83.000,22.000
609.000,377.000,83.000,23.000
608.000,372.000,82.000,22.000
600.000,370.000,83.000,22.000
594.000,367.000,83.000,22.000
587.000,362.000,82.000,22.000
575.000,367.000,82.000,22.000
575.000,364.000,79.000,22.000
568.000,370.000,81.000,23.000
563.000,372.000,79.000,22.000
557.000,371.000,78.000,22.000
549.000,370.000,78.000,22.000
547.000,372.000,78.000,22.000
547.000,372.000,77.000,21.000
551.000,373.000,77.000,21.000
555.000,371.000,78.000,20.000
561.000,362.000,80.000,21.000
570.000,355.000,79.000,21.000
584.000,353.000,79.000,20.000
587.000,355.000,77.000,20.000
602.000,353.000,78.000,20.000
619.000,356.000,77.000,20.000
638.000,360.000,77.000,21.000
658.000,362.000,78.000,21.000
674.000,366.000,83.000,20.000
673.000,364.000,83.000,21.000
687.000,373.000,82.000,21.000
693.000,377.000,85.000,23.000
704.000,385.000,83.000,22.000
713.000,390.000,84.000,23.000
711.000,399.000,87.000,22.000
712.000,398.000,87.000,21.000
708.000,399.000,90.000,22.000
708.000,402.000,89.000,22.000
707.000,401.000,90.000,23.000
708.000,402.000,88.000,23.000
711.000,399.000,87.000,22.000
710.000,397.000,89.000,23.000
711.000,393.000,87.000,24.000
715.000,391.000,86.000,22.000
717.000,383.000,89.000,21.000
721.000,377.000,84.000,22.000
724.000,373.000,87.000,22.000
722.000,371.000,88.000,21.000
727.000,361.000,86.000,20.000
726.000,346.000,92.000,25.000
722.000,338.000,93.000,25.000
720.000,338.000,94.000,22.000
711.000,336.000,101.000,23.000
712.000,337.000,98.000,22.000
711.000,339.000,95.000,24.000
707.000,342.000,95.000,24.000
697.000,344.000,96.000,26.000
694.000,348.000,91.000,25.000
684.000,347.000,97.000,23.000
685.000,346.000,96.000,24.000
677.000,343.000,93.000,20.000
671.000,335.000,88.000,21.000
658.000,322.000,94.000,24.000
652.000,316.000,94.000,24.000
645.000,317.000,94.000,23.000
644.000,316.000,95.000,23.000
640.000,315.000,95.000,24.000
631.000,317.000,91.000,22.000
623.000,313.000,93.000,23.000
615.000,312.000,94.000,23.000
610.000,308.000,93.000,25.000
608.000,307.000,94.000,24.000
601.000,303.000,98.000,27.000
592.000,299.000,100.000,26.000
585.000,296.000,98.000,28.000
578.000,288.000,97.000,27.000
568.000,286.000,101.000,28.000
571.000,287.000,97.000,25.000
560.000,288.000,97.000,24.000
556.000,287.000,99.000,25.000
546.000,287.000,102.000,26.000
542.000,287.000,101.000,27.000
537.000,288.000,100.000,31.000
536.000,289.000,101.000,29.000
532.000,293.000,100.000,29.000
534.000,301.000,91.000,26.000
528.000,301.000,97.000,34.000
528.000,311.000,93.000,29.000
526.000,316.000,93.000,29.000
524.000,315.000,95.000,31.000
522.000,325.000,92.000,26.000
518.000,331.000,93.000,30.000
517.000,337.000,92.000,31.000
515.000,343.000,91.000,33.000
517.000,351.000,91.000,30.000
516.000,353.000,92.000,29.000
520.000,359.000,89.000,28.000
521.000,363.000,95.000,28.000
529.000,368.000,93.000,26.000
534.000,368.000,95.000,27.000
543.000,372.000,95.000,24.000
542.000,369.000,97.000,27.000
552.000,369.000,93.000,26.000
563.000,365.000,92.000,26.000
564.000,358.000,100.000,30.000
574.000,356.000,92.000,26.000
577.000,353.000,94.000,26.000
577.000,351.000,93.000,28.000
580.000,350.000,94.000,27.000
583.000,346.000,94.000,26.000
584.000,343.000,94.000,27.000
585.000,336.000,91.000,30.000
583.000,333.000,95.000,29.000
582.000,330.000,96.000,34.000
585.000,326.000,95.000,33.000
586.000,325.000,97.000,30.000
587.000,323.000,96.000,28.000
593.000,321.000,95.000,28.000
592.000,323.000,94.000,28.000
593.000,324.000,94.000,29.000
593.000,329.000,94.000,31.000
592.000,335.000,95.000,27.000
596.000,341.000,96.000,29.000
598.000,346.000,100.000,32.000
600.000,346.000,96.000,34.000
601.000,350.000,95.000,29.000
602.000,348.000,95.000,30.000
603.000,350.000,95.000,29.000
603.000,353.000,96.000,26.000
604.000,357.000,95.000,27.000
603.000,366.000,97.000,25.000
603.000,362.000,98.000,29.000
603.000,370.000,97.000,28.000
602.000,380.000,98.000,27.000
600.000,385.000,107.000,34.000
601.000,400.000,100.000,27.000
602.000,409.000,96.000,29.000
599.000,408.000,98.000,30.000
599.000,420.000,99.000,28.000
592.000,428.000,105.000,36.000
591.000,441.000,97.000,30.000
585.000,448.000,100.000,30.000
578.000,454.000,100.000,27.000
576.000,452.000,106.000,36.000
574.000,459.000,105.000,29.000
576.000,456.000,103.000,33.000
570.000,455.000,109.000,32.000
572.000,451.000,106.000,38.000
572.000,454.000,108.000,35.000
573.000,454.000,105.000,34.000
578.000,457.000,99.000,29.000
585.000,460.000,101.000,30.000
588.000,458.000,98.000,28.000
592.000,456.000,98.000,29.000
593.000,459.000,98.000,29.000
591.000,457.000,109.000,33.000
594.000,458.000,106.000,34.000
592.000,458.000,105.000,34.000
583.000,461.000,108.000,33.000
571.000,457.000,107.000,36.000
573.000,458.000,105.000,35.000
558.000,456.000,110.000,34.000
547.000,455.000,108.000,35.000
538.000,459.000,104.000,31.000
526.000,460.000,104.000,32.000
512.000,456.000,104.000,36.000
515.000,458.000,99.000,31.000
501.000,456.000,103.000,34.000
490.000,461.000,102.000,31.000
479.000,464.000,105.000,32.000
474.000,468.000,101.000,30.000
467.000,470.000,102.000,30.000
467.000,469.000,103.000,32.000
463.000,473.000,100.000,28.000
459.000,473.000,102.000,30.000
462.000,471.000,94.000,29.000
460.000,474.000,102.000,30.000
462.000,476.000,103.000,31.000
463.000,477.000,102.000,32.000
466.000,475.000,104.000,34.000
468.000,478.000,101.000,34.000
467.000,475.000,103.000,36.000
467.000,474.000,106.000,35.000
468.000,472.000,99.000,33.000
468.000,472.000,99.000,31.000
464.000,468.000,100.000,30.000
461.000,463.000,100.000,29.000
462.000,457.000,96.000,32.000
459.000,453.000,96.000,32.000
458.000,451.000,97.000,32.000
457.000,450.000,100.000,33.000
455.000,446.000,100.000,31.000
454.000,438.000,96.000,28.000
453.000,433.000,96.000,30.000
455.000,428.000,94.000,29.000
454.000,426.000,96.000,32.000
455.000,426.000,93.000,32.000
455.000,431.000,90.000,32.000
447.000,433.000,94.000,32.000
442.000,438.000,97.000,31.000
438.000,441.000,93.000,29.000
429.000,439.000,95.000,30.000
429.000,439.000,96.000,30.000
424.000,443.000,91.000,25.000
415.000,445.000,94.000,25.000
410.000,452.000,88.000,29.000
410.000,457.000,90.000,29.000
410.000,464.000,85.000,27.000
410.000,462.000,87.000,28.000
412.000,466.000,88.000,27.000
410.000,468.000,88.000,27.000
413.000,470.000,86.000,22.000
414.000,468.000,88.000,25.000
422.000,465.000,86.000,25.000
423.000,467.000,86.000,24.000
433.000,461.000,85.000,24.000
445.000,453.000,85.000,27.000
452.000,442.000,87.000,26.000
466.000,428.000,85.000,27.000
477.000,416.000,85.000,27.000
477.000,416.000,85.000,27.000
481.000,407.000,86.000,26.000
488.000,398.000,86.000,28.000
489.000,397.000,85.000,28.000
494.000,396.000,83.000,26.000
495.000,398.000,83.000,26.000
495.000,397.000,84.000,26.000
495.000,398.000,85.000,25.000
497.000,397.000,84.000,25.000
501.000,389.000,83.000,27.000
505.000,387.000,78.000,26.000
510.000,384.000,79.000,25.000
510.000,385.000,79.000,24.000
514.000,382.000,81.000,25.000
524.000,380.000,82.000,26.000
538.000,381.000,80.000,25.000
548.000,377.000,83.000,27.000
557.000,379.000,83.000,26.000
559.000,382.000,81.000,26.000
564.000,383.000,80.000,25.000
570.000,385.000,80.000,30.000
577.000,393.000,76.000,29.000
578.000,398.000,80.000,28.000
581.000,404.000,78.000,28.000
584.000,404.000,79.000,27.000
586.000,410.000,79.000,28.000
588.000,419.000,79.000,27.000
590.000,429.000,78.000,24.000
591.000,439.000,80.000,24.000
594.000,447.000,77.000,26.000
594.000,446.000,79.000,27.000
602.000,456.000,77.000,26.000
606.000,459.000,75.000,25.000
613.000,461.000,77.000,24.000
618.000,462.000,75.000,24.000
622.000,464.000,77.000,24.000
622.000,464.000,76.000,25.000
631.000,463.000,73.000,25.000
635.000,467.000,76.000,23.000
639.000,465.000,80.000,24.000
639.000,465.000,80.000,24.000
632.000,462.000,75.000,24.000
633.000,460.000,76.000,23.000
622.000,458.000,73.000,22.000
611.000,455.000,74.000,22.000
599.000,453.000,71.000,23.000
584.000,450.000,74.000,23.000
570.000,443.000,73.000,23.000
570.000,442.000,71.000,21.000
555.000,437.000,73.000,23.000
545.000,432.000,76.000,22.000
543.000,422.000,75.000,23.000
543.000,416.000,74.000,23.000
543.000,404.000,74.000,25.000
547.000,404.000,71.000,25.000
549.000,397.000,72.000,22.000
551.000,387.000,74.000,22.000
559.000,385.000,75.000,24.000
564.000,380.000,74.000,22.000
569.000,375.000,75.000,22.000
569.000,377.000,76.000,22.000
576.000,373.000,74.000,23.000
583.000,372.000,73.000,24.000
588.000,369.000,68.000,28.000
591.000,368.000,71.000,30.000
592.000,367.000,69.000,30.000
591.000,367.000,71.000,29.000
594.000,364.000,74.000,30.000
600.000,359.000,70.000,29.000
607.000,354.000,66.000,29.000
611.000,352.000,66.000,30.000
615.000,350.000,67.000,32.000
616.000,350.000,68.000,32.000
619.000,346.000,68.000,34.000
624.000,343.000,66.000,31.000
625.000,339.000,68.000,30.000
623.000,335.000,67.000,33.000
621.000,329.000,66.000,37.000
622.000,331.000,63.000,34.000
616.000,327.000,63.000,36.000
602.000,326.000,62.000,36.000
592.000,335.000,61.000,33.000
582.000,342.000,59.000,36.000
573.000,351.000,61.000,37.000
576.000,352.000,60.000,35.000
568.000,362.000,62.000,35.000
565.000,368.000,59.000,40.000
565.000,372.000,57.000,35.000
566.000,377.000,57.000,26.000
568.000,376.000,58.000,29.000
573.000,375.000,52.000,39.000
573.000,378.000,55.000,26.000
578.000,374.000,53.000,40.000
584.000,374.000,55.000,40.000
587.000,376.000,52.000,29.000
599.000,376.000,51.000,41.000
598.000,377.000,53.000,40.000
598.000,374.000,52.000,37.000
595.000,373.000,49.000,38.000
588.000,369.000,48.000,40.000
581.000,368.000,48.000,40.000
572.000,369.000,49.000,35.000
571.000,368.000,49.000,30.000
565.000,368.000,46.000,31.000
559.000,371.000,46.000,33.000
551.000,372.000,46.000,32.000
546.000,378.000,47.000,31.000
542.000,380.000,48.000,35.000
542.000,380.000,47.000,36.000
543.000,385.000,46.000,40.000
543.000,386.000,45.000,41.000
545.000,385.000,45.000,42.000
548.000,383.000,46.000,44.000
551.000,383.000,43.000,41.000
550.000,384.000,42.000,42.000
556.000,384.000,44.000,40.000
559.000,384.000,42.000,41.000
558.000,387.000,43.000,29.000
563.000,386.000,42.000,40.000
564.000,388.000,43.000,42.000
564.000,388.000,42.000,41.000
567.000,388.000,41.000,42.000
573.000,390.000,41.000,40.000
576.000,394.000,41.000,39.000
577.000,401.000,41.000,37.000
581.000,408.000,40.000,37.000
581.000,407.000,42.000,38.000
578.000,413.000,44.000,37.000
573.000,418.000,45.000,35.000
566.000,422.000,44.000,33.000
562.000,421.000,44.000,36.000
552.000,422.000,44.000,35.000
553.000,423.000,43.000,35.000
546.000,422.000,45.000,34.000
540.000,423.000,43.000,32.000
533.000,422.000,44.000,32.000
525.000,422.000,41.000,33.000
518.000,427.000,41.000,32.000
519.000,428.000,41.000,31.000
518.000,432.000,43.000,31.000
524.000,437.000,42.000,29.000
528.000,437.000,40.000,32.000
528.000,441.000,44.000,29.000
528.000,443.000,45.000,29.000
534.000,443.000,42.000,28.000
545.000,444.000,40.000,27.000
551.000,446.000,43.000,27.000
558.000,445.000,43.000,27.000
563.000,439.000,42.000,27.000
563.000,441.000,41.000,27.000
566.000,438.000,36.000,23.000
566.000,437.000,35.000,23.000
564.000,434.000,35.000,22.000
558.000,431.000,37.000,22.000
550.000,429.000,36.000,18.000
544.000,425.000,42.000,23.000
536.000,420.000,40.000,20.000
522.000,407.000,43.000,24.000
513.000,401.000,43.000,25.000
513.000,402.000,43.000,22.000
504.000,400.000,47.000,25.000
504.000,399.000,48.000,24.000
508.000,406.000,38.000,17.000
504.000,410.000,41.000,16.000
508.000,414.000,38.000,13.000
511.000,413.000,35.000,19.000
512.000,412.000,39.000,19.000
510.000,417.000,39.000,14.000
514.000,412.000,40.000,20.000
518.000,417.000,42.000,17.000
522.000,416.000,43.000,16.000
528.000,416.000,40.000,14.000
536.000,409.000,41.000,14.000
536.000,408.000,40.000,16.000
536.000,400.000,46.000,18.000
540.000,392.000,45.000,19.000
540.000,382.000,52.000,17.000
538.000,375.000,47.000,15.000
535.000,372.000,46.000,14.000
532.000,368.000,54.000,19.000
527.000,358.000,49.000,22.000
528.000,360.000,53.000,19.000
526.000,356.000,52.000,21.000
527.000,353.000,53.000,21.000
527.000,352.000,56.000,21.000
526.000,352.000,55.000,21.000
528.000,352.000,53.000,21.000
525.000,352.000,57.000,18.000
533.000,344.000,53.000,23.000
534.000,343.000,56.000,21.000
541.000,343.000,59.000,21.000
542.000,343.000,57.000,21.000
550.000,344.000,56.000,21.000
558.000,349.000,53.000,22.000
573.000,354.000,58.000,23.000
602.000,366.000,54.000,20.000
618.000,371.000,58.000,21.000
619.000,370.000,61.000,22.000
630.000,376.000,60.000,22.000
641.000,376.000,63.000,21.000
645.000,377.000,64.000,19.000
644.000,369.000,65.000,22.000
635.000,360.000,65.000,20.000
633.000,359.000,66.000,20.000
626.000,347.000,64.000,19.000
618.000,335.000,64.000,19.000
599.000,323.000,66.000,20.000
588.000,320.000,65.000,18.000
575.000,311.000,66.000,20.000
573.000,312.000,67.000,16.000
561.000,308.000,68.000,19.000
554.000,303.000,68.000,21.000
547.000,302.000,67.000,21.000
547.000,306.000,70.000,22.000
555.000,312.000,69.000,22.000
552.000,313.000,71.000,20.000
560.000,313.000,71.000,22.000
563.000,317.000,69.000,23.000
567.000,320.000,72.000,22.000
569.000,322.000,74.000,23.000
574.000,322.000,75.000,24.000
575.000,323.000,74.000,25.000
578.000,327.000,76.000,24.000
584.000,328.000,74.000,24.000
588.000,332.000,72.000,23.000
592.000,335.000,70.000,23.000
595.000,340.000,73.000,23.000
595.000,340.000,74.000,25.000
594.000,338.000,78.000,23.000
589.000,335.000,78.000,24.000
586.000,330.000,75.000,25.000
581.000,317.000,76.000,25.000
579.000,303.000,75.000,24.000
577.000,302.000,76.000,25.000
573.000,289.000,78.000,24.000
565.000,283.000,75.000,24.000
554.000,277.000,76.000,23.000
550.000,277.000,74.000,25.000
542.000,272.000,73.000,31.000
541.000,275.000,75.000,26.000
