100.000,132.000,95.000,95.000
98.000,132.000,95.000,97.000
97.000,134.000,97.000,89.000
97.000,132.000,94.000,98.000
100.000,137.000,94.000,94.000
97.000,134.000,95.000,95.000
99.000,138.000,96.000,91.000
98.000,136.000,95.000,93.000
98.000,136.000,94.000,92.000
99.000,134.000,96.000,98.000
98.000,138.000,99.000,89.000
100.000,137.000,92.000,94.000
100.000,137.000,96.000,99.000
99.000,139.000,95.000,98.000
96.000,140.000,96.000,96.000
99.000,139.000,93.000,97.000
98.000,138.000,97.000,95.000
100.000,139.000,92.000,97.000
96.000,136.000,96.000,98.000
96.000,137.000,96.000,97.000
96.000,136.000,97.000,102.000
93.000,136.000,101.000,99.000
96.000,137.000,97.000,98.000
97.000,137.000,93.000,97.000
98.000,138.000,93.000,97.000
94.000,136.000,99.000,98.000
95.000,139.000,101.000,94.000
90.000,142.000,99.000,89.000
99.000,141.000,96.000,96.000
95.000,137.000,99.000,97.000
98.000,140.000,94.000,98.000
97.000,137.000,97.000,96.000
97.000,139.000,94.000,98.000
96.000,136.000,96.000,98.000
95.000,133.000,99.000,99.000
98.000,130.000,97.000,99.000
98.000,127.000,97.000,100.000
99.000,124.000,96.000,96.000
98.000,117.000,96.000,100.000
96.000,112.000,99.000,97.000
96.000,107.000,100.000,97.000
97.000,103.000,98.000,94.000
97.000,97.000,101.000,92.000
99.000,91.000,98.000,97.000
98.000,86.000,101.000,99.000
97.000,81.000,100.000,100.000
96.000,76.000,107.000,99.000
97.000,72.000,104.000,98.000
97.000,70.000,105.000,95.000
97.000,65.000,108.000,101.000
98.000,63.000,106.000,101.000
99.000,59.000,104.000,108.000
101.000,55.000,104.000,114.000
100.000,52.000,100.000,108.000
100.000,50.000,104.000,116.000
101.000,49.000,103.000,106.000
102.000,48.000,99.000,101.000
103.000,45.000,102.000,107.000
101.000,45.000,102.000,105.000
100.000,46.000,102.000,94.000
102.000,44.000,102.000,101.000
102.000,47.000,99.000,99.000
105.000,47.000,99.000,104.000
104.000,50.000,101.000,101.000
106.000,52.000,101.000,102.000
107.000,53.000,99.000,100.000
106.000,54.000,102.000,103.000
107.000,53.000,97.000,105.000
107.000,54.000,100.000,103.000
107.000,56.000,98.000,100.000
108.000,54.000,101.000,101.000
108.000,54.000,98.000,99.000
109.000,51.000,99.000,104.000
109.000,53.000,101.000,93.000
113.000,53.000,95.000,89.000
111.000,55.000,98.000,91.000
112.000,57.000,98.000,94.000
113.000,57.000,102.000,101.000
116.000,62.000,98.000,93.000
118.000,64.000,94.000,94.000
118.000,66.000,94.000,93.000
122.000,66.000,97.000,92.000
121.000,66.000,98.000,91.000
121.000,66.000,97.000,89.000
123.000,63.000,96.000,97.000
123.000,63.000,97.000,98.000
125.000,61.000,95.000,97.000
128.000,62.000,95.000,101.000
126.000,64.000,97.000,102.000
128.000,65.000,96.000,101.000
128.000,64.000,97.000,95.000
130.000,64.000,95.000,103.000
132.000,64.000,100.000,102.000
128.000,66.000,98.000,97.000
130.000,67.000,95.000,100.000
129.000,65.000,96.000,105.000
129.000,66.000,96.000,90.000
128.000,66.000,97.000,97.000
127.000,66.000,96.000,92.000
128.000,65.000,94.000,89.000
128.000,65.000,92.000,86.000
128.000,65.000,92.000,95.000
127.000,64.000,93.000,91.000
128.000,66.000,95.000,86.000
125.000,64.000,94.000,93.000
126.000,64.000,94.000,88.000
126.000,64.000,95.000,86.000
130.000,65.000,93.000,87.000
129.000,64.000,93.000,91.000
128.000,66.000,94.000,86.000
130.000,64.000,94.000,88.000
127.000,66.000,95.000,86.000
129.000,65.000,94.000,90.000
130.000,67.000,93.000,82.000
130.000,65.000,93.000,89.000
133.000,68.000,91.000,82.000
133.000,66.000,94.000,85.000
140.000,70.000,92.000,86.000
139.000,67.000,91.000,88.000
142.000,67.000,89.000,88.000
144.000,67.000,89.000,89.000
145.000,68.000,91.000,91.000
144.000,68.000,96.000,92.000
147.000,71.000,96.000,89.000
147.000,71.000,95.000,90.000
145.000,70.000,94.000,89.000
148.000,70.000,88.000,92.000
147.000,71.000,89.000,89.000
146.000,71.000,90.000,87.000
147.000,71.000,90.000,91.000
147.000,70.000,93.000,96.000
145.000,71.000,93.000,93.000
143.000,69.000,95.000,99.000
143.000,71.000,94.000,102.000
146.000,70.000,92.000,92.000
146.000,71.000,92.000,96.000
145.000,70.000,92.000,95.000
144.000,68.000,94.000,97.000
141.000,69.000,97.000,96.000
142.000,71.000,96.000,94.000
142.000,67.000,98.000,103.000
141.000,67.000,98.000,96.000
147.000,67.000,89.000,89.000
149.000,66.000,88.000,93.000
150.000,68.000,87.000,88.000
149.000,69.000,89.000,85.000
153.000,65.000,87.000,91.000
152.000,65.000,89.000,93.000
153.000,64.000,89.000,92.000
154.000,62.000,87.000,94.000
155.000,66.000,86.000,88.000
157.000,64.000,84.000,90.000
156.000,66.000,84.000,84.000
156.000,67.000,81.000,84.000
158.000,64.000,82.000,87.000
156.000,64.000,82.000,93.000
155.000,64.000,87.000,86.000
158.000,63.000,85.000,88.000
155.000,62.000,85.000,82.000
156.000,64.000,87.000,83.000
155.000,62.000,85.000,87.000
156.000,60.000,87.000,87.000
156.000,61.000,83.000,90.000
158.000,61.000,85.000,83.000
156.000,59.000,83.000,90.000
155.000,61.000,81.000,90.000
156.000,59.000,84.000,88.000
155.000,59.000,82.000,90.000
154.000,59.000,81.000,91.000
155.000,61.000,81.000,83.000
153.000,61.000,81.000,89.000
151.000,59.000,82.000,90.000
149.000,62.000,88.000,84.000
149.000,63.000,84.000,86.000
149.000,63.000,86.000,83.000
148.000,59.000,82.000,92.000
147.000,62.000,80.000,89.000
145.000,61.000,85.000,88.000
144.000,61.000,83.000,89.000
144.000,60.000,82.000,85.000
143.000,61.000,81.000,88.000
143.000,60.000,81.000,87.000
142.000,61.000,81.000,86.000
141.000,60.000,78.000,90.000
141.000,58.000,82.000,85.000
139.000,60.000,79.000,89.000
142.000,57.000,77.000,86.000
139.000,59.000,80.000,86.000
141.000,58.000,79.000,85.000
138.000,61.000,82.000,82.000
142.000,58.000,78.000,86.000
138.000,57.000,79.000,84.000
137.000,59.000,85.000,86.000
140.000,59.000,78.000,88.000
134.000,59.000,81.000,86.000
136.000,60.000,80.000,85.000
131.000,59.000,80.000,84.000
133.000,63.000,79.000,85.000
134.000,62.000,78.000,86.000
132.000,63.000,80.000,85.000
132.000,64.000,80.000,86.000
131.000,63.000,79.000,87.000
131.000,66.000,79.000,83.000
129.000,67.000,80.000,81.000
130.000,70.000,82.000,81.000
131.000,71.000,81.000,80.000
130.000,72.000,84.000,81.000
132.000,74.000,82.000,81.000
132.000,76.000,83.000,81.000
136.000,77.000,80.000,84.000
136.000,78.000,80.000,81.000
137.000,81.000,79.000,77.000
138.000,82.000,80.000,79.000
137.000,82.000,81.000,78.000
138.000,84.000,81.000,80.000
142.000,84.000,78.000,81.000
144.000,86.000,77.000,81.000
143.000,84.000,81.000,82.000
145.000,87.000,76.000,80.000
147.000,87.000,74.000,77.000
146.000,89.000,77.000,81.000
145.000,87.000,77.000,84.000
145.000,87.000,76.000,86.000
147.000,88.000,76.000,88.000
148.000,89.000,72.000,81.000
147.000,89.000,77.000,88.000
146.000,89.000,76.000,82.000
148.000,89.000,74.000,84.000
149.000,91.000,72.000,80.000
146.000,88.000,74.000,84.000
147.000,90.000,75.000,86.000
147.000,90.000,74.000,88.000
148.000,90.000,72.000,86.000
146.000,89.000,76.000,86.000
149.000,89.000,75.000,86.000
149.000,89.000,74.000,85.000
149.000,89.000,75.000,87.000
150.000,89.000,75.000,84.000
152.000,88.000,73.000,85.000
151.000,87.000,76.000,84.000
149.000,87.000,77.000,82.000
150.000,85.000,75.000,86.000
151.000,87.000,77.000,85.000
150.000,85.000,77.000,84.000
151.000,86.000,83.000,77.000
153.000,83.000,77.000,83.000
148.000,84.000,80.000,75.000
151.000,81.000,81.000,81.000
150.000,79.000,81.000,80.000
148.000,80.000,77.000,73.000
149.000,76.000,78.000,76.000
152.000,73.000,79.000,78.000
151.000,74.000,80.000,71.000
154.000,75.000,80.000,72.000
155.000,75.000,84.000,70.000
155.000,75.000,79.000,73.000
161.000,76.000,81.000,73.000
157.000,72.000,85.000,88.000
160.000,75.000,82.000,79.000
158.000,75.000,78.000,77.000
160.000,75.000,81.000,81.000
162.000,75.000,76.000,71.000
158.000,76.000,84.000,77.000
158.000,75.000,79.000,81.000
158.000,73.000,81.000,85.000
156.000,75.000,83.000,79.000
156.000,78.000,83.000,74.000
156.000,76.000,80.000,76.000
154.000,75.000,83.000,78.000
154.000,75.000,83.000,77.000
154.000,78.000,82.000,80.000
153.000,74.000,84.000,75.000
156.000,75.000,80.000,79.000
153.000,76.000,81.000,80.000
152.000,75.000,83.000,76.000
155.000,76.000,77.000,77.000
151.000,76.000,84.000,72.000
152.000,78.000,85.000,72.000
152.000,77.000,85.000,75.000
151.000,78.000,83.000,74.000
151.000,78.000,82.000,76.000
152.000,79.000,81.000,75.000
150.000,76.000,84.000,77.000
153.000,80.000,83.000,78.000
150.000,77.000,82.000,83.000
149.000,78.000,86.000,81.000
148.000,77.000,88.000,85.000
150.000,78.000,84.000,83.000
151.000,80.000,82.000,77.000
150.000,79.000,80.000,73.000
151.000,78.000,82.000,77.000
151.000,80.000,84.000,72.000
152.000,79.000,81.000,73.000
150.000,78.000,82.000,71.000
150.000,77.000,85.000,74.000
150.000,78.000,83.000,70.000
148.000,75.000,82.000,79.000
149.000,76.000,84.000,75.000
150.000,77.000,82.000,71.000
148.000,76.000,84.000,79.000
147.000,77.000,83.000,76.000
147.000,75.000,81.000,75.000
145.000,77.000,84.000,75.000
144.000,78.000,83.000,70.000
146.000,77.000,82.000,76.000
147.000,75.000,83.000,77.000
147.000,79.000,83.000,75.000
146.000,79.000,83.000,78.000
146.000,79.000,85.000,84.000
147.000,83.000,85.000,77.000
144.000,84.000,86.000,78.000
142.000,85.000,89.000,78.000
144.000,86.000,88.000,80.000
144.000,89.000,85.000,75.000
145.000,88.000,80.000,81.000
142.000,91.000,90.000,82.000
144.000,92.000,87.000,78.000
147.000,92.000,80.000,74.000
143.000,90.000,86.000,82.000
144.000,92.000,86.000,81.000
143.000,90.000,88.000,75.000
146.000,90.000,85.000,77.000
146.000,90.000,86.000,75.000
148.000,88.000,85.000,75.000
146.000,88.000,85.000,77.000
148.000,87.000,83.000,74.000
146.000,86.000,82.000,77.000
149.000,82.000,81.000,82.000
148.000,82.000,81.000,75.000
148.000,81.000,84.000,75.000
148.000,80.000,83.000,77.000
149.000,78.000,80.000,81.000
144.000,77.000,84.000,78.000
147.000,78.000,81.000,79.000
147.000,78.000,79.000,76.000
147.000,78.000,79.000,77.000
148.000,76.000,77.000,76.000
147.000,76.000,79.000,81.000
148.000,74.000,84.000,79.000
150.000,74.000,81.000,82.000
151.000,72.000,83.000,80.000
151.000,70.000,84.000,82.000
151.000,69.000,86.000,87.000
153.000,69.000,85.000,83.000
157.000,68.000,78.000,86.000
160.000,67.000,82.000,84.000
163.000,67.000,76.000,84.000
167.000,66.000,74.000,83.000
166.000,64.000,74.000,83.000
168.000,64.000,75.000,88.000
167.000,66.000,75.000,81.000
167.000,65.000,76.000,81.000
170.000,63.000,75.000,86.000
171.000,65.000,71.000,77.000
170.000,65.000,74.000,77.000
170.000,64.000,73.000,79.000
171.000,65.000,75.000,81.000
172.000,63.000,76.000,83.000
174.000,67.000,74.000,74.000
174.000,66.000,76.000,76.000
175.000,67.000,75.000,73.000
176.000,68.000,76.000,75.000
176.000,68.000,76.000,74.000
178.000,68.000,73.000,78.000
173.000,67.000,76.000,78.000
174.000,67.000,76.000,75.000
173.000,69.000,77.000,78.000
171.000,67.000,74.000,73.000
170.000,66.000,78.000,81.000
173.000,68.000,76.000,76.000
172.000,65.000,76.000,75.000
170.000,66.000,78.000,75.000
171.000,67.000,77.000,76.000
169.000,67.000,80.000,66.000
169.000,65.000,77.000,71.000
169.000,64.000,79.000,78.000
167.000,65.000,79.000,75.000
168.000,63.000,78.000,77.000
169.000,64.000,77.000,75.000
168.000,62.000,76.000,72.000
169.000,64.000,74.000,72.000
169.000,64.000,75.000,72.000
169.000,63.000,74.000,74.000
170.000,63.000,73.000,73.000
168.000,63.000,78.000,75.000
168.000,64.000,77.000,72.000
169.000,62.000,77.000,75.000
169.000,62.000,79.000,77.000
166.000,65.000,81.000,72.000
163.000,64.000,78.000,72.000
167.000,64.000,78.000,74.000
164.000,67.000,75.000,74.000
165.000,65.000,77.000,77.000
162.000,65.000,75.000,77.000
162.000,65.000,73.000,79.000
161.000,67.000,75.000,74.000
161.000,69.000,76.000,72.000
158.000,66.000,76.000,77.000
159.000,67.000,75.000,73.000
158.000,67.000,76.000,70.000
154.000,64.000,77.000,75.000
156.000,64.000,76.000,75.000
157.000,64.000,73.000,75.000
156.000,65.000,76.000,76.000
154.000,65.000,74.000,75.000
153.000,62.000,74.000,79.000
154.000,63.000,72.000,78.000
153.000,65.000,73.000,74.000
151.000,65.000,75.000,76.000
151.000,65.000,73.000,76.000
148.000,65.000,74.000,71.000
146.000,66.000,74.000,66.000
144.000,66.000,75.000,73.000
142.000,64.000,75.000,75.000
141.000,65.000,76.000,73.000
141.000,64.000,74.000,78.000
141.000,65.000,74.000,76.000
143.000,65.000,73.000,79.000
144.000,65.000,75.000,81.000
144.000,65.000,77.000,72.000
146.000,68.000,76.000,73.000
150.000,65.000,74.000,76.000
149.000,66.000,76.000,78.000
155.000,68.000,73.000,76.000
157.000,67.000,74.000,77.000
160.000,69.000,72.000,72.000
161.000,69.000,73.000,73.000
164.000,69.000,71.000,83.000
162.000,70.000,76.000,71.000
162.000,70.000,76.000,74.000
166.000,70.000,75.000,73.000
165.000,70.000,72.000,78.000
167.000,71.000,71.000,75.000
169.000,72.000,71.000,76.000
168.000,74.000,69.000,78.000
168.000,74.000,72.000,74.000
166.000,75.000,71.000,78.000
169.000,77.000,72.000,78.000
166.000,77.000,70.000,71.000
170.000,78.000,68.000,72.000
167.000,81.000,71.000,74.000
166.000,80.000,72.000,70.000
167.000,83.000,70.000,74.000
167.000,84.000,70.000,73.000
166.000,83.000,69.000,75.000
166.000,84.000,71.000,76.000
166.000,83.000,69.000,76.000
164.000,84.000,71.000,74.000
163.000,86.000,71.000,72.000
162.000,87.000,71.000,71.000
164.000,88.000,72.000,70.000
162.000,90.000,70.000,71.000
159.000,90.000,71.000,67.000
160.000,91.000,71.000,70.000
161.000,93.000,72.000,75.000
159.000,93.000,73.000,72.000
160.000,93.000,73.000,69.000
163.000,94.000,71.000,68.000
161.000,96.000,72.000,70.000
161.000,94.000,71.000,67.000
164.000,96.000,71.000,74.000
162.000,95.000,71.000,76.000
161.000,97.000,74.000,72.000
163.000,97.000,72.000,69.000
164.000,96.000,71.000,72.000
162.000,95.000,74.000,66.000
162.000,94.000,72.000,71.000
163.000,93.000,71.000,72.000
163.000,94.000,71.000,74.000
163.000,93.000,71.000,70.000
162.000,93.000,71.000,69.000
161.000,92.000,71.000,73.000
161.000,92.000,72.000,71.000
162.000,94.000,71.000,74.000
161.000,92.000,73.000,75.000
160.000,94.000,72.000,69.000
160.000,93.000,72.000,74.000
161.000,92.000,71.000,72.000
161.000,93.000,71.000,73.000
158.000,93.000,74.000,69.000
161.000,92.000,70.000,72.000
162.000,90.000,70.000,77.000
161.000,90.000,69.000,69.000
162.000,89.000,72.000,69.000
162.000,89.000,72.000,75.000
160.000,88.000,72.000,70.000
161.000,89.000,73.000,67.000
160.000,88.000,72.000,66.000
164.000,88.000,71.000,72.000
163.000,86.000,67.000,70.000
164.000,85.000,72.000,74.000
161.000,88.000,72.000,70.000
164.000,88.000,70.000,70.000
164.000,86.000,70.000,71.000
165.000,85.000,70.000,77.000
164.000,86.000,71.000,71.000
163.000,85.000,72.000,75.000
162.000,86.000,71.000,68.000
160.000,85.000,72.000,68.000
161.000,86.000,72.000,70.000
162.000,85.000,71.000,72.000
159.000,84.000,74.000,67.000
161.000,85.000,70.000,75.000
161.000,84.000,70.000,74.000
159.000,85.000,72.000,67.000
159.000,84.000,70.000,68.000
160.000,84.000,72.000,69.000
159.000,85.000,70.000,71.000
160.000,83.000,71.000,73.000
159.000,83.000,72.000,70.000
161.000,81.000,71.000,70.000
158.000,81.000,73.000,70.000
157.000,80.000,70.000,68.000
162.000,80.000,71.000,72.000
162.000,79.000,68.000,76.000
160.000,79.000,71.000,73.000
162.000,80.000,72.000,76.000
163.000,80.000,71.000,72.000
163.000,79.000,70.000,73.000
163.000,78.000,71.000,70.000
164.000,78.000,71.000,73.000
164.000,79.000,71.000,71.000
165.000,80.000,71.000,74.000
166.000,79.000,71.000,73.000
167.000,78.000,70.000,72.000
168.000,80.000,71.000,73.000
170.000,80.000,68.000,72.000
169.000,80.000,71.000,76.000
169.000,79.000,69.000,76.000
170.000,79.000,72.000,77.000
171.000,82.000,70.000,72.000
171.000,80.000,70.000,73.000
173.000,81.000,67.000,75.000
171.000,83.000,70.000,69.000
173.000,81.000,71.000,68.000
171.000,79.000,69.000,75.000
172.000,79.000,71.000,77.000
173.000,80.000,69.000,75.000
172.000,81.000,67.000,75.000
173.000,81.000,70.000,71.000
172.000,82.000,70.000,75.000
171.000,82.000,70.000,76.000
173.000,83.000,70.000,73.000
172.000,83.000,70.000,75.000
173.000,83.000,67.000,76.000
172.000,83.000,70.000,76.000
172.000,85.000,67.000,77.000
171.000,84.000,70.000,73.000
168.000,85.000,69.000,75.000
169.000,86.000,71.000,76.000
168.000,86.000,71.000,72.000
169.000,86.000,69.000,76.000
168.000,86.000,70.000,73.000
167.000,88.000,71.000,75.000
170.000,89.000,67.000,70.000
167.000,89.000,70.000,76.000
168.000,89.000,69.000,66.000
166.000,90.000,71.000,68.000
170.000,91.000,72.000,68.000
168.000,89.000,69.000,77.000
166.000,92.000,70.000,65.000
168.000,92.000,69.000,68.000
168.000,91.000,70.000,70.000
167.000,93.000,69.000,71.000
168.000,93.000,71.000,71.000
171.000,96.000,71.000,69.000
166.000,95.000,70.000,73.000
168.000,99.000,69.000,72.000
169.000,97.000,68.000,75.000
170.000,100.000,69.000,71.000
169.000,99.000,71.000,69.000
171.000,100.000,67.000,67.000
168.000,101.000,69.000,71.000
166.000,100.000,69.000,73.000
168.000,103.000,69.000,74.000
167.000,102.000,70.000,75.000
167.000,104.000,70.000,66.000
168.000,103.000,66.000,68.000
165.000,104.000,70.000,72.000
165.000,103.000,69.000,73.000
166.000,104.000,68.000,72.000
164.000,102.000,70.000,78.000
166.000,103.000,67.000,68.000
163.000,103.000,69.000,72.000
164.000,101.000,70.000,71.000
164.000,99.000,70.000,73.000
163.000,102.000,70.000,70.000
165.000,100.000,68.000,73.000
166.000,100.000,68.000,69.000
164.000,100.000,69.000,75.000
164.000,101.000,71.000,65.000
163.000,100.000,73.000,70.000
163.000,100.000,70.000,69.000
163.000,101.000,71.000,65.000
162.000,99.000,70.000,73.000
162.000,98.000,70.000,74.000
162.000,98.000,70.000,75.000
163.000,99.000,75.000,67.000
162.000,97.000,70.000,72.000
162.000,96.000,69.000,72.000
161.000,96.000,73.000,68.000
164.000,95.000,69.000,73.000
162.000,95.000,73.000,75.000
165.000,94.000,68.000,72.000
163.000,94.000,70.000,65.000
162.000,95.000,71.000,66.000
166.000,94.000,67.000,66.000
165.000,94.000,68.000,69.000
165.000,94.000,68.000,65.000
166.000,94.000,67.000,67.000
165.000,92.000,69.000,73.000
164.000,94.000,70.000,71.000
164.000,93.000,69.000,67.000
164.000,94.000,70.000,67.000
163.000,93.000,72.000,70.000
163.000,92.000,73.000,68.000
165.000,93.000,70.000,67.000
163.000,93.000,70.000,69.000
164.000,91.000,71.000,71.000
162.000,92.000,72.000,69.000
162.000,90.000,72.000,73.000
161.000,92.000,71.000,71.000
160.000,91.000,70.000,73.000
163.000,90.000,71.000,72.000
161.000,92.000,72.000,68.000
158.000,89.000,72.000,72.000
158.000,90.000,70.000,72.000
152.000,90.000,71.000,73.000
152.000,89.000,73.000,76.000
148.000,89.000,75.000,66.000
146.000,88.000,74.000,72.000
145.000,88.000,71.000,68.000
146.000,90.000,71.000,69.000
145.000,89.000,71.000,70.000
145.000,92.000,71.000,68.000
146.000,90.000,71.000,76.000
145.000,93.000,75.000,68.000
148.000,94.000,73.000,65.000
151.000,94.000,71.000,75.000
154.000,94.000,72.000,74.000
149.000,97.000,77.000,68.000
151.000,95.000,74.000,66.000
154.000,95.000,70.000,72.000
153.000,93.000,74.000,67.000
151.000,92.000,75.000,67.000
152.000,89.000,74.000,61.000
150.000,87.000,75.000,68.000
153.000,82.000,74.000,74.000
151.000,81.000,74.000,70.000
151.000,81.000,74.000,69.000
152.000,81.000,72.000,69.000
151.000,82.000,72.000,65.000
150.000,83.000,71.000,67.000
151.000,88.000,73.000,65.000
150.000,92.000,73.000,65.000
149.000,96.000,76.000,57.000
152.000,94.000,69.000,71.000
149.000,94.000,69.000,73.000
149.000,97.000,71.000,68.000
149.000,92.000,71.000,76.000
147.000,93.000,69.000,74.000
146.000,94.000,71.000,72.000
144.000,93.000,74.000,66.000
144.000,94.000,74.000,69.000
146.000,94.000,72.000,68.000
144.000,94.000,75.000,68.000
146.000,94.000,75.000,68.000
147.000,94.000,75.000,65.000
148.000,95.000,75.000,69.000
150.000,96.000,75.000,63.000
151.000,95.000,76.000,67.000
151.000,95.000,75.000,75.000
152.000,94.000,75.000,71.000
152.000,95.000,75.000,65.000
153.000,95.000,76.000,70.000
154.000,96.000,77.000,72.000
154.000,94.000,78.000,71.000
156.000,97.000,78.000,68.000
153.000,94.000,80.000,76.000
157.000,94.000,77.000,74.000
156.000,91.000,80.000,73.000
156.000,93.000,78.000,74.000
155.000,90.000,77.000,77.000
155.000,92.000,77.000,77.000
155.000,93.000,76.000,74.000
155.000,90.000,77.000,78.000
153.000,89.000,74.000,79.000
153.000,89.000,76.000,74.000
152.000,90.000,80.000,78.000
152.000,90.000,78.000,78.000
151.000,88.000,78.000,81.000
152.000,89.000,77.000,83.000
152.000,88.000,76.000,86.000
151.000,89.000,76.000,82.000
148.000,89.000,78.000,80.000
150.000,90.000,78.000,79.000
150.000,92.000,75.000,78.000
151.000,91.000,76.000,83.000
152.000,92.000,74.000,83.000
154.000,92.000,73.000,78.000
156.000,94.000,73.000,81.000
156.000,95.000,72.000,72.000
157.000,96.000,72.000,73.000
154.000,96.000,73.000,77.000
158.000,99.000,74.000,73.000
155.000,99.000,76.000,72.000
157.000,101.000,74.000,69.000
158.000,103.000,72.000,71.000
159.000,103.000,71.000,76.000
154.000,108.000,71.000,78.000
155.000,111.000,71.000,75.000
155.000,116.000,69.000,73.000
154.000,117.000,67.000,81.000
153.000,122.000,68.000,80.000
152.000,128.000,68.000,75.000
150.000,132.000,69.000,81.000
143.000,134.000,73.000,84.000
142.000,138.000,74.000,85.000
141.000,143.000,76.000,88.000
141.000,146.000,75.000,90.000
135.000,151.000,83.000,87.000
133.000,147.000,81.000,89.000
132.000,142.000,76.000,89.000
126.000,122.000,73.000,78.000
122.000,97.000,70.000,72.000
122.000,72.000,72.000,76.000
125.000,49.000,70.000,81.000
125.000,32.000,71.000,79.000
122.000,16.000,72.000,84.000
124.000,7.000,76.000,76.000
126.000,2.000,74.000,71.000
128.000,0.000,73.000,73.000
128.000,1.000,76.000,64.000
131.000,1.000,72.000,61.000
130.000,2.000,71.000,63.000
133.000,2.000,67.000,66.000
129.000,7.000,69.000,70.000
130.000,18.000,70.000,70.000
133.000,32.000,70.000,77.000
134.000,45.000,71.000,80.000
134.000,67.000,73.000,77.000
131.000,86.000,72.000,84.000
133.000,108.000,76.000,88.000
132.000,129.000,73.000,74.000
133.000,147.000,71.000,72.000
131.000,157.000,74.000,90.000
129.000,169.000,73.000,88.000
127.000,175.000,76.000,90.000
126.000,179.000,74.000,86.000
125.000,182.000,72.000,82.000
123.000,184.000,74.000,76.000
118.000,184.000,71.000,73.000
117.000,182.000,76.000,75.000
117.000,181.000,78.000,76.000
115.000,181.000,78.000,80.000
111.000,181.000,74.000,72.000
112.000,179.000,77.000,71.000
117.000,177.000,71.000,79.000
115.000,174.000,75.000,80.000
115.000,172.000,74.000,82.000
114.000,170.000,76.000,80.000
115.000,167.000,75.000,79.000
112.000,164.000,77.000,80.000
110.000,163.000,78.000,80.000
110.000,162.000,76.000,74.000
112.000,159.000,73.000,78.000
111.000,157.000,73.000,78.000
110.000,154.000,76.000,83.000
110.000,151.000,75.000,77.000
111.000,150.000,72.000,79.000
110.000,150.000,72.000,75.000
110.000,153.000,76.000,84.000
109.000,158.000,75.000,82.000
107.000,170.000,74.000,80.000
111.000,183.000,69.000,82.000
109.000,199.000,69.000,76.000
113.000,214.000,70.000,77.000
125.000,228.000,67.000,75.000
134.000,237.000,70.000,77.000
149.000,244.000,73.000,78.000
164.000,251.000,76.000,71.000
183.000,255.000,82.000,71.000
201.000,254.000,76.000,69.000
216.000,253.000,76.000,66.000
231.000,250.000,84.000,70.000
242.000,247.000,83.000,77.000
249.000,249.000,85.000,73.000
256.000,248.000,84.000,78.000
282.000,247.000,68.000,70.000
296.000,248.000,63.000,68.000
303.000,249.000,62.000,66.000
301.000,247.000,65.000,72.000
306.000,249.000,64.000,63.000
307.000,247.000,63.000,65.000
305.000,247.000,65.000,58.000
308.000,246.000,65.000,65.000
306.000,245.000,65.000,65.000
311.000,244.000,63.000,65.000
312.000,242.000,63.000,64.000
314.000,242.000,59.000,63.000
316.000,239.000,60.000,62.000
312.000,237.000,63.000,60.000
312.000,234.000,64.000,58.000
312.000,229.000,66.000,62.000
312.000,229.000,67.000,60.000
311.000,224.000,66.000,65.000
311.000,224.000,69.000,64.000
308.000,221.000,68.000,63.000
306.000,220.000,69.000,66.000
306.000,220.000,68.000,64.000
306.000,221.000,64.000,63.000
306.000,219.000,66.000,62.000
307.000,219.000,63.000,63.000
305.000,218.000,68.000,64.000
306.000,217.000,68.000,63.000
306.000,217.000,68.000,60.000
307.000,215.000,66.000,61.000
308.000,215.000,66.000,62.000
308.000,217.000,66.000,60.000
309.000,214.000,66.000,66.000
309.000,214.000,67.000,65.000
310.000,215.000,67.000,65.000
311.000,216.000,68.000,61.000
309.000,217.000,70.000,61.000
309.000,217.000,69.000,61.000
309.000,218.000,66.000,63.000
306.000,217.000,67.000,63.000
306.000,218.000,67.000,64.000
304.000,218.000,67.000,64.000
303.000,219.000,65.000,65.000
303.000,220.000,66.000,63.000
301.000,218.000,65.000,65.000
301.000,219.000,67.000,65.000
301.000,220.000,65.000,64.000
298.000,221.000,69.000,61.000
300.000,220.000,65.000,69.000
297.000,219.000,64.000,65.000
296.000,220.000,65.000,65.000
292.000,222.000,69.000,62.000
294.000,219.000,65.000,67.000
290.000,222.000,67.000,63.000
289.000,221.000,67.000,65.000
288.000,220.000,68.000,65.000
287.000,219.000,67.000,67.000
288.000,221.000,68.000,61.000
289.000,219.000,67.000,65.000
283.000,220.000,70.000,65.000
285.000,219.000,68.000,64.000
288.000,219.000,68.000,66.000
289.000,218.000,65.000,66.000
286.000,219.000,71.000,65.000
290.000,220.000,65.000,63.000
287.000,219.000,69.000,66.000
290.000,219.000,71.000,67.000
289.000,224.000,70.000,60.000
291.000,223.000,69.000,61.000
292.000,221.000,66.000,61.000
294.000,220.000,66.000,64.000
292.000,219.000,68.000,64.000
295.000,221.000,67.000,62.000
298.000,221.000,65.000,63.000
292.000,220.000,73.000,61.000
296.000,220.000,70.000,62.000
299.000,218.000,67.000,65.000
298.000,217.000,67.000,65.000
299.000,219.000,68.000,61.000
300.000,219.000,64.000,63.000
299.000,216.000,69.000,64.000
298.000,219.000,69.000,64.000
300.000,218.000,66.000,64.000
299.000,220.000,68.000,63.000
297.000,218.000,70.000,62.000
299.000,221.000,65.000,65.000
298.000,221.000,66.000,63.000
298.000,223.000,69.000,64.000
298.000,221.000,67.000,64.000
296.000,220.000,65.000,63.000
294.000,220.000,71.000,59.000
293.000,217.000,67.000,61.000
292.000,216.000,69.000,61.000
290.000,215.000,71.000,60.000
292.000,217.000,69.000,60.000
290.000,218.000,68.000,59.000
290.000,221.000,72.000,59.000
292.000,222.000,67.000,62.000
292.000,224.000,66.000,62.000
289.000,226.000,67.000,63.000
291.000,229.000,68.000,59.000
290.000,225.000,66.000,66.000
290.000,226.000,67.000,66.000
289.000,227.000,67.000,66.000
290.000,229.000,69.000,60.000
287.000,231.000,70.000,60.000
289.000,233.000,67.000,60.000
290.000,232.000,65.000,61.000
289.000,234.000,66.000,59.000
289.000,234.000,67.000,62.000
289.000,235.000,66.000,62.000
288.000,234.000,67.000,62.000
288.000,237.000,68.000,59.000
289.000,233.000,67.000,66.000
289.000,236.000,66.000,61.000
289.000,236.000,69.000,62.000
290.000,237.000,66.000,63.000
291.000,238.000,66.000,65.000
292.000,237.000,66.000,61.000
291.000,238.000,65.000,62.000
292.000,237.000,68.000,64.000
293.000,241.000,65.000,60.000
293.000,239.000,66.000,61.000
292.000,237.000,68.000,62.000
292.000,240.000,71.000,61.000
295.000,242.000,63.000,60.000
295.000,239.000,65.000,64.000
295.000,240.000,63.000,62.000
297.000,241.000,63.000,63.000
297.000,239.000,64.000,64.000
296.000,240.000,64.000,61.000
296.000,241.000,66.000,62.000
295.000,241.000,65.000,60.000
293.000,241.000,68.000,58.000
295.000,242.000,64.000,59.000
296.000,243.000,65.000,60.000
294.000,242.000,67.000,59.000
295.000,241.000,65.000,60.000
294.000,239.000,65.000,61.000
294.000,242.000,66.000,59.000
293.000,240.000,68.000,61.000
294.000,240.000,67.000,61.000
294.000,243.000,65.000,58.000
294.000,242.000,67.000,60.000
295.000,243.000,65.000,60.000
294.000,242.000,67.000,61.000
294.000,243.000,65.000,60.000
295.000,244.000,64.000,60.000
294.000,243.000,68.000,62.000
293.000,244.000,68.000,66.000
294.000,248.000,66.000,67.000
292.000,259.000,67.000,61.000
293.000,267.000,63.000,65.000
293.000,278.000,65.000,60.000
297.000,280.000,63.000,65.000
299.000,286.000,62.000,66.000
300.000,290.000,61.000,62.000
300.000,294.000,56.000,64.000
297.000,296.000,57.000,61.000
288.000,296.000,60.000,62.000
279.000,297.000,61.000,61.000
268.000,292.000,65.000,62.000
259.000,286.000,64.000,65.000
253.000,280.000,64.000,67.000
241.000,266.000,68.000,68.000
234.000,248.000,76.000,76.000
230.000,240.000,79.000,72.000
227.000,233.000,83.000,65.000
222.000,224.000,83.000,68.000
219.000,222.000,81.000,63.000
217.000,216.000,74.000,67.000
213.000,215.000,72.000,68.000
214.000,213.000,69.000,71.000
212.000,213.000,71.000,66.000
210.000,210.000,68.000,62.000
209.000,206.000,68.000,64.000
203.000,203.000,70.000,70.000
202.000,201.000,67.000,70.000
199.000,196.000,69.000,72.000
198.000,193.000,68.000,68.000
194.000,189.000,69.000,66.000
194.000,182.000,70.000,68.000
193.000,179.000,68.000,67.000
191.000,177.000,64.000,69.000
189.000,173.000,67.000,70.000
186.000,172.000,62.000,72.000
182.000,166.000,69.000,68.000
176.000,162.000,68.000,72.000
173.000,160.000,68.000,75.000
168.000,157.000,70.000,72.000
165.000,154.000,72.000,74.000
164.000,150.000,70.000,73.000
163.000,148.000,72.000,70.000
159.000,148.000,75.000,71.000
154.000,142.000,75.000,78.000
154.000,139.000,74.000,79.000
154.000,137.000,72.000,74.000
155.000,137.000,70.000,66.000
152.000,134.000,73.000,65.000
153.000,135.000,69.000,60.000
154.000,133.000,65.000,64.000
154.000,131.000,67.000,66.000
154.000,135.000,69.000,59.000
155.000,132.000,66.000,60.000
155.000,136.000,69.000,61.000
155.000,136.000,69.000,56.000
158.000,135.000,66.000,62.000
157.000,136.000,73.000,57.000
156.000,137.000,76.000,58.000
160.000,136.000,70.000,66.000
161.000,138.000,73.000,61.000
163.000,136.000,64.000,67.000
162.000,139.000,69.000,61.000
160.000,138.000,70.000,61.000
160.000,139.000,69.000,65.000
160.000,140.000,68.000,66.000
160.000,137.000,67.000,72.000
159.000,138.000,70.000,66.000
157.000,139.000,67.000,67.000
159.000,139.000,68.000,67.000
155.000,141.000,71.000,59.000
155.000,141.000,71.000,56.000
155.000,138.000,66.000,69.000
153.000,138.000,68.000,69.000
154.000,138.000,67.000,65.000
153.000,139.000,70.000,65.000
151.000,140.000,70.000,63.000
151.000,139.000,70.000,64.000
151.000,139.000,67.000,67.000
152.000,138.000,68.000,67.000
150.000,137.000,71.000,64.000
152.000,138.000,67.000,62.000
152.000,137.000,66.000,64.000
153.000,138.000,70.000,61.000
153.000,138.000,68.000,58.000
154.000,139.000,66.000,59.000
153.000,140.000,67.000,57.000
150.000,140.000,67.000,56.000
150.000,140.000,65.000,55.000
148.000,139.000,67.000,59.000
150.000,138.000,66.000,62.000
149.000,140.000,68.000,59.000
150.000,137.000,66.000,59.000
149.000,139.000,65.000,58.000
150.000,139.000,65.000,62.000
151.000,140.000,64.000,64.000
149.000,138.000,63.000,62.000
149.000,139.000,65.000,65.000
149.000,138.000,66.000,69.000
150.000,141.000,65.000,67.000
150.000,142.000,66.000,71.000
151.000,143.000,65.000,66.000
151.000,142.000,63.000,65.000
154.000,145.000,62.000,66.000
153.000,146.000,64.000,66.000
153.000,148.000,64.000,68.000
153.000,147.000,65.000,67.000
152.000,150.000,67.000,66.000
155.000,153.000,64.000,65.000
154.000,154.000,65.000,64.000
155.000,154.000,62.000,66.000
154.000,156.000,65.000,65.000
152.000,158.000,66.000,66.000
153.000,162.000,68.000,66.000
153.000,167.000,67.000,66.000
155.000,170.000,63.000,68.000
152.000,174.000,65.000,67.000
149.000,173.000,66.000,73.000
145.000,177.000,66.000,71.000
139.000,170.000,65.000,83.000
131.000,156.000,66.000,84.000
109.000,137.000,78.000,104.000
118.000,115.000,72.000,96.000
122.000,92.000,65.000,73.000
122.000,69.000,67.000,69.000
123.000,50.000,64.000,70.000
122.000,34.000,67.000,71.000
125.000,26.000,65.000,70.000
124.000,18.000,67.000,66.000
126.000,12.000,61.000,67.000
126.000,5.000,63.000,67.000
128.000,4.000,63.000,68.000
129.000,7.000,60.000,68.000
131.000,11.000,66.000,69.000
133.000,16.000,58.000,67.000
130.000,21.000,66.000,69.000
137.000,35.000,62.000,65.000
133.000,49.000,60.000,64.000
131.000,65.000,64.000,70.000
133.000,83.000,62.000,71.000
133.000,105.000,64.000,75.000
135.000,130.000,61.000,64.000
137.000,147.000,62.000,65.000
143.000,163.000,61.000,66.000
143.000,176.000,58.000,68.000
146.000,185.000,60.000,58.000
145.000,187.000,61.000,69.000
147.000,191.000,57.000,64.000
145.000,195.000,59.000,64.000
149.000,194.000,61.000,61.000
144.000,192.000,63.000,66.000
147.000,191.000,61.000,68.000
143.000,190.000,64.000,63.000
148.000,186.000,59.000,66.000
144.000,185.000,62.000,64.000
144.000,179.000,62.000,68.000
145.000,176.000,62.000,62.000
147.000,174.000,62.000,64.000
148.000,171.000,61.000,65.000
148.000,164.000,59.000,72.000
142.000,160.000,65.000,68.000
147.000,159.000,64.000,66.000
146.000,157.000,62.000,67.000
145.000,154.000,63.000,66.000
144.000,151.000,62.000,64.000
143.000,149.000,64.000,68.000
141.000,147.000,64.000,68.000
144.000,144.000,61.000,65.000
139.000,141.000,65.000,68.000
138.000,139.000,66.000,67.000
138.000,138.000,65.000,66.000
137.000,137.000,63.000,66.000
137.000,136.000,62.000,66.000
134.000,132.000,64.000,70.000
135.000,131.000,63.000,68.000
135.000,130.000,61.000,68.000
132.000,130.000,61.000,65.000
131.000,128.000,64.000,70.000
134.000,125.000,62.000,68.000
130.000,125.000,65.000,69.000
132.000,123.000,64.000,71.000
130.000,123.000,64.000,70.000
133.000,122.000,63.000,66.000
130.000,119.000,66.000,72.000
128.000,121.000,66.000,71.000
126.000,120.000,68.000,72.000
127.000,120.000,65.000,70.000
128.000,119.000,65.000,72.000
126.000,119.000,66.000,72.000
128.000,119.000,68.000,76.000
128.000,118.000,65.000,68.000
128.000,117.000,67.000,71.000
131.000,118.000,66.000,69.000
129.000,116.000,64.000,75.000
127.000,116.000,69.000,72.000
127.000,114.000,71.000,74.000
127.000,115.000,70.000,73.000
125.000,115.000,74.000,74.000
127.000,115.000,70.000,72.000
128.000,115.000,69.000,74.000
126.000,115.000,71.000,71.000
126.000,115.000,71.000,70.000
125.000,113.000,72.000,79.000
125.000,114.000,69.000,75.000
124.000,114.000,72.000,76.000
122.000,114.000,72.000,78.000
124.000,113.000,73.000,84.000
124.000,112.000,73.000,83.000
122.000,116.000,73.000,80.000
120.000,115.000,76.000,77.000
121.000,113.000,76.000,84.000
123.000,114.000,68.000,79.000
123.000,113.000,74.000,77.000
120.000,115.000,77.000,79.000
118.000,116.000,76.000,81.000
118.000,115.000,75.000,73.000
115.000,114.000,81.000,85.000
115.000,115.000,77.000,79.000
114.000,115.000,78.000,79.000
116.000,115.000,77.000,81.000
114.000,116.000,74.000,77.000
114.000,114.000,77.000,83.000
109.000,114.000,76.000,83.000
109.000,114.000,80.000,84.000
106.000,116.000,83.000,86.000
106.000,115.000,84.000,91.000
106.000,114.000,81.000,86.000
105.000,115.000,82.000,87.000
102.000,113.000,85.000,95.000
104.000,115.000,82.000,89.000
103.000,112.000,85.000,96.000
103.000,115.000,82.000,87.000
100.000,114.000,90.000,92.000
99.000,116.000,84.000,88.000
96.000,115.000,88.000,91.000
97.000,114.000,87.000,94.000
94.000,116.000,88.000,93.000
97.000,117.000,85.000,93.000
92.000,116.000,89.000,89.000
94.000,116.000,87.000,94.000
92.000,114.000,90.000,96.000
91.000,114.000,87.000,100.000
91.000,114.000,93.000,100.000
88.000,116.000,92.000,96.000
88.000,114.000,94.000,99.000
91.000,115.000,87.000,95.000
95.000,114.000,89.000,94.000
92.000,116.000,90.000,97.000
93.000,118.000,90.000,95.000
91.000,114.000,93.000,100.000
92.000,117.000,89.000,91.000
89.000,117.000,89.000,90.000
93.000,114.000,97.000,98.000
88.000,115.000,96.000,93.000
89.000,112.000,95.000,101.000
93.000,116.000,93.000,99.000
94.000,114.000,89.000,103.000
91.000,116.000,94.000,97.000
95.000,116.000,92.000,90.000
97.000,117.000,93.000,96.000
96.000,117.000,92.000,93.000
93.000,117.000,95.000,96.000
93.000,114.000,93.000,99.000
94.000,117.000,95.000,99.000
91.000,115.000,95.000,101.000
91.000,116.000,95.000,99.000
91.000,117.000,99.000,99.000
91.000,117.000,95.000,100.000
92.000,119.000,96.000,98.000
87.000,117.000,100.000,101.000
86.000,117.000,102.000,102.000
85.000,114.000,99.000,106.000
87.000,113.000,99.000,103.000
76.000,113.000,105.000,106.000
81.000,107.000,102.000,112.000
79.000,110.000,97.000,106.000
78.000,107.000,100.000,114.000
74.000,105.000,104.000,109.000
74.000,104.000,107.000,105.000
73.000,104.000,105.000,102.000
75.000,103.000,106.000,108.000
73.000,104.000,105.000,103.000
73.000,100.000,101.000,111.000
77.000,101.000,103.000,111.000
74.000,99.000,102.000,110.000
71.000,99.000,109.000,115.000
77.000,97.000,104.000,106.000
70.000,98.000,108.000,116.000
68.000,99.000,110.000,112.000
72.000,98.000,110.000,116.000
69.000,97.000,109.000,115.000
70.000,99.000,109.000,112.000
66.000,97.000,112.000,114.000
67.000,95.000,112.000,118.000
67.000,93.000,110.000,123.000
64.000,93.000,112.000,122.000
65.000,95.000,110.000,114.000
64.000,92.000,112.000,121.000
64.000,90.000,114.000,122.000
62.000,88.000,115.000,123.000
57.000,87.000,120.000,121.000
57.000,87.000,118.000,114.000
59.000,85.000,114.000,119.000
58.000,84.000,114.000,114.000
53.000,82.000,114.000,124.000
51.000,79.000,114.000,120.000
51.000,77.000,117.000,119.000
48.000,76.000,117.000,116.000
42.000,70.000,119.000,120.000
42.000,69.000,121.000,117.000
43.000,64.000,118.000,125.000
40.000,61.000,121.000,126.000
36.000,57.000,119.000,132.000
37.000,52.000,127.000,135.000
37.000,47.000,118.000,143.000
35.000,49.000,128.000,127.000
34.000,45.000,123.000,134.000
42.000,46.000,122.000,127.000
36.000,45.000,121.000,125.000
44.000,44.000,121.000,124.000
37.000,41.000,122.000,132.000
41.000,42.000,119.000,126.000
42.000,44.000,122.000,122.000
38.000,43.000,121.000,128.000
37.000,47.000,129.000,120.000
38.000,47.000,125.000,125.000
38.000,47.000,126.000,130.000
41.000,50.000,127.000,129.000
40.000,53.000,124.000,129.000
37.000,52.000,128.000,133.000
38.000,54.000,133.000,130.000
39.000,51.000,131.000,136.000
43.000,53.000,135.000,138.000
43.000,57.000,130.000,135.000
42.000,60.000,129.000,127.000
44.000,59.000,128.000,130.000
43.000,64.000,133.000,127.000
43.000,66.000,133.000,125.000
44.000,63.000,131.000,136.000
40.000,63.000,134.000,132.000
41.000,62.000,135.000,137.000
39.000,63.000,135.000,137.000
40.000,62.000,137.000,137.000
46.000,62.000,134.000,145.000
47.000,60.000,130.000,145.000
44.000,62.000,135.000,137.000
42.000,58.000,139.000,149.000
39.000,61.000,145.000,147.000
37.000,62.000,147.000,150.000
43.000,59.000,141.000,148.000
42.000,54.000,143.000,163.000
45.000,56.000,140.000,167.000
46.000,55.000,144.000,155.000
47.000,55.000,140.000,163.000
37.000,58.000,151.000,156.000
42.000,56.000,147.000,153.000
43.000,56.000,145.000,140.000
50.000,58.000,142.000,146.000
61.000,58.000,132.000,140.000
64.000,54.000,131.000,148.000
58.000,57.000,135.000,145.000
64.000,60.000,133.000,135.000
69.000,60.000,137.000,129.000
69.000,60.000,137.000,132.000
68.000,58.000,131.000,142.000
72.000,60.000,135.000,140.000
76.000,61.000,126.000,131.000
73.000,57.000,134.000,140.000
75.000,59.000,132.000,135.000
83.000,62.000,133.000,137.000
84.000,60.000,133.000,141.000
82.000,59.000,133.000,146.000
87.000,67.000,127.000,124.000
83.000,62.000,134.000,138.000
85.000,64.000,136.000,136.000
84.000,59.000,133.000,145.000
88.000,61.000,134.000,143.000
87.000,59.000,133.000,153.000
89.000,65.000,127.000,137.000
86.000,67.000,132.000,131.000
87.000,64.000,130.000,136.000
89.000,66.000,134.000,132.000
85.000,67.000,129.000,129.000
91.000,64.000,130.000,135.000
87.000,60.000,134.000,152.000
88.000,69.000,128.000,129.000
91.000,69.000,131.000,129.000
88.000,66.000,132.000,134.000
89.000,65.000,140.000,139.000
90.000,64.000,137.000,142.000
93.000,62.000,133.000,149.000
92.000,65.000,128.000,147.000
93.000,67.000,131.000,137.000
92.000,65.000,136.000,135.000
89.000,64.000,131.000,140.000
86.000,64.000,133.000,139.000
88.000,66.000,130.000,137.000
87.000,71.000,136.000,143.000
85.000,83.000,135.000,135.000
80.000,96.000,139.000,153.000
79.000,121.000,138.000,154.000
79.000,151.000,134.000,152.000
84.000,196.000,135.000,140.000
80.000,231.000,135.000,123.000
80.000,258.000,141.000,109.000
90.000,289.000,141.000,98.000
90.000,289.000,141.000,98.000
97.000,301.000,149.000,68.000
97.000,300.000,160.000,62.000
101.000,290.000,144.000,75.000
100.000,270.000,145.000,94.000
99.000,253.000,144.000,105.000
99.000,230.000,149.000,127.000
101.000,210.000,147.000,141.000
104.000,184.000,148.000,140.000
113.000,167.000,137.000,145.000
110.000,153.000,148.000,141.000
112.000,141.000,150.000,139.000
115.000,129.000,143.000,148.000
118.000,123.000,140.000,146.000
120.000,114.000,140.000,148.000
120.000,108.000,140.000,138.000
111.000,102.000,150.000,135.000
112.000,92.000,150.000,140.000
111.000,86.000,142.000,134.000
114.000,79.000,136.000,133.000
110.000,80.000,140.000,121.000
110.000,67.000,136.000,134.000
107.000,56.000,133.000,134.000
108.000,48.000,132.000,133.000
112.000,37.000,131.000,142.000
110.000,30.000,129.000,146.000
98.000,17.000,127.000,148.000
93.000,8.000,118.000,147.000
75.000,2.000,130.000,143.000
59.000,0.000,130.000,130.000
59.000,0.000,130.000,130.000
59.000,0.000,130.000,130.000
59.000,0.000,130.000,130.000
59.000,0.000,130.000,130.000
59.000,0.000,130.000,130.000
59.000,0.000,130.000,130.000
59.000,0.000,130.000,130.000
59.000,0.000,130.000,130.000
59.000,0.000,130.000,130.000
59.000,0.000,130.000,130.000
59.000,0.000,130.000,130.000
59.000,0.000,130.000,130.000
59.000,0.000,130.000,130.000
79.000,0.000,117.000,118.000
89.000,24.000,106.000,113.000
94.000,65.000,105.000,113.000
99.000,108.000,99.000,129.000
105.000,167.000,97.000,108.000
105.000,219.000,99.000,96.000
108.000,273.000,93.000,84.000
108.000,273.000,93.000,84.000
108.000,273.000,93.000,84.000
110.000,275.000,87.000,82.000
108.000,273.000,93.000,84.000
108.000,273.000,93.000,84.000
108.000,273.000,93.000,84.000
108.000,273.000,93.000,84.000
243.000,148.000,60.000,85.000
242.000,145.000,60.000,84.000
242.000,145.000,60.000,84.000
242.000,145.000,60.000,84.000
242.000,145.000,60.000,84.000
242.000,145.000,60.000,84.000
242.000,145.000,60.000,84.000
114.000,300.000,72.000,91.000
113.000,285.000,72.000,67.000
113.000,265.000,76.000,68.000
117.000,253.000,76.000,68.000
122.000,241.000,77.000,69.000
123.000,232.000,80.000,70.000
128.000,225.000,80.000,74.000
130.000,223.000,83.000,77.000
135.000,226.000,80.000,75.000
135.000,222.000,81.000,76.000
141.000,222.000,81.000,74.000
141.000,225.000,84.000,75.000
146.000,223.000,80.000,75.000
148.000,226.000,80.000,72.000
153.000,226.000,78.000,75.000
157.000,228.000,77.000,74.000
159.000,227.000,74.000,71.000
160.000,226.000,72.000,72.000
160.000,220.000,77.000,69.000
161.000,211.000,77.000,74.000
160.000,204.000,80.000,70.000
159.000,191.000,78.000,74.000
161.000,177.000,78.000,75.000
161.000,163.000,79.000,76.000
161.000,152.000,78.000,77.000
164.000,136.000,67.000,77.000
165.000,126.000,61.000,75.000
164.000,116.000,58.000,80.000
167.000,108.000,55.000,80.000
158.000,99.000,84.000,78.000
160.000,91.000,78.000,80.000
160.000,85.000,82.000,76.000
160.000,83.000,79.000,79.000
160.000,80.000,74.000,79.000
157.000,76.000,81.000,83.000
159.000,79.000,83.000,77.000
161.000,78.000,72.000,80.000
162.000,80.000,72.000,77.000
163.000,80.000,67.000,78.000
163.000,82.000,66.000,76.000
166.000,81.000,62.000,77.000
165.000,84.000,75.000,78.000
165.000,83.000,73.000,79.000
167.000,82.000,69.000,76.000
166.000,82.000,70.000,75.000
166.000,80.000,65.000,72.000
165.000,79.000,62.000,71.000
164.000,79.000,65.000,73.000
162.000,77.000,69.000,72.000
160.000,75.000,70.000,72.000
159.000,78.000,69.000,66.000
159.000,78.000,73.000,67.000
157.000,78.000,74.000,65.000
155.000,79.000,75.000,60.000
156.000,78.000,71.000,65.000
154.000,81.000,72.000,62.000
156.000,80.000,65.000,65.000
152.000,83.000,67.000,61.000
151.000,86.000,72.000,66.000
153.000,89.000,66.000,78.000
151.000,94.000,68.000,76.000
153.000,98.000,68.000,77.000
153.000,105.000,66.000,74.000
152.000,111.000,66.000,71.000
150.000,111.000,62.000,73.000
145.000,104.000,61.000,70.000
132.000,90.000,65.000,76.000
128.000,73.000,65.000,73.000
128.000,58.000,68.000,62.000
127.000,41.000,66.000,72.000
127.000,26.000,73.000,78.000
127.000,17.000,78.000,79.000
127.000,14.000,74.000,74.000
128.000,11.000,74.000,72.000
131.000,9.000,73.000,75.000
131.000,12.000,73.000,76.000
131.000,17.000,79.000,76.000
134.000,26.000,78.000,76.000
132.000,39.000,77.000,76.000
133.000,52.000,72.000,80.000
134.000,73.000,72.000,79.000
135.000,88.000,68.000,87.000
133.000,106.000,74.000,88.000
128.000,121.000,73.000,83.000
128.000,127.000,74.000,85.000
129.000,137.000,74.000,76.000
130.000,140.000,74.000,81.000
129.000,143.000,71.000,76.000
128.000,143.000,72.000,74.000
129.000,140.000,69.000,72.000
126.000,139.000,71.000,77.000
124.000,139.000,71.000,72.000
120.000,136.000,73.000,77.000
118.000,136.000,75.000,76.000
117.000,133.000,74.000,78.000
115.000,134.000,77.000,75.000
116.000,134.000,75.000,75.000
115.000,133.000,78.000,77.000
116.000,132.000,76.000,72.000
115.000,132.000,77.000,77.000
117.000,130.000,78.000,75.000
118.000,130.000,77.000,78.000
119.000,129.000,73.000,76.000
118.000,127.000,75.000,77.000
117.000,125.000,75.000,78.000
118.000,126.000,75.000,76.000
117.000,124.000,77.000,75.000
117.000,122.000,77.000,76.000
117.000,121.000,76.000,74.000
121.000,118.000,74.000,80.000
123.000,118.000,72.000,79.000
124.000,115.000,74.000,79.000
120.000,113.000,76.000,84.000
125.000,112.000,73.000,73.000
124.000,114.000,77.000,74.000
126.000,108.000,74.000,79.000
125.000,105.000,80.000,85.000
127.000,109.000,71.000,73.000
127.000,107.000,73.000,71.000
125.000,103.000,72.000,73.000
125.000,104.000,73.000,73.000
132.000,105.000,71.000,71.000
130.000,102.000,73.000,80.000
133.000,101.000,69.000,72.000
134.000,101.000,68.000,78.000
134.000,100.000,71.000,74.000
135.000,99.000,71.000,76.000
133.000,99.000,73.000,74.000
135.000,99.000,71.000,74.000
137.000,99.000,70.000,74.000
137.000,97.000,75.000,81.000
137.000,100.000,75.000,71.000
136.000,99.000,73.000,75.000
137.000,100.000,74.000,77.000
137.000,98.000,73.000,77.000
140.000,96.000,72.000,80.000
140.000,97.000,72.000,74.000
140.000,96.000,72.000,80.000
140.000,96.000,70.000,78.000
142.000,97.000,74.000,74.000
142.000,95.000,69.000,80.000
144.000,95.000,73.000,76.000
144.000,94.000,73.000,79.000
145.000,93.000,73.000,75.000
146.000,95.000,73.000,77.000
147.000,94.000,73.000,78.000
144.000,93.000,74.000,80.000
148.000,96.000,75.000,72.000
150.000,94.000,73.000,73.000
152.000,95.000,73.000,76.000
155.000,94.000,72.000,75.000
155.000,90.000,68.000,86.000
155.000,92.000,74.000,75.000
158.000,93.000,72.000,77.000
158.000,91.000,69.000,77.000
158.000,90.000,79.000,80.000
158.000,92.000,77.000,81.000
158.000,91.000,78.000,81.000
158.000,91.000,78.000,86.000
157.000,91.000,80.000,79.000
157.000,91.000,82.000,83.000
159.000,92.000,78.000,77.000
157.000,92.000,79.000,76.000
158.000,91.000,78.000,81.000
157.000,89.000,81.000,86.000
158.000,91.000,82.000,82.000
157.000,90.000,79.000,85.000
158.000,92.000,81.000,84.000
156.000,90.000,78.000,79.000
158.000,91.000,80.000,86.000
157.000,91.000,82.000,90.000
155.000,91.000,82.000,91.000
157.000,90.000,79.000,86.000
157.000,90.000,77.000,82.000
158.000,92.000,76.000,71.000
160.000,90.000,74.000,75.000
157.000,90.000,78.000,76.000
156.000,88.000,77.000,75.000
157.000,88.000,77.000,76.000
160.000,88.000,77.000,75.000
160.000,87.000,72.000,73.000
161.000,86.000,73.000,75.000
163.000,86.000,73.000,79.000
163.000,84.000,74.000,74.000
162.000,82.000,73.000,75.000
166.000,81.000,75.000,70.000
167.000,79.000,76.000,72.000
169.000,78.000,76.000,74.000
174.000,77.000,70.000,74.000
173.000,79.000,73.000,77.000
178.000,79.000,74.000,65.000
176.000,77.000,74.000,82.000
178.000,77.000,75.000,71.000
177.000,78.000,75.000,80.000
178.000,75.000,75.000,84.000
181.000,77.000,77.000,74.000
182.000,77.000,79.000,72.000
182.000,75.000,74.000,76.000
185.000,75.000,73.000,74.000
187.000,76.000,73.000,72.000
186.000,78.000,79.000,78.000
190.000,77.000,74.000,77.000
186.000,76.000,76.000,74.000
189.000,76.000,75.000,71.000
185.000,76.000,80.000,75.000
188.000,76.000,76.000,74.000
187.000,74.000,75.000,75.000
185.000,72.000,74.000,71.000
187.000,69.000,75.000,73.000
188.000,70.000,74.000,66.000
188.000,69.000,76.000,63.000
188.000,68.000,74.000,69.000
188.000,69.000,78.000,68.000
190.000,70.000,76.000,67.000
188.000,68.000,79.000,70.000
187.000,71.000,80.000,68.000
188.000,70.000,79.000,67.000
191.000,69.000,75.000,63.000
189.000,66.000,74.000,70.000
192.000,69.000,73.000,65.000
189.000,67.000,76.000,66.000
189.000,69.000,78.000,63.000
190.000,66.000,72.000,69.000
189.000,69.000,76.000,66.000
189.000,68.000,75.000,63.000
187.000,70.000,79.000,65.000
187.000,70.000,76.000,62.000
189.000,69.000,77.000,63.000
187.000,71.000,80.000,63.000
187.000,70.000,77.000,66.000
185.000,71.000,80.000,65.000
192.000,71.000,76.000,64.000
191.000,73.000,75.000,67.000
191.000,73.000,74.000,67.000
189.000,74.000,76.000,68.000
190.000,74.000,78.000,69.000
195.000,74.000,74.000,65.000
193.000,74.000,76.000,69.000
197.000,75.000,73.000,71.000
194.000,76.000,76.000,60.000
193.000,77.000,76.000,65.000
197.000,77.000,77.000,66.000
197.000,78.000,76.000,67.000
195.000,79.000,79.000,59.000
194.000,79.000,77.000,70.000
195.000,80.000,77.000,61.000
195.000,80.000,77.000,67.000
198.000,78.000,74.000,68.000
194.000,76.000,75.000,66.000
195.000,77.000,77.000,68.000
194.000,77.000,75.000,68.000
196.000,75.000,74.000,64.000
195.000,77.000,74.000,68.000
192.000,77.000,77.000,65.000
190.000,78.000,80.000,66.000
193.000,78.000,75.000,62.000
191.000,79.000,78.000,64.000
192.000,79.000,76.000,66.000
189.000,77.000,77.000,62.000
189.000,77.000,76.000,67.000
191.000,77.000,76.000,64.000
189.000,78.000,76.000,66.000
191.000,77.000,72.000,69.000
187.000,79.000,73.000,58.000
187.000,79.000,74.000,63.000
185.000,79.000,73.000,64.000
184.000,79.000,72.000,66.000
183.000,78.000,74.000,71.000
178.000,79.000,76.000,64.000
177.000,79.000,75.000,70.000
181.000,77.000,72.000,69.000
177.000,79.000,71.000,67.000
173.000,77.000,76.000,60.000
173.000,76.000,74.000,64.000
171.000,75.000,71.000,69.000
173.000,76.000,68.000,67.000
171.000,76.000,68.000,69.000
169.000,75.000,65.000,68.000
164.000,75.000,72.000,65.000
163.000,75.000,71.000,54.000
161.000,76.000,71.000,71.000
162.000,76.000,68.000,70.000
160.000,78.000,71.000,72.000
158.000,77.000,71.000,68.000
157.000,77.000,74.000,68.000
156.000,81.000,73.000,68.000
155.000,80.000,70.000,68.000
155.000,81.000,72.000,70.000
154.000,80.000,73.000,68.000
150.000,78.000,74.000,67.000
149.000,77.000,75.000,65.000
149.000,76.000,71.000,68.000
147.000,75.000,74.000,68.000
147.000,75.000,73.000,70.000
144.000,75.000,74.000,69.000
142.000,73.000,74.000,68.000
140.000,72.000,78.000,68.000
139.000,73.000,74.000,67.000
139.000,69.000,74.000,72.000
139.000,72.000,75.000,69.000
139.000,71.000,75.000,67.000
137.000,71.000,73.000,66.000
135.000,70.000,75.000,69.000
135.000,71.000,71.000,65.000
136.000,70.000,69.000,69.000
134.000,71.000,66.000,67.000
134.000,71.000,70.000,63.000
131.000,70.000,71.000,66.000
130.000,70.000,73.000,65.000
130.000,69.000,73.000,69.000
130.000,70.000,73.000,69.000
133.000,71.000,74.000,69.000
128.000,69.000,75.000,71.000
130.000,69.000,75.000,73.000
130.000,69.000,75.000,71.000
130.000,68.000,77.000,70.000
130.000,71.000,77.000,68.000
130.000,68.000,77.000,72.000
131.000,68.000,74.000,71.000
130.000,66.000,78.000,73.000
129.000,66.000,78.000,73.000
130.000,64.000,80.000,77.000
132.000,65.000,77.000,80.000
129.000,64.000,79.000,80.000
129.000,65.000,80.000,75.000
127.000,65.000,82.000,75.000
128.000,63.000,85.000,78.000
127.000,63.000,85.000,81.000
129.000,64.000,87.000,82.000
131.000,61.000,81.000,85.000
128.000,63.000,88.000,78.000
130.000,60.000,84.000,88.000
133.000,62.000,85.000,87.000
129.000,60.000,91.000,87.000
133.000,58.000,87.000,92.000
130.000,60.000,90.000,89.000
129.000,59.000,90.000,88.000
128.000,56.000,93.000,93.000
125.000,60.000,97.000,85.000
126.000,58.000,96.000,89.000
126.000,59.000,96.000,92.000
127.000,56.000,98.000,95.000
124.000,58.000,99.000,92.000
119.000,55.000,102.000,94.000
115.000,55.000,104.000,93.000
116.000,54.000,101.000,93.000
114.000,51.000,103.000,100.000
111.000,52.000,105.000,102.000
111.000,50.000,106.000,105.000
106.000,53.000,107.000,94.000
107.000,52.000,109.000,95.000
104.000,51.000,109.000,102.000
103.000,50.000,108.000,103.000
103.000,50.000,104.000,105.000
100.000,49.000,111.000,102.000
96.000,49.000,111.000,99.000
96.000,44.000,107.000,115.000
89.000,46.000,111.000,113.000
91.000,45.000,111.000,117.000
89.000,48.000,111.000,115.000
86.000,46.000,119.000,112.000
88.000,44.000,118.000,118.000
91.000,41.000,120.000,118.000
83.000,46.000,126.000,116.000
87.000,44.000,119.000,122.000
87.000,44.000,123.000,125.000
85.000,46.000,129.000,123.000
89.000,45.000,126.000,123.000
91.000,44.000,120.000,123.000
87.000,42.000,121.000,130.000
95.000,43.000,120.000,130.000
85.000,44.000,136.000,128.000
88.000,44.000,134.000,129.000
89.000,48.000,136.000,128.000
90.000,46.000,133.000,127.000
88.000,45.000,134.000,130.000
84.000,40.000,133.000,133.000
84.000,43.000,134.000,128.000
86.000,41.000,131.000,141.000
85.000,41.000,128.000,138.000
78.000,43.000,135.000,129.000
77.000,41.000,135.000,135.000
75.000,41.000,134.000,135.000
65.000,42.000,140.000,126.000
71.000,38.000,123.000,148.000
57.000,38.000,144.000,130.000
50.000,40.000,141.000,137.000
48.000,40.000,140.000,124.000
45.000,43.000,140.000,123.000
36.000,40.000,140.000,131.000
32.000,40.000,142.000,134.000
29.000,43.000,143.000,132.000
20.000,42.000,148.000,138.000
23.000,41.000,140.000,144.000
18.000,40.000,147.000,146.000
11.000,38.000,146.000,153.000
20.000,36.000,139.000,154.000
8.000,45.000,143.000,148.000
3.000,47.000,139.000,164.000
5.000,66.000,140.000,160.000
0.000,89.000,147.000,169.000
0.000,118.000,139.000,173.000
0.000,159.000,131.000,162.000
0.000,213.000,127.000,143.000
0.000,249.000,112.000,119.000
0.000,241.000,114.000,126.000
0.000,241.000,114.000,126.000
0.000,241.000,114.000,126.000
0.000,241.000,114.000,126.000
0.000,241.000,114.000,126.000
0.000,241.000,114.000,126.000
0.000,241.000,114.000,126.000
0.000,241.000,114.000,126.000
0.000,241.000,114.000,126.000
0.000,241.000,114.000,126.000
0.000,241.000,114.000,126.000
0.000,241.000,114.000,126.000
0.000,241.000,114.000,126.000
0.000,241.000,114.000,126.000
0.000,241.000,114.000,126.000
0.000,241.000,114.000,126.000
86.000,290.000,139.000,77.000
90.000,271.000,144.000,88.000
84.000,261.000,155.000,102.000
90.000,247.000,151.000,114.000
94.000,231.000,148.000,126.000
89.000,218.000,161.000,133.000
89.000,209.000,156.000,147.000
83.000,189.000,156.000,158.000
85.000,167.000,157.000,148.000
93.000,153.000,151.000,146.000
95.000,139.000,152.000,137.000
96.000,126.000,149.000,146.000
97.000,116.000,149.000,150.000
91.000,107.000,156.000,154.000
96.000,100.000,145.000,150.000
86.000,97.000,164.000,138.000
89.000,94.000,147.000,132.000
83.000,93.000,151.000,133.000
84.000,95.000,146.000,124.000
80.000,96.000,146.000,124.000
88.000,99.000,130.000,123.000
89.000,101.000,128.000,113.000
87.000,103.000,126.000,114.000
89.000,104.000,121.000,115.000
90.000,106.000,115.000,109.000
95.000,106.000,106.000,109.000
98.000,108.000,96.000,110.000
98.000,111.000,97.000,96.000
96.000,110.000,99.000,111.000
105.000,115.000,91.000,96.000
109.000,116.000,91.000,95.000
110.000,123.000,83.000,89.000
111.000,125.000,82.000,78.000
111.000,120.000,78.000,83.000
104.000,106.000,78.000,86.000
99.000,90.000,78.000,75.000
109.000,70.000,80.000,71.000
112.000,50.000,77.000,66.000
117.000,35.000,75.000,76.000
125.000,20.000,76.000,79.000
131.000,16.000,69.000,75.000
132.000,10.000,73.000,68.000
136.000,8.000,71.000,68.000
138.000,9.000,72.000,67.000
140.000,8.000,72.000,68.000
146.000,13.000,71.000,68.000
148.000,21.000,71.000,68.000
152.000,28.000,71.000,79.000
154.000,38.000,71.000,79.000
156.000,51.000,72.000,77.000
159.000,76.000,68.000,69.000
158.000,97.000,72.000,70.000
161.000,113.000,70.000,75.000
161.000,126.000,74.000,77.000
157.000,133.000,79.000,84.000
153.000,142.000,86.000,78.000
154.000,147.000,80.000,79.000
148.000,148.000,86.000,75.000
145.000,148.000,79.000,73.000
145.000,148.000,76.000,74.000
141.000,144.000,74.000,75.000
139.000,143.000,72.000,73.000
137.000,141.000,69.000,77.000
134.000,140.000,70.000,75.000
131.000,140.000,72.000,75.000
130.000,137.000,68.000,76.000
128.000,136.000,64.000,76.000
125.000,136.000,67.000,77.000
118.000,133.000,73.000,74.000
120.000,130.000,70.000,78.000
118.000,131.000,70.000,77.000
115.000,129.000,72.000,77.000
113.000,128.000,70.000,78.000
115.000,129.000,70.000,73.000
113.000,126.000,69.000,78.000
110.000,127.000,67.000,77.000
110.000,124.000,69.000,77.000
107.000,123.000,71.000,79.000
106.000,122.000,72.000,78.000
105.000,120.000,71.000,78.000
105.000,118.000,73.000,77.000
104.000,116.000,66.000,80.000
102.000,114.000,73.000,76.000
101.000,115.000,70.000,76.000
100.000,113.000,73.000,71.000
99.000,111.000,67.000,71.000
101.000,110.000,69.000,72.000
98.000,106.000,72.000,72.000
98.000,102.000,74.000,79.000
100.000,101.000,72.000,78.000
97.000,103.000,76.000,71.000
100.000,102.000,75.000,71.000
99.000,100.000,75.000,74.000
101.000,98.000,73.000,65.000
102.000,96.000,72.000,71.000
105.000,95.000,72.000,76.000
104.000,94.000,73.000,78.000
104.000,94.000,73.000,75.000
107.000,91.000,77.000,82.000
106.000,90.000,76.000,81.000
111.000,92.000,75.000,79.000
105.000,88.000,77.000,82.000
112.000,91.000,77.000,78.000
112.000,91.000,74.000,80.000
113.000,89.000,74.000,74.000
113.000,90.000,71.000,72.000
111.000,89.000,77.000,74.000
116.000,90.000,74.000,76.000
116.000,87.000,72.000,77.000
117.000,88.000,74.000,71.000
116.000,85.000,74.000,72.000
115.000,86.000,77.000,78.000
117.000,85.000,75.000,79.000
119.000,85.000,77.000,76.000
118.000,84.000,76.000,69.000
117.000,86.000,72.000,78.000
116.000,82.000,78.000,79.000
117.000,83.000,78.000,76.000
116.000,81.000,79.000,74.000
116.000,82.000,76.000,76.000
114.000,81.000,80.000,73.000
118.000,81.000,73.000,77.000
118.000,81.000,78.000,76.000
114.000,81.000,79.000,78.000
115.000,81.000,78.000,78.000
116.000,81.000,75.000,77.000
115.000,83.000,71.000,75.000
117.000,82.000,70.000,79.000
115.000,81.000,78.000,75.000
114.000,81.000,81.000,75.000
115.000,82.000,80.000,78.000
114.000,81.000,80.000,80.000
119.000,80.000,74.000,81.000
117.000,82.000,79.000,79.000
117.000,81.000,78.000,76.000
118.000,80.000,77.000,79.000
118.000,80.000,74.000,79.000
121.000,80.000,74.000,76.000
121.000,78.000,73.000,76.000
122.000,80.000,74.000,78.000
120.000,79.000,80.000,78.000
120.000,78.000,74.000,80.000
121.000,79.000,75.000,78.000
121.000,80.000,73.000,76.000
121.000,82.000,74.000,75.000
123.000,79.000,77.000,76.000
127.000,80.000,72.000,81.000
124.000,79.000,77.000,78.000
126.000,80.000,76.000,79.000
127.000,79.000,73.000,76.000
128.000,78.000,74.000,79.000
128.000,79.000,73.000,79.000
128.000,79.000,72.000,83.000
126.000,81.000,78.000,76.000
125.000,79.000,82.000,80.000
126.000,82.000,80.000,74.000
129.000,82.000,71.000,73.000
125.000,80.000,80.000,79.000
125.000,82.000,79.000,75.000
128.000,82.000,76.000,73.000
124.000,82.000,80.000,75.000
125.000,82.000,80.000,71.000
125.000,82.000,82.000,79.000
128.000,80.000,74.000,82.000
126.000,83.000,76.000,80.000
126.000,82.000,77.000,77.000
128.000,81.000,77.000,80.000
130.000,83.000,76.000,78.000
127.000,84.000,83.000,75.000
127.000,84.000,79.000,81.000
129.000,85.000,79.000,78.000
127.000,85.000,80.000,75.000
128.000,84.000,80.000,79.000
126.000,84.000,80.000,79.000
129.000,85.000,79.000,79.000
132.000,86.000,75.000,81.000
129.000,85.000,75.000,75.000
128.000,86.000,81.000,79.000
130.000,86.000,71.000,81.000
127.000,87.000,79.000,79.000
129.000,90.000,73.000,74.000
128.000,90.000,78.000,74.000
126.000,90.000,79.000,77.000
126.000,90.000,80.000,77.000
125.000,91.000,78.000,78.000
128.000,90.000,76.000,78.000
125.000,90.000,78.000,78.000
127.000,91.000,77.000,78.000
127.000,94.000,77.000,77.000
129.000,92.000,75.000,76.000
128.000,93.000,78.000,77.000
128.000,94.000,76.000,76.000
130.000,93.000,75.000,76.000
130.000,94.000,75.000,76.000
127.000,95.000,72.000,78.000
130.000,92.000,75.000,76.000
127.000,93.000,80.000,77.000
130.000,93.000,78.000,76.000
127.000,89.000,80.000,79.000
131.000,92.000,77.000,77.000
130.000,91.000,78.000,77.000
132.000,94.000,78.000,74.000
134.000,91.000,76.000,77.000
134.000,91.000,77.000,77.000
137.000,94.000,75.000,74.000
140.000,93.000,74.000,76.000
143.000,93.000,73.000,74.000
146.000,96.000,72.000,74.000
147.000,95.000,75.000,75.000
149.000,94.000,77.000,75.000
150.000,94.000,79.000,74.000
151.000,94.000,88.000,76.000
150.000,95.000,91.000,73.000
151.000,95.000,93.000,72.000
154.000,94.000,89.000,73.000
162.000,97.000,86.000,75.000
167.000,95.000,77.000,73.000
175.000,96.000,73.000,74.000
175.000,93.000,74.000,76.000
174.000,93.000,75.000,72.000
174.000,92.000,72.000,73.000
174.000,92.000,72.000,75.000
168.000,89.000,78.000,74.000
174.000,86.000,67.000,77.000
168.000,90.000,77.000,73.000
167.000,88.000,73.000,72.000
168.000,88.000,74.000,71.000
167.000,87.000,77.000,70.000
171.000,86.000,73.000,72.000
167.000,86.000,78.000,73.000
167.000,85.000,78.000,74.000
169.000,83.000,75.000,75.000
170.000,82.000,74.000,75.000
169.000,83.000,76.000,75.000
168.000,85.000,72.000,74.000
165.000,84.000,72.000,72.000
168.000,84.000,71.000,72.000
169.000,87.000,70.000,71.000
167.000,86.000,73.000,72.000
167.000,88.000,73.000,68.000
164.000,85.000,75.000,76.000
166.000,86.000,70.000,75.000
161.000,86.000,73.000,73.000
158.000,87.000,70.000,78.000
156.000,87.000,72.000,73.000
153.000,87.000,74.000,74.000
152.000,88.000,76.000,76.000
147.000,88.000,78.000,77.000
148.000,88.000,75.000,77.000
152.000,87.000,73.000,79.000
143.000,91.000,82.000,76.000
137.000,89.000,91.000,76.000
140.000,90.000,86.000,75.000
139.000,89.000,87.000,75.000
142.000,91.000,81.000,74.000
142.000,89.000,80.000,77.000
144.000,91.000,78.000,74.000
143.000,93.000,81.000,76.000
143.000,94.000,81.000,74.000
147.000,97.000,76.000,75.000
146.000,97.000,77.000,73.000
144.000,94.000,81.000,75.000
145.000,98.000,80.000,75.000
147.000,97.000,82.000,76.000
144.000,95.000,80.000,76.000
141.000,96.000,79.000,76.000
137.000,94.000,81.000,77.000
133.000,94.000,88.000,78.000
132.000,93.000,80.000,79.000
129.000,93.000,83.000,79.000
125.000,91.000,88.000,80.000
124.000,90.000,90.000,82.000
128.000,91.000,84.000,78.000
