178.000,75.000,120.000,85.000
173.000,69.000,127.000,99.000
168.000,67.000,128.000,100.000
172.000,67.000,119.000,101.000
172.000,66.000,115.000,100.000
163.000,70.000,120.000,100.000
165.000,70.000,117.000,98.000
165.000,66.000,115.000,99.000
162.000,68.000,120.000,94.000
160.000,68.000,123.000,96.000
162.000,67.000,118.000,95.000
159.000,70.000,121.000,97.000
158.000,70.000,119.000,91.000
160.000,70.000,116.000,91.000
161.000,69.000,117.000,93.000
163.000,69.000,111.000,89.000
164.000,69.000,110.000,92.000
164.000,67.000,111.000,92.000
167.000,71.000,107.000,89.000
164.000,69.000,109.000,87.000
165.000,67.000,106.000,88.000
163.000,68.000,106.000,87.000
164.000,68.000,106.000,92.000
165.000,67.000,103.000,90.000
162.000,67.000,105.000,88.000
165.000,66.000,98.000,85.000
164.000,68.000,103.000,85.000
161.000,66.000,100.000,88.000
161.000,65.000,101.000,87.000
156.000,68.000,107.000,85.000
160.000,69.000,100.000,83.000
159.000,71.000,100.000,83.000
153.000,70.000,106.000,82.000
150.000,70.000,110.000,78.000
153.000,68.000,105.000,79.000
157.000,72.000,100.000,77.000
155.000,71.000,102.000,74.000
160.000,69.000,99.000,79.000
155.000,68.000,101.000,80.000
161.000,70.000,98.000,77.000
160.000,67.000,95.000,81.000
160.000,67.000,96.000,81.000
161.000,69.000,93.000,80.000
159.000,72.000,99.000,80.000
161.000,69.000,95.000,77.000
155.000,69.000,102.000,78.000
158.000,70.000,97.000,70.000
160.000,67.000,100.000,80.000
164.000,69.000,91.000,75.000
159.000,70.000,98.000,76.000
167.000,69.000,93.000,77.000
164.000,68.000,95.000,74.000
167.000,67.000,104.000,72.000
178.000,63.000,97.000,72.000
186.000,58.000,94.000,72.000
192.000,60.000,99.000,70.000
199.000,56.000,95.000,75.000
207.000,54.000,92.000,71.000
212.000,52.000,95.000,77.000
213.000,52.000,92.000,77.000
210.000,55.000,100.000,79.000
215.000,57.000,96.000,80.000
219.000,59.000,90.000,78.000
214.000,61.000,99.000,75.000
211.000,61.000,101.000,77.000
218.000,64.000,90.000,74.000
215.000,69.000,95.000,73.000
216.000,72.000,92.000,76.000
214.000,73.000,92.000,76.000
210.000,74.000,92.000,73.000
214.000,76.000,86.000,73.000
208.000,77.000,94.000,70.000
212.000,78.000,87.000,71.000
209.000,80.000,90.000,70.000
213.000,79.000,85.000,69.000
211.000,78.000,85.000,70.000
209.000,78.000,87.000,68.000
212.000,79.000,84.000,71.000
211.000,77.000,83.000,69.000
207.000,76.000,87.000,72.000
211.000,79.000,85.000,73.000
210.000,82.000,82.000,71.000
207.000,82.000,87.000,70.000
206.000,79.000,86.000,70.000
206.000,80.000,86.000,68.000
201.000,76.000,87.000,67.000
204.000,75.000,84.000,68.000
205.000,73.000,81.000,65.000
206.000,71.000,78.000,67.000
206.000,70.000,80.000,67.000
205.000,69.000,81.000,67.000
208.000,72.000,76.000,65.000
205.000,71.000,78.000,65.000
205.000,75.000,78.000,62.000
205.000,76.000,79.000,62.000
204.000,73.000,81.000,65.000
206.000,75.000,73.000,61.000
205.000,77.000,79.000,61.000
209.000,74.000,72.000,64.000
205.000,75.000,76.000,68.000
204.000,76.000,77.000,64.000
200.000,75.000,81.000,64.000
207.000,75.000,72.000,64.000
206.000,74.000,72.000,64.000
205.000,73.000,76.000,62.000
206.000,73.000,72.000,64.000
204.000,75.000,75.000,62.000
205.000,77.000,73.000,64.000
204.000,78.000,73.000,62.000
208.000,79.000,72.000,63.000
203.000,80.000,75.000,62.000
207.000,82.000,71.000,60.000
206.000,81.000,70.000,62.000
207.000,83.000,72.000,64.000
203.000,86.000,73.000,57.000
203.000,81.000,75.000,60.000
204.000,81.000,73.000,60.000
201.000,79.000,75.000,64.000
201.000,79.000,76.000,61.000
204.000,78.000,69.000,60.000
202.000,82.000,71.000,60.000
205.000,77.000,68.000,59.000
202.000,79.000,70.000,60.000
202.000,74.000,71.000,62.000
202.000,78.000,69.000,60.000
201.000,81.000,73.000,58.000
204.000,81.000,69.000,59.000
202.000,80.000,68.000,59.000
203.000,78.000,66.000,57.000
203.000,77.000,68.000,57.000
205.000,77.000,67.000,58.000
206.000,77.000,65.000,58.000
204.000,79.000,66.000,56.000
207.000,78.000,63.000,57.000
205.000,77.000,62.000,56.000
200.000,75.000,69.000,58.000
202.000,79.000,68.000,56.000
198.000,80.000,67.000,56.000
201.000,78.000,65.000,59.000
200.000,82.000,65.000,54.000
202.000,78.000,65.000,55.000
201.000,78.000,65.000,57.000
198.000,79.000,68.000,55.000
198.000,80.000,67.000,56.000
199.000,79.000,63.000,55.000
200.000,79.000,63.000,55.000
200.000,78.000,65.000,55.000
200.000,77.000,63.000,56.000
202.000,79.000,61.000,52.000
201.000,79.000,64.000,54.000
200.000,80.000,65.000,53.000
202.000,80.000,61.000,55.000
201.000,79.000,61.000,54.000
201.000,81.000,60.000,55.000
199.000,81.000,63.000,56.000
202.000,82.000,59.000,55.000
205.000,82.000,55.000,53.000
204.000,85.000,57.000,54.000
200.000,82.000,59.000,53.000
199.000,83.000,63.000,52.000
198.000,80.000,60.000,53.000
201.000,82.000,59.000,52.000
202.000,82.000,57.000,52.000
202.000,82.000,55.000,51.000
203.000,79.000,55.000,52.000
201.000,78.000,57.000,51.000
203.000,77.000,56.000,52.000
201.000,79.000,55.000,53.000
202.000,80.000,53.000,50.000
200.000,82.000,57.000,52.000
198.000,80.000,59.000,51.000
201.000,80.000,56.000,50.000
199.000,77.000,57.000,51.000
202.000,78.000,52.000,50.000
201.000,80.000,52.000,49.000
197.000,78.000,53.000,50.000
196.000,78.000,57.000,49.000
198.000,77.000,53.000,51.000
194.000,76.000,59.000,51.000
194.000,75.000,57.000,49.000
198.000,76.000,52.000,50.000
199.000,78.000,52.000,49.000
197.000,77.000,52.000,50.000
196.000,76.000,52.000,49.000
193.000,75.000,54.000,49.000
194.000,79.000,51.000,45.000
197.000,77.000,51.000,48.000
196.000,75.000,49.000,50.000
198.000,77.000,49.000,49.000
196.000,77.000,51.000,49.000
198.000,78.000,48.000,48.000
198.000,79.000,52.000,50.000
198.000,78.000,51.000,48.000
199.000,78.000,49.000,49.000
195.000,76.000,54.000,48.000
198.000,76.000,49.000,46.000
198.000,74.000,48.000,49.000
196.000,75.000,50.000,46.000
197.000,74.000,49.000,49.000
196.000,77.000,48.000,47.000
194.000,77.000,52.000,48.000
195.000,76.000,51.000,48.000
195.000,76.000,48.000,46.000
194.000,77.000,49.000,47.000
192.000,77.000,48.000,48.000
191.000,78.000,48.000,45.000
189.000,79.000,51.000,49.000
190.000,80.000,50.000,46.000
190.000,79.000,50.000,47.000
192.000,78.000,48.000,46.000
193.000,79.000,47.000,45.000
193.000,77.000,46.000,46.000
191.000,74.000,49.000,47.000
194.000,76.000,44.000,44.000
189.000,78.000,50.000,49.000
191.000,77.000,46.000,45.000
191.000,78.000,47.000,46.000
190.000,81.000,45.000,46.000
189.000,82.000,48.000,45.000
191.000,83.000,45.000,45.000
191.000,83.000,44.000,45.000
191.000,81.000,45.000,45.000
189.000,77.000,48.000,45.000
192.000,76.000,45.000,44.000
192.000,77.000,44.000,43.000
193.000,75.000,45.000,44.000
193.000,75.000,45.000,45.000
190.000,75.000,45.000,45.000
188.000,75.000,45.000,45.000
190.000,81.000,42.000,41.000
191.000,81.000,41.000,42.000
187.000,80.000,42.000,42.000
185.000,80.000,44.000,45.000
185.000,80.000,43.000,44.000
185.000,78.000,43.000,46.000
185.000,82.000,42.000,41.000
185.000,83.000,42.000,43.000
185.000,80.000,44.000,46.000
186.000,81.000,43.000,45.000
185.000,82.000,44.000,45.000
183.000,82.000,44.000,44.000
185.000,83.000,41.000,40.000
185.000,81.000,42.000,44.000
188.000,82.000,40.000,41.000
186.000,81.000,43.000,41.000
185.000,81.000,43.000,42.000
187.000,84.000,40.000,44.000
185.000,81.000,43.000,45.000
186.000,79.000,42.000,41.000
188.000,75.000,42.000,44.000
190.000,78.000,39.000,44.000
185.000,75.000,43.000,45.000
186.000,78.000,41.000,43.000
186.000,77.000,42.000,44.000
187.000,76.000,40.000,42.000
185.000,76.000,42.000,41.000
182.000,79.000,42.000,40.000
179.000,75.000,42.000,43.000
181.000,74.000,41.000,44.000
185.000,75.000,39.000,42.000
183.000,77.000,40.000,40.000
184.000,76.000,40.000,45.000
182.000,76.000,42.000,45.000
182.000,79.000,42.000,43.000
182.000,77.000,40.000,43.000
181.000,78.000,42.000,43.000
181.000,75.000,41.000,43.000
181.000,71.000,43.000,44.000
179.000,70.000,43.000,46.000
182.000,74.000,39.000,42.000
181.000,75.000,39.000,44.000
180.000,77.000,42.000,42.000
180.000,75.000,41.000,44.000
181.000,74.000,40.000,44.000
181.000,75.000,41.000,42.000
182.000,76.000,39.000,44.000
179.000,77.000,41.000,45.000
180.000,78.000,40.000,43.000
179.000,74.000,40.000,44.000
180.000,73.000,41.000,43.000
180.000,70.000,41.000,45.000
180.000,71.000,42.000,44.000
181.000,71.000,40.000,43.000
179.000,72.000,42.000,45.000
178.000,73.000,41.000,43.000
178.000,73.000,41.000,42.000
176.000,74.000,44.000,44.000
176.000,75.000,43.000,44.000
178.000,77.000,41.000,42.000
175.000,74.000,42.000,43.000
177.000,75.000,43.000,43.000
176.000,74.000,42.000,41.000
178.000,73.000,41.000,41.000
179.000,70.000,40.000,41.000
179.000,69.000,40.000,42.000
180.000,71.000,38.000,43.000
179.000,72.000,38.000,41.000
178.000,72.000,39.000,41.000
180.000,74.000,38.000,40.000
179.000,73.000,37.000,39.000
176.000,72.000,42.000,42.000
177.000,74.000,40.000,43.000
177.000,76.000,38.000,40.000
179.000,77.000,37.000,37.000
180.000,74.000,38.000,39.000
179.000,71.000,37.000,41.000
178.000,75.000,38.000,41.000
178.000,76.000,38.000,41.000
179.000,79.000,39.000,42.000
178.000,82.000,39.000,41.000
179.000,82.000,36.000,39.000
178.000,82.000,38.000,41.000
179.000,85.000,36.000,41.000
178.000,88.000,38.000,42.000
179.000,92.000,37.000,42.000
179.000,96.000,38.000,42.000
180.000,96.000,37.000,40.000
179.000,96.000,36.000,39.000
180.000,96.000,36.000,40.000
178.000,98.000,37.000,41.000
178.000,101.000,36.000,39.000
175.000,102.000,40.000,41.000
177.000,104.000,37.000,40.000
178.000,105.000,36.000,39.000
176.000,104.000,38.000,41.000
177.000,105.000,37.000,39.000
175.000,106.000,37.000,38.000
176.000,108.000,37.000,39.000
175.000,107.000,37.000,40.000
177.000,104.000,34.000,40.000
177.000,106.000,34.000,40.000
175.000,107.000,35.000,40.000
175.000,109.000,35.000,38.000
176.000,109.000,35.000,38.000
176.000,109.000,35.000,37.000
175.000,104.000,33.000,37.000
170.000,100.000,37.000,39.000
172.000,94.000,34.000,35.000
167.000,84.000,37.000,39.000
168.000,81.000,36.000,38.000
169.000,79.000,37.000,39.000
166.000,79.000,38.000,38.000
170.000,79.000,34.000,36.000
168.000,74.000,35.000,39.000
169.000,69.000,35.000,39.000
172.000,62.000,33.000,39.000
171.000,63.000,33.000,36.000
168.000,61.000,36.000,39.000
165.000,60.000,37.000,39.000
167.000,61.000,36.000,38.000
169.000,60.000,34.000,39.000
168.000,63.000,34.000,38.000
166.000,63.000,35.000,39.000
167.000,61.000,34.000,38.000
168.000,58.000,33.000,39.000
167.000,55.000,33.000,39.000
166.000,54.000,33.000,38.000
167.000,51.000,35.000,38.000
164.000,47.000,35.000,40.000
163.000,47.000,35.000,39.000
164.000,49.000,34.000,39.000
160.000,50.000,36.000,39.000
161.000,48.000,35.000,40.000
162.000,50.000,34.000,38.000
159.000,51.000,36.000,39.000
161.000,51.000,35.000,39.000
161.000,53.000,34.000,39.000
161.000,53.000,33.000,37.000
160.000,55.000,34.000,39.000
160.000,55.000,34.000,41.000
162.000,62.000,34.000,35.000
161.000,64.000,34.000,38.000
160.000,65.000,34.000,36.000
162.000,64.000,33.000,37.000
161.000,62.000,33.000,38.000
160.000,62.000,34.000,39.000
161.000,61.000,33.000,38.000
162.000,61.000,33.000,38.000
162.000,61.000,35.000,40.000
163.000,62.000,33.000,39.000
161.000,62.000,36.000,38.000
162.000,61.000,33.000,38.000
161.000,62.000,34.000,39.000
162.000,64.000,33.000,39.000
162.000,67.000,33.000,39.000
161.000,68.000,32.000,37.000
162.000,70.000,35.000,36.000
164.000,71.000,32.000,37.000
164.000,73.000,32.000,38.000
165.000,70.000,32.000,37.000
163.000,71.000,34.000,36.000
163.000,74.000,33.000,37.000
163.000,74.000,32.000,36.000
164.000,71.000,33.000,38.000
164.000,71.000,32.000,37.000
165.000,73.000,31.000,38.000
164.000,72.000,32.000,38.000
163.000,72.000,32.000,37.000
163.000,75.000,32.000,37.000
163.000,75.000,32.000,37.000
161.000,73.000,34.000,36.000
162.000,72.000,34.000,37.000
162.000,72.000,34.000,38.000
159.000,73.000,36.000,39.000
163.000,74.000,31.000,36.000
162.000,74.000,34.000,38.000
163.000,74.000,33.000,37.000
160.000,75.000,34.000,37.000
162.000,74.000,32.000,37.000
162.000,72.000,33.000,37.000
162.000,74.000,33.000,37.000
162.000,73.000,32.000,36.000
164.000,73.000,31.000,35.000
164.000,73.000,31.000,35.000
163.000,73.000,32.000,36.000
163.000,72.000,32.000,36.000
164.000,74.000,31.000,37.000
163.000,74.000,32.000,36.000
165.000,74.000,31.000,35.000
165.000,73.000,32.000,37.000
165.000,76.000,31.000,37.000
167.000,78.000,31.000,36.000
167.000,77.000,31.000,37.000
167.000,78.000,30.000,37.000
170.000,79.000,31.000,35.000
172.000,76.000,34.000,37.000
175.000,76.000,34.000,37.000
175.000,75.000,32.000,35.000
178.000,74.000,32.000,38.000
183.000,73.000,32.000,35.000
183.000,71.000,31.000,35.000
185.000,72.000,32.000,34.000
183.000,70.000,34.000,37.000
185.000,71.000,33.000,37.000
183.000,71.000,35.000,36.000
188.000,70.000,33.000,35.000
188.000,71.000,33.000,37.000
186.000,72.000,33.000,37.000
186.000,74.000,35.000,36.000
187.000,73.000,35.000,36.000
190.000,72.000,34.000,38.000
192.000,72.000,33.000,37.000
193.000,71.000,31.000,36.000
191.000,74.000,33.000,37.000
189.000,75.000,32.000,36.000
188.000,77.000,32.000,36.000
185.000,78.000,33.000,36.000
186.000,77.000,33.000,36.000
183.000,78.000,32.000,36.000
182.000,77.000,32.000,35.000
183.000,75.000,33.000,36.000
182.000,75.000,33.000,35.000
180.000,76.000,32.000,35.000
180.000,78.000,32.000,34.000
177.000,78.000,33.000,36.000
178.000,78.000,33.000,37.000
179.000,77.000,34.000,35.000
179.000,75.000,33.000,35.000
181.000,75.000,31.000,36.000
180.000,75.000,31.000,35.000
181.000,76.000,32.000,35.000
179.000,77.000,32.000,33.000
178.000,76.000,33.000,35.000
180.000,77.000,31.000,34.000
180.000,76.000,33.000,36.000
178.000,76.000,32.000,36.000
178.000,75.000,31.000,37.000
179.000,77.000,30.000,36.000
177.000,77.000,31.000,35.000
178.000,73.000,31.000,34.000
179.000,73.000,31.000,35.000
180.000,73.000,31.000,34.000
177.000,74.000,31.000,35.000
178.000,75.000,30.000,35.000
177.000,75.000,32.000,35.000
178.000,74.000,31.000,35.000
179.000,72.000,31.000,36.000
178.000,74.000,32.000,34.000
177.000,74.000,31.000,34.000
174.000,75.000,33.000,36.000
177.000,74.000,31.000,37.000
177.000,72.000,31.000,37.000
177.000,71.000,32.000,36.000
176.000,68.000,32.000,37.000
177.000,69.000,31.000,35.000
176.000,70.000,31.000,34.000
177.000,71.000,30.000,37.000
177.000,68.000,30.000,37.000
177.000,69.000,31.000,37.000
176.000,72.000,31.000,36.000
176.000,74.000,31.000,36.000
177.000,72.000,31.000,35.000
176.000,72.000,32.000,36.000
176.000,70.000,33.000,36.000
176.000,71.000,32.000,35.000
176.000,71.000,31.000,35.000
174.000,70.000,33.000,38.000
175.000,72.000,31.000,36.000
176.000,72.000,30.000,36.000
176.000,76.000,30.000,33.000
176.000,72.000,31.000,34.000
177.000,71.000,30.000,34.000
176.000,72.000,31.000,36.000
175.000,74.000,31.000,35.000
177.000,76.000,31.000,36.000
175.000,77.000,31.000,35.000
174.000,77.000,32.000,36.000
174.000,77.000,31.000,34.000
177.000,76.000,30.000,32.000
176.000,72.000,32.000,34.000
177.000,72.000,31.000,35.000
176.000,74.000,32.000,35.000
175.000,76.000,32.000,36.000
176.000,73.000,32.000,36.000
176.000,71.000,32.000,35.000
175.000,72.000,32.000,37.000
178.000,76.000,32.000,36.000
178.000,78.000,31.000,35.000
177.000,78.000,31.000,34.000
178.000,78.000,31.000,35.000
177.000,75.000,32.000,35.000
180.000,73.000,31.000,36.000
178.000,76.000,31.000,36.000
179.000,77.000,31.000,36.000
178.000,79.000,31.000,36.000
177.000,80.000,32.000,34.000
178.000,80.000,32.000,35.000
178.000,78.000,31.000,36.000
178.000,78.000,31.000,34.000
177.000,78.000,32.000,35.000
177.000,77.000,32.000,36.000
177.000,79.000,33.000,35.000
178.000,79.000,32.000,35.000
181.000,79.000,30.000,35.000
178.000,81.000,32.000,35.000
180.000,82.000,30.000,34.000
179.000,81.000,31.000,35.000
179.000,81.000,32.000,34.000
179.000,80.000,31.000,34.000
178.000,80.000,32.000,35.000
180.000,82.000,31.000,35.000
179.000,82.000,31.000,35.000
178.000,83.000,33.000,36.000
179.000,84.000,32.000,35.000
179.000,83.000,31.000,35.000
180.000,86.000,33.000,35.000
180.000,84.000,32.000,36.000
180.000,84.000,33.000,36.000
180.000,83.000,31.000,37.000
181.000,85.000,31.000,35.000
181.000,83.000,31.000,35.000
181.000,79.000,31.000,35.000
181.000,78.000,31.000,34.000
182.000,76.000,31.000,36.000
180.000,75.000,31.000,36.000
179.000,78.000,33.000,36.000
180.000,79.000,32.000,34.000
181.000,79.000,30.000,35.000
181.000,79.000,31.000,36.000
179.000,78.000,32.000,36.000
179.000,81.000,31.000,36.000
175.000,83.000,32.000,35.000
175.000,85.000,33.000,35.000
175.000,84.000,31.000,34.000
174.000,82.000,33.000,35.000
175.000,82.000,32.000,35.000
177.000,80.000,32.000,35.000
175.000,82.000,33.000,36.000
175.000,81.000,32.000,36.000
176.000,82.000,30.000,35.000
176.000,82.000,30.000,35.000
175.000,83.000,32.000,36.000
176.000,84.000,31.000,36.000
172.000,84.000,31.000,36.000
171.000,87.000,33.000,35.000
173.000,85.000,32.000,34.000
174.000,85.000,30.000,35.000
173.000,85.000,31.000,35.000
173.000,85.000,31.000,33.000
173.000,83.000,30.000,34.000
173.000,83.000,31.000,34.000
173.000,84.000,31.000,34.000
172.000,83.000,31.000,34.000
172.000,81.000,31.000,36.000
173.000,81.000,31.000,36.000
173.000,83.000,30.000,35.000
172.000,83.000,32.000,36.000
172.000,82.000,31.000,35.000
172.000,84.000,31.000,34.000
172.000,83.000,31.000,35.000
171.000,84.000,31.000,34.000
172.000,83.000,31.000,36.000
171.000,81.000,31.000,37.000
170.000,84.000,33.000,34.000
172.000,81.000,30.000,35.000
171.000,81.000,31.000,36.000
171.000,80.000,32.000,36.000
171.000,80.000,32.000,38.000
172.000,80.000,31.000,37.000
171.000,81.000,31.000,37.000
171.000,81.000,32.000,36.000
171.000,81.000,32.000,34.000
172.000,78.000,31.000,37.000
173.000,80.000,31.000,36.000
173.000,80.000,31.000,35.000
173.000,78.000,31.000,35.000
173.000,77.000,30.000,36.000
172.000,76.000,31.000,37.000
171.000,78.000,33.000,34.000
173.000,76.000,32.000,35.000
172.000,78.000,32.000,35.000
172.000,77.000,32.000,35.000
171.000,76.000,31.000,36.000
171.000,78.000,32.000,36.000
172.000,78.000,31.000,36.000
172.000,81.000,31.000,36.000
172.000,80.000,32.000,37.000
171.000,80.000,32.000,38.000
171.000,81.000,32.000,38.000
172.000,82.000,33.000,35.000
172.000,79.000,31.000,36.000
172.000,79.000,31.000,35.000
173.000,77.000,31.000,36.000
172.000,78.000,31.000,35.000
173.000,76.000,33.000,37.000
173.000,77.000,31.000,35.000
174.000,78.000,31.000,37.000
172.000,76.000,31.000,35.000
171.000,76.000,31.000,36.000
171.000,75.000,31.000,35.000
171.000,77.000,31.000,36.000
171.000,77.000,32.000,36.000
171.000,74.000,32.000,38.000
170.000,76.000,32.000,37.000
169.000,77.000,32.000,38.000
171.000,77.000,31.000,36.000
172.000,78.000,31.000,34.000
173.000,78.000,30.000,35.000
172.000,76.000,31.000,36.000
171.000,77.000,31.000,35.000
169.000,77.000,34.000,35.000
172.000,77.000,31.000,36.000
172.000,76.000,31.000,36.000
171.000,79.000,30.000,35.000
171.000,79.000,31.000,36.000
171.000,79.000,31.000,36.000
172.000,78.000,30.000,37.000
171.000,78.000,30.000,37.000
171.000,79.000,31.000,35.000
172.000,77.000,30.000,36.000
172.000,77.000,31.000,37.000
171.000,75.000,31.000,37.000
172.000,73.000,31.000,37.000
171.000,73.000,32.000,37.000
171.000,75.000,31.000,36.000
170.000,73.000,32.000,38.000
171.000,76.000,31.000,37.000
171.000,73.000,32.000,37.000
171.000,72.000,32.000,38.000
173.000,73.000,31.000,34.000
174.000,73.000,31.000,36.000
175.000,71.000,31.000,35.000
176.000,73.000,31.000,35.000
178.000,73.000,32.000,36.000
178.000,74.000,31.000,34.000
178.000,73.000,32.000,36.000
180.000,72.000,31.000,36.000
182.000,72.000,32.000,36.000
183.000,72.000,31.000,35.000
183.000,68.000,31.000,38.000
184.000,68.000,31.000,38.000
185.000,67.000,31.000,36.000
185.000,64.000,32.000,37.000
187.000,63.000,31.000,38.000
189.000,64.000,32.000,37.000
190.000,65.000,31.000,37.000
191.000,64.000,31.000,36.000
193.000,65.000,31.000,36.000
192.000,62.000,32.000,36.000
193.000,63.000,34.000,36.000
192.000,64.000,33.000,36.000
193.000,63.000,33.000,36.000
194.000,61.000,33.000,37.000
194.000,62.000,33.000,37.000
195.000,62.000,32.000,37.000
194.000,63.000,33.000,37.000
194.000,64.000,33.000,38.000
194.000,64.000,32.000,37.000
193.000,63.000,32.000,39.000
193.000,67.000,32.000,37.000
193.000,67.000,32.000,38.000
191.000,68.000,34.000,39.000
191.000,71.000,34.000,38.000
190.000,71.000,32.000,38.000
190.000,71.000,32.000,37.000
191.000,70.000,32.000,36.000
190.000,69.000,32.000,37.000
189.000,68.000,32.000,39.000
189.000,68.000,32.000,37.000
189.000,69.000,33.000,39.000
189.000,70.000,33.000,37.000
189.000,69.000,32.000,36.000
190.000,69.000,32.000,38.000
187.000,69.000,33.000,36.000
188.000,69.000,33.000,36.000
188.000,69.000,32.000,38.000
188.000,68.000,32.000,39.000
185.000,69.000,33.000,39.000
185.000,69.000,33.000,39.000
184.000,69.000,33.000,39.000
183.000,69.000,33.000,37.000
181.000,70.000,32.000,37.000
180.000,69.000,34.000,38.000
180.000,68.000,32.000,38.000
181.000,69.000,33.000,37.000
180.000,70.000,33.000,34.000
180.000,65.000,32.000,37.000
182.000,65.000,33.000,37.000
181.000,65.000,32.000,38.000
182.000,67.000,32.000,38.000
181.000,66.000,33.000,37.000
179.000,65.000,33.000,40.000
179.000,66.000,33.000,40.000
179.000,66.000,34.000,41.000
180.000,69.000,34.000,39.000
179.000,68.000,33.000,39.000
178.000,70.000,32.000,37.000
178.000,72.000,34.000,36.000
178.000,70.000,33.000,39.000
177.000,71.000,33.000,37.000
177.000,71.000,33.000,36.000
178.000,70.000,32.000,37.000
176.000,72.000,34.000,37.000
177.000,73.000,34.000,36.000
176.000,71.000,33.000,36.000
176.000,70.000,36.000,38.000
174.000,74.000,34.000,37.000
174.000,75.000,34.000,36.000
174.000,77.000,35.000,36.000
174.000,74.000,34.000,37.000
174.000,73.000,34.000,37.000
173.000,70.000,35.000,38.000
174.000,72.000,35.000,37.000
171.000,71.000,35.000,38.000
172.000,71.000,34.000,38.000
171.000,73.000,36.000,38.000
171.000,71.000,35.000,38.000
170.000,74.000,34.000,37.000
171.000,72.000,34.000,37.000
170.000,71.000,35.000,38.000
168.000,72.000,36.000,37.000
168.000,74.000,34.000,36.000
168.000,74.000,36.000,36.000
169.000,73.000,34.000,39.000
167.000,71.000,36.000,38.000
167.000,70.000,36.000,37.000
166.000,70.000,36.000,38.000
165.000,71.000,37.000,37.000
166.000,70.000,36.000,37.000
165.000,70.000,36.000,38.000
166.000,72.000,36.000,38.000
165.000,72.000,36.000,38.000
166.000,73.000,36.000,35.000
164.000,74.000,36.000,37.000
165.000,74.000,36.000,37.000
164.000,72.000,34.000,36.000
164.000,71.000,35.000,38.000
162.000,71.000,36.000,37.000
163.000,71.000,36.000,38.000
161.000,69.000,36.000,38.000
161.000,71.000,38.000,38.000
163.000,70.000,39.000,38.000
162.000,69.000,37.000,40.000
163.000,68.000,35.000,39.000
162.000,72.000,39.000,38.000
166.000,71.000,37.000,40.000
165.000,72.000,36.000,38.000
166.000,74.000,36.000,37.000
167.000,74.000,38.000,37.000
166.000,73.000,39.000,35.000
173.000,76.000,38.000,36.000
172.000,71.000,36.000,37.000
175.000,71.000,38.000,39.000
173.000,72.000,37.000,38.000
172.000,70.000,36.000,39.000
172.000,68.000,38.000,39.000
172.000,67.000,38.000,41.000
171.000,72.000,38.000,39.000
174.000,72.000,37.000,36.000
175.000,70.000,37.000,37.000
174.000,71.000,38.000,37.000
175.000,70.000,38.000,37.000
173.000,70.000,37.000,39.000
174.000,71.000,39.000,40.000
175.000,71.000,37.000,40.000
174.000,71.000,37.000,37.000
173.000,71.000,38.000,36.000
174.000,68.000,38.000,38.000
171.000,66.000,39.000,38.000
172.000,65.000,38.000,39.000
173.000,66.000,37.000,39.000
170.000,67.000,37.000,38.000
171.000,67.000,36.000,41.000
169.000,68.000,37.000,40.000
170.000,69.000,39.000,37.000
168.000,67.000,39.000,37.000
167.000,67.000,38.000,38.000
169.000,70.000,39.000,40.000
168.000,71.000,39.000,39.000
170.000,74.000,40.000,39.000
168.000,72.000,41.000,39.000
169.000,72.000,39.000,38.000
171.000,70.000,39.000,38.000
169.000,71.000,41.000,38.000
171.000,74.000,42.000,39.000
171.000,75.000,40.000,37.000
174.000,73.000,40.000,39.000
175.000,75.000,41.000,38.000
172.000,74.000,42.000,38.000
170.000,74.000,42.000,38.000
175.000,72.000,41.000,38.000
174.000,73.000,41.000,39.000
173.000,71.000,40.000,39.000
176.000,72.000,39.000,38.000
175.000,73.000,41.000,39.000
174.000,72.000,40.000,39.000
174.000,72.000,39.000,39.000
175.000,72.000,41.000,39.000
175.000,70.000,38.000,38.000
176.000,73.000,41.000,38.000
180.000,68.000,42.000,41.000
180.000,72.000,42.000,40.000
178.000,70.000,39.000,38.000
179.000,73.000,41.000,38.000
178.000,74.000,43.000,39.000
181.000,76.000,42.000,39.000
179.000,76.000,43.000,39.000
181.000,76.000,44.000,39.000
182.000,76.000,41.000,40.000
181.000,75.000,40.000,39.000
183.000,73.000,42.000,39.000
179.000,76.000,42.000,38.000
181.000,74.000,44.000,40.000
178.000,76.000,43.000,39.000
181.000,74.000,41.000,40.000
182.000,74.000,43.000,38.000
181.000,72.000,42.000,37.000
183.000,70.000,41.000,41.000
183.000,69.000,42.000,40.000
186.000,69.000,46.000,39.000
187.000,72.000,43.000,39.000
186.000,73.000,41.000,39.000
191.000,73.000,48.000,41.000
187.000,74.000,41.000,40.000
186.000,76.000,43.000,38.000
185.000,75.000,43.000,39.000
185.000,73.000,39.000,39.000
187.000,72.000,40.000,39.000
184.000,69.000,43.000,42.000
186.000,70.000,44.000,39.000
187.000,65.000,42.000,41.000
187.000,65.000,45.000,42.000
187.000,64.000,43.000,41.000
188.000,65.000,43.000,43.000
188.000,68.000,44.000,40.000
188.000,69.000,42.000,40.000
189.000,69.000,42.000,42.000
188.000,70.000,43.000,40.000
189.000,68.000,42.000,40.000
187.000,67.000,43.000,41.000
190.000,67.000,43.000,41.000
190.000,66.000,44.000,40.000
189.000,65.000,46.000,42.000
193.000,66.000,41.000,42.000
190.000,66.000,43.000,40.000
192.000,66.000,46.000,40.000
191.000,67.000,43.000,41.000
190.000,67.000,44.000,42.000
191.000,67.000,45.000,40.000
191.000,67.000,45.000,41.000
191.000,67.000,45.000,40.000
190.000,66.000,48.000,41.000
190.000,66.000,44.000,41.000
191.000,64.000,45.000,40.000
190.000,64.000,42.000,41.000
193.000,65.000,42.000,41.000
197.000,68.000,42.000,41.000
196.000,68.000,41.000,41.000
200.000,65.000,40.000,43.000
204.000,66.000,44.000,42.000
207.000,65.000,44.000,41.000
206.000,64.000,47.000,41.000
208.000,64.000,45.000,43.000
207.000,63.000,46.000,43.000
206.000,63.000,49.000,43.000
207.000,63.000,46.000,42.000
207.000,64.000,42.000,44.000
204.000,61.000,47.000,41.000
205.000,61.000,45.000,43.000
206.000,63.000,46.000,42.000
206.000,60.000,44.000,40.000
205.000,58.000,48.000,41.000
204.000,58.000,47.000,43.000
206.000,58.000,46.000,41.000
205.000,55.000,47.000,41.000
206.000,52.000,47.000,42.000
206.000,45.000,45.000,42.000
205.000,41.000,46.000,43.000
204.000,39.000,47.000,43.000
204.000,38.000,46.000,43.000
204.000,36.000,45.000,44.000
202.000,34.000,49.000,44.000
204.000,35.000,47.000,44.000
204.000,37.000,47.000,44.000
203.000,38.000,49.000,44.000
204.000,35.000,47.000,45.000
205.000,37.000,46.000,45.000
204.000,41.000,47.000,44.000
204.000,46.000,46.000,44.000
205.000,49.000,46.000,43.000
204.000,51.000,45.000,44.000
203.000,53.000,45.000,44.000
204.000,59.000,45.000,44.000
203.000,64.000,43.000,43.000
203.000,67.000,45.000,43.000
203.000,71.000,47.000,43.000
202.000,70.000,46.000,44.000
203.000,72.000,46.000,43.000
200.000,71.000,49.000,44.000
202.000,71.000,45.000,42.000
203.000,71.000,45.000,43.000
202.000,72.000,44.000,43.000
204.000,70.000,45.000,45.000
204.000,72.000,44.000,42.000
203.000,73.000,49.000,43.000
203.000,75.000,47.000,43.000
203.000,73.000,47.000,43.000
204.000,73.000,45.000,43.000
205.000,71.000,48.000,44.000
203.000,70.000,48.000,41.000
204.000,70.000,44.000,43.000
205.000,72.000,44.000,42.000
203.000,70.000,46.000,43.000
202.000,68.000,48.000,43.000
204.000,67.000,45.000,44.000
201.000,69.000,47.000,43.000
202.000,69.000,48.000,43.000
201.000,69.000,47.000,43.000
202.000,68.000,47.000,44.000
201.000,69.000,47.000,45.000
202.000,70.000,44.000,43.000
202.000,69.000,51.000,43.000
200.000,70.000,48.000,42.000
202.000,69.000,48.000,44.000
200.000,66.000,48.000,44.000
198.000,65.000,46.000,44.000
199.000,65.000,44.000,45.000
200.000,65.000,45.000,44.000
200.000,64.000,48.000,45.000
200.000,65.000,46.000,44.000
200.000,65.000,43.000,44.000
201.000,67.000,45.000,43.000
201.000,62.000,45.000,46.000
200.000,68.000,47.000,44.000
198.000,69.000,47.000,43.000
195.000,69.000,48.000,44.000
200.000,66.000,41.000,44.000
196.000,68.000,47.000,44.000
198.000,68.000,44.000,45.000
197.000,68.000,49.000,43.000
196.000,69.000,49.000,43.000
197.000,65.000,47.000,45.000
196.000,66.000,46.000,45.000
196.000,66.000,48.000,45.000
196.000,69.000,46.000,45.000
194.000,68.000,51.000,47.000
196.000,70.000,47.000,45.000
196.000,72.000,48.000,43.000
196.000,72.000,45.000,43.000
197.000,71.000,47.000,45.000
198.000,68.000,43.000,44.000
199.000,69.000,46.000,46.000
197.000,67.000,46.000,44.000
198.000,68.000,48.000,45.000
199.000,64.000,42.000,47.000
198.000,66.000,49.000,44.000
199.000,65.000,48.000,46.000
200.000,67.000,45.000,46.000
196.000,69.000,49.000,44.000
197.000,70.000,49.000,44.000
196.000,69.000,46.000,44.000
198.000,70.000,48.000,43.000
198.000,66.000,51.000,47.000
197.000,68.000,49.000,47.000
198.000,69.000,51.000,45.000
196.000,72.000,50.000,44.000
199.000,70.000,48.000,45.000
196.000,68.000,52.000,45.000
195.000,69.000,50.000,45.000
196.000,68.000,51.000,45.000
194.000,71.000,49.000,46.000
195.000,70.000,53.000,44.000
196.000,70.000,48.000,46.000
195.000,69.000,51.000,45.000
195.000,72.000,53.000,45.000
192.000,73.000,52.000,45.000
196.000,70.000,53.000,46.000
193.000,72.000,54.000,45.000
194.000,72.000,52.000,46.000
194.000,70.000,53.000,47.000
193.000,71.000,53.000,46.000
190.000,72.000,54.000,43.000
193.000,71.000,53.000,45.000
192.000,69.000,51.000,47.000
193.000,68.000,53.000,47.000
193.000,69.000,52.000,48.000
192.000,70.000,54.000,46.000
192.000,70.000,53.000,45.000
194.000,70.000,53.000,45.000
191.000,70.000,52.000,45.000
191.000,72.000,49.000,46.000
190.000,72.000,54.000,45.000
191.000,70.000,57.000,44.000
192.000,69.000,55.000,46.000
191.000,67.000,53.000,46.000
192.000,69.000,51.000,46.000
191.000,69.000,54.000,45.000
189.000,69.000,53.000,47.000
189.000,68.000,55.000,47.000
188.000,68.000,54.000,45.000
190.000,67.000,53.000,46.000
189.000,70.000,55.000,46.000
187.000,68.000,55.000,47.000
189.000,68.000,55.000,46.000
186.000,69.000,54.000,46.000
188.000,69.000,54.000,48.000
188.000,70.000,54.000,47.000
185.000,70.000,53.000,46.000
187.000,68.000,57.000,48.000
187.000,69.000,56.000,45.000
186.000,70.000,55.000,47.000
187.000,70.000,55.000,45.000
187.000,70.000,55.000,50.000
186.000,68.000,57.000,51.000
183.000,72.000,57.000,48.000
186.000,68.000,55.000,49.000
185.000,70.000,55.000,48.000
183.000,70.000,55.000,48.000
183.000,73.000,53.000,45.000
181.000,75.000,57.000,46.000
181.000,75.000,54.000,46.000
180.000,75.000,59.000,46.000
182.000,75.000,56.000,46.000
184.000,74.000,55.000,45.000
182.000,73.000,58.000,47.000
182.000,76.000,57.000,47.000
183.000,76.000,57.000,48.000
180.000,78.000,57.000,44.000
179.000,78.000,55.000,47.000
178.000,76.000,59.000,46.000
178.000,75.000,57.000,45.000
175.000,74.000,60.000,46.000
176.000,74.000,59.000,48.000
176.000,77.000,58.000,48.000
175.000,76.000,59.000,44.000
176.000,74.000,56.000,46.000
175.000,75.000,59.000,46.000
175.000,77.000,59.000,47.000
176.000,78.000,57.000,47.000
174.000,76.000,57.000,46.000
177.000,76.000,58.000,47.000
175.000,75.000,59.000,45.000
174.000,75.000,59.000,46.000
175.000,74.000,59.000,44.000
175.000,73.000,57.000,49.000
172.000,74.000,60.000,48.000
177.000,74.000,59.000,46.000
172.000,74.000,60.000,47.000
172.000,72.000,62.000,47.000
171.000,72.000,61.000,47.000
173.000,74.000,59.000,48.000
174.000,76.000,60.000,49.000
174.000,78.000,59.000,48.000
172.000,79.000,62.000,46.000
173.000,77.000,61.000,46.000
172.000,76.000,61.000,47.000
173.000,73.000,61.000,49.000
172.000,72.000,60.000,47.000
172.000,70.000,62.000,47.000
173.000,69.000,61.000,49.000
178.000,71.000,61.000,48.000
175.000,70.000,61.000,48.000
174.000,70.000,63.000,48.000
173.000,69.000,63.000,49.000
176.000,73.000,63.000,50.000
176.000,75.000,64.000,48.000
180.000,76.000,63.000,45.000
178.000,73.000,65.000,46.000
179.000,71.000,64.000,47.000
180.000,71.000,64.000,50.000
179.000,72.000,63.000,48.000
179.000,71.000,62.000,47.000
179.000,68.000,64.000,50.000
177.000,70.000,63.000,48.000
177.000,69.000,64.000,50.000
176.000,71.000,65.000,46.000
178.000,70.000,63.000,51.000
173.000,74.000,65.000,46.000
172.000,70.000,65.000,46.000
172.000,68.000,65.000,47.000
172.000,69.000,65.000,47.000
171.000,67.000,66.000,48.000
170.000,65.000,64.000,49.000
168.000,65.000,65.000,49.000
168.000,64.000,66.000,50.000
168.000,64.000,66.000,49.000
167.000,63.000,66.000,50.000
169.000,65.000,66.000,50.000
168.000,64.000,67.000,49.000
172.000,62.000,65.000,49.000
170.000,63.000,68.000,50.000
170.000,62.000,66.000,49.000
170.000,63.000,66.000,48.000
170.000,63.000,67.000,49.000
168.000,62.000,67.000,49.000
166.000,67.000,67.000,48.000
167.000,64.000,66.000,50.000
165.000,68.000,67.000,48.000
164.000,66.000,68.000,50.000
163.000,62.000,67.000,49.000
163.000,61.000,68.000,51.000
164.000,62.000,67.000,49.000
163.000,60.000,68.000,52.000
164.000,62.000,67.000,50.000
164.000,59.000,67.000,53.000
163.000,64.000,69.000,50.000
163.000,64.000,69.000,51.000
162.000,65.000,68.000,49.000
164.000,65.000,67.000,48.000
163.000,61.000,67.000,50.000
165.000,60.000,66.000,52.000
163.000,58.000,68.000,52.000
162.000,58.000,68.000,49.000
163.000,58.000,68.000,50.000
162.000,57.000,67.000,51.000
161.000,56.000,68.000,51.000
159.000,58.000,69.000,52.000
160.000,59.000,70.000,49.000
158.000,56.000,68.000,54.000
160.000,61.000,68.000,49.000
157.000,65.000,70.000,50.000
160.000,67.000,68.000,48.000
162.000,65.000,67.000,50.000
160.000,68.000,69.000,48.000
160.000,69.000,69.000,48.000
160.000,70.000,67.000,49.000
161.000,70.000,68.000,49.000
159.000,72.000,67.000,53.000
155.000,74.000,72.000,49.000
154.000,72.000,71.000,52.000
155.000,71.000,71.000,51.000
155.000,72.000,71.000,51.000
157.000,71.000,70.000,52.000
155.000,71.000,70.000,49.000
157.000,72.000,69.000,50.000
155.000,72.000,69.000,51.000
156.000,71.000,68.000,50.000
159.000,73.000,68.000,50.000
155.000,71.000,70.000,51.000
155.000,70.000,71.000,52.000
155.000,70.000,70.000,52.000
154.000,72.000,71.000,51.000
155.000,72.000,71.000,50.000
154.000,74.000,71.000,49.000
155.000,73.000,70.000,50.000
154.000,73.000,71.000,49.000
155.000,73.000,70.000,50.000
154.000,76.000,72.000,48.000
156.000,74.000,67.000,48.000
157.000,77.000,68.000,49.000
153.000,74.000,71.000,52.000
152.000,72.000,73.000,48.000
153.000,73.000,71.000,51.000
153.000,72.000,71.000,51.000
155.000,73.000,68.000,50.000
152.000,71.000,72.000,52.000
152.000,74.000,72.000,50.000
154.000,73.000,71.000,51.000
157.000,73.000,68.000,49.000
148.000,75.000,73.000,50.000
154.000,73.000,69.000,47.000
149.000,77.000,72.000,50.000
146.000,73.000,73.000,51.000
147.000,74.000,72.000,52.000
148.000,77.000,70.000,50.000
147.000,75.000,72.000,56.000
145.000,75.000,73.000,52.000
148.000,72.000,70.000,52.000
146.000,68.000,73.000,51.000
146.000,68.000,71.000,53.000
146.000,70.000,73.000,54.000
146.000,73.000,71.000,55.000
146.000,73.000,72.000,56.000
146.000,77.000,73.000,48.000
144.000,76.000,75.000,51.000
145.000,73.000,73.000,61.000
144.000,77.000,74.000,58.000
142.000,74.000,74.000,58.000
144.000,74.000,74.000,59.000
139.000,75.000,75.000,56.000
137.000,75.000,75.000,54.000
139.000,75.000,73.000,55.000
140.000,74.000,71.000,51.000
136.000,73.000,74.000,51.000
136.000,71.000,73.000,51.000
137.000,72.000,73.000,46.000
137.000,74.000,72.000,48.000
139.000,74.000,71.000,50.000
139.000,74.000,71.000,53.000
142.000,74.000,70.000,39.000
142.000,71.000,72.000,48.000
142.000,70.000,72.000,48.000
143.000,71.000,72.000,42.000
143.000,73.000,71.000,45.000
141.000,73.000,74.000,51.000
143.000,73.000,73.000,42.000
143.000,75.000,71.000,41.000
141.000,75.000,70.000,40.000
140.000,74.000,71.000,40.000
141.000,78.000,72.000,41.000
139.000,73.000,74.000,47.000
137.000,72.000,76.000,47.000
136.000,78.000,77.000,51.000
137.000,81.000,76.000,46.000
139.000,80.000,74.000,44.000
139.000,80.000,73.000,46.000
140.000,81.000,72.000,43.000
141.000,79.000,72.000,41.000
139.000,79.000,74.000,41.000
141.000,79.000,74.000,44.000
141.000,79.000,74.000,41.000
140.000,80.000,74.000,43.000
140.000,78.000,75.000,49.000
139.000,78.000,74.000,54.000
142.000,78.000,75.000,36.000
144.000,76.000,75.000,38.000
142.000,78.000,75.000,36.000
142.000,78.000,77.000,37.000
142.000,78.000,77.000,37.000
142.000,77.000,75.000,35.000
141.000,75.000,75.000,36.000
143.000,75.000,76.000,35.000
143.000,73.000,77.000,36.000
143.000,73.000,76.000,35.000
143.000,74.000,78.000,36.000
139.000,74.000,79.000,39.000
138.000,74.000,80.000,38.000
139.000,73.000,80.000,38.000
143.000,73.000,77.000,37.000
143.000,74.000,76.000,35.000
141.000,74.000,75.000,35.000
140.000,75.000,77.000,34.000
141.000,75.000,76.000,35.000
141.000,75.000,78.000,35.000
144.000,77.000,75.000,34.000
144.000,76.000,74.000,34.000
145.000,73.000,74.000,35.000
144.000,73.000,76.000,35.000
144.000,76.000,75.000,33.000
141.000,75.000,78.000,34.000
144.000,74.000,76.000,34.000
143.000,74.000,76.000,36.000
144.000,75.000,78.000,34.000
146.000,73.000,77.000,34.000
146.000,71.000,75.000,35.000
146.000,72.000,76.000,34.000
146.000,71.000,75.000,36.000
145.000,71.000,76.000,34.000
148.000,70.000,74.000,33.000
144.000,69.000,76.000,33.000
145.000,69.000,76.000,34.000
146.000,70.000,74.000,31.000
146.000,71.000,75.000,32.000
146.000,74.000,76.000,32.000
142.000,72.000,79.000,35.000
147.000,71.000,75.000,33.000
147.000,71.000,75.000,34.000
146.000,71.000,76.000,33.000
146.000,72.000,76.000,32.000
147.000,72.000,75.000,35.000
145.000,72.000,78.000,36.000
145.000,71.000,79.000,46.000
141.000,71.000,83.000,35.000
142.000,69.000,82.000,44.000
144.000,67.000,78.000,43.000
141.000,71.000,82.000,35.000
142.000,71.000,82.000,37.000
143.000,72.000,81.000,34.000
146.000,72.000,76.000,45.000
146.000,73.000,73.000,42.000
146.000,74.000,63.000,40.000
145.000,74.000,54.000,45.000
146.000,75.000,49.000,43.000
147.000,75.000,50.000,44.000
154.000,69.000,61.000,38.000
148.000,69.000,51.000,41.000
148.000,67.000,48.000,43.000
149.000,66.000,48.000,39.000
147.000,64.000,50.000,42.000
147.000,64.000,56.000,38.000
148.000,63.000,52.000,39.000
149.000,65.000,51.000,40.000
151.000,61.000,47.000,42.000
150.000,63.000,50.000,43.000
147.000,65.000,52.000,40.000
151.000,64.000,44.000,42.000
150.000,60.000,47.000,41.000
149.000,60.000,48.000,36.000
150.000,58.000,49.000,39.000
148.000,57.000,51.000,38.000
150.000,53.000,51.000,44.000
148.000,51.000,54.000,45.000
149.000,54.000,54.000,47.000
150.000,53.000,55.000,45.000
151.000,54.000,53.000,43.000
150.000,47.000,56.000,48.000
152.000,45.000,55.000,49.000
151.000,51.000,55.000,50.000
153.000,54.000,53.000,50.000
151.000,58.000,55.000,48.000
154.000,59.000,55.000,47.000
155.000,60.000,53.000,52.000
151.000,60.000,70.000,47.000
151.000,61.000,57.000,51.000
155.000,61.000,55.000,56.000
152.000,65.000,62.000,53.000
153.000,65.000,69.000,56.000
153.000,65.000,55.000,47.000
154.000,66.000,56.000,48.000
155.000,65.000,55.000,57.000
156.000,66.000,55.000,52.000
155.000,63.000,57.000,56.000
158.000,63.000,53.000,63.000
157.000,63.000,55.000,64.000
157.000,59.000,56.000,69.000
158.000,63.000,55.000,60.000
157.000,62.000,55.000,61.000
156.000,65.000,57.000,61.000
156.000,66.000,56.000,63.000
156.000,64.000,58.000,65.000
157.000,63.000,55.000,64.000
156.000,64.000,57.000,63.000
156.000,68.000,56.000,60.000
157.000,66.000,56.000,62.000
156.000,64.000,56.000,62.000
156.000,64.000,56.000,63.000
156.000,63.000,62.000,65.000
156.000,64.000,55.000,63.000
158.000,65.000,57.000,62.000
156.000,63.000,55.000,66.000
156.000,64.000,56.000,65.000
156.000,65.000,55.000,66.000
157.000,67.000,55.000,65.000
157.000,66.000,54.000,65.000
158.000,64.000,55.000,64.000
157.000,64.000,56.000,63.000
157.000,66.000,56.000,63.000
158.000,67.000,52.000,64.000
158.000,66.000,52.000,65.000
159.000,65.000,54.000,65.000
156.000,65.000,57.000,65.000
158.000,64.000,56.000,66.000
160.000,64.000,53.000,66.000
159.000,63.000,56.000,68.000
159.000,64.000,58.000,67.000
159.000,65.000,56.000,65.000
158.000,65.000,52.000,67.000
156.000,65.000,57.000,68.000
158.000,64.000,56.000,66.000
160.000,65.000,56.000,65.000
159.000,66.000,57.000,68.000
158.000,67.000,56.000,69.000
155.000,67.000,59.000,65.000
153.000,67.000,59.000,67.000
154.000,65.000,56.000,67.000
154.000,67.000,57.000,64.000
154.000,65.000,58.000,66.000
154.000,65.000,58.000,67.000
153.000,64.000,58.000,66.000
154.000,62.000,57.000,70.000
153.000,65.000,56.000,68.000
152.000,64.000,57.000,66.000
152.000,65.000,57.000,66.000
152.000,65.000,59.000,68.000
152.000,67.000,56.000,62.000
151.000,65.000,56.000,68.000
151.000,66.000,57.000,70.000
150.000,68.000,60.000,67.000
150.000,67.000,57.000,68.000
151.000,67.000,59.000,66.000
150.000,72.000,58.000,67.000
150.000,75.000,58.000,70.000
149.000,83.000,57.000,71.000
145.000,87.000,58.000,68.000
144.000,82.000,59.000,66.000
142.000,79.000,61.000,63.000
144.000,72.000,59.000,67.000
145.000,68.000,60.000,68.000
145.000,67.000,59.000,71.000
145.000,66.000,61.000,67.000
144.000,69.000,60.000,70.000
142.000,70.000,58.000,70.000
141.000,71.000,61.000,67.000
142.000,73.000,59.000,69.000
145.000,72.000,60.000,69.000
146.000,72.000,58.000,70.000
143.000,70.000,60.000,70.000
145.000,68.000,61.000,67.000
144.000,67.000,61.000,72.000
141.000,70.000,60.000,68.000
142.000,68.000,61.000,70.000
142.000,67.000,62.000,69.000
143.000,66.000,63.000,67.000
141.000,69.000,64.000,67.000
140.000,68.000,66.000,71.000
137.000,71.000,65.000,71.000
139.000,73.000,63.000,69.000
137.000,73.000,65.000,69.000
140.000,69.000,62.000,70.000
141.000,68.000,65.000,70.000
140.000,69.000,64.000,67.000
142.000,64.000,63.000,67.000
142.000,58.000,62.000,69.000
142.000,47.000,62.000,70.000
134.000,44.000,62.000,67.000
122.000,36.000,66.000,71.000
116.000,34.000,65.000,73.000
115.000,30.000,70.000,75.000
116.000,30.000,71.000,75.000
114.000,36.000,67.000,75.000
114.000,39.000,69.000,75.000
110.000,36.000,67.000,76.000
114.000,42.000,67.000,75.000
119.000,44.000,64.000,79.000
116.000,53.000,71.000,78.000
116.000,61.000,79.000,81.000
121.000,70.000,70.000,79.000
120.000,77.000,75.000,79.000
117.000,86.000,67.000,78.000
116.000,90.000,75.000,79.000
120.000,94.000,72.000,73.000
124.000,93.000,69.000,68.000
125.000,85.000,68.000,68.000
125.000,82.000,70.000,74.000
124.000,86.000,71.000,74.000
123.000,84.000,73.000,72.000
126.000,87.000,69.000,74.000
127.000,86.000,68.000,71.000
129.000,78.000,69.000,73.000
126.000,78.000,72.000,74.000
126.000,82.000,69.000,71.000
122.000,78.000,70.000,71.000
120.000,76.000,70.000,72.000
116.000,76.000,78.000,72.000
112.000,74.000,84.000,75.000
112.000,73.000,78.000,72.000
114.000,70.000,82.000,73.000
117.000,74.000,79.000,74.000
118.000,76.000,73.000,74.000
118.000,78.000,80.000,77.000
116.000,78.000,82.000,79.000
115.000,78.000,89.000,77.000
116.000,79.000,77.000,75.000
117.000,81.000,79.000,74.000
114.000,77.000,75.000,76.000
116.000,77.000,71.000,75.000
116.000,77.000,72.000,75.000
114.000,77.000,74.000,77.000
113.000,78.000,80.000,76.000
111.000,78.000,77.000,77.000
111.000,78.000,93.000,77.000
109.000,81.000,82.000,77.000
113.000,78.000,71.000,77.000
113.000,77.000,73.000,79.000
114.000,76.000,76.000,77.000
111.000,75.000,87.000,78.000
113.000,73.000,71.000,80.000
113.000,72.000,76.000,80.000
111.000,74.000,75.000,79.000
111.000,74.000,76.000,80.000
111.000,78.000,78.000,79.000
110.000,78.000,80.000,78.000
111.000,78.000,87.000,80.000
109.000,78.000,96.000,81.000
110.000,78.000,89.000,80.000
110.000,77.000,88.000,79.000
112.000,77.000,78.000,83.000
111.000,79.000,86.000,82.000
109.000,77.000,88.000,81.000
107.000,78.000,96.000,82.000
107.000,77.000,88.000,79.000
106.000,78.000,99.000,81.000
106.000,76.000,94.000,83.000
105.000,80.000,98.000,82.000
105.000,81.000,83.000,81.000
105.000,81.000,96.000,81.000
106.000,84.000,81.000,80.000
104.000,82.000,90.000,80.000
105.000,82.000,82.000,81.000
103.000,83.000,78.000,81.000
104.000,82.000,80.000,80.000
103.000,80.000,82.000,82.000
103.000,81.000,88.000,81.000
103.000,81.000,82.000,83.000
103.000,80.000,89.000,80.000
107.000,80.000,73.000,79.000
107.000,81.000,76.000,80.000
106.000,76.000,76.000,82.000
109.000,78.000,83.000,80.000
105.000,77.000,78.000,85.000
107.000,79.000,87.000,84.000
107.000,78.000,81.000,84.000
106.000,76.000,86.000,82.000
107.000,77.000,74.000,80.000
109.000,76.000,74.000,80.000
108.000,74.000,76.000,79.000
107.000,74.000,77.000,79.000
109.000,75.000,75.000,81.000
105.000,75.000,79.000,79.000
106.000,72.000,79.000,82.000
105.000,73.000,82.000,83.000
106.000,71.000,77.000,83.000
100.000,71.000,83.000,83.000
102.000,74.000,84.000,82.000
106.000,70.000,83.000,82.000
102.000,66.000,82.000,81.000
105.000,68.000,81.000,81.000
102.000,65.000,81.000,82.000
101.000,66.000,80.000,80.000
99.000,69.000,83.000,83.000
101.000,69.000,79.000,86.000
102.000,69.000,80.000,83.000
101.000,69.000,79.000,83.000
102.000,67.000,81.000,86.000
103.000,68.000,80.000,84.000
102.000,66.000,81.000,84.000
101.000,66.000,80.000,88.000
105.000,68.000,76.000,86.000
102.000,66.000,80.000,85.000
104.000,65.000,82.000,85.000
103.000,65.000,80.000,84.000
104.000,62.000,81.000,88.000
106.000,61.000,80.000,88.000
106.000,59.000,80.000,92.000
106.000,59.000,78.000,92.000
107.000,59.000,78.000,93.000
107.000,60.000,82.000,90.000
106.000,58.000,80.000,91.000
108.000,62.000,82.000,93.000
107.000,61.000,81.000,90.000
107.000,65.000,82.000,88.000
108.000,62.000,82.000,93.000
110.000,65.000,81.000,92.000
107.000,67.000,84.000,89.000
110.000,66.000,81.000,90.000
112.000,68.000,77.000,90.000
110.000,67.000,80.000,87.000
113.000,65.000,82.000,89.000
113.000,66.000,84.000,91.000
113.000,68.000,84.000,87.000
113.000,71.000,83.000,88.000
115.000,70.000,84.000,93.000
117.000,71.000,84.000,90.000
119.000,74.000,82.000,88.000
119.000,69.000,83.000,88.000
122.000,72.000,82.000,84.000
123.000,67.000,82.000,93.000
121.000,69.000,85.000,86.000
123.000,69.000,83.000,90.000
123.000,70.000,81.000,91.000
118.000,70.000,83.000,87.000
118.000,70.000,80.000,87.000
115.000,70.000,84.000,93.000
117.000,72.000,82.000,91.000
116.000,72.000,86.000,91.000
115.000,72.000,88.000,95.000
119.000,72.000,85.000,93.000
117.000,73.000,82.000,85.000
118.000,71.000,81.000,89.000
116.000,71.000,83.000,90.000
117.000,72.000,80.000,92.000
112.000,73.000,84.000,89.000
111.000,71.000,88.000,95.000
110.000,72.000,88.000,94.000
108.000,68.000,89.000,97.000
108.000,69.000,85.000,91.000
108.000,68.000,86.000,93.000
106.000,68.000,87.000,94.000
103.000,71.000,88.000,93.000
104.000,71.000,85.000,95.000
102.000,74.000,88.000,90.000
97.000,76.000,91.000,88.000
95.000,75.000,90.000,94.000
93.000,78.000,89.000,89.000
92.000,76.000,88.000,90.000
89.000,74.000,90.000,91.000
92.000,73.000,90.000,94.000
91.000,74.000,89.000,91.000
92.000,75.000,90.000,91.000
93.000,77.000,88.000,91.000
92.000,77.000,89.000,92.000
88.000,75.000,93.000,96.000
90.000,74.000,92.000,97.000
88.000,75.000,94.000,95.000
94.000,71.000,87.000,98.000
92.000,71.000,87.000,90.000
92.000,70.000,91.000,93.000
89.000,71.000,93.000,95.000
92.000,67.000,92.000,101.000
93.000,68.000,89.000,97.000
90.000,68.000,87.000,95.000
93.000,66.000,86.000,99.000
91.000,71.000,89.000,93.000
89.000,68.000,91.000,96.000
91.000,69.000,89.000,97.000
93.000,68.000,88.000,102.000
94.000,72.000,88.000,98.000
90.000,69.000,89.000,97.000
92.000,70.000,89.000,95.000
90.000,72.000,90.000,96.000
92.000,72.000,88.000,101.000
88.000,72.000,88.000,91.000
89.000,72.000,89.000,96.000
86.000,71.000,89.000,99.000
87.000,71.000,91.000,102.000
89.000,72.000,91.000,98.000
85.000,71.000,92.000,100.000
87.000,70.000,94.000,104.000
86.000,71.000,93.000,102.000
84.000,71.000,94.000,102.000
87.000,71.000,100.000,102.000
86.000,73.000,95.000,100.000
85.000,71.000,101.000,100.000
86.000,72.000,89.000,100.000
87.000,73.000,91.000,99.000
85.000,72.000,95.000,100.000
87.000,72.000,90.000,102.000
87.000,74.000,89.000,96.000
87.000,73.000,95.000,100.000
84.000,72.000,97.000,98.000
88.000,72.000,93.000,98.000
86.000,71.000,94.000,99.000
88.000,70.000,95.000,100.000
91.000,71.000,93.000,103.000
89.000,71.000,105.000,100.000
87.000,72.000,105.000,103.000
87.000,71.000,107.000,104.000
89.000,72.000,92.000,97.000
88.000,73.000,95.000,96.000
88.000,71.000,111.000,103.000
87.000,71.000,114.000,101.000
85.000,70.000,128.000,105.000
83.000,70.000,130.000,105.000
84.000,74.000,131.000,95.000
85.000,68.000,128.000,102.000
85.000,71.000,127.000,97.000
85.000,69.000,130.000,100.000
85.000,66.000,130.000,102.000
88.000,68.000,111.000,102.000
85.000,65.000,132.000,105.000
90.000,65.000,125.000,102.000
90.000,62.000,124.000,108.000
84.000,63.000,131.000,109.000
87.000,64.000,134.000,101.000
87.000,64.000,132.000,104.000
88.000,63.000,137.000,100.000
86.000,65.000,129.000,103.000
83.000,64.000,101.000,100.000
88.000,65.000,95.000,100.000
88.000,64.000,94.000,103.000
85.000,66.000,128.000,102.000
85.000,65.000,132.000,101.000
85.000,66.000,133.000,102.000
85.000,64.000,134.000,104.000
84.000,66.000,142.000,103.000
83.000,63.000,131.000,105.000
86.000,65.000,132.000,102.000
84.000,66.000,101.000,103.000
84.000,67.000,140.000,110.000
84.000,63.000,141.000,108.000
83.000,68.000,137.000,106.000
84.000,66.000,136.000,111.000
87.000,65.000,138.000,108.000
85.000,66.000,99.000,108.000
83.000,69.000,137.000,107.000
83.000,67.000,138.000,106.000
84.000,68.000,103.000,102.000
82.000,65.000,100.000,105.000
81.000,64.000,102.000,106.000
83.000,64.000,104.000,107.000
82.000,67.000,105.000,102.000
82.000,64.000,102.000,108.000
82.000,68.000,103.000,106.000
82.000,66.000,105.000,109.000
83.000,67.000,103.000,109.000
81.000,67.000,103.000,108.000
82.000,69.000,103.000,105.000
79.000,68.000,104.000,111.000
80.000,69.000,102.000,107.000
80.000,68.000,117.000,113.000
78.000,68.000,107.000,116.000
81.000,65.000,107.000,119.000
77.000,66.000,145.000,113.000
79.000,67.000,107.000,116.000
79.000,65.000,108.000,115.000
78.000,65.000,111.000,117.000
77.000,68.000,114.000,110.000
79.000,65.000,110.000,114.000
78.000,65.000,108.000,113.000
79.000,65.000,106.000,115.000
79.000,67.000,108.000,111.000
78.000,68.000,105.000,113.000
79.000,66.000,106.000,114.000
78.000,68.000,106.000,110.000
78.000,69.000,117.000,110.000
78.000,67.000,109.000,117.000
78.000,66.000,108.000,120.000
79.000,68.000,110.000,117.000
79.000,66.000,111.000,121.000
78.000,67.000,113.000,116.000
81.000,68.000,108.000,112.000
79.000,68.000,110.000,111.000
80.000,65.000,108.000,117.000
80.000,65.000,109.000,117.000
80.000,65.000,106.000,115.000
78.000,64.000,113.000,116.000
82.000,65.000,109.000,116.000
80.000,64.000,113.000,120.000
81.000,64.000,111.000,117.000
82.000,64.000,108.000,121.000
82.000,65.000,112.000,119.000
80.000,63.000,113.000,123.000
84.000,63.000,111.000,122.000
84.000,67.000,108.000,118.000
83.000,65.000,115.000,122.000
83.000,68.000,108.000,118.000
82.000,64.000,113.000,118.000
76.000,66.000,118.000,118.000
78.000,66.000,119.000,116.000
81.000,65.000,116.000,122.000
82.000,67.000,118.000,121.000
85.000,68.000,117.000,119.000
86.000,67.000,117.000,123.000
89.000,72.000,107.000,117.000
87.000,69.000,115.000,121.000
88.000,69.000,114.000,124.000
88.000,66.000,121.000,124.000
87.000,64.000,116.000,127.000
90.000,62.000,116.000,129.000
89.000,62.000,117.000,128.000
94.000,68.000,112.000,124.000
93.000,74.000,116.000,115.000
92.000,65.000,118.000,128.000
92.000,69.000,121.000,124.000
95.000,66.000,106.000,129.000
94.000,64.000,111.000,130.000
95.000,67.000,119.000,126.000
95.000,65.000,111.000,128.000
96.000,66.000,112.000,127.000
94.000,65.000,121.000,129.000
96.000,71.000,114.000,120.000
100.000,68.000,113.000,127.000
99.000,69.000,111.000,124.000
101.000,69.000,115.000,124.000
100.000,69.000,113.000,123.000
103.000,69.000,118.000,124.000
100.000,69.000,116.000,124.000
104.000,68.000,111.000,127.000
102.000,70.000,117.000,120.000
100.000,66.000,120.000,128.000
103.000,69.000,115.000,127.000
102.000,69.000,116.000,126.000
102.000,67.000,117.000,125.000
102.000,68.000,118.000,122.000
106.000,67.000,117.000,129.000
107.000,68.000,115.000,124.000
107.000,67.000,117.000,132.000
107.000,68.000,116.000,131.000
110.000,65.000,113.000,136.000
110.000,66.000,113.000,134.000
113.000,66.000,111.000,131.000
112.000,67.000,118.000,129.000
112.000,62.000,115.000,135.000
114.000,65.000,116.000,133.000
111.000,65.000,117.000,133.000
113.000,65.000,118.000,133.000
117.000,66.000,112.000,132.000
120.000,64.000,107.000,127.000
118.000,68.000,117.000,120.000
120.000,66.000,109.000,124.000
120.000,64.000,114.000,130.000
118.000,63.000,113.000,135.000
116.000,67.000,119.000,126.000
121.000,67.000,115.000,127.000
123.000,65.000,111.000,129.000
124.000,67.000,110.000,128.000
125.000,63.000,111.000,134.000
125.000,64.000,112.000,131.000
127.000,64.000,111.000,131.000
129.000,65.000,110.000,129.000
127.000,69.000,113.000,124.000
128.000,65.000,113.000,130.000
129.000,66.000,107.000,126.000
129.000,68.000,114.000,128.000
128.000,71.000,110.000,127.000
125.000,69.000,113.000,129.000
122.000,72.000,113.000,124.000
125.000,70.000,111.000,125.000
127.000,71.000,110.000,125.000
126.000,66.000,111.000,132.000
124.000,67.000,112.000,130.000
124.000,67.000,112.000,131.000
125.000,70.000,107.000,126.000
124.000,74.000,112.000,121.000
126.000,71.000,106.000,127.000
126.000,73.000,104.000,122.000
121.000,70.000,116.000,137.000
122.000,68.000,110.000,128.000
122.000,66.000,113.000,132.000
121.000,67.000,112.000,134.000
118.000,67.000,118.000,134.000
118.000,68.000,115.000,127.000
117.000,70.000,117.000,129.000
119.000,68.000,115.000,127.000
123.000,69.000,111.000,126.000
123.000,69.000,109.000,129.000
122.000,69.000,110.000,127.000
120.000,74.000,108.000,124.000
122.000,73.000,113.000,124.000
125.000,72.000,106.000,125.000
120.000,76.000,112.000,123.000
124.000,77.000,110.000,126.000
123.000,76.000,111.000,124.000
123.000,77.000,112.000,126.000
123.000,78.000,111.000,123.000
119.000,79.000,114.000,124.000
122.000,81.000,108.000,120.000
124.000,79.000,107.000,123.000
121.000,79.000,108.000,122.000
122.000,76.000,107.000,127.000
123.000,75.000,108.000,126.000
122.000,73.000,113.000,127.000
123.000,70.000,109.000,130.000
125.000,72.000,109.000,124.000
127.000,72.000,107.000,126.000
126.000,75.000,109.000,125.000
129.000,73.000,108.000,127.000
129.000,71.000,111.000,129.000
130.000,74.000,109.000,125.000
134.000,74.000,106.000,128.000
136.000,75.000,105.000,123.000
136.000,73.000,105.000,127.000
137.000,72.000,107.000,125.000
140.000,73.000,103.000,124.000
141.000,71.000,105.000,123.000
143.000,70.000,105.000,120.000
147.000,73.000,103.000,111.000
142.000,68.000,110.000,123.000
144.000,71.000,111.000,123.000
147.000,67.000,103.000,118.000
148.000,65.000,104.000,124.000
151.000,69.000,103.000,124.000
153.000,68.000,102.000,118.000
151.000,70.000,102.000,122.000
153.000,71.000,103.000,117.000
154.000,68.000,104.000,125.000
157.000,69.000,99.000,117.000
156.000,68.000,103.000,121.000
158.000,65.000,101.000,123.000
156.000,69.000,104.000,119.000
161.000,66.000,102.000,123.000
159.000,69.000,105.000,116.000
156.000,67.000,109.000,120.000
159.000,71.000,107.000,114.000
163.000,69.000,101.000,118.000
163.000,66.000,104.000,124.000
162.000,65.000,106.000,118.000
161.000,66.000,108.000,119.000
163.000,68.000,107.000,120.000
164.000,67.000,105.000,116.000
167.000,65.000,103.000,117.000
169.000,66.000,102.000,119.000
170.000,62.000,101.000,124.000
170.000,60.000,102.000,122.000
171.000,64.000,101.000,115.000
169.000,66.000,104.000,112.000
171.000,62.000,102.000,118.000
173.000,59.000,102.000,121.000
171.000,60.000,101.000,113.000
174.000,62.000,101.000,116.000
175.000,61.000,102.000,117.000
175.000,61.000,103.000,117.000
176.000,60.000,103.000,120.000
178.000,59.000,100.000,124.000
177.000,63.000,101.000,114.000
178.000,67.000,102.000,112.000
181.000,69.000,100.000,115.000
178.000,66.000,103.000,115.000
181.000,66.000,98.000,115.000
181.000,63.000,103.000,119.000
183.000,62.000,100.000,117.000
184.000,62.000,99.000,118.000
184.000,63.000,100.000,119.000
184.000,65.000,100.000,119.000
183.000,63.000,102.000,123.000
180.000,61.000,103.000,124.000
180.000,60.000,100.000,111.000
181.000,58.000,97.000,115.000
182.000,59.000,98.000,115.000
182.000,58.000,99.000,114.000
182.000,55.000,99.000,118.000
184.000,57.000,99.000,121.000
180.000,55.000,99.000,117.000
177.000,54.000,99.000,117.000
176.000,57.000,97.000,114.000
174.000,52.000,95.000,120.000
172.000,54.000,96.000,117.000
169.000,55.000,97.000,114.000
165.000,51.000,94.000,112.000
164.000,60.000,94.000,116.000
165.000,64.000,98.000,112.000
161.000,65.000,95.000,115.000
159.000,68.000,95.000,114.000
156.000,71.000,99.000,116.000
155.000,75.000,96.000,111.000
155.000,78.000,97.000,111.000
156.000,74.000,96.000,110.000
156.000,71.000,100.000,116.000
154.000,70.000,98.000,112.000
150.000,72.000,104.000,113.000
155.000,73.000,98.000,111.000
154.000,75.000,99.000,109.000
155.000,71.000,98.000,114.000
151.000,71.000,102.000,110.000
153.000,68.000,99.000,111.000
149.000,70.000,103.000,108.000
151.000,76.000,98.000,108.000
140.000,72.000,99.000,104.000
124.000,59.000,104.000,104.000
129.000,61.000,97.000,106.000
134.000,58.000,99.000,106.000
132.000,56.000,102.000,106.000
134.000,64.000,100.000,104.000
134.000,65.000,103.000,106.000
136.000,64.000,104.000,104.000
133.000,66.000,110.000,111.000
142.000,72.000,101.000,101.000
132.000,71.000,115.000,110.000
146.000,74.000,97.000,105.000
134.000,75.000,109.000,109.000
141.000,77.000,102.000,104.000
143.000,80.000,99.000,103.000
142.000,80.000,100.000,99.000
145.000,78.000,96.000,101.000
148.000,78.000,94.000,103.000
147.000,78.000,96.000,103.000
148.000,80.000,96.000,99.000
137.000,76.000,106.000,102.000
144.000,75.000,97.000,104.000
143.000,78.000,100.000,101.000
131.000,74.000,111.000,104.000
