612.000,283.000,70.000,47.000
612.000,282.000,72.000,49.000
614.000,280.000,69.000,51.000
612.000,284.000,75.000,48.000
612.000,282.000,70.000,48.000
613.000,279.000,73.000,53.000
612.000,283.000,75.000,48.000
613.000,279.000,73.000,52.000
612.000,277.000,76.000,54.000
616.000,279.000,70.000,51.000
616.000,276.000,71.000,54.000
616.000,279.000,71.000,52.000
616.000,277.000,72.000,54.000
615.000,280.000,75.000,50.000
615.000,279.000,76.000,54.000
613.000,279.000,79.000,52.000
615.000,280.000,74.000,53.000
617.000,281.000,74.000,54.000
619.000,282.000,74.000,51.000
621.000,278.000,76.000,52.000
620.000,280.000,77.000,52.000
617.000,276.000,75.000,55.000
616.000,275.000,80.000,60.000
621.000,274.000,75.000,56.000
622.000,276.000,79.000,57.000
618.000,277.000,80.000,55.000
624.000,278.000,75.000,51.000
623.000,280.000,78.000,49.000
623.000,276.000,81.000,56.000
628.000,282.000,74.000,49.000
626.000,280.000,84.000,55.000
622.000,280.000,80.000,55.000
630.000,281.000,79.000,51.000
626.000,280.000,82.000,53.000
629.000,280.000,84.000,50.000
636.000,282.000,78.000,47.000
630.000,282.000,87.000,48.000
628.000,281.000,92.000,47.000
628.000,280.000,95.000,49.000
631.000,279.000,96.000,50.000
630.000,279.000,101.000,50.000
630.000,278.000,104.000,52.000
628.000,279.000,109.000,51.000
628.000,276.000,110.000,54.000
627.000,277.000,109.000,53.000
662.000,285.000,82.000,48.000
662.000,283.000,83.000,52.000
665.000,282.000,83.000,52.000
665.000,282.000,90.000,52.000
668.000,281.000,84.000,53.000
671.000,276.000,86.000,58.000
678.000,284.000,84.000,48.000
678.000,283.000,88.000,49.000
684.000,284.000,85.000,48.000
687.000,285.000,84.000,45.000
625.000,267.000,80.000,59.000
693.000,279.000,86.000,54.000
699.000,285.000,80.000,45.000
703.000,281.000,82.000,55.000
707.000,282.000,82.000,53.000
708.000,279.000,84.000,58.000
708.000,283.000,88.000,51.000
713.000,279.000,87.000,58.000
712.000,280.000,86.000,56.000
714.000,280.000,88.000,56.000
717.000,280.000,90.000,55.000
717.000,282.000,92.000,54.000
718.000,281.000,90.000,55.000
721.000,280.000,85.000,56.000
725.000,278.000,84.000,58.000
725.000,282.000,87.000,52.000
727.000,285.000,89.000,51.000
728.000,284.000,87.000,54.000
727.000,280.000,87.000,56.000
727.000,283.000,89.000,56.000
729.000,281.000,91.000,59.000
731.000,284.000,92.000,55.000
731.000,277.000,90.000,59.000
730.000,281.000,89.000,59.000
732.000,281.000,92.000,59.000
731.000,277.000,91.000,62.000
731.000,279.000,95.000,61.000
728.000,278.000,93.000,61.000
732.000,275.000,91.000,65.000
731.000,281.000,83.000,55.000
731.000,277.000,90.000,61.000
726.000,281.000,95.000,57.000
722.000,280.000,98.000,58.000
720.000,278.000,95.000,64.000
719.000,278.000,96.000,65.000
714.000,280.000,99.000,64.000
718.000,285.000,94.000,55.000
716.000,287.000,95.000,56.000
710.000,284.000,102.000,58.000
708.000,284.000,101.000,56.000
711.000,284.000,90.000,52.000
701.000,282.000,101.000,56.000
702.000,282.000,97.000,58.000
706.000,277.000,89.000,63.000
698.000,273.000,98.000,64.000
690.000,275.000,98.000,63.000
685.000,278.000,98.000,58.000
683.000,278.000,93.000,60.000
680.000,280.000,96.000,56.000
674.000,282.000,96.000,54.000
667.000,281.000,99.000,56.000
667.000,278.000,92.000,60.000
664.000,278.000,89.000,58.000
654.000,277.000,97.000,59.000
652.000,277.000,101.000,59.000
645.000,277.000,102.000,61.000
640.000,278.000,101.000,58.000
637.000,276.000,90.000,60.000
635.000,277.000,84.000,58.000
630.000,278.000,83.000,57.000
631.000,278.000,83.000,57.000
623.000,279.000,83.000,55.000
618.000,282.000,85.000,51.000
613.000,278.000,85.000,59.000
610.000,277.000,80.000,59.000
608.000,279.000,80.000,56.000
608.000,278.000,77.000,55.000
605.000,282.000,78.000,50.000
603.000,283.000,78.000,48.000
599.000,283.000,75.000,50.000
596.000,273.000,69.000,60.000
596.000,273.000,67.000,61.000
595.000,270.000,66.000,65.000
591.000,268.000,70.000,68.000
594.000,276.000,69.000,52.000
592.000,273.000,68.000,62.000
590.000,278.000,69.000,50.000
589.000,275.000,68.000,57.000
586.000,274.000,72.000,58.000
588.000,281.000,70.000,46.000
584.000,274.000,73.000,57.000
586.000,271.000,72.000,61.000
585.000,279.000,71.000,52.000
585.000,279.000,69.000,52.000
586.000,277.000,66.000,55.000
585.000,280.000,68.000,51.000
588.000,275.000,64.000,56.000
590.000,281.000,65.000,48.000
591.000,274.000,63.000,58.000
590.000,270.000,66.000,63.000
584.000,280.000,69.000,49.000
587.000,277.000,67.000,53.000
589.000,280.000,66.000,48.000
587.000,280.000,68.000,48.000
591.000,270.000,66.000,59.000
590.000,275.000,69.000,55.000
588.000,272.000,70.000,58.000
590.000,272.000,71.000,57.000
588.000,273.000,69.000,54.000
596.000,269.000,62.000,55.000
593.000,273.000,62.000,55.000
596.000,270.000,63.000,55.000
592.000,274.000,66.000,52.000
592.000,274.000,64.000,51.000
596.000,273.000,61.000,49.000
599.000,279.000,56.000,43.000
599.000,275.000,60.000,48.000
597.000,273.000,61.000,51.000
601.000,276.000,59.000,49.000
600.000,276.000,56.000,49.000
599.000,275.000,61.000,48.000
600.000,273.000,59.000,50.000
606.000,274.000,52.000,50.000
605.000,276.000,55.000,49.000
601.000,276.000,58.000,49.000
605.000,275.000,56.000,50.000
601.000,276.000,59.000,47.000
610.000,273.000,49.000,47.000
612.000,273.000,46.000,48.000
608.000,274.000,50.000,45.000
607.000,274.000,53.000,47.000
609.000,275.000,52.000,45.000
608.000,274.000,53.000,46.000
600.000,271.000,62.000,50.000
597.000,275.000,66.000,43.000
595.000,273.000,67.000,44.000
593.000,273.000,68.000,45.000
607.000,278.000,54.000,39.000
606.000,278.000,57.000,38.000
688.000,250.000,53.000,48.000
590.000,272.000,72.000,45.000
607.000,278.000,55.000,39.000
611.000,280.000,51.000,37.000
587.000,275.000,75.000,43.000
586.000,274.000,76.000,44.000
584.000,274.000,79.000,42.000
583.000,272.000,78.000,41.000
594.000,273.000,69.000,41.000
604.000,272.000,60.000,42.000
603.000,273.000,60.000,43.000
599.000,273.000,62.000,42.000
596.000,273.000,68.000,41.000
600.000,273.000,61.000,41.000
603.000,274.000,60.000,41.000
602.000,275.000,60.000,40.000
600.000,273.000,64.000,40.000
601.000,276.000,64.000,39.000
601.000,277.000,64.000,38.000
601.000,277.000,67.000,39.000
604.000,274.000,63.000,41.000
604.000,274.000,62.000,41.000
604.000,274.000,63.000,42.000
604.000,274.000,63.000,43.000
604.000,273.000,64.000,43.000
603.000,275.000,66.000,40.000
607.000,275.000,63.000,42.000
606.000,274.000,64.000,41.000
604.000,273.000,67.000,42.000
609.000,275.000,63.000,41.000
608.000,276.000,58.000,41.000
613.000,276.000,57.000,40.000
613.000,273.000,56.000,42.000
612.000,273.000,57.000,43.000
612.000,272.000,57.000,42.000
613.000,272.000,57.000,41.000
613.000,271.000,59.000,42.000
613.000,271.000,59.000,46.000
611.000,272.000,63.000,45.000
612.000,271.000,61.000,44.000
613.000,271.000,59.000,44.000
613.000,272.000,61.000,42.000
613.000,271.000,60.000,43.000
613.000,271.000,62.000,44.000
612.000,271.000,63.000,45.000
613.000,272.000,62.000,45.000
611.000,272.000,63.000,47.000
612.000,271.000,64.000,49.000
610.000,270.000,65.000,50.000
609.000,271.000,65.000,51.000
609.000,271.000,67.000,52.000
610.000,271.000,66.000,51.000
610.000,271.000,66.000,49.000
611.000,273.000,67.000,52.000
610.000,271.000,66.000,53.000
609.000,270.000,70.000,51.000
611.000,269.000,69.000,54.000
613.000,269.000,69.000,52.000
611.000,268.000,69.000,52.000
610.000,269.000,73.000,54.000
613.000,270.000,70.000,52.000
611.000,270.000,74.000,55.000
611.000,269.000,72.000,57.000
610.000,270.000,77.000,54.000
610.000,272.000,74.000,50.000
609.000,270.000,76.000,53.000
609.000,270.000,79.000,57.000
608.000,268.000,81.000,57.000
607.000,270.000,82.000,53.000
606.000,270.000,83.000,54.000
610.000,270.000,80.000,57.000
609.000,270.000,82.000,53.000
610.000,273.000,79.000,56.000
609.000,272.000,82.000,56.000
609.000,270.000,83.000,58.000
610.000,270.000,82.000,61.000
608.000,271.000,82.000,57.000
606.000,269.000,85.000,63.000
606.000,268.000,83.000,61.000
602.000,267.000,88.000,63.000
599.000,267.000,93.000,64.000
600.000,269.000,92.000,62.000
598.000,268.000,94.000,64.000
597.000,267.000,94.000,67.000
596.000,265.000,94.000,68.000
589.000,265.000,104.000,72.000
593.000,264.000,97.000,72.000
591.000,264.000,100.000,75.000
587.000,264.000,103.000,74.000
586.000,266.000,103.000,69.000
587.000,270.000,102.000,66.000
587.000,265.000,99.000,70.000
588.000,264.000,97.000,74.000
585.000,262.000,102.000,76.000
584.000,262.000,103.000,76.000
587.000,264.000,100.000,78.000
583.000,266.000,104.000,76.000
583.000,265.000,105.000,78.000
582.000,265.000,108.000,79.000
581.000,265.000,108.000,79.000
581.000,267.000,109.000,82.000
579.000,265.000,111.000,80.000
579.000,268.000,111.000,80.000
579.000,268.000,111.000,78.000
579.000,266.000,111.000,81.000
581.000,267.000,107.000,82.000
583.000,271.000,110.000,75.000
576.000,265.000,118.000,89.000
574.000,266.000,116.000,91.000
575.000,264.000,119.000,90.000
574.000,264.000,123.000,91.000
574.000,261.000,121.000,93.000
576.000,270.000,115.000,86.000
575.000,262.000,123.000,95.000
572.000,261.000,122.000,98.000
571.000,260.000,127.000,97.000
573.000,261.000,126.000,94.000
571.000,262.000,126.000,97.000
569.000,260.000,128.000,96.000
570.000,262.000,126.000,91.000
573.000,265.000,127.000,98.000
568.000,265.000,128.000,95.000
570.000,262.000,131.000,98.000
568.000,264.000,132.000,97.000
567.000,265.000,132.000,98.000
569.000,262.000,136.000,98.000
567.000,262.000,132.000,101.000
568.000,261.000,136.000,98.000
568.000,262.000,136.000,103.000
568.000,261.000,134.000,103.000
562.000,261.000,143.000,102.000
561.000,255.000,144.000,107.000
560.000,261.000,145.000,102.000
560.000,263.000,150.000,102.000
561.000,265.000,144.000,96.000
565.000,263.000,145.000,107.000
566.000,267.000,143.000,103.000
567.000,262.000,144.000,108.000
563.000,261.000,142.000,105.000
563.000,259.000,148.000,114.000
565.000,266.000,142.000,106.000
566.000,262.000,146.000,107.000
562.000,261.000,145.000,106.000
557.000,265.000,152.000,108.000
557.000,261.000,157.000,111.000
567.000,263.000,141.000,111.000
559.000,261.000,152.000,109.000
558.000,260.000,153.000,110.000
557.000,260.000,155.000,111.000
554.000,260.000,152.000,120.000
559.000,265.000,151.000,111.000
564.000,266.000,155.000,114.000
561.000,260.000,148.000,115.000
557.000,263.000,155.000,115.000
554.000,263.000,153.000,115.000
554.000,261.000,161.000,124.000
558.000,265.000,159.000,120.000
550.000,259.000,163.000,120.000
550.000,259.000,166.000,127.000
551.000,260.000,160.000,122.000
550.000,257.000,158.000,116.000
548.000,257.000,166.000,140.000
561.000,259.000,159.000,137.000
550.000,260.000,163.000,132.000
549.000,260.000,164.000,129.000
548.000,260.000,162.000,127.000
555.000,262.000,157.000,131.000
551.000,264.000,164.000,127.000
545.000,260.000,173.000,133.000
553.000,263.000,159.000,128.000
547.000,261.000,166.000,132.000
547.000,268.000,166.000,127.000
552.000,261.000,164.000,131.000
544.000,256.000,168.000,142.000
548.000,255.000,174.000,142.000
548.000,262.000,166.000,135.000
551.000,260.000,166.000,136.000
546.000,261.000,177.000,132.000
544.000,262.000,169.000,136.000
546.000,256.000,174.000,142.000
542.000,257.000,173.000,146.000
546.000,256.000,176.000,143.000
542.000,257.000,184.000,140.000
548.000,259.000,175.000,142.000
543.000,256.000,176.000,141.000
544.000,265.000,178.000,136.000
546.000,266.000,176.000,125.000
550.000,258.000,176.000,141.000
546.000,256.000,176.000,144.000
544.000,259.000,178.000,144.000
548.000,263.000,177.000,137.000
549.000,258.000,178.000,144.000
546.000,257.000,180.000,143.000
543.000,262.000,187.000,140.000
546.000,263.000,176.000,140.000
543.000,261.000,186.000,138.000
548.000,265.000,170.000,135.000
548.000,259.000,177.000,143.000
546.000,260.000,179.000,144.000
550.000,261.000,176.000,136.000
538.000,256.000,196.000,144.000
550.000,263.000,180.000,134.000
540.000,256.000,187.000,147.000
544.000,259.000,185.000,144.000
541.000,257.000,186.000,148.000
543.000,261.000,179.000,141.000
542.000,261.000,191.000,144.000
539.000,264.000,194.000,135.000
536.000,263.000,192.000,144.000
540.000,261.000,196.000,143.000
536.000,261.000,195.000,139.000
538.000,261.000,195.000,150.000
539.000,259.000,203.000,143.000
541.000,269.000,187.000,132.000
536.000,263.000,205.000,143.000
551.000,270.000,190.000,126.000
546.000,261.000,196.000,146.000
540.000,261.000,199.000,147.000
538.000,262.000,203.000,147.000
545.000,264.000,195.000,140.000
536.000,260.000,209.000,147.000
538.000,265.000,203.000,139.000
539.000,263.000,200.000,145.000
542.000,259.000,203.000,146.000
536.000,259.000,217.000,150.000
542.000,265.000,204.000,141.000
537.000,268.000,207.000,146.000
539.000,262.000,209.000,145.000
535.000,269.000,210.000,148.000
534.000,263.000,216.000,148.000
534.000,254.000,220.000,154.000
538.000,261.000,215.000,156.000
533.000,262.000,224.000,152.000
530.000,259.000,227.000,158.000
530.000,259.000,231.000,153.000
538.000,267.000,221.000,152.000
536.000,268.000,217.000,146.000
534.000,261.000,224.000,156.000
534.000,260.000,227.000,156.000
537.000,264.000,222.000,154.000
532.000,262.000,227.000,159.000
528.000,267.000,232.000,147.000
531.000,264.000,234.000,144.000
535.000,266.000,229.000,139.000
526.000,267.000,237.000,136.000
533.000,265.000,235.000,157.000
535.000,266.000,230.000,163.000
530.000,264.000,240.000,175.000
529.000,262.000,242.000,179.000
520.000,256.000,254.000,198.000
530.000,266.000,242.000,185.000
533.000,267.000,244.000,170.000
526.000,266.000,251.000,175.000
522.000,256.000,261.000,191.000
514.000,265.000,270.000,176.000
512.000,262.000,271.000,188.000
522.000,266.000,250.000,185.000
528.000,267.000,258.000,174.000
525.000,264.000,265.000,178.000
527.000,266.000,253.000,178.000
528.000,261.000,266.000,173.000
524.000,267.000,264.000,176.000
522.000,264.000,266.000,177.000
526.000,261.000,261.000,182.000
524.000,266.000,261.000,168.000
530.000,263.000,258.000,170.000
527.000,261.000,260.000,181.000
525.000,261.000,264.000,174.000
520.000,261.000,272.000,179.000
524.000,265.000,264.000,172.000
528.000,270.000,272.000,164.000
523.000,264.000,260.000,177.000
523.000,265.000,272.000,177.000
527.000,260.000,259.000,183.000
526.000,265.000,264.000,176.000
524.000,261.000,269.000,181.000
525.000,266.000,267.000,174.000
523.000,257.000,263.000,187.000
520.000,264.000,263.000,175.000
517.000,267.000,271.000,174.000
517.000,267.000,268.000,166.000
515.000,263.000,265.000,176.000
519.000,256.000,267.000,181.000
514.000,275.000,270.000,160.000
523.000,263.000,256.000,172.000
520.000,260.000,256.000,177.000
517.000,265.000,260.000,168.000
517.000,266.000,269.000,180.000
521.000,259.000,264.000,184.000
517.000,265.000,261.000,178.000
514.000,266.000,264.000,175.000
523.000,262.000,262.000,181.000
517.000,260.000,262.000,183.000
513.000,260.000,260.000,185.000
514.000,270.000,259.000,163.000
520.000,265.000,255.000,175.000
521.000,263.000,252.000,177.000
518.000,266.000,264.000,175.000
518.000,262.000,252.000,178.000
521.000,264.000,246.000,177.000
525.000,264.000,259.000,171.000
518.000,262.000,252.000,175.000
520.000,263.000,246.000,174.000
526.000,261.000,248.000,174.000
519.000,264.000,244.000,175.000
522.000,266.000,246.000,171.000
513.000,259.000,255.000,178.000
513.000,272.000,255.000,154.000
519.000,267.000,258.000,162.000
520.000,262.000,257.000,168.000
514.000,262.000,246.000,174.000
514.000,260.000,246.000,169.000
517.000,266.000,250.000,164.000
517.000,261.000,250.000,179.000
514.000,261.000,252.000,174.000
514.000,261.000,250.000,180.000
514.000,261.000,255.000,176.000
519.000,259.000,245.000,178.000
521.000,265.000,241.000,179.000
522.000,260.000,249.000,178.000
527.000,265.000,229.000,174.000
522.000,262.000,239.000,173.000
518.000,269.000,243.000,165.000
525.000,261.000,243.000,172.000
522.000,260.000,232.000,167.000
518.000,261.000,245.000,160.000
522.000,264.000,242.000,152.000
518.000,266.000,240.000,145.000
530.000,263.000,232.000,154.000
519.000,260.000,237.000,166.000
521.000,260.000,237.000,168.000
520.000,254.000,228.000,178.000
511.000,263.000,239.000,173.000
511.000,261.000,248.000,167.000
514.000,264.000,231.000,166.000
518.000,257.000,242.000,174.000
521.000,267.000,241.000,167.000
526.000,255.000,234.000,179.000
518.000,261.000,233.000,175.000
529.000,261.000,232.000,167.000
528.000,260.000,228.000,171.000
520.000,259.000,237.000,183.000
526.000,257.000,231.000,182.000
520.000,256.000,236.000,183.000
522.000,253.000,231.000,187.000
528.000,256.000,226.000,184.000
529.000,256.000,229.000,183.000
518.000,260.000,232.000,179.000
521.000,252.000,229.000,197.000
517.000,258.000,236.000,180.000
518.000,257.000,238.000,176.000
525.000,258.000,230.000,170.000
520.000,257.000,227.000,169.000
521.000,259.000,226.000,178.000
529.000,257.000,229.000,177.000
525.000,258.000,222.000,175.000
520.000,252.000,235.000,185.000
522.000,257.000,229.000,185.000
519.000,262.000,235.000,175.000
523.000,258.000,224.000,168.000
527.000,259.000,222.000,170.000
529.000,256.000,230.000,176.000
525.000,257.000,228.000,185.000
523.000,255.000,217.000,191.000
526.000,256.000,221.000,178.000
520.000,260.000,227.000,169.000
535.000,258.000,214.000,171.000
525.000,259.000,218.000,164.000
536.000,258.000,207.000,154.000
537.000,264.000,208.000,153.000
539.000,264.000,206.000,146.000
535.000,262.000,209.000,159.000
536.000,262.000,209.000,157.000
534.000,263.000,208.000,155.000
547.000,257.000,202.000,150.000
537.000,259.000,202.000,162.000
534.000,256.000,210.000,159.000
535.000,256.000,208.000,160.000
537.000,262.000,200.000,155.000
541.000,263.000,203.000,150.000
534.000,261.000,195.000,153.000
538.000,260.000,206.000,155.000
536.000,265.000,196.000,146.000
540.000,263.000,205.000,149.000
536.000,265.000,198.000,146.000
546.000,267.000,188.000,140.000
542.000,260.000,191.000,156.000
545.000,265.000,193.000,147.000
539.000,263.000,195.000,148.000
539.000,261.000,203.000,147.000
538.000,257.000,201.000,154.000
536.000,262.000,200.000,142.000
555.000,264.000,185.000,138.000
552.000,264.000,185.000,143.000
546.000,258.000,191.000,146.000
543.000,265.000,194.000,139.000
544.000,256.000,196.000,151.000
539.000,257.000,200.000,155.000
544.000,257.000,196.000,147.000
538.000,256.000,198.000,152.000
544.000,262.000,194.000,149.000
539.000,260.000,188.000,146.000
556.000,273.000,188.000,125.000
545.000,266.000,193.000,142.000
551.000,263.000,187.000,143.000
544.000,258.000,189.000,144.000
548.000,260.000,178.000,147.000
548.000,259.000,184.000,142.000
543.000,259.000,186.000,149.000
555.000,256.000,187.000,142.000
554.000,261.000,183.000,141.000
554.000,262.000,182.000,141.000
555.000,263.000,177.000,135.000
541.000,255.000,193.000,142.000
549.000,263.000,181.000,138.000
554.000,257.000,182.000,145.000
550.000,261.000,182.000,137.000
550.000,263.000,187.000,138.000
555.000,262.000,173.000,140.000
558.000,260.000,174.000,147.000
562.000,260.000,170.000,143.000
559.000,260.000,171.000,138.000
559.000,254.000,170.000,145.000
561.000,257.000,172.000,138.000
557.000,261.000,179.000,132.000
556.000,259.000,172.000,144.000
559.000,256.000,175.000,139.000
556.000,256.000,175.000,142.000
558.000,259.000,174.000,143.000
553.000,258.000,171.000,139.000
560.000,254.000,170.000,148.000
559.000,259.000,168.000,140.000
554.000,260.000,180.000,140.000
552.000,258.000,182.000,139.000
561.000,259.000,171.000,143.000
555.000,254.000,172.000,142.000
559.000,260.000,173.000,140.000
550.000,255.000,175.000,140.000
565.000,260.000,167.000,138.000
557.000,257.000,171.000,143.000
563.000,263.000,171.000,136.000
553.000,255.000,174.000,141.000
560.000,259.000,170.000,145.000
555.000,256.000,175.000,139.000
557.000,256.000,173.000,143.000
558.000,253.000,173.000,143.000
560.000,256.000,170.000,144.000
560.000,255.000,176.000,139.000
559.000,258.000,168.000,141.000
558.000,254.000,178.000,140.000
557.000,257.000,181.000,140.000
554.000,254.000,177.000,143.000
559.000,258.000,174.000,145.000
552.000,251.000,178.000,144.000
564.000,260.000,176.000,133.000
558.000,262.000,171.000,139.000
560.000,251.000,174.000,144.000
551.000,264.000,173.000,138.000
559.000,256.000,168.000,144.000
556.000,251.000,172.000,147.000
558.000,264.000,173.000,134.000
556.000,262.000,176.000,136.000
561.000,253.000,173.000,144.000
550.000,268.000,170.000,132.000
560.000,260.000,175.000,138.000
558.000,261.000,167.000,139.000
557.000,258.000,168.000,139.000
552.000,258.000,187.000,140.000
555.000,262.000,174.000,142.000
554.000,256.000,175.000,143.000
559.000,260.000,165.000,142.000
549.000,257.000,175.000,136.000
559.000,272.000,171.000,126.000
559.000,260.000,170.000,139.000
551.000,257.000,173.000,142.000
559.000,262.000,176.000,137.000
552.000,265.000,178.000,137.000
559.000,263.000,171.000,136.000
560.000,265.000,176.000,127.000
556.000,256.000,174.000,137.000
557.000,261.000,168.000,134.000
551.000,262.000,175.000,136.000
555.000,253.000,171.000,148.000
552.000,258.000,175.000,141.000
545.000,256.000,178.000,141.000
552.000,263.000,176.000,132.000
557.000,256.000,174.000,139.000
566.000,257.000,162.000,139.000
557.000,263.000,172.000,132.000
559.000,265.000,174.000,132.000
553.000,265.000,169.000,132.000
558.000,262.000,173.000,134.000
557.000,262.000,173.000,131.000
553.000,263.000,169.000,136.000
550.000,259.000,171.000,136.000
555.000,255.000,170.000,139.000
549.000,258.000,171.000,139.000
553.000,258.000,173.000,136.000
557.000,260.000,169.000,136.000
555.000,260.000,164.000,138.000
556.000,257.000,168.000,138.000
553.000,261.000,168.000,135.000
557.000,258.000,168.000,138.000
551.000,263.000,173.000,130.000
558.000,265.000,160.000,129.000
556.000,263.000,162.000,134.000
560.000,257.000,161.000,138.000
564.000,262.000,156.000,134.000
555.000,263.000,163.000,133.000
559.000,259.000,162.000,136.000
557.000,261.000,162.000,136.000
559.000,262.000,164.000,131.000
558.000,264.000,162.000,129.000
557.000,264.000,165.000,132.000
560.000,263.000,156.000,132.000
564.000,265.000,158.000,127.000
563.000,263.000,156.000,134.000
561.000,264.000,158.000,133.000
568.000,266.000,147.000,129.000
559.000,269.000,161.000,126.000
564.000,264.000,155.000,132.000
562.000,263.000,158.000,130.000
566.000,267.000,151.000,131.000
567.000,267.000,148.000,127.000
562.000,266.000,153.000,130.000
564.000,267.000,150.000,127.000
565.000,268.000,155.000,120.000
565.000,268.000,147.000,124.000
564.000,268.000,155.000,123.000
562.000,266.000,158.000,126.000
566.000,268.000,150.000,128.000
569.000,268.000,146.000,123.000
565.000,270.000,151.000,118.000
568.000,266.000,153.000,125.000
570.000,265.000,148.000,126.000
569.000,265.000,149.000,126.000
571.000,266.000,150.000,125.000
565.000,265.000,154.000,125.000
572.000,265.000,149.000,123.000
571.000,263.000,146.000,129.000
572.000,266.000,148.000,124.000
571.000,264.000,152.000,124.000
573.000,261.000,146.000,127.000
569.000,262.000,150.000,125.000
575.000,266.000,146.000,121.000
579.000,263.000,138.000,124.000
573.000,265.000,152.000,121.000
577.000,262.000,142.000,125.000
581.000,262.000,139.000,127.000
580.000,264.000,143.000,121.000
579.000,261.000,144.000,125.000
583.000,260.000,140.000,126.000
583.000,261.000,143.000,127.000
580.000,265.000,149.000,116.000
581.000,265.000,145.000,114.000
581.000,266.000,140.000,115.000
584.000,261.000,141.000,127.000
586.000,261.000,140.000,121.000
584.000,269.000,137.000,114.000
579.000,266.000,153.000,113.000
580.000,261.000,147.000,123.000
579.000,265.000,142.000,121.000
577.000,270.000,146.000,109.000
583.000,268.000,144.000,108.000
593.000,265.000,140.000,122.000
580.000,264.000,143.000,123.000
593.000,261.000,139.000,120.000
582.000,261.000,137.000,118.000
584.000,261.000,138.000,122.000
594.000,267.000,135.000,106.000
581.000,265.000,144.000,108.000
590.000,266.000,134.000,106.000
588.000,267.000,142.000,103.000
584.000,266.000,140.000,107.000
585.000,268.000,143.000,102.000
590.000,268.000,136.000,103.000
596.000,265.000,132.000,109.000
583.000,267.000,141.000,106.000
587.000,273.000,144.000,98.000
598.000,273.000,134.000,97.000
594.000,269.000,136.000,102.000
593.000,268.000,134.000,104.000
598.000,266.000,132.000,103.000
592.000,269.000,138.000,98.000
592.000,270.000,132.000,103.000
600.000,268.000,126.000,100.000
595.000,270.000,134.000,99.000
595.000,269.000,131.000,103.000
594.000,266.000,131.000,106.000
598.000,265.000,133.000,101.000
595.000,264.000,129.000,106.000
602.000,262.000,124.000,103.000
601.000,266.000,123.000,101.000
599.000,269.000,124.000,98.000
597.000,266.000,127.000,102.000
604.000,263.000,125.000,102.000
599.000,265.000,124.000,102.000
598.000,265.000,126.000,102.000
598.000,264.000,131.000,100.000
599.000,266.000,130.000,103.000
596.000,268.000,128.000,99.000
599.000,266.000,122.000,103.000
602.000,271.000,125.000,97.000
599.000,275.000,126.000,91.000
599.000,271.000,125.000,95.000
599.000,268.000,128.000,98.000
597.000,268.000,127.000,104.000
599.000,271.000,127.000,97.000
598.000,272.000,127.000,95.000
596.000,270.000,128.000,98.000
594.000,268.000,128.000,102.000
599.000,265.000,123.000,103.000
596.000,267.000,128.000,102.000
599.000,265.000,125.000,104.000
597.000,268.000,129.000,101.000
597.000,269.000,129.000,102.000
596.000,269.000,134.000,103.000
591.000,267.000,138.000,104.000
594.000,266.000,135.000,103.000
590.000,265.000,138.000,107.000
592.000,268.000,131.000,101.000
594.000,264.000,132.000,107.000
589.000,269.000,138.000,101.000
588.000,269.000,140.000,105.000
589.000,266.000,139.000,103.000
589.000,271.000,140.000,102.000
589.000,272.000,137.000,99.000
589.000,269.000,137.000,100.000
588.000,269.000,138.000,105.000
587.000,268.000,139.000,105.000
588.000,267.000,136.000,109.000
582.000,266.000,140.000,115.000
591.000,267.000,140.000,117.000
588.000,266.000,139.000,111.000
590.000,263.000,138.000,113.000
586.000,265.000,142.000,115.000
583.000,263.000,144.000,111.000
586.000,262.000,140.000,117.000
582.000,262.000,150.000,114.000
582.000,260.000,151.000,112.000
582.000,258.000,148.000,122.000
584.000,262.000,147.000,113.000
581.000,263.000,152.000,116.000
582.000,267.000,152.000,112.000
578.000,266.000,157.000,112.000
580.000,264.000,151.000,118.000
583.000,263.000,153.000,116.000
580.000,265.000,150.000,122.000
582.000,264.000,149.000,119.000
581.000,261.000,154.000,126.000
577.000,260.000,159.000,127.000
582.000,262.000,151.000,124.000
581.000,259.000,148.000,128.000
578.000,262.000,155.000,120.000
586.000,264.000,151.000,122.000
580.000,262.000,154.000,119.000
582.000,259.000,155.000,131.000
576.000,263.000,156.000,122.000
585.000,262.000,152.000,126.000
577.000,265.000,152.000,124.000
586.000,264.000,156.000,121.000
585.000,267.000,156.000,119.000
582.000,265.000,152.000,127.000
586.000,267.000,147.000,123.000
584.000,268.000,155.000,121.000
582.000,262.000,159.000,131.000
578.000,265.000,160.000,129.000
579.000,266.000,155.000,125.000
584.000,266.000,151.000,127.000
584.000,267.000,154.000,127.000
579.000,263.000,160.000,131.000
576.000,263.000,159.000,134.000
579.000,264.000,164.000,129.000
578.000,264.000,157.000,133.000
581.000,263.000,162.000,130.000
580.000,263.000,156.000,132.000
578.000,261.000,160.000,132.000
574.000,263.000,168.000,132.000
576.000,263.000,162.000,131.000
573.000,264.000,169.000,132.000
570.000,264.000,165.000,128.000
575.000,264.000,166.000,134.000
572.000,267.000,169.000,129.000
566.000,259.000,174.000,141.000
568.000,267.000,170.000,126.000
572.000,265.000,169.000,134.000
567.000,268.000,174.000,129.000
563.000,260.000,177.000,139.000
565.000,266.000,173.000,139.000
565.000,264.000,176.000,138.000
559.000,256.000,180.000,148.000
561.000,264.000,181.000,143.000
565.000,261.000,180.000,143.000
558.000,262.000,190.000,143.000
557.000,261.000,185.000,141.000
562.000,259.000,186.000,144.000
555.000,261.000,194.000,150.000
556.000,260.000,189.000,142.000
556.000,271.000,188.000,143.000
558.000,269.000,189.000,129.000
557.000,261.000,190.000,145.000
551.000,258.000,196.000,149.000
549.000,254.000,201.000,161.000
555.000,257.000,194.000,160.000
554.000,260.000,196.000,151.000
549.000,263.000,197.000,152.000
551.000,260.000,203.000,156.000
555.000,258.000,191.000,151.000
553.000,261.000,196.000,151.000
551.000,263.000,196.000,153.000
547.000,256.000,203.000,165.000
534.000,260.000,208.000,160.000
536.000,263.000,214.000,154.000
530.000,256.000,217.000,164.000
538.000,254.000,210.000,185.000
531.000,253.000,224.000,183.000
537.000,262.000,215.000,166.000
530.000,255.000,223.000,189.000
527.000,266.000,227.000,168.000
522.000,268.000,232.000,165.000
528.000,268.000,230.000,166.000
521.000,264.000,238.000,177.000
524.000,260.000,238.000,185.000
520.000,260.000,239.000,180.000
517.000,256.000,245.000,197.000
507.000,251.000,260.000,199.000
505.000,249.000,262.000,199.000
511.000,247.000,258.000,203.000
516.000,251.000,254.000,189.000
515.000,249.000,256.000,194.000
498.000,250.000,278.000,201.000
509.000,254.000,269.000,189.000
505.000,249.000,268.000,204.000
484.000,256.000,294.000,202.000
487.000,262.000,291.000,201.000
495.000,258.000,284.000,199.000
481.000,250.000,299.000,207.000
482.000,263.000,301.000,196.000
486.000,257.000,294.000,201.000
496.000,243.000,288.000,211.000
486.000,249.000,296.000,204.000
480.000,256.000,298.000,202.000
476.000,243.000,308.000,217.000
477.000,251.000,308.000,209.000
487.000,248.000,296.000,210.000
466.000,257.000,320.000,212.000
483.000,259.000,297.000,214.000
453.000,257.000,337.000,214.000
453.000,248.000,339.000,217.000
474.000,249.000,314.000,213.000
478.000,245.000,303.000,208.000
427.000,240.000,368.000,227.000
434.000,250.000,356.000,214.000
430.000,246.000,364.000,217.000
440.000,258.000,352.000,210.000
462.000,242.000,325.000,219.000
456.000,239.000,331.000,223.000
455.000,245.000,340.000,223.000
466.000,256.000,322.000,214.000
463.000,243.000,324.000,227.000
459.000,242.000,336.000,221.000
452.000,236.000,338.000,234.000
460.000,240.000,331.000,233.000
445.000,233.000,347.000,231.000
465.000,245.000,328.000,221.000
457.000,238.000,335.000,230.000
476.000,252.000,320.000,211.000
490.000,250.000,293.000,210.000
465.000,247.000,321.000,218.000
455.000,239.000,329.000,224.000
484.000,251.000,300.000,210.000
464.000,240.000,319.000,211.000
456.000,236.000,339.000,220.000
480.000,244.000,308.000,221.000
450.000,238.000,338.000,227.000
466.000,234.000,323.000,235.000
473.000,246.000,318.000,224.000
470.000,246.000,320.000,208.000
454.000,233.000,337.000,225.000
460.000,249.000,333.000,221.000
471.000,238.000,315.000,222.000
504.000,232.000,280.000,237.000
498.000,258.000,292.000,210.000
496.000,249.000,286.000,217.000
498.000,247.000,291.000,208.000
496.000,253.000,301.000,194.000
504.000,257.000,292.000,194.000
498.000,250.000,292.000,202.000
498.000,253.000,294.000,198.000
506.000,263.000,278.000,187.000
510.000,262.000,280.000,193.000
509.000,255.000,282.000,203.000
506.000,261.000,278.000,190.000
508.000,255.000,282.000,202.000
509.000,247.000,273.000,214.000
506.000,249.000,269.000,206.000
514.000,246.000,258.000,212.000
513.000,257.000,256.000,188.000
517.000,267.000,259.000,194.000
508.000,254.000,264.000,201.000
519.000,262.000,260.000,188.000
511.000,253.000,260.000,200.000
517.000,263.000,258.000,184.000
518.000,248.000,254.000,199.000
519.000,246.000,250.000,198.000
529.000,252.000,238.000,185.000
523.000,256.000,238.000,180.000
523.000,246.000,243.000,193.000
534.000,267.000,230.000,172.000
533.000,267.000,221.000,172.000
537.000,266.000,219.000,172.000
536.000,263.000,215.000,173.000
545.000,267.000,214.000,166.000
541.000,268.000,206.000,158.000
529.000,261.000,233.000,156.000
534.000,266.000,221.000,147.000
548.000,268.000,202.000,145.000
546.000,265.000,203.000,148.000
554.000,269.000,190.000,145.000
546.000,262.000,199.000,151.000
547.000,262.000,203.000,148.000
547.000,268.000,199.000,145.000
551.000,269.000,192.000,142.000
552.000,270.000,190.000,141.000
549.000,270.000,189.000,140.000
560.000,269.000,186.000,148.000
557.000,271.000,177.000,138.000
557.000,271.000,179.000,128.000
559.000,274.000,178.000,126.000
562.000,274.000,179.000,125.000
557.000,274.000,172.000,127.000
559.000,274.000,175.000,128.000
557.000,278.000,168.000,124.000
558.000,273.000,167.000,128.000
556.000,289.000,169.000,108.000
560.000,283.000,159.000,117.000
561.000,290.000,156.000,108.000
557.000,286.000,155.000,112.000
561.000,279.000,156.000,118.000
558.000,284.000,149.000,111.000
568.000,280.000,143.000,117.000
564.000,278.000,150.000,113.000
568.000,279.000,142.000,115.000
566.000,282.000,138.000,104.000
569.000,281.000,143.000,103.000
568.000,278.000,141.000,104.000
569.000,278.000,137.000,101.000
564.000,275.000,133.000,100.000
566.000,277.000,137.000,94.000
566.000,276.000,137.000,100.000
564.000,280.000,132.000,94.000
566.000,275.000,127.000,103.000
566.000,278.000,122.000,96.000
565.000,277.000,125.000,98.000
563.000,280.000,122.000,93.000
562.000,278.000,122.000,96.000
565.000,286.000,121.000,82.000
557.000,279.000,119.000,92.000
555.000,278.000,113.000,90.000
551.000,278.000,118.000,89.000
547.000,275.000,123.000,91.000
544.000,278.000,124.000,85.000
540.000,278.000,120.000,86.000
535.000,276.000,128.000,86.000
531.000,278.000,128.000,82.000
524.000,278.000,127.000,82.000
521.000,280.000,113.000,82.000
523.000,277.000,110.000,83.000
518.000,280.000,113.000,79.000
514.000,278.000,114.000,80.000
507.000,279.000,120.000,80.000
507.000,274.000,137.000,85.000
496.000,275.000,124.000,87.000
497.000,277.000,121.000,82.000
492.000,276.000,124.000,83.000
490.000,272.000,120.000,92.000
486.000,270.000,120.000,94.000
483.000,267.000,115.000,96.000
479.000,269.000,118.000,95.000
477.000,262.000,120.000,103.000
474.000,261.000,118.000,104.000
466.000,263.000,123.000,102.000
464.000,265.000,121.000,101.000
462.000,267.000,121.000,99.000
456.000,271.000,124.000,94.000
462.000,264.000,116.000,103.000
456.000,269.000,125.000,100.000
451.000,269.000,118.000,98.000
450.000,271.000,123.000,97.000
447.000,269.000,125.000,102.000
446.000,275.000,124.000,95.000
450.000,272.000,120.000,99.000
447.000,274.000,124.000,92.000
447.000,269.000,128.000,100.000
446.000,276.000,119.000,89.000
450.000,282.000,118.000,86.000
448.000,274.000,128.000,95.000
450.000,274.000,121.000,92.000
454.000,273.000,123.000,94.000
457.000,277.000,126.000,98.000
462.000,276.000,123.000,92.000
467.000,281.000,125.000,88.000
477.000,280.000,121.000,89.000
480.000,285.000,122.000,86.000
485.000,276.000,121.000,94.000
494.000,282.000,119.000,87.000
500.000,283.000,124.000,80.000
508.000,278.000,126.000,86.000
519.000,276.000,118.000,93.000
515.000,278.000,119.000,86.000
525.000,280.000,122.000,87.000
527.000,276.000,126.000,92.000
535.000,275.000,126.000,90.000
544.000,276.000,119.000,91.000
556.000,277.000,117.000,94.000
553.000,278.000,116.000,91.000
558.000,271.000,119.000,94.000
565.000,273.000,120.000,89.000
565.000,280.000,131.000,86.000
583.000,282.000,116.000,79.000
586.000,279.000,123.000,85.000
587.000,278.000,123.000,93.000
599.000,277.000,118.000,93.000
599.000,275.000,123.000,95.000
606.000,275.000,124.000,95.000
605.000,275.000,131.000,92.000
615.000,278.000,127.000,91.000
615.000,277.000,124.000,92.000
614.000,276.000,130.000,90.000
618.000,275.000,122.000,95.000
628.000,274.000,120.000,93.000
620.000,271.000,130.000,97.000
620.000,272.000,131.000,97.000
626.000,273.000,125.000,95.000
621.000,275.000,131.000,95.000
621.000,271.000,132.000,96.000
625.000,274.000,122.000,95.000
633.000,273.000,120.000,92.000
629.000,277.000,132.000,83.000
631.000,271.000,128.000,93.000
637.000,267.000,120.000,98.000
639.000,272.000,118.000,96.000
649.000,271.000,117.000,95.000
647.000,272.000,119.000,92.000
651.000,272.000,112.000,92.000
654.000,274.000,116.000,85.000
656.000,270.000,113.000,93.000
653.000,272.000,117.000,88.000
655.000,263.000,111.000,95.000
657.000,265.000,109.000,91.000
661.000,261.000,108.000,96.000
658.000,267.000,107.000,88.000
660.000,263.000,104.000,94.000
659.000,266.000,104.000,91.000
659.000,269.000,102.000,85.000
662.000,269.000,96.000,84.000
659.000,274.000,100.000,80.000
656.000,274.000,107.000,82.000
659.000,276.000,98.000,77.000
655.000,271.000,103.000,83.000
658.000,268.000,92.000,84.000
657.000,267.000,90.000,83.000
654.000,267.000,92.000,82.000
652.000,266.000,91.000,84.000
654.000,265.000,91.000,83.000
653.000,268.000,87.000,81.000
649.000,262.000,93.000,85.000
649.000,259.000,91.000,87.000
644.000,260.000,95.000,84.000
643.000,258.000,98.000,87.000
646.000,265.000,86.000,84.000
644.000,274.000,87.000,74.000
645.000,268.000,86.000,81.000
647.000,265.000,83.000,83.000
646.000,266.000,85.000,81.000
641.000,270.000,89.000,75.000
642.000,271.000,86.000,72.000
637.000,264.000,96.000,81.000
640.000,256.000,95.000,82.000
627.000,266.000,102.000,75.000
636.000,267.000,92.000,71.000
641.000,278.000,80.000,56.000
638.000,278.000,81.000,58.000
639.000,280.000,80.000,56.000
641.000,282.000,77.000,52.000
638.000,283.000,77.000,51.000
637.000,283.000,80.000,53.000
637.000,280.000,77.000,54.000
636.000,277.000,79.000,59.000
636.000,277.000,79.000,57.000
638.000,276.000,78.000,59.000
639.000,280.000,77.000,52.000
638.000,276.000,80.000,57.000
638.000,279.000,80.000,55.000
637.000,279.000,79.000,52.000
637.000,280.000,76.000,54.000
638.000,281.000,75.000,51.000
637.000,282.000,73.000,48.000
638.000,282.000,71.000,49.000
637.000,281.000,70.000,50.000
634.000,279.000,72.000,51.000
633.000,279.000,75.000,52.000
633.000,280.000,73.000,48.000
631.000,281.000,72.000,47.000
632.000,281.000,71.000,49.000
630.000,277.000,73.000,52.000
629.000,279.000,74.000,51.000
629.000,281.000,71.000,50.000
627.000,282.000,71.000,47.000
625.000,279.000,69.000,51.000
625.000,273.000,66.000,56.000
627.000,276.000,67.000,52.000
623.000,279.000,71.000,51.000
623.000,277.000,71.000,54.000
623.000,274.000,65.000,53.000
619.000,274.000,70.000,55.000
618.000,274.000,70.000,57.000
617.000,275.000,71.000,56.000
616.000,278.000,67.000,50.000
615.000,276.000,68.000,52.000
614.000,277.000,68.000,53.000
612.000,278.000,65.000,52.000
612.000,279.000,65.000,49.000
611.000,282.000,67.000,45.000
612.000,282.000,66.000,45.000
611.000,282.000,66.000,46.000
611.000,281.000,64.000,46.000
609.000,279.000,63.000,46.000
608.000,280.000,60.000,48.000
608.000,281.000,62.000,47.000
606.000,284.000,63.000,43.000
595.000,286.000,73.000,39.000
590.000,281.000,82.000,46.000
585.000,278.000,85.000,51.000
587.000,278.000,83.000,51.000
588.000,278.000,81.000,52.000
584.000,278.000,83.000,50.000
584.000,277.000,83.000,51.000
584.000,277.000,77.000,51.000
584.000,277.000,76.000,51.000
582.000,278.000,75.000,51.000
582.000,278.000,78.000,50.000
582.000,277.000,73.000,53.000
578.000,277.000,76.000,53.000
575.000,275.000,76.000,55.000
574.000,273.000,75.000,56.000
574.000,275.000,73.000,53.000
573.000,273.000,74.000,53.000
572.000,276.000,70.000,50.000
571.000,278.000,68.000,48.000
573.000,280.000,68.000,43.000
570.000,281.000,66.000,41.000
569.000,281.000,66.000,39.000
568.000,283.000,69.000,39.000
567.000,282.000,67.000,39.000
562.000,283.000,68.000,37.000
558.000,284.000,67.000,35.000
557.000,284.000,69.000,36.000
553.000,282.000,67.000,38.000
555.000,283.000,67.000,38.000
553.000,282.000,67.000,40.000
548.000,284.000,65.000,36.000
546.000,285.000,65.000,36.000
544.000,285.000,66.000,37.000
539.000,284.000,66.000,37.000
538.000,285.000,68.000,36.000
534.000,286.000,67.000,34.000
529.000,286.000,72.000,38.000
527.000,285.000,70.000,40.000
520.000,282.000,72.000,43.000
516.000,280.000,74.000,43.000
519.000,284.000,72.000,38.000
509.000,277.000,79.000,49.000
502.000,281.000,85.000,40.000
500.000,283.000,87.000,39.000
487.000,283.000,97.000,37.000
488.000,285.000,84.000,38.000
480.000,280.000,104.000,46.000
475.000,279.000,105.000,47.000
474.000,279.000,99.000,49.000
476.000,281.000,89.000,47.000
474.000,281.000,87.000,51.000
471.000,278.000,87.000,55.000
473.000,279.000,86.000,55.000
466.000,279.000,88.000,55.000
462.000,275.000,89.000,59.000
460.000,280.000,89.000,55.000
456.000,282.000,88.000,50.000
452.000,283.000,90.000,49.000
452.000,282.000,90.000,49.000
446.000,282.000,91.000,50.000
443.000,281.000,91.000,54.000
440.000,283.000,92.000,51.000
433.000,284.000,100.000,50.000
431.000,284.000,97.000,55.000
428.000,280.000,104.000,57.000
424.000,283.000,103.000,55.000
418.000,280.000,106.000,59.000
413.000,283.000,107.000,57.000
407.000,281.000,112.000,60.000
400.000,283.000,113.000,60.000
404.000,286.000,108.000,56.000
400.000,282.000,110.000,64.000
399.000,280.000,104.000,66.000
394.000,277.000,115.000,73.000
389.000,279.000,118.000,71.000
382.000,282.000,119.000,64.000
380.000,280.000,124.000,66.000
380.000,277.000,121.000,70.000
374.000,278.000,124.000,71.000
368.000,278.000,127.000,75.000
362.000,279.000,136.000,71.000
355.000,280.000,135.000,74.000
357.000,277.000,137.000,78.000
350.000,279.000,140.000,72.000
345.000,279.000,146.000,75.000
341.000,277.000,143.000,78.000
339.000,276.000,145.000,84.000
335.000,275.000,146.000,85.000
338.000,281.000,146.000,80.000
334.000,276.000,151.000,84.000
328.000,281.000,151.000,82.000
325.000,282.000,152.000,80.000
320.000,283.000,160.000,80.000
315.000,281.000,164.000,82.000
314.000,281.000,164.000,84.000
316.000,281.000,165.000,86.000
314.000,282.000,169.000,81.000
309.000,283.000,158.000,83.000
308.000,285.000,146.000,84.000
306.000,277.000,156.000,93.000
308.000,287.000,159.000,83.000
305.000,275.000,145.000,99.000
306.000,280.000,133.000,90.000
305.000,280.000,133.000,89.000
304.000,278.000,137.000,91.000
303.000,278.000,141.000,97.000
305.000,273.000,142.000,99.000
297.000,277.000,196.000,98.000
299.000,271.000,192.000,108.000
298.000,272.000,192.000,108.000
299.000,272.000,191.000,99.000
300.000,269.000,186.000,108.000
298.000,270.000,193.000,104.000
302.000,272.000,199.000,102.000
309.000,272.000,193.000,106.000
311.000,271.000,198.000,111.000
318.000,270.000,190.000,110.000
322.000,274.000,197.000,104.000
318.000,269.000,200.000,114.000
324.000,269.000,186.000,117.000
332.000,266.000,180.000,114.000
340.000,273.000,164.000,103.000
344.000,267.000,184.000,119.000
348.000,259.000,195.000,120.000
348.000,267.000,198.000,113.000
359.000,267.000,166.000,112.000
368.000,266.000,174.000,121.000
378.000,263.000,159.000,121.000
385.000,266.000,162.000,121.000
392.000,267.000,169.000,110.000
395.000,268.000,176.000,118.000
402.000,268.000,181.000,113.000
410.000,270.000,185.000,109.000
415.000,270.000,173.000,105.000
427.000,272.000,165.000,100.000
432.000,268.000,169.000,105.000
430.000,270.000,173.000,103.000
438.000,265.000,175.000,112.000
455.000,264.000,158.000,124.000
464.000,270.000,152.000,111.000
473.000,271.000,149.000,115.000
473.000,279.000,158.000,102.000
474.000,279.000,155.000,99.000
488.000,282.000,149.000,107.000
495.000,285.000,147.000,87.000
501.000,285.000,154.000,84.000
503.000,282.000,152.000,88.000
518.000,282.000,148.000,89.000
520.000,284.000,144.000,84.000
532.000,285.000,143.000,89.000
539.000,284.000,145.000,87.000
538.000,280.000,151.000,88.000
546.000,281.000,146.000,99.000
556.000,280.000,141.000,103.000
554.000,280.000,148.000,101.000
564.000,278.000,144.000,115.000
564.000,278.000,148.000,113.000
567.000,275.000,154.000,115.000
570.000,274.000,153.000,113.000
573.000,277.000,160.000,103.000
574.000,273.000,156.000,105.000
575.000,272.000,164.000,98.000
579.000,271.000,168.000,97.000
582.000,267.000,168.000,102.000
586.000,271.000,165.000,105.000
588.000,269.000,173.000,110.000
583.000,268.000,177.000,112.000
586.000,267.000,180.000,114.000
590.000,269.000,180.000,111.000
614.000,263.000,159.000,128.000
612.000,270.000,165.000,111.000
607.000,265.000,167.000,120.000
618.000,260.000,162.000,130.000
617.000,261.000,167.000,127.000
626.000,263.000,169.000,128.000
623.000,269.000,166.000,124.000
620.000,267.000,171.000,131.000
631.000,263.000,177.000,136.000
622.000,261.000,179.000,138.000
625.000,262.000,176.000,135.000
630.000,260.000,179.000,138.000
627.000,264.000,183.000,128.000
626.000,267.000,188.000,131.000
626.000,266.000,191.000,126.000
613.000,261.000,205.000,141.000
617.000,265.000,203.000,141.000
625.000,265.000,206.000,136.000
631.000,259.000,194.000,146.000
630.000,267.000,197.000,136.000
637.000,266.000,198.000,134.000
623.000,266.000,205.000,140.000
629.000,260.000,205.000,148.000
627.000,263.000,205.000,150.000
631.000,265.000,218.000,147.000
623.000,260.000,217.000,151.000
621.000,270.000,220.000,143.000
621.000,263.000,215.000,153.000
625.000,258.000,220.000,194.000
618.000,258.000,225.000,191.000
615.000,262.000,233.000,183.000
616.000,255.000,243.000,197.000
599.000,251.000,253.000,199.000
606.000,257.000,242.000,203.000
613.000,260.000,243.000,192.000
612.000,256.000,239.000,202.000
608.000,258.000,244.000,202.000
598.000,271.000,258.000,190.000
600.000,263.000,240.000,189.000
603.000,268.000,234.000,183.000
612.000,270.000,253.000,178.000
588.000,268.000,264.000,186.000
580.000,263.000,267.000,198.000
570.000,265.000,268.000,190.000
563.000,267.000,278.000,196.000
561.000,271.000,281.000,181.000
567.000,267.000,262.000,195.000
548.000,266.000,269.000,192.000
543.000,265.000,274.000,197.000
519.000,267.000,291.000,197.000
517.000,256.000,276.000,199.000
514.000,259.000,291.000,198.000
508.000,262.000,289.000,203.000
490.000,251.000,303.000,206.000
493.000,260.000,290.000,208.000
484.000,246.000,292.000,212.000
483.000,269.000,286.000,189.000
482.000,245.000,291.000,211.000
481.000,265.000,291.000,201.000
468.000,264.000,302.000,185.000
475.000,277.000,289.000,189.000
470.000,266.000,287.000,198.000
466.000,266.000,291.000,191.000
468.000,260.000,282.000,198.000
462.000,279.000,279.000,175.000
465.000,279.000,274.000,184.000
454.000,277.000,287.000,179.000
453.000,273.000,285.000,188.000
456.000,271.000,280.000,187.000
460.000,277.000,277.000,183.000
459.000,280.000,269.000,176.000
463.000,277.000,266.000,189.000
463.000,275.000,271.000,187.000
458.000,271.000,277.000,190.000
456.000,276.000,273.000,185.000
457.000,266.000,275.000,195.000
455.000,266.000,280.000,193.000
459.000,275.000,272.000,190.000
458.000,276.000,271.000,185.000
465.000,272.000,267.000,189.000
464.000,271.000,266.000,197.000
459.000,263.000,273.000,190.000
466.000,269.000,266.000,191.000
462.000,272.000,267.000,189.000
479.000,282.000,255.000,181.000
452.000,264.000,276.000,189.000
448.000,266.000,287.000,190.000
465.000,276.000,279.000,186.000
459.000,270.000,267.000,189.000
459.000,268.000,272.000,191.000
461.000,265.000,267.000,189.000
455.000,270.000,276.000,190.000
459.000,268.000,272.000,190.000
465.000,265.000,259.000,198.000
467.000,279.000,266.000,179.000
457.000,262.000,272.000,197.000
455.000,265.000,274.000,193.000
455.000,262.000,277.000,186.000
457.000,271.000,275.000,184.000
455.000,264.000,275.000,190.000
450.000,264.000,286.000,192.000
455.000,263.000,281.000,188.000
458.000,263.000,271.000,193.000
461.000,270.000,260.000,186.000
453.000,268.000,274.000,187.000
452.000,269.000,274.000,184.000
458.000,268.000,271.000,186.000
448.000,264.000,285.000,189.000
464.000,274.000,272.000,183.000
457.000,267.000,269.000,180.000
457.000,270.000,274.000,182.000
464.000,267.000,262.000,190.000
469.000,267.000,269.000,187.000
460.000,270.000,272.000,183.000
461.000,264.000,272.000,195.000
460.000,272.000,278.000,179.000
459.000,272.000,275.000,184.000
462.000,263.000,271.000,191.000
459.000,275.000,277.000,179.000
465.000,267.000,267.000,193.000
464.000,263.000,271.000,191.000
464.000,265.000,271.000,185.000
464.000,272.000,272.000,186.000
461.000,270.000,273.000,187.000
464.000,264.000,271.000,194.000
473.000,260.000,258.000,198.000
488.000,268.000,237.000,193.000
483.000,260.000,255.000,193.000
466.000,260.000,263.000,188.000
472.000,262.000,268.000,190.000
478.000,268.000,264.000,189.000
481.000,268.000,262.000,186.000
482.000,262.000,251.000,189.000
477.000,258.000,254.000,191.000
473.000,257.000,257.000,193.000
473.000,271.000,257.000,183.000
476.000,265.000,258.000,189.000
485.000,268.000,243.000,181.000
483.000,272.000,249.000,176.000
487.000,273.000,247.000,179.000
485.000,278.000,240.000,172.000
483.000,274.000,244.000,175.000
492.000,272.000,241.000,175.000
480.000,264.000,248.000,181.000
494.000,268.000,235.000,175.000
492.000,267.000,236.000,179.000
495.000,270.000,233.000,180.000
494.000,273.000,236.000,178.000
495.000,269.000,237.000,183.000
498.000,273.000,236.000,175.000
504.000,271.000,221.000,171.000
498.000,268.000,234.000,176.000
504.000,275.000,225.000,173.000
504.000,274.000,228.000,179.000
497.000,269.000,229.000,175.000
500.000,276.000,223.000,159.000
500.000,268.000,230.000,179.000
497.000,271.000,231.000,167.000
498.000,269.000,228.000,167.000
498.000,269.000,232.000,170.000
499.000,268.000,230.000,173.000
502.000,273.000,225.000,166.000
500.000,273.000,223.000,167.000
497.000,265.000,237.000,174.000
497.000,266.000,229.000,176.000
504.000,271.000,233.000,173.000
491.000,262.000,245.000,175.000
498.000,262.000,240.000,167.000
500.000,262.000,237.000,164.000
507.000,263.000,214.000,169.000
498.000,260.000,230.000,177.000
491.000,262.000,243.000,166.000
498.000,261.000,233.000,171.000
500.000,262.000,232.000,182.000
503.000,264.000,226.000,175.000
503.000,262.000,225.000,183.000
500.000,262.000,228.000,176.000
498.000,268.000,224.000,167.000
503.000,267.000,218.000,172.000
497.000,270.000,228.000,174.000
501.000,271.000,237.000,172.000
502.000,269.000,233.000,169.000
507.000,267.000,225.000,176.000
497.000,270.000,236.000,166.000
496.000,266.000,234.000,175.000
496.000,263.000,236.000,179.000
503.000,261.000,225.000,191.000
494.000,268.000,239.000,180.000
495.000,271.000,234.000,177.000
494.000,272.000,239.000,170.000
487.000,269.000,247.000,172.000
491.000,270.000,242.000,163.000
498.000,269.000,235.000,177.000
505.000,269.000,232.000,178.000
503.000,269.000,226.000,181.000
493.000,266.000,235.000,181.000
495.000,267.000,240.000,180.000
496.000,268.000,240.000,177.000
495.000,270.000,246.000,179.000
495.000,270.000,236.000,186.000
488.000,273.000,249.000,176.000
491.000,274.000,247.000,174.000
492.000,267.000,247.000,179.000
491.000,272.000,243.000,178.000
485.000,268.000,248.000,184.000
486.000,264.000,241.000,186.000
478.000,262.000,249.000,188.000
482.000,263.000,244.000,187.000
480.000,271.000,246.000,181.000
482.000,270.000,239.000,181.000
476.000,262.000,248.000,184.000
461.000,264.000,264.000,168.000
467.000,269.000,250.000,170.000
472.000,265.000,236.000,175.000
481.000,261.000,225.000,180.000
483.000,261.000,225.000,187.000
484.000,255.000,225.000,200.000
477.000,259.000,226.000,183.000
475.000,257.000,238.000,185.000
470.000,266.000,233.000,176.000
472.000,259.000,234.000,189.000
476.000,260.000,227.000,191.000
473.000,262.000,227.000,187.000
485.000,264.000,213.000,185.000
476.000,263.000,227.000,186.000
483.000,264.000,221.000,190.000
482.000,265.000,221.000,178.000
482.000,269.000,220.000,173.000
481.000,265.000,219.000,181.000
487.000,263.000,218.000,184.000
486.000,261.000,221.000,182.000
493.000,263.000,216.000,181.000
487.000,265.000,221.000,182.000
486.000,261.000,218.000,180.000
494.000,264.000,219.000,172.000
489.000,261.000,226.000,181.000
492.000,263.000,224.000,180.000
495.000,266.000,225.000,176.000
495.000,261.000,221.000,183.000
497.000,260.000,222.000,177.000
501.000,271.000,228.000,162.000
504.000,266.000,231.000,170.000
504.000,265.000,216.000,167.000
504.000,263.000,217.000,153.000
503.000,272.000,226.000,164.000
495.000,267.000,232.000,164.000
501.000,266.000,224.000,164.000
501.000,266.000,223.000,164.000
503.000,265.000,224.000,168.000
507.000,267.000,225.000,165.000
505.000,264.000,225.000,168.000
507.000,264.000,228.000,171.000
505.000,267.000,229.000,168.000
507.000,271.000,225.000,163.000
498.000,280.000,225.000,147.000
500.000,269.000,235.000,163.000
506.000,269.000,220.000,163.000
506.000,267.000,226.000,169.000
508.000,261.000,227.000,181.000
507.000,269.000,230.000,163.000
507.000,276.000,231.000,144.000
522.000,272.000,217.000,159.000
511.000,269.000,227.000,160.000
508.000,270.000,222.000,161.000
512.000,270.000,223.000,160.000
510.000,273.000,223.000,160.000
509.000,275.000,223.000,157.000
507.000,270.000,226.000,163.000
503.000,268.000,227.000,161.000
510.000,265.000,221.000,159.000
512.000,268.000,219.000,157.000
514.000,272.000,210.000,144.000
517.000,267.000,213.000,150.000
519.000,270.000,209.000,144.000
517.000,275.000,207.000,135.000
518.000,273.000,211.000,141.000
522.000,271.000,204.000,140.000
516.000,269.000,214.000,141.000
520.000,273.000,206.000,138.000
521.000,274.000,207.000,137.000
520.000,278.000,210.000,132.000
521.000,279.000,206.000,129.000
519.000,276.000,208.000,131.000
518.000,278.000,208.000,132.000
518.000,279.000,210.000,134.000
518.000,283.000,204.000,126.000
518.000,280.000,203.000,127.000
519.000,281.000,203.000,130.000
521.000,283.000,203.000,127.000
514.000,280.000,214.000,130.000
520.000,281.000,203.000,133.000
521.000,278.000,208.000,139.000
520.000,279.000,197.000,139.000
519.000,283.000,207.000,131.000
517.000,280.000,209.000,135.000
517.000,279.000,211.000,139.000
519.000,280.000,204.000,140.000
512.000,277.000,208.000,140.000
511.000,270.000,201.000,148.000
511.000,273.000,208.000,139.000
507.000,269.000,199.000,143.000
510.000,269.000,208.000,140.000
517.000,273.000,201.000,136.000
514.000,275.000,205.000,135.000
512.000,268.000,206.000,143.000
507.000,264.000,198.000,153.000
512.000,267.000,202.000,156.000
504.000,263.000,217.000,152.000
505.000,265.000,213.000,149.000
501.000,261.000,221.000,155.000
504.000,266.000,213.000,147.000
511.000,271.000,203.000,143.000
518.000,267.000,203.000,159.000
507.000,276.000,209.000,147.000
509.000,270.000,204.000,153.000
509.000,269.000,208.000,154.000
512.000,273.000,204.000,145.000
517.000,271.000,196.000,145.000
515.000,269.000,207.000,150.000
514.000,270.000,210.000,149.000
511.000,275.000,208.000,144.000
507.000,269.000,213.000,152.000
503.000,269.000,217.000,148.000
506.000,269.000,206.000,149.000
510.000,269.000,210.000,147.000
512.000,272.000,208.000,141.000
514.000,273.000,216.000,151.000
505.000,270.000,215.000,158.000
501.000,267.000,221.000,156.000
502.000,272.000,223.000,151.000
510.000,272.000,205.000,155.000
504.000,272.000,208.000,154.000
505.000,275.000,213.000,149.000
502.000,274.000,218.000,147.000
505.000,275.000,221.000,141.000
509.000,275.000,210.000,143.000
509.000,274.000,209.000,142.000
514.000,275.000,201.000,139.000
503.000,270.000,218.000,142.000
509.000,267.000,206.000,148.000
503.000,269.000,223.000,139.000
501.000,267.000,222.000,151.000
498.000,269.000,227.000,147.000
505.000,274.000,210.000,146.000
502.000,275.000,217.000,143.000
507.000,274.000,210.000,151.000
500.000,271.000,212.000,155.000
501.000,272.000,224.000,151.000
503.000,268.000,218.000,152.000
500.000,272.000,217.000,158.000
499.000,270.000,220.000,158.000
499.000,268.000,227.000,163.000
499.000,269.000,218.000,162.000
500.000,270.000,218.000,153.000
499.000,264.000,213.000,157.000
499.000,267.000,228.000,164.000
497.000,270.000,218.000,161.000
495.000,271.000,227.000,154.000
501.000,271.000,224.000,155.000
502.000,265.000,210.000,168.000
501.000,267.000,223.000,171.000
499.000,269.000,218.000,174.000
502.000,271.000,211.000,170.000
502.000,276.000,217.000,145.000
497.000,276.000,222.000,161.000
500.000,267.000,216.000,156.000
494.000,271.000,234.000,164.000
502.000,268.000,220.000,173.000
496.000,265.000,223.000,174.000
501.000,273.000,218.000,148.000
496.000,269.000,220.000,163.000
501.000,266.000,229.000,168.000
502.000,266.000,224.000,171.000
502.000,269.000,222.000,169.000
499.000,265.000,222.000,178.000
492.000,268.000,224.000,167.000
498.000,269.000,227.000,166.000
499.000,272.000,225.000,148.000
505.000,273.000,224.000,149.000
507.000,268.000,219.000,155.000
503.000,269.000,220.000,157.000
501.000,274.000,232.000,153.000
500.000,271.000,235.000,168.000
500.000,268.000,225.000,164.000
511.000,271.000,216.000,158.000
505.000,272.000,223.000,153.000
508.000,273.000,223.000,164.000
503.000,269.000,229.000,170.000
508.000,266.000,226.000,172.000
511.000,272.000,225.000,154.000
507.000,276.000,229.000,149.000
512.000,269.000,223.000,159.000
512.000,268.000,228.000,161.000
513.000,273.000,229.000,161.000
513.000,276.000,222.000,142.000
515.000,269.000,221.000,152.000
517.000,267.000,218.000,166.000
519.000,272.000,231.000,163.000
520.000,268.000,224.000,172.000
521.000,269.000,225.000,166.000
517.000,269.000,228.000,170.000
521.000,272.000,222.000,158.000
509.000,264.000,241.000,174.000
527.000,275.000,223.000,159.000
522.000,270.000,228.000,159.000
520.000,266.000,236.000,172.000
525.000,264.000,227.000,179.000
522.000,276.000,231.000,150.000
516.000,267.000,228.000,176.000
522.000,270.000,226.000,159.000
521.000,266.000,239.000,175.000
526.000,270.000,230.000,160.000
524.000,266.000,235.000,164.000
523.000,267.000,233.000,176.000
526.000,272.000,235.000,154.000
524.000,267.000,233.000,158.000
527.000,268.000,228.000,152.000
532.000,268.000,225.000,160.000
524.000,266.000,231.000,165.000
526.000,267.000,225.000,157.000
525.000,266.000,229.000,159.000
524.000,267.000,231.000,158.000
525.000,267.000,231.000,157.000
524.000,268.000,229.000,152.000
523.000,270.000,229.000,149.000
534.000,268.000,224.000,165.000
524.000,273.000,233.000,150.000
527.000,266.000,227.000,161.000
534.000,268.000,225.000,167.000
532.000,269.000,228.000,164.000
525.000,269.000,227.000,147.000
526.000,269.000,226.000,153.000
525.000,267.000,228.000,152.000
521.000,266.000,230.000,149.000
528.000,263.000,224.000,152.000
528.000,264.000,226.000,150.000
528.000,266.000,224.000,147.000
528.000,265.000,222.000,152.000
531.000,264.000,225.000,151.000
533.000,266.000,216.000,152.000
544.000,272.000,219.000,143.000
550.000,271.000,213.000,143.000
551.000,270.000,216.000,146.000
554.000,272.000,215.000,142.000
548.000,267.000,222.000,145.000
551.000,263.000,219.000,149.000
555.000,267.000,219.000,143.000
554.000,262.000,217.000,160.000
552.000,263.000,223.000,158.000
560.000,262.000,215.000,158.000
559.000,265.000,222.000,153.000
561.000,264.000,223.000,155.000
562.000,262.000,224.000,154.000
561.000,268.000,225.000,156.000
561.000,259.000,229.000,163.000
564.000,260.000,234.000,159.000
569.000,260.000,227.000,156.000
565.000,255.000,239.000,159.000
580.000,261.000,223.000,154.000
583.000,260.000,218.000,154.000
592.000,267.000,210.000,148.000
590.000,264.000,226.000,147.000
576.000,264.000,230.000,154.000
568.000,267.000,245.000,147.000
577.000,263.000,245.000,160.000
569.000,262.000,246.000,153.000
558.000,260.000,258.000,156.000
573.000,259.000,244.000,159.000
561.000,256.000,250.000,160.000
582.000,259.000,230.000,165.000
578.000,261.000,229.000,156.000
568.000,258.000,242.000,159.000
585.000,258.000,226.000,178.000
590.000,255.000,231.000,180.000
580.000,260.000,228.000,175.000
583.000,257.000,228.000,183.000
574.000,261.000,234.000,180.000
565.000,257.000,237.000,182.000
579.000,263.000,220.000,183.000
578.000,262.000,227.000,178.000
561.000,268.000,235.000,162.000
574.000,261.000,234.000,190.000
571.000,264.000,230.000,184.000
562.000,261.000,241.000,172.000
563.000,257.000,245.000,189.000
549.000,256.000,240.000,186.000
546.000,254.000,252.000,192.000
552.000,259.000,240.000,188.000
538.000,254.000,252.000,193.000
539.000,255.000,252.000,189.000
521.000,254.000,268.000,200.000
530.000,253.000,260.000,203.000
523.000,250.000,264.000,200.000
520.000,254.000,270.000,201.000
516.000,247.000,274.000,204.000
518.000,254.000,265.000,203.000
513.000,251.000,278.000,203.000
515.000,245.000,262.000,208.000
519.000,256.000,263.000,190.000
511.000,256.000,257.000,186.000
501.000,250.000,275.000,204.000
501.000,245.000,285.000,204.000
502.000,251.000,266.000,195.000
493.000,245.000,281.000,210.000
488.000,244.000,285.000,212.000
492.000,251.000,283.000,207.000
488.000,264.000,287.000,187.000
492.000,269.000,285.000,184.000
490.000,254.000,276.000,199.000
481.000,266.000,290.000,189.000
480.000,257.000,296.000,202.000
477.000,253.000,300.000,198.000
470.000,252.000,312.000,210.000
487.000,264.000,295.000,195.000
477.000,251.000,299.000,213.000
485.000,269.000,283.000,202.000
477.000,265.000,292.000,190.000
477.000,255.000,285.000,203.000
480.000,269.000,292.000,202.000
474.000,268.000,288.000,190.000
475.000,252.000,291.000,209.000
488.000,268.000,278.000,197.000
483.000,266.000,284.000,186.000
481.000,259.000,280.000,201.000
477.000,263.000,284.000,197.000
469.000,249.000,297.000,207.000
477.000,268.000,276.000,193.000
472.000,262.000,279.000,193.000
467.000,267.000,296.000,196.000
467.000,259.000,290.000,192.000
474.000,263.000,285.000,188.000
470.000,265.000,284.000,183.000
466.000,271.000,288.000,189.000
465.000,263.000,281.000,193.000
465.000,259.000,293.000,210.000
462.000,260.000,281.000,193.000
452.000,254.000,294.000,205.000
458.000,264.000,294.000,198.000
461.000,264.000,291.000,191.000
453.000,255.000,288.000,198.000
455.000,260.000,295.000,196.000
456.000,265.000,284.000,190.000
457.000,260.000,289.000,199.000
458.000,251.000,285.000,200.000
454.000,258.000,287.000,206.000
455.000,260.000,290.000,194.000
454.000,255.000,291.000,205.000
456.000,248.000,287.000,203.000
465.000,258.000,283.000,204.000
458.000,271.000,285.000,192.000
455.000,254.000,288.000,201.000
464.000,256.000,282.000,200.000
459.000,255.000,291.000,214.000
450.000,257.000,298.000,198.000
457.000,240.000,277.000,208.000
454.000,260.000,293.000,206.000
450.000,249.000,292.000,212.000
464.000,266.000,278.000,199.000
460.000,275.000,287.000,179.000
461.000,255.000,291.000,203.000
454.000,260.000,292.000,203.000
468.000,260.000,271.000,186.000
463.000,272.000,285.000,183.000
468.000,262.000,283.000,195.000
460.000,252.000,288.000,204.000
464.000,269.000,284.000,195.000
460.000,266.000,291.000,195.000
470.000,261.000,276.000,196.000
467.000,265.000,283.000,190.000
463.000,258.000,286.000,201.000
471.000,264.000,282.000,189.000
475.000,273.000,277.000,186.000
484.000,265.000,265.000,198.000
475.000,257.000,268.000,197.000
476.000,255.000,281.000,204.000
467.000,247.000,283.000,204.000
477.000,257.000,273.000,201.000
476.000,251.000,275.000,215.000
473.000,247.000,282.000,209.000
476.000,252.000,279.000,209.000
483.000,261.000,268.000,190.000
477.000,252.000,277.000,210.000
470.000,258.000,281.000,196.000
470.000,254.000,285.000,207.000
482.000,265.000,280.000,185.000
482.000,260.000,269.000,200.000
484.000,257.000,275.000,195.000
481.000,263.000,279.000,189.000
476.000,255.000,271.000,203.000
475.000,258.000,282.000,195.000
481.000,269.000,276.000,179.000
478.000,261.000,266.000,187.000
478.000,256.000,278.000,200.000
476.000,256.000,284.000,207.000
473.000,256.000,274.000,197.000
478.000,255.000,279.000,201.000
471.000,261.000,281.000,193.000
477.000,260.000,277.000,197.000
466.000,241.000,279.000,204.000
476.000,253.000,277.000,209.000
474.000,256.000,269.000,200.000
485.000,254.000,264.000,204.000
478.000,252.000,271.000,203.000
474.000,253.000,278.000,212.000
477.000,248.000,267.000,208.000
482.000,261.000,263.000,198.000
482.000,259.000,270.000,202.000
476.000,254.000,273.000,201.000
487.000,259.000,273.000,196.000
478.000,259.000,268.000,203.000
483.000,265.000,269.000,191.000
479.000,257.000,266.000,202.000
489.000,261.000,267.000,199.000
484.000,247.000,268.000,205.000
483.000,243.000,267.000,209.000
490.000,234.000,257.000,216.000
491.000,263.000,266.000,206.000
486.000,256.000,264.000,194.000
488.000,251.000,266.000,194.000
491.000,255.000,266.000,188.000
487.000,259.000,259.000,195.000
489.000,251.000,256.000,204.000
491.000,248.000,266.000,206.000
497.000,239.000,248.000,218.000
506.000,241.000,251.000,216.000
508.000,245.000,253.000,214.000
516.000,239.000,250.000,215.000
507.000,236.000,257.000,220.000
515.000,235.000,256.000,216.000
529.000,244.000,257.000,216.000
544.000,251.000,255.000,212.000
552.000,243.000,253.000,210.000
567.000,235.000,249.000,224.000
565.000,261.000,253.000,194.000
586.000,249.000,247.000,205.000
610.000,244.000,238.000,208.000
610.000,240.000,252.000,212.000
625.000,241.000,253.000,214.000
628.000,230.000,266.000,226.000
626.000,233.000,268.000,217.000
638.000,233.000,264.000,220.000
640.000,226.000,274.000,235.000
643.000,235.000,284.000,222.000
657.000,236.000,277.000,225.000
669.000,243.000,270.000,210.000
666.000,240.000,271.000,217.000
685.000,238.000,259.000,208.000
691.000,253.000,255.000,189.000
705.000,245.000,256.000,226.000
706.000,237.000,275.000,230.000
706.000,256.000,270.000,193.000
704.000,248.000,272.000,205.000
712.000,250.000,271.000,207.000
725.000,242.000,261.000,218.000
726.000,256.000,287.000,214.000
727.000,267.000,346.000,195.000
721.000,238.000,331.000,238.000
723.000,251.000,332.000,231.000
718.000,244.000,343.000,237.000
727.000,255.000,339.000,220.000
723.000,253.000,377.000,228.000
726.000,259.000,382.000,219.000
