1109.000,531.000,82.000,135.000
1115.000,523.000,84.000,139.000
1118.000,516.000,85.000,142.000
1125.000,506.000,83.000,145.000
1126.000,497.000,84.000,146.000
1129.000,497.000,88.000,142.000
1131.000,498.000,83.000,139.000
1138.000,487.000,84.000,148.000
1142.000,488.000,85.000,144.000
1148.000,480.000,81.000,149.000
1149.000,480.000,84.000,148.000
1154.000,477.000,84.000,149.000
1158.000,468.000,87.000,152.000
1164.000,471.000,83.000,144.000
1168.000,466.000,82.000,146.000
1167.000,463.000,87.000,151.000
1173.000,467.000,81.000,144.000
1172.000,465.000,87.000,144.000
1178.000,462.000,84.000,146.000
1181.000,459.000,80.000,145.000
1182.000,455.000,81.000,144.000
1183.000,452.000,85.000,149.000
1182.000,449.000,83.000,145.000
1184.000,450.000,85.000,140.000
1183.000,447.000,82.000,147.000
1184.000,452.000,82.000,138.000
1184.000,448.000,82.000,148.000
1184.000,449.000,80.000,149.000
1182.000,450.000,82.000,147.000
1180.000,454.000,86.000,142.000
1181.000,454.000,85.000,145.000
1181.000,453.000,84.000,147.000
1178.000,451.000,85.000,150.000
1179.000,455.000,86.000,146.000
1178.000,455.000,82.000,148.000
1178.000,456.000,83.000,147.000
1174.000,458.000,86.000,143.000
1174.000,457.000,83.000,146.000
1173.000,452.000,83.000,151.000
1167.000,457.000,91.000,144.000
1170.000,458.000,83.000,145.000
1168.000,457.000,79.000,151.000
1163.000,459.000,86.000,149.000
1156.000,460.000,94.000,152.000
1153.000,447.000,126.000,163.000
1159.000,460.000,82.000,149.000
1156.000,464.000,84.000,148.000
1155.000,466.000,82.000,149.000
1150.000,466.000,84.000,148.000
1145.000,468.000,88.000,149.000
1142.000,469.000,87.000,151.000
1127.000,458.000,151.000,157.000
1121.000,458.000,158.000,160.000
1121.000,456.000,159.000,164.000
1120.000,462.000,159.000,156.000
1119.000,457.000,155.000,166.000
1116.000,458.000,159.000,169.000
1109.000,458.000,170.000,167.000
1110.000,458.000,164.000,167.000
1114.000,459.000,157.000,162.000
1111.000,459.000,159.000,163.000
1108.000,458.000,164.000,166.000
1104.000,464.000,167.000,157.000
1102.000,459.000,169.000,164.000
1098.000,461.000,169.000,163.000
1096.000,458.000,169.000,174.000
1096.000,461.000,170.000,167.000
1090.000,463.000,177.000,165.000
1093.000,462.000,170.000,161.000
1088.000,463.000,174.000,160.000
1085.000,463.000,180.000,163.000
1077.000,462.000,187.000,163.000
1073.000,458.000,187.000,179.000
1072.000,459.000,185.000,178.000
1077.000,460.000,183.000,183.000
1063.000,460.000,195.000,177.000
1070.000,462.000,191.000,169.000
1066.000,462.000,188.000,167.000
1061.000,466.000,187.000,168.000
1065.000,464.000,177.000,165.000
1063.000,468.000,176.000,159.000
1065.000,466.000,171.000,162.000
1078.000,474.000,96.000,154.000
1062.000,466.000,170.000,160.000
1074.000,473.000,94.000,156.000
1059.000,467.000,169.000,151.000
1056.000,466.000,182.000,153.000
1057.000,467.000,175.000,153.000
1057.000,466.000,174.000,159.000
1063.000,468.000,167.000,153.000
1071.000,475.000,98.000,156.000
1072.000,474.000,93.000,159.000
1054.000,468.000,174.000,155.000
1057.000,469.000,169.000,157.000
1071.000,472.000,89.000,158.000
1047.000,473.000,180.000,151.000
1045.000,469.000,178.000,158.000
1046.000,471.000,174.000,159.000
1047.000,471.000,172.000,157.000
1059.000,474.000,96.000,154.000
1058.000,473.000,94.000,157.000
1054.000,474.000,95.000,158.000
1037.000,467.000,175.000,154.000
1033.000,466.000,176.000,159.000
1043.000,470.000,98.000,157.000
1042.000,469.000,94.000,156.000
1035.000,467.000,98.000,157.000
1027.000,467.000,103.000,152.000
1028.000,460.000,97.000,160.000
1028.000,457.000,96.000,157.000
1029.000,454.000,95.000,160.000
1025.000,449.000,96.000,160.000
1024.000,446.000,96.000,162.000
1013.000,434.000,174.000,173.000
1022.000,440.000,97.000,159.000
996.000,433.000,190.000,161.000
1017.000,428.000,98.000,165.000
993.000,420.000,192.000,173.000
1018.000,429.000,96.000,157.000
993.000,416.000,232.000,172.000
992.000,414.000,253.000,177.000
990.000,412.000,261.000,183.000
994.000,420.000,234.000,173.000
994.000,417.000,215.000,173.000
995.000,417.000,220.000,175.000
991.000,413.000,258.000,186.000
997.000,416.000,246.000,178.000
1003.000,417.000,199.000,177.000
1008.000,411.000,191.000,178.000
1004.000,420.000,194.000,169.000
1011.000,420.000,189.000,170.000
1022.000,413.000,175.000,174.000
1012.000,414.000,183.000,176.000
1017.000,410.000,180.000,177.000
1016.000,416.000,184.000,171.000
1020.000,415.000,215.000,186.000
1017.000,427.000,185.000,172.000
1017.000,426.000,221.000,178.000
1017.000,432.000,190.000,175.000
1021.000,434.000,223.000,172.000
1019.000,444.000,199.000,169.000
1021.000,447.000,211.000,176.000
1012.000,447.000,240.000,188.000
1028.000,453.000,215.000,189.000
1029.000,452.000,222.000,193.000
1043.000,452.000,210.000,198.000
1051.000,449.000,201.000,204.000
1069.000,444.000,193.000,204.000
1076.000,432.000,193.000,205.000
1081.000,428.000,193.000,193.000
1092.000,410.000,180.000,206.000
1102.000,398.000,173.000,207.000
1090.000,393.000,184.000,205.000
1101.000,388.000,177.000,208.000
1110.000,376.000,170.000,194.000
1096.000,372.000,187.000,193.000
1102.000,371.000,180.000,190.000
1094.000,369.000,187.000,185.000
1086.000,354.000,190.000,202.000
1093.000,361.000,182.000,195.000
1067.000,365.000,208.000,197.000
1074.000,359.000,197.000,204.000
1056.000,365.000,221.000,206.000
1069.000,364.000,202.000,215.000
1054.000,363.000,223.000,214.000
1052.000,357.000,230.000,216.000
1054.000,351.000,223.000,214.000
1085.000,348.000,119.000,199.000
1085.000,340.000,121.000,202.000
1089.000,339.000,116.000,198.000
1084.000,344.000,116.000,200.000
1077.000,352.000,116.000,198.000
1070.000,354.000,119.000,196.000
1061.000,354.000,127.000,195.000
1064.000,341.000,125.000,202.000
1063.000,331.000,123.000,202.000
1063.000,322.000,121.000,210.000
1059.000,323.000,124.000,201.000
1058.000,320.000,128.000,200.000
1053.000,314.000,130.000,198.000
1047.000,317.000,138.000,197.000
1044.000,314.000,137.000,207.000
1037.000,321.000,142.000,204.000
1033.000,321.000,136.000,210.000
1028.000,328.000,136.000,205.000
1023.000,331.000,141.000,202.000
1017.000,333.000,143.000,202.000
1013.000,331.000,139.000,196.000
1010.000,327.000,142.000,201.000
1004.000,324.000,143.000,197.000
992.000,321.000,149.000,201.000
995.000,318.000,140.000,199.000
997.000,314.000,134.000,203.000
992.000,309.000,141.000,202.000
990.000,306.000,138.000,201.000
989.000,310.000,136.000,196.000
987.000,309.000,135.000,195.000
978.000,312.000,144.000,197.000
986.000,317.000,138.000,191.000
984.000,316.000,139.000,185.000
983.000,312.000,140.000,186.000
991.000,311.000,139.000,187.000
989.000,312.000,141.000,185.000
993.000,315.000,143.000,185.000
990.000,310.000,141.000,190.000
996.000,311.000,133.000,193.000
984.000,312.000,142.000,187.000
984.000,308.000,142.000,196.000
978.000,306.000,145.000,195.000
978.000,304.000,142.000,196.000
965.000,298.000,141.000,197.000
959.000,297.000,144.000,196.000
956.000,299.000,145.000,195.000
951.000,302.000,143.000,194.000
946.000,302.000,139.000,198.000
937.000,304.000,146.000,201.000
932.000,308.000,142.000,200.000
929.000,309.000,145.000,206.000
917.000,314.000,147.000,202.000
913.000,315.000,143.000,207.000
899.000,316.000,154.000,209.000
893.000,315.000,147.000,209.000
895.000,317.000,148.000,209.000
880.000,317.000,158.000,210.000
874.000,314.000,154.000,210.000
871.000,314.000,151.000,210.000
859.000,316.000,153.000,204.000
852.000,315.000,157.000,209.000
844.000,314.000,157.000,210.000
834.000,318.000,163.000,202.000
832.000,319.000,158.000,201.000
821.000,317.000,161.000,203.000
818.000,320.000,162.000,203.000
811.000,316.000,161.000,212.000
800.000,313.000,163.000,211.000
797.000,318.000,167.000,209.000
790.000,322.000,166.000,208.000
783.000,321.000,168.000,207.000
785.000,324.000,162.000,213.000
774.000,322.000,171.000,210.000
766.000,323.000,177.000,206.000
762.000,326.000,180.000,209.000
754.000,320.000,185.000,211.000
759.000,322.000,175.000,220.000
746.000,321.000,185.000,211.000
750.000,322.000,179.000,216.000
748.000,323.000,178.000,212.000
744.000,326.000,179.000,216.000
736.000,326.000,185.000,217.000
738.000,332.000,183.000,216.000
736.000,331.000,181.000,211.000
735.000,326.000,180.000,215.000
728.000,330.000,198.000,215.000
722.000,324.000,202.000,216.000
728.000,325.000,187.000,223.000
726.000,331.000,186.000,210.000
721.000,329.000,186.000,216.000
720.000,328.000,188.000,220.000
715.000,331.000,186.000,218.000
707.000,340.000,194.000,219.000
703.000,336.000,191.000,216.000
698.000,344.000,193.000,221.000
692.000,347.000,194.000,215.000
682.000,349.000,197.000,222.000
679.000,355.000,195.000,218.000
673.000,361.000,192.000,214.000
667.000,365.000,192.000,214.000
660.000,365.000,193.000,214.000
656.000,374.000,190.000,214.000
649.000,371.000,192.000,213.000
642.000,379.000,193.000,211.000
641.000,381.000,193.000,214.000
632.000,388.000,195.000,204.000
633.000,388.000,194.000,214.000
629.000,388.000,192.000,211.000
623.000,397.000,191.000,207.000
619.000,394.000,198.000,206.000
619.000,395.000,190.000,216.000
614.000,401.000,190.000,206.000
610.000,401.000,196.000,215.000
607.000,401.000,191.000,209.000
604.000,405.000,181.000,203.000
604.000,410.000,187.000,204.000
594.000,404.000,189.000,210.000
598.000,408.000,190.000,199.000
588.000,408.000,189.000,204.000
584.000,409.000,186.000,199.000
584.000,409.000,179.000,207.000
579.000,409.000,192.000,201.000
576.000,410.000,172.000,204.000
570.000,411.000,205.000,202.000
565.000,416.000,197.000,194.000
564.000,422.000,185.000,201.000
558.000,420.000,171.000,202.000
552.000,423.000,203.000,201.000
550.000,428.000,179.000,201.000
541.000,436.000,172.000,200.000
538.000,435.000,159.000,198.000
535.000,437.000,160.000,206.000
526.000,442.000,167.000,200.000
521.000,448.000,157.000,197.000
516.000,443.000,168.000,204.000
510.000,449.000,158.000,195.000
506.000,447.000,156.000,199.000
500.000,447.000,164.000,202.000
494.000,447.000,156.000,202.000
487.000,448.000,175.000,199.000
475.000,454.000,169.000,191.000
473.000,453.000,164.000,198.000
467.000,450.000,165.000,201.000
457.000,455.000,161.000,192.000
454.000,455.000,182.000,196.000
447.000,454.000,172.000,194.000
443.000,452.000,168.000,200.000
436.000,455.000,161.000,197.000
431.000,453.000,174.000,204.000
426.000,454.000,175.000,199.000
419.000,454.000,173.000,196.000
388.000,438.000,433.000,233.000
371.000,442.000,446.000,219.000
412.000,456.000,173.000,202.000
340.000,448.000,482.000,224.000
409.000,457.000,176.000,206.000
403.000,459.000,171.000,200.000
400.000,463.000,179.000,199.000
398.000,457.000,176.000,206.000
394.000,463.000,169.000,198.000
390.000,462.000,169.000,205.000
385.000,461.000,173.000,205.000
381.000,467.000,177.000,197.000
379.000,466.000,171.000,200.000
296.000,449.000,500.000,209.000
366.000,460.000,189.000,213.000
366.000,466.000,172.000,196.000
359.000,463.000,176.000,206.000
353.000,461.000,173.000,205.000
351.000,457.000,162.000,211.000
345.000,461.000,154.000,207.000
340.000,449.000,161.000,213.000
337.000,455.000,159.000,210.000
279.000,444.000,485.000,220.000
331.000,448.000,165.000,211.000
285.000,441.000,487.000,218.000
278.000,445.000,479.000,216.000
274.000,444.000,481.000,217.000
247.000,453.000,512.000,217.000
247.000,446.000,510.000,222.000
236.000,449.000,522.000,220.000
254.000,447.000,492.000,223.000
243.000,447.000,507.000,224.000
236.000,458.000,511.000,218.000
256.000,455.000,483.000,224.000
233.000,468.000,514.000,215.000
219.000,456.000,526.000,236.000
209.000,466.000,518.000,231.000
227.000,468.000,504.000,219.000
219.000,480.000,519.000,209.000
205.000,480.000,525.000,213.000
195.000,479.000,531.000,221.000
182.000,482.000,542.000,214.000
160.000,480.000,557.000,222.000
177.000,475.000,526.000,241.000
175.000,483.000,535.000,218.000
185.000,480.000,517.000,219.000
141.000,478.000,559.000,215.000
163.000,470.000,533.000,228.000
173.000,472.000,510.000,223.000
145.000,471.000,548.000,224.000
119.000,469.000,568.000,239.000
126.000,464.000,565.000,234.000
132.000,456.000,557.000,235.000
193.000,471.000,128.000,222.000
192.000,467.000,128.000,220.000
189.000,463.000,133.000,225.000
192.000,457.000,127.000,225.000
191.000,452.000,126.000,231.000
145.000,449.000,529.000,233.000
155.000,451.000,494.000,240.000
134.000,435.000,531.000,254.000
130.000,429.000,534.000,244.000
109.000,433.000,543.000,240.000
117.000,426.000,528.000,237.000
108.000,421.000,535.000,242.000
97.000,409.000,552.000,252.000
81.000,408.000,574.000,254.000
89.000,404.000,563.000,257.000
88.000,398.000,547.000,258.000
71.000,394.000,576.000,254.000
95.000,397.000,553.000,248.000
99.000,391.000,544.000,255.000
94.000,389.000,530.000,252.000
92.000,393.000,539.000,258.000
93.000,395.000,522.000,244.000
62.000,392.000,564.000,259.000
96.000,394.000,532.000,272.000
92.000,395.000,498.000,265.000
62.000,401.000,547.000,248.000
69.000,407.000,540.000,249.000
69.000,398.000,527.000,278.000
57.000,401.000,526.000,275.000
75.000,405.000,507.000,264.000
37.000,402.000,537.000,262.000
34.000,398.000,536.000,280.000
32.000,400.000,506.000,270.000
12.000,391.000,521.000,269.000
22.000,388.000,489.000,274.000
20.000,386.000,499.000,272.000
0.000,385.000,513.000,279.000
0.000,374.000,514.000,279.000
0.000,381.000,520.000,277.000
45.000,378.000,446.000,301.000
8.000,385.000,461.000,268.000
17.000,377.000,457.000,299.000
16.000,382.000,453.000,282.000
0.000,382.000,462.000,289.000
11.000,385.000,450.000,300.000
0.000,392.000,459.000,276.000
0.000,395.000,455.000,288.000
4.000,385.000,425.000,285.000
6.000,402.000,417.000,283.000
10.000,402.000,415.000,262.000
0.000,411.000,433.000,271.000
16.000,426.000,401.000,239.000
2.000,407.000,405.000,266.000
11.000,409.000,392.000,253.000
11.000,399.000,396.000,251.000
11.000,390.000,392.000,263.000
18.000,387.000,379.000,262.000
25.000,395.000,389.000,253.000
8.000,390.000,403.000,254.000
10.000,394.000,411.000,253.000
8.000,401.000,430.000,245.000
27.000,402.000,410.000,242.000
22.000,402.000,432.000,246.000
50.000,407.000,396.000,235.000
69.000,410.000,390.000,236.000
74.000,405.000,377.000,232.000
86.000,417.000,396.000,223.000
83.000,423.000,410.000,221.000
101.000,432.000,391.000,209.000
93.000,431.000,389.000,197.000
102.000,436.000,393.000,198.000
124.000,439.000,385.000,189.000
106.000,434.000,393.000,181.000
106.000,428.000,396.000,194.000
93.000,425.000,384.000,191.000
104.000,426.000,384.000,188.000
125.000,419.000,72.000,174.000
126.000,426.000,74.000,172.000
129.000,432.000,76.000,169.000
131.000,434.000,76.000,169.000
111.000,433.000,389.000,183.000
112.000,434.000,396.000,193.000
105.000,431.000,409.000,190.000
100.000,432.000,425.000,191.000
116.000,428.000,399.000,192.000
110.000,428.000,411.000,188.000
111.000,427.000,402.000,185.000
115.000,432.000,404.000,174.000
116.000,429.000,388.000,178.000
104.000,425.000,400.000,179.000
89.000,424.000,406.000,172.000
122.000,429.000,371.000,171.000
110.000,432.000,380.000,170.000
115.000,427.000,383.000,175.000
105.000,424.000,400.000,169.000
163.000,422.000,70.000,155.000
127.000,418.000,396.000,173.000
134.000,411.000,382.000,163.000
161.000,408.000,356.000,169.000
167.000,404.000,351.000,166.000
160.000,403.000,361.000,160.000
167.000,395.000,354.000,167.000
193.000,402.000,68.000,148.000
189.000,399.000,73.000,142.000
191.000,393.000,69.000,145.000
189.000,389.000,69.000,146.000
188.000,385.000,71.000,146.000
186.000,384.000,72.000,141.000
186.000,379.000,68.000,144.000
184.000,376.000,69.000,149.000
183.000,374.000,70.000,144.000
182.000,371.000,72.000,150.000
183.000,370.000,65.000,148.000
179.000,369.000,68.000,151.000
180.000,369.000,69.000,151.000
179.000,370.000,69.000,149.000
180.000,370.000,69.000,148.000
183.000,369.000,68.000,149.000
184.000,367.000,68.000,153.000
185.000,367.000,69.000,153.000
187.000,368.000,69.000,151.000
188.000,364.000,68.000,153.000
163.000,360.000,369.000,172.000
192.000,364.000,68.000,154.000
192.000,365.000,69.000,155.000
193.000,365.000,70.000,156.000
194.000,363.000,70.000,158.000
199.000,364.000,68.000,160.000
200.000,363.000,72.000,158.000
198.000,358.000,71.000,157.000
198.000,357.000,71.000,157.000
156.000,347.000,397.000,182.000
162.000,344.000,390.000,183.000
166.000,346.000,380.000,181.000
191.000,353.000,68.000,160.000
188.000,349.000,70.000,160.000
183.000,350.000,71.000,157.000
176.000,349.000,73.000,159.000
174.000,351.000,73.000,159.000
173.000,349.000,69.000,161.000
172.000,352.000,66.000,159.000
173.000,351.000,67.000,164.000
171.000,352.000,67.000,162.000
170.000,352.000,68.000,163.000
171.000,353.000,69.000,160.000
173.000,352.000,70.000,161.000
176.000,354.000,67.000,165.000
176.000,350.000,67.000,166.000
174.000,352.000,70.000,168.000
177.000,350.000,69.000,171.000
179.000,352.000,70.000,168.000
181.000,350.000,69.000,173.000
182.000,352.000,70.000,169.000
182.000,352.000,71.000,170.000
182.000,351.000,70.000,170.000
183.000,354.000,70.000,171.000
182.000,351.000,70.000,176.000
182.000,354.000,67.000,177.000
177.000,355.000,70.000,179.000
174.000,360.000,69.000,175.000
173.000,361.000,66.000,183.000
174.000,367.000,66.000,175.000
169.000,366.000,68.000,177.000
164.000,362.000,65.000,180.000
164.000,362.000,65.000,182.000
162.000,363.000,63.000,182.000
161.000,361.000,67.000,180.000
161.000,361.000,69.000,182.000
162.000,357.000,69.000,181.000
164.000,356.000,68.000,184.000
161.000,356.000,70.000,179.000
164.000,352.000,68.000,179.000
164.000,352.000,67.000,182.000
162.000,350.000,69.000,181.000
162.000,353.000,69.000,182.000
164.000,354.000,68.000,179.000
163.000,353.000,68.000,179.000
164.000,355.000,67.000,178.000
164.000,356.000,68.000,178.000
164.000,359.000,68.000,179.000
166.000,362.000,68.000,179.000
169.000,364.000,69.000,177.000
169.000,363.000,71.000,180.000
170.000,364.000,70.000,173.000
171.000,366.000,72.000,176.000
171.000,362.000,67.000,178.000
173.000,363.000,66.000,173.000
170.000,366.000,70.000,172.000
170.000,369.000,69.000,173.000
169.000,369.000,69.000,174.000
167.000,367.000,72.000,176.000
169.000,371.000,67.000,176.000
167.000,371.000,69.000,172.000
170.000,375.000,66.000,169.000
169.000,371.000,66.000,172.000
165.000,370.000,70.000,173.000
167.000,369.000,67.000,174.000
167.000,368.000,67.000,174.000
164.000,369.000,69.000,173.000
166.000,368.000,68.000,175.000
164.000,369.000,70.000,170.000
165.000,371.000,68.000,169.000
165.000,372.000,68.000,171.000
167.000,370.000,67.000,172.000
168.000,374.000,67.000,172.000
129.000,362.000,402.000,191.000
137.000,368.000,399.000,186.000
167.000,378.000,67.000,173.000
168.000,379.000,67.000,170.000
167.000,381.000,68.000,171.000
166.000,377.000,70.000,172.000
167.000,381.000,70.000,168.000
165.000,378.000,73.000,172.000
168.000,381.000,68.000,169.000
167.000,377.000,66.000,170.000
166.000,377.000,67.000,170.000
166.000,376.000,68.000,169.000
167.000,380.000,67.000,163.000
165.000,374.000,67.000,171.000
165.000,373.000,66.000,170.000
164.000,371.000,69.000,169.000
162.000,371.000,68.000,169.000
161.000,367.000,68.000,174.000
161.000,365.000,68.000,171.000
160.000,365.000,67.000,172.000
160.000,363.000,66.000,172.000
161.000,363.000,66.000,173.000
162.000,363.000,65.000,173.000
162.000,366.000,67.000,171.000
163.000,362.000,68.000,175.000
163.000,367.000,68.000,169.000
163.000,363.000,68.000,171.000
166.000,364.000,66.000,174.000
165.000,365.000,69.000,169.000
163.000,363.000,69.000,172.000
164.000,363.000,68.000,173.000
163.000,363.000,67.000,172.000
163.000,360.000,67.000,173.000
164.000,358.000,68.000,173.000
164.000,354.000,68.000,173.000
162.000,352.000,69.000,171.000
166.000,349.000,67.000,174.000
164.000,345.000,69.000,174.000
167.000,343.000,67.000,173.000
169.000,341.000,67.000,176.000
168.000,340.000,70.000,180.000
169.000,342.000,67.000,173.000
168.000,342.000,67.000,179.000
169.000,339.000,66.000,179.000
169.000,336.000,68.000,177.000
169.000,341.000,64.000,176.000
168.000,337.000,64.000,176.000
165.000,335.000,69.000,179.000
164.000,340.000,69.000,172.000
164.000,336.000,67.000,177.000
162.000,338.000,69.000,177.000
163.000,336.000,69.000,174.000
162.000,341.000,64.000,173.000
161.000,336.000,66.000,174.000
161.000,336.000,66.000,178.000
160.000,333.000,65.000,177.000
160.000,330.000,65.000,178.000
159.000,327.000,66.000,179.000
159.000,327.000,60.000,174.000
157.000,327.000,65.000,182.000
155.000,326.000,70.000,178.000
161.000,331.000,65.000,175.000
159.000,328.000,66.000,179.000
158.000,334.000,66.000,177.000
157.000,334.000,71.000,178.000
159.000,336.000,70.000,175.000
159.000,338.000,69.000,177.000
160.000,338.000,68.000,176.000
162.000,336.000,64.000,180.000
159.000,338.000,66.000,180.000
158.000,337.000,69.000,180.000
158.000,337.000,69.000,176.000
159.000,331.000,69.000,183.000
159.000,337.000,68.000,179.000
160.000,333.000,69.000,178.000
163.000,333.000,66.000,181.000
162.000,332.000,66.000,182.000
162.000,332.000,68.000,180.000
161.000,333.000,68.000,181.000
160.000,333.000,69.000,182.000
160.000,334.000,67.000,181.000
159.000,336.000,70.000,180.000
161.000,335.000,68.000,182.000
159.000,338.000,73.000,182.000
160.000,336.000,71.000,184.000
163.000,339.000,70.000,187.000
161.000,338.000,71.000,189.000
166.000,344.000,67.000,180.000
164.000,347.000,71.000,181.000
163.000,349.000,72.000,183.000
166.000,354.000,69.000,178.000
167.000,358.000,66.000,177.000
166.000,359.000,68.000,181.000
166.000,361.000,73.000,178.000
168.000,366.000,67.000,176.000
167.000,364.000,71.000,182.000
171.000,359.000,68.000,181.000
169.000,358.000,68.000,181.000
169.000,354.000,70.000,178.000
166.000,351.000,69.000,179.000
166.000,346.000,72.000,182.000
168.000,348.000,71.000,180.000
166.000,346.000,75.000,179.000
169.000,346.000,72.000,178.000
170.000,345.000,69.000,182.000
172.000,347.000,70.000,182.000
171.000,349.000,69.000,183.000
170.000,350.000,70.000,179.000
171.000,351.000,70.000,182.000
171.000,355.000,68.000,178.000
172.000,353.000,68.000,182.000
168.000,353.000,74.000,179.000
170.000,357.000,71.000,177.000
172.000,351.000,69.000,181.000
175.000,348.000,72.000,182.000
177.000,347.000,72.000,185.000
176.000,342.000,75.000,185.000
178.000,341.000,75.000,185.000
179.000,340.000,72.000,183.000
180.000,337.000,72.000,187.000
176.000,335.000,78.000,184.000
179.000,338.000,76.000,182.000
178.000,337.000,74.000,183.000
180.000,340.000,73.000,185.000
182.000,337.000,74.000,188.000
181.000,340.000,74.000,186.000
180.000,342.000,73.000,185.000
179.000,339.000,74.000,186.000
180.000,340.000,75.000,189.000
171.000,327.000,413.000,221.000
148.000,324.000,440.000,209.000
178.000,331.000,74.000,191.000
178.000,330.000,73.000,185.000
174.000,327.000,76.000,192.000
174.000,325.000,77.000,188.000
175.000,323.000,73.000,193.000
176.000,318.000,73.000,197.000
173.000,317.000,74.000,198.000
171.000,314.000,76.000,196.000
170.000,321.000,81.000,194.000
170.000,316.000,81.000,197.000
171.000,319.000,79.000,195.000
172.000,317.000,79.000,198.000
174.000,315.000,79.000,198.000
174.000,312.000,78.000,205.000
174.000,312.000,81.000,202.000
174.000,316.000,79.000,198.000
172.000,311.000,79.000,203.000
174.000,311.000,80.000,205.000
174.000,313.000,81.000,202.000
172.000,314.000,81.000,201.000
177.000,318.000,76.000,200.000
174.000,318.000,80.000,206.000
169.000,322.000,83.000,203.000
170.000,326.000,83.000,198.000
174.000,329.000,78.000,202.000
173.000,324.000,77.000,205.000
173.000,328.000,78.000,203.000
173.000,326.000,77.000,205.000
175.000,324.000,76.000,211.000
173.000,323.000,79.000,206.000
172.000,330.000,79.000,201.000
174.000,326.000,79.000,204.000
174.000,326.000,78.000,205.000
172.000,323.000,82.000,206.000
172.000,323.000,81.000,203.000
171.000,324.000,80.000,209.000
173.000,321.000,75.000,209.000
171.000,321.000,79.000,211.000
169.000,323.000,78.000,208.000
169.000,327.000,81.000,208.000
169.000,324.000,85.000,206.000
173.000,327.000,82.000,206.000
170.000,330.000,82.000,202.000
173.000,327.000,79.000,205.000
171.000,323.000,80.000,207.000
171.000,325.000,81.000,206.000
174.000,322.000,77.000,205.000
168.000,322.000,84.000,210.000
170.000,324.000,83.000,205.000
170.000,317.000,80.000,207.000
169.000,321.000,81.000,207.000
167.000,316.000,83.000,207.000
170.000,318.000,77.000,209.000
167.000,316.000,80.000,209.000
165.000,312.000,83.000,209.000
165.000,313.000,83.000,213.000
166.000,309.000,83.000,213.000
168.000,317.000,78.000,207.000
168.000,313.000,75.000,207.000
166.000,314.000,81.000,216.000
166.000,313.000,82.000,211.000
164.000,316.000,82.000,213.000
166.000,317.000,80.000,214.000
164.000,315.000,81.000,214.000
167.000,320.000,80.000,211.000
165.000,319.000,79.000,212.000
163.000,319.000,82.000,210.000
167.000,321.000,80.000,209.000
164.000,318.000,82.000,202.000
165.000,314.000,80.000,214.000
164.000,318.000,81.000,209.000
165.000,318.000,79.000,207.000
163.000,315.000,86.000,215.000
166.000,317.000,82.000,205.000
165.000,314.000,81.000,209.000
168.000,316.000,84.000,208.000
168.000,319.000,84.000,205.000
168.000,319.000,88.000,206.000
176.000,320.000,89.000,207.000
183.000,319.000,83.000,207.000
182.000,315.000,87.000,210.000
184.000,319.000,87.000,204.000
184.000,313.000,85.000,209.000
186.000,314.000,85.000,210.000
186.000,310.000,87.000,216.000
169.000,311.000,485.000,229.000
188.000,306.000,88.000,212.000
189.000,310.000,92.000,206.000
190.000,302.000,91.000,214.000
193.000,307.000,89.000,208.000
192.000,303.000,92.000,211.000
195.000,307.000,90.000,211.000
193.000,304.000,92.000,214.000
197.000,309.000,90.000,211.000
195.000,309.000,90.000,214.000
198.000,313.000,88.000,215.000
199.000,314.000,88.000,217.000
198.000,320.000,90.000,211.000
195.000,321.000,94.000,210.000
195.000,324.000,88.000,206.000
190.000,323.000,94.000,213.000
191.000,324.000,88.000,215.000
191.000,323.000,90.000,215.000
188.000,325.000,91.000,212.000
183.000,325.000,90.000,213.000
180.000,327.000,90.000,211.000
182.000,324.000,88.000,216.000
179.000,326.000,93.000,215.000
178.000,327.000,94.000,213.000
181.000,327.000,89.000,210.000
180.000,322.000,91.000,218.000
185.000,325.000,89.000,217.000
184.000,328.000,91.000,218.000
184.000,326.000,91.000,214.000
185.000,324.000,91.000,215.000
186.000,323.000,92.000,215.000
189.000,327.000,88.000,212.000
186.000,319.000,87.000,219.000
186.000,323.000,89.000,216.000
184.000,327.000,91.000,208.000
183.000,323.000,93.000,211.000
182.000,323.000,90.000,211.000
184.000,324.000,90.000,211.000
182.000,322.000,91.000,210.000
185.000,323.000,86.000,213.000
182.000,320.000,87.000,215.000
183.000,325.000,83.000,207.000
176.000,318.000,92.000,213.000
177.000,320.000,92.000,215.000
179.000,322.000,88.000,210.000
178.000,320.000,88.000,213.000
177.000,320.000,87.000,213.000
177.000,316.000,92.000,214.000
179.000,321.000,87.000,210.000
180.000,317.000,84.000,212.000
177.000,317.000,88.000,212.000
176.000,315.000,90.000,212.000
175.000,318.000,90.000,210.000
177.000,315.000,90.000,215.000
177.000,318.000,90.000,212.000
179.000,320.000,88.000,211.000
175.000,316.000,89.000,213.000
178.000,320.000,88.000,215.000
176.000,318.000,93.000,214.000
179.000,322.000,87.000,210.000
177.000,320.000,90.000,214.000
176.000,319.000,93.000,214.000
178.000,318.000,88.000,215.000
174.000,315.000,91.000,218.000
174.000,317.000,93.000,213.000
176.000,313.000,87.000,216.000
174.000,307.000,85.000,222.000
173.000,306.000,88.000,218.000
173.000,308.000,88.000,212.000
170.000,306.000,90.000,212.000
170.000,302.000,88.000,213.000
171.000,302.000,87.000,214.000
172.000,303.000,86.000,213.000
174.000,303.000,87.000,214.000
173.000,304.000,89.000,212.000
173.000,308.000,90.000,210.000
175.000,309.000,90.000,216.000
173.000,311.000,93.000,214.000
175.000,317.000,88.000,215.000
170.000,321.000,91.000,217.000
173.000,328.000,88.000,211.000
171.000,331.000,90.000,213.000
167.000,331.000,92.000,216.000
168.000,332.000,94.000,214.000
171.000,336.000,86.000,209.000
163.000,331.000,91.000,214.000
168.000,333.000,88.000,212.000
166.000,329.000,90.000,219.000
167.000,327.000,90.000,218.000
169.000,330.000,92.000,213.000
168.000,329.000,89.000,213.000
165.000,324.000,93.000,216.000
166.000,320.000,89.000,220.000
160.000,324.000,91.000,215.000
161.000,326.000,88.000,215.000
163.000,328.000,88.000,216.000
160.000,322.000,92.000,220.000
162.000,326.000,89.000,216.000
160.000,322.000,89.000,219.000
157.000,320.000,87.000,217.000
158.000,321.000,88.000,216.000
158.000,323.000,89.000,215.000
159.000,327.000,91.000,212.000
162.000,326.000,85.000,213.000
162.000,325.000,86.000,216.000
163.000,330.000,89.000,210.000
165.000,328.000,90.000,213.000
168.000,330.000,89.000,214.000
168.000,324.000,95.000,217.000
175.000,326.000,90.000,213.000
181.000,329.000,88.000,209.000
183.000,329.000,88.000,210.000
150.000,318.000,500.000,239.000
163.000,317.000,492.000,235.000
176.000,322.000,484.000,230.000
172.000,321.000,494.000,226.000
174.000,327.000,491.000,221.000
173.000,317.000,493.000,229.000
170.000,315.000,508.000,243.000
189.000,322.000,489.000,248.000
183.000,316.000,492.000,246.000
199.000,323.000,487.000,234.000
179.000,318.000,506.000,235.000
171.000,325.000,514.000,237.000
180.000,325.000,508.000,238.000
172.000,321.000,516.000,237.000
165.000,325.000,528.000,222.000
177.000,319.000,522.000,233.000
232.000,325.000,100.000,216.000
233.000,324.000,100.000,217.000
237.000,320.000,99.000,219.000
239.000,317.000,99.000,218.000
240.000,316.000,103.000,218.000
243.000,315.000,103.000,217.000
246.000,315.000,100.000,219.000
247.000,313.000,104.000,220.000
247.000,310.000,102.000,221.000
249.000,311.000,106.000,220.000
251.000,308.000,110.000,223.000
255.000,308.000,102.000,224.000
254.000,308.000,107.000,219.000
258.000,306.000,100.000,223.000
259.000,305.000,107.000,226.000
257.000,302.000,110.000,227.000
263.000,303.000,106.000,231.000
266.000,302.000,110.000,225.000
265.000,300.000,110.000,227.000
268.000,299.000,108.000,230.000
270.000,296.000,114.000,226.000
272.000,295.000,112.000,231.000
272.000,294.000,113.000,231.000
276.000,291.000,111.000,233.000
279.000,291.000,108.000,236.000
279.000,289.000,109.000,236.000
278.000,288.000,110.000,238.000
279.000,290.000,116.000,232.000
284.000,286.000,109.000,237.000
283.000,290.000,113.000,232.000
284.000,288.000,110.000,235.000
288.000,288.000,109.000,236.000
286.000,291.000,109.000,238.000
291.000,293.000,109.000,239.000
291.000,289.000,113.000,235.000
292.000,291.000,113.000,240.000
290.000,292.000,117.000,238.000
291.000,293.000,120.000,240.000
294.000,290.000,119.000,236.000
295.000,291.000,117.000,243.000
282.000,283.000,530.000,260.000
283.000,279.000,538.000,268.000
273.000,286.000,537.000,256.000
283.000,283.000,539.000,256.000
280.000,288.000,536.000,257.000
298.000,296.000,119.000,242.000
300.000,293.000,120.000,239.000
300.000,291.000,117.000,234.000
299.000,288.000,118.000,240.000
303.000,290.000,117.000,241.000
303.000,285.000,117.000,241.000
299.000,283.000,122.000,246.000
304.000,282.000,121.000,246.000
304.000,286.000,120.000,240.000
304.000,284.000,119.000,240.000
304.000,287.000,120.000,240.000
308.000,281.000,119.000,245.000
302.000,280.000,121.000,244.000
305.000,274.000,119.000,251.000
306.000,279.000,125.000,247.000
306.000,279.000,121.000,243.000
307.000,277.000,123.000,254.000
305.000,276.000,130.000,242.000
308.000,278.000,126.000,254.000
309.000,277.000,128.000,245.000
313.000,277.000,121.000,253.000
314.000,272.000,124.000,258.000
309.000,276.000,130.000,250.000
318.000,273.000,119.000,249.000
313.000,272.000,127.000,255.000
314.000,272.000,128.000,251.000
310.000,270.000,131.000,244.000
318.000,268.000,125.000,257.000
314.000,262.000,128.000,254.000
318.000,257.000,129.000,254.000
313.000,251.000,131.000,257.000
317.000,250.000,130.000,264.000
313.000,248.000,131.000,261.000
318.000,246.000,130.000,263.000
313.000,250.000,132.000,260.000
317.000,247.000,135.000,265.000
313.000,250.000,131.000,259.000
316.000,248.000,127.000,268.000
313.000,247.000,127.000,270.000
313.000,246.000,135.000,271.000
315.000,246.000,137.000,267.000
309.000,245.000,138.000,267.000
312.000,248.000,137.000,266.000
313.000,241.000,136.000,271.000
317.000,241.000,128.000,269.000
313.000,235.000,135.000,275.000
316.000,236.000,133.000,266.000
312.000,235.000,139.000,269.000
315.000,231.000,141.000,272.000
319.000,233.000,133.000,275.000
310.000,230.000,136.000,274.000
309.000,230.000,143.000,272.000
311.000,236.000,135.000,265.000
309.000,234.000,132.000,266.000
309.000,237.000,135.000,268.000
307.000,233.000,133.000,276.000
311.000,232.000,130.000,274.000
305.000,230.000,134.000,279.000
310.000,233.000,130.000,271.000
311.000,233.000,130.000,275.000
302.000,233.000,134.000,275.000
310.000,231.000,126.000,277.000
308.000,235.000,131.000,275.000
308.000,235.000,132.000,270.000
305.000,234.000,140.000,270.000
307.000,228.000,137.000,278.000
303.000,224.000,140.000,281.000
309.000,232.000,133.000,277.000
308.000,229.000,133.000,281.000
311.000,226.000,135.000,283.000
307.000,227.000,141.000,277.000
313.000,221.000,135.000,283.000
313.000,230.000,141.000,276.000
316.000,230.000,139.000,272.000
319.000,231.000,144.000,280.000
319.000,228.000,144.000,285.000
321.000,226.000,143.000,273.000
321.000,226.000,151.000,282.000
324.000,226.000,147.000,279.000
319.000,223.000,154.000,283.000
323.000,224.000,148.000,280.000
324.000,220.000,147.000,287.000
329.000,226.000,139.000,289.000
325.000,223.000,148.000,287.000
326.000,228.000,149.000,277.000
324.000,222.000,149.000,287.000
322.000,222.000,151.000,284.000
324.000,223.000,153.000,277.000
326.000,219.000,143.000,284.000
324.000,216.000,144.000,289.000
328.000,218.000,142.000,291.000
322.000,219.000,148.000,286.000
327.000,218.000,145.000,286.000
331.000,217.000,141.000,282.000
329.000,215.000,151.000,292.000
338.000,224.000,146.000,288.000
337.000,223.000,151.000,285.000
341.000,218.000,152.000,287.000
344.000,220.000,152.000,290.000
346.000,221.000,158.000,286.000
353.000,224.000,151.000,280.000
357.000,228.000,152.000,285.000
360.000,230.000,156.000,273.000
364.000,225.000,149.000,283.000
374.000,223.000,153.000,290.000
373.000,223.000,156.000,296.000
374.000,220.000,158.000,295.000
386.000,226.000,167.000,295.000
385.000,226.000,205.000,292.000
378.000,228.000,234.000,293.000
382.000,223.000,221.000,290.000
392.000,218.000,218.000,297.000
396.000,221.000,217.000,298.000
407.000,218.000,205.000,302.000
411.000,220.000,187.000,293.000
422.000,224.000,181.000,293.000
424.000,218.000,198.000,297.000
429.000,218.000,200.000,305.000
436.000,216.000,203.000,293.000
440.000,213.000,204.000,298.000
449.000,213.000,211.000,303.000
460.000,210.000,190.000,302.000
466.000,201.000,193.000,305.000
471.000,205.000,204.000,301.000
476.000,201.000,199.000,301.000
484.000,198.000,213.000,301.000
489.000,200.000,224.000,305.000
500.000,192.000,226.000,313.000
513.000,191.000,217.000,319.000
514.000,188.000,240.000,321.000
522.000,185.000,227.000,311.000
531.000,189.000,228.000,317.000
530.000,183.000,243.000,313.000
535.000,189.000,262.000,319.000
548.000,183.000,220.000,320.000
547.000,190.000,247.000,320.000
553.000,184.000,233.000,321.000
556.000,189.000,244.000,324.000
558.000,180.000,250.000,325.000
565.000,194.000,233.000,320.000
561.000,188.000,266.000,320.000
571.000,183.000,234.000,320.000
571.000,189.000,246.000,323.000
576.000,183.000,229.000,320.000
578.000,182.000,242.000,325.000
582.000,178.000,265.000,334.000
588.000,174.000,238.000,328.000
598.000,179.000,233.000,330.000
600.000,180.000,254.000,326.000
606.000,179.000,246.000,324.000
609.000,179.000,262.000,328.000
615.000,170.000,238.000,324.000
625.000,174.000,235.000,339.000
626.000,174.000,243.000,332.000
628.000,172.000,245.000,339.000
643.000,174.000,227.000,337.000
641.000,175.000,230.000,325.000
644.000,172.000,248.000,329.000
652.000,173.000,235.000,329.000
659.000,177.000,247.000,333.000
668.000,171.000,238.000,329.000
669.000,171.000,259.000,335.000
681.000,172.000,239.000,331.000
682.000,172.000,253.000,333.000
975.000,183.000,208.000,311.000
701.000,170.000,243.000,330.000
712.000,168.000,248.000,333.000
996.000,196.000,202.000,286.000
723.000,169.000,254.000,327.000
1005.000,193.000,203.000,295.000
1015.000,190.000,205.000,303.000
1004.000,192.000,226.000,299.000
1023.000,195.000,208.000,301.000
1026.000,197.000,214.000,291.000
1035.000,200.000,209.000,294.000
1041.000,200.000,211.000,290.000
1033.000,199.000,221.000,288.000
1036.000,201.000,221.000,296.000
1034.000,203.000,230.000,297.000
1046.000,206.000,222.000,286.000
821.000,188.000,250.000,322.000
825.000,181.000,249.000,319.000
832.000,183.000,249.000,329.000
834.000,177.000,252.000,321.000
838.000,180.000,246.000,323.000
844.000,176.000,243.000,327.000
848.000,182.000,240.000,330.000
849.000,180.000,244.000,318.000
848.000,175.000,253.000,326.000
856.000,172.000,247.000,339.000
855.000,169.000,247.000,332.000
867.000,178.000,238.000,326.000
865.000,177.000,241.000,323.000
868.000,175.000,240.000,322.000
868.000,176.000,245.000,331.000
873.000,171.000,242.000,331.000
870.000,175.000,253.000,316.000
870.000,170.000,253.000,324.000
876.000,169.000,244.000,329.000
868.000,170.000,257.000,330.000
883.000,170.000,241.000,325.000
875.000,173.000,254.000,328.000
881.000,175.000,245.000,324.000
882.000,178.000,245.000,317.000
886.000,176.000,240.000,324.000
883.000,169.000,253.000,324.000
888.000,171.000,244.000,321.000
884.000,176.000,250.000,306.000
889.000,174.000,243.000,314.000
893.000,177.000,237.000,312.000
896.000,173.000,243.000,317.000
902.000,174.000,230.000,305.000
898.000,167.000,241.000,321.000
904.000,169.000,235.000,318.000
903.000,171.000,233.000,313.000
907.000,174.000,233.000,310.000
911.000,176.000,236.000,312.000
904.000,172.000,243.000,312.000
924.000,179.000,229.000,310.000
922.000,175.000,225.000,309.000
927.000,181.000,226.000,308.000
931.000,176.000,225.000,304.000
940.000,176.000,220.000,314.000
943.000,182.000,225.000,312.000
948.000,185.000,220.000,309.000
950.000,186.000,220.000,307.000
948.000,185.000,225.000,305.000
955.000,185.000,213.000,302.000
956.000,190.000,218.000,298.000
952.000,186.000,225.000,308.000
954.000,180.000,223.000,310.000
957.000,187.000,226.000,307.000
959.000,187.000,221.000,303.000
962.000,185.000,220.000,307.000
964.000,189.000,220.000,294.000
962.000,189.000,221.000,298.000
965.000,186.000,222.000,300.000
966.000,187.000,221.000,302.000
972.000,184.000,219.000,299.000
971.000,186.000,219.000,301.000
974.000,188.000,215.000,296.000
970.000,186.000,219.000,305.000
976.000,187.000,216.000,298.000
981.000,193.000,213.000,287.000
986.000,192.000,213.000,295.000
986.000,192.000,207.000,286.000
987.000,194.000,206.000,288.000
990.000,198.000,207.000,280.000
988.000,196.000,209.000,288.000
997.000,191.000,207.000,290.000
999.000,200.000,202.000,282.000
999.000,207.000,196.000,283.000
1003.000,202.000,196.000,286.000
1003.000,207.000,200.000,281.000
1005.000,211.000,190.000,283.000
1007.000,212.000,201.000,276.000
1013.000,214.000,194.000,280.000
1013.000,209.000,192.000,280.000
1014.000,211.000,190.000,276.000
1013.000,212.000,196.000,271.000
1016.000,210.000,191.000,278.000
1021.000,213.000,189.000,273.000
1023.000,212.000,190.000,277.000
1027.000,214.000,190.000,273.000
1026.000,206.000,193.000,280.000
1029.000,212.000,189.000,270.000
1036.000,210.000,184.000,277.000
1038.000,207.000,189.000,277.000
1040.000,213.000,182.000,264.000
1042.000,203.000,183.000,281.000
1046.000,211.000,185.000,271.000
1044.000,210.000,190.000,265.000
1048.000,217.000,189.000,265.000
1048.000,210.000,197.000,263.000
1065.000,212.000,176.000,266.000
1065.000,217.000,181.000,262.000
1062.000,218.000,187.000,262.000
1072.000,211.000,177.000,269.000
1075.000,215.000,176.000,261.000
1071.000,218.000,181.000,262.000
1074.000,218.000,183.000,255.000
1081.000,215.000,184.000,257.000
1083.000,219.000,182.000,252.000
1084.000,218.000,177.000,259.000
1085.000,215.000,175.000,261.000
1088.000,218.000,176.000,260.000
1090.000,220.000,175.000,259.000
1089.000,220.000,171.000,264.000
1094.000,218.000,166.000,261.000
1091.000,221.000,170.000,253.000
1087.000,217.000,177.000,261.000
1096.000,220.000,168.000,252.000
1089.000,219.000,173.000,256.000
1090.000,224.000,177.000,252.000
1092.000,220.000,172.000,250.000
1090.000,221.000,172.000,250.000
1092.000,220.000,169.000,255.000
1090.000,223.000,172.000,250.000
1089.000,221.000,169.000,247.000
1082.000,218.000,171.000,256.000
1074.000,216.000,181.000,258.000
1072.000,217.000,179.000,251.000
1068.000,209.000,174.000,263.000
1070.000,216.000,176.000,251.000
1066.000,213.000,176.000,257.000
1065.000,212.000,175.000,253.000
1063.000,210.000,172.000,259.000
1056.000,213.000,183.000,258.000
1061.000,210.000,174.000,256.000
1061.000,215.000,173.000,254.000
1052.000,215.000,185.000,254.000
1053.000,213.000,179.000,262.000
1053.000,217.000,184.000,254.000
1053.000,217.000,176.000,260.000
1051.000,219.000,183.000,261.000
1053.000,218.000,178.000,259.000
1054.000,221.000,176.000,255.000
1045.000,222.000,181.000,253.000
1048.000,221.000,178.000,257.000
1050.000,222.000,176.000,251.000
1043.000,222.000,177.000,253.000
1043.000,220.000,175.000,257.000
1033.000,224.000,185.000,250.000
1037.000,222.000,181.000,258.000
1038.000,226.000,175.000,257.000
1035.000,227.000,174.000,254.000
1039.000,225.000,173.000,259.000
1035.000,230.000,178.000,252.000
1034.000,228.000,173.000,256.000
1031.000,227.000,175.000,258.000
1031.000,228.000,174.000,262.000
1032.000,233.000,177.000,253.000
1030.000,228.000,181.000,254.000
1030.000,224.000,175.000,256.000
1033.000,227.000,173.000,257.000
1034.000,224.000,173.000,257.000
1034.000,229.000,172.000,252.000
1029.000,229.000,176.000,251.000
1030.000,225.000,177.000,256.000
1029.000,227.000,180.000,252.000
1029.000,227.000,176.000,251.000
1031.000,226.000,172.000,252.000
1028.000,225.000,174.000,258.000
1023.000,228.000,178.000,255.000
1023.000,231.000,178.000,242.000
1020.000,230.000,181.000,250.000
1022.000,229.000,176.000,250.000
1019.000,229.000,174.000,253.000
1007.000,226.000,192.000,258.000
1015.000,225.000,179.000,250.000
1011.000,227.000,181.000,251.000
1017.000,226.000,173.000,257.000
1017.000,225.000,173.000,256.000
1010.000,224.000,178.000,256.000
1014.000,228.000,173.000,253.000
1012.000,225.000,173.000,257.000
1008.000,225.000,178.000,254.000
1006.000,232.000,183.000,245.000
1008.000,227.000,181.000,253.000
1010.000,223.000,176.000,254.000
1011.000,224.000,173.000,258.000
1007.000,226.000,178.000,256.000
1013.000,228.000,169.000,252.000
1010.000,227.000,174.000,253.000
1012.000,227.000,174.000,250.000
1006.000,224.000,178.000,260.000
1005.000,228.000,177.000,257.000
1004.000,226.000,180.000,257.000
1006.000,228.000,178.000,248.000
1003.000,225.000,174.000,258.000
1001.000,226.000,179.000,259.000
1001.000,232.000,180.000,251.000
998.000,229.000,180.000,252.000
998.000,227.000,179.000,249.000
1004.000,225.000,176.000,259.000
1000.000,223.000,177.000,258.000
996.000,226.000,181.000,255.000
996.000,228.000,184.000,248.000
991.000,225.000,182.000,257.000
999.000,225.000,172.000,250.000
998.000,224.000,178.000,246.000
998.000,223.000,178.000,252.000
996.000,223.000,178.000,249.000
993.000,221.000,178.000,253.000
999.000,219.000,177.000,254.000
990.000,223.000,180.000,252.000
993.000,222.000,182.000,250.000
995.000,224.000,178.000,249.000
993.000,218.000,180.000,261.000
993.000,224.000,178.000,245.000
993.000,225.000,177.000,248.000
989.000,219.000,174.000,258.000
988.000,214.000,181.000,267.000
988.000,220.000,176.000,254.000
988.000,219.000,175.000,256.000
984.000,220.000,179.000,254.000
984.000,221.000,177.000,255.000
981.000,226.000,182.000,252.000
980.000,226.000,179.000,247.000
984.000,227.000,176.000,251.000
979.000,223.000,180.000,259.000
985.000,228.000,177.000,244.000
983.000,224.000,174.000,255.000
977.000,223.000,177.000,260.000
981.000,223.000,177.000,261.000
979.000,232.000,180.000,250.000
972.000,225.000,184.000,258.000
979.000,231.000,179.000,242.000
977.000,229.000,174.000,252.000
975.000,231.000,181.000,248.000
976.000,229.000,176.000,255.000
974.000,233.000,181.000,249.000
977.000,229.000,178.000,258.000
976.000,227.000,180.000,255.000
980.000,227.000,178.000,255.000
972.000,228.000,187.000,254.000
972.000,228.000,183.000,255.000
980.000,230.000,176.000,246.000
974.000,225.000,186.000,255.000
968.000,233.000,189.000,255.000
980.000,233.000,178.000,249.000
976.000,234.000,177.000,249.000
977.000,237.000,176.000,250.000
977.000,233.000,179.000,252.000
983.000,235.000,175.000,254.000
978.000,238.000,176.000,250.000
976.000,239.000,180.000,245.000
980.000,242.000,180.000,243.000
978.000,232.000,181.000,260.000
988.000,241.000,174.000,241.000
985.000,235.000,172.000,255.000
982.000,240.000,185.000,250.000
988.000,242.000,173.000,249.000
992.000,242.000,173.000,245.000
991.000,238.000,172.000,251.000
989.000,242.000,175.000,247.000
991.000,241.000,171.000,249.000
992.000,243.000,180.000,244.000
994.000,244.000,173.000,244.000
996.000,245.000,173.000,238.000
998.000,238.000,173.000,251.000
995.000,234.000,175.000,255.000
1001.000,231.000,168.000,257.000
1002.000,238.000,173.000,248.000
1000.000,235.000,172.000,254.000
1004.000,238.000,172.000,247.000
1004.000,241.000,171.000,248.000
1005.000,238.000,164.000,251.000
1010.000,241.000,169.000,245.000
1015.000,244.000,169.000,242.000
1015.000,241.000,169.000,249.000
1017.000,245.000,172.000,242.000
1017.000,246.000,172.000,244.000
1026.000,243.000,168.000,246.000
1022.000,242.000,173.000,249.000
1028.000,241.000,174.000,244.000
1033.000,237.000,170.000,249.000
1028.000,235.000,180.000,246.000
1037.000,235.000,165.000,249.000
1039.000,238.000,175.000,244.000
1048.000,237.000,168.000,237.000
1052.000,232.000,168.000,235.000
1061.000,226.000,162.000,251.000
1062.000,230.000,167.000,249.000
1075.000,232.000,159.000,243.000
1073.000,232.000,166.000,245.000
1076.000,235.000,169.000,241.000
1087.000,237.000,157.000,244.000
