890.000,406.000,252.000,272.000
890.000,400.000,263.000,285.000
897.000,407.000,239.000,278.000
887.000,401.000,250.000,285.000
880.000,402.000,264.000,279.000
883.000,404.000,253.000,279.000
881.000,414.000,248.000,277.000
873.000,419.000,256.000,264.000
872.000,423.000,253.000,263.000
863.000,431.000,266.000,251.000
859.000,435.000,227.000,247.000
874.000,426.000,228.000,261.000
850.000,420.000,250.000,261.000
841.000,420.000,268.000,277.000
833.000,419.000,278.000,264.000
825.000,418.000,255.000,269.000
822.000,422.000,265.000,272.000
820.000,421.000,263.000,265.000
819.000,427.000,264.000,250.000
817.000,427.000,259.000,265.000
820.000,433.000,254.000,252.000
823.000,423.000,241.000,254.000
819.000,433.000,247.000,244.000
816.000,429.000,239.000,259.000
817.000,429.000,244.000,253.000
806.000,432.000,242.000,260.000
815.000,424.000,237.000,269.000
813.000,424.000,219.000,258.000
823.000,440.000,221.000,251.000
799.000,438.000,226.000,241.000
807.000,433.000,211.000,248.000
809.000,439.000,212.000,250.000
779.000,441.000,238.000,241.000
792.000,441.000,228.000,241.000
762.000,436.000,252.000,244.000
784.000,428.000,236.000,251.000
780.000,436.000,216.000,245.000
786.000,428.000,202.000,256.000
778.000,430.000,204.000,240.000
769.000,433.000,206.000,248.000
773.000,432.000,204.000,245.000
772.000,436.000,200.000,239.000
758.000,436.000,208.000,251.000
762.000,431.000,193.000,257.000
772.000,430.000,196.000,246.000
772.000,427.000,190.000,242.000
762.000,423.000,198.000,241.000
765.000,421.000,197.000,246.000
758.000,423.000,182.000,267.000
755.000,403.000,195.000,265.000
753.000,404.000,194.000,262.000
753.000,403.000,192.000,268.000
752.000,400.000,189.000,272.000
744.000,395.000,196.000,274.000
749.000,401.000,197.000,278.000
741.000,389.000,210.000,289.000
741.000,393.000,205.000,277.000
734.000,389.000,213.000,282.000
730.000,382.000,208.000,289.000
731.000,388.000,210.000,290.000
723.000,385.000,215.000,298.000
731.000,384.000,207.000,300.000
732.000,391.000,194.000,292.000
714.000,385.000,220.000,295.000
729.000,388.000,191.000,276.000
724.000,381.000,200.000,295.000
729.000,389.000,178.000,297.000
722.000,377.000,193.000,295.000
723.000,373.000,184.000,308.000
713.000,376.000,189.000,300.000
712.000,377.000,188.000,296.000
700.000,387.000,191.000,284.000
698.000,370.000,193.000,302.000
698.000,373.000,192.000,297.000
705.000,374.000,179.000,287.000
704.000,367.000,179.000,304.000
687.000,359.000,183.000,307.000
685.000,373.000,199.000,270.000
687.000,362.000,180.000,301.000
679.000,368.000,182.000,295.000
678.000,375.000,179.000,276.000
673.000,365.000,181.000,264.000
666.000,368.000,181.000,290.000
668.000,361.000,176.000,300.000
668.000,361.000,174.000,293.000
665.000,364.000,181.000,302.000
673.000,363.000,166.000,305.000
661.000,360.000,182.000,313.000
661.000,361.000,177.000,299.000
655.000,373.000,183.000,284.000
658.000,355.000,178.000,299.000
649.000,348.000,186.000,316.000
643.000,327.000,196.000,329.000
651.000,354.000,187.000,255.000
651.000,344.000,177.000,316.000
646.000,345.000,175.000,306.000
649.000,368.000,173.000,239.000
655.000,370.000,163.000,229.000
647.000,367.000,176.000,217.000
644.000,368.000,176.000,219.000
646.000,365.000,172.000,249.000
634.000,361.000,183.000,230.000
639.000,362.000,174.000,248.000
642.000,365.000,174.000,245.000
638.000,361.000,172.000,244.000
633.000,358.000,188.000,248.000
630.000,360.000,179.000,239.000
622.000,363.000,187.000,229.000
627.000,356.000,174.000,240.000
618.000,361.000,180.000,197.000
627.000,360.000,166.000,201.000
609.000,358.000,191.000,226.000
602.000,359.000,196.000,229.000
622.000,355.000,166.000,211.000
618.000,358.000,164.000,203.000
604.000,343.000,178.000,243.000
611.000,353.000,175.000,191.000
621.000,361.000,158.000,180.000
609.000,354.000,163.000,185.000
612.000,349.000,168.000,189.000
606.000,354.000,163.000,193.000
603.000,346.000,169.000,186.000
599.000,346.000,166.000,181.000
611.000,351.000,156.000,176.000
584.000,344.000,176.000,222.000
588.000,346.000,166.000,212.000
609.000,357.000,141.000,181.000
597.000,355.000,154.000,155.000
567.000,346.000,172.000,217.000
568.000,347.000,166.000,218.000
567.000,341.000,159.000,223.000
571.000,321.000,165.000,222.000
565.000,333.000,151.000,224.000
562.000,331.000,157.000,215.000
562.000,333.000,155.000,217.000
570.000,318.000,154.000,229.000
567.000,316.000,151.000,231.000
557.000,330.000,153.000,229.000
556.000,319.000,151.000,239.000
555.000,317.000,154.000,259.000
574.000,324.000,143.000,240.000
564.000,316.000,149.000,227.000
568.000,326.000,142.000,226.000
570.000,332.000,140.000,215.000
565.000,326.000,137.000,228.000
566.000,329.000,130.000,245.000
560.000,314.000,139.000,252.000
542.000,316.000,142.000,235.000
561.000,323.000,136.000,243.000
559.000,323.000,132.000,221.000
545.000,299.000,138.000,199.000
550.000,320.000,139.000,166.000
547.000,314.000,133.000,174.000
537.000,306.000,140.000,221.000
535.000,306.000,148.000,239.000
535.000,306.000,140.000,247.000
532.000,298.000,146.000,260.000
538.000,312.000,132.000,248.000
536.000,312.000,128.000,222.000
538.000,313.000,122.000,218.000
526.000,318.000,131.000,190.000
532.000,316.000,127.000,199.000
526.000,313.000,127.000,197.000
528.000,313.000,128.000,195.000
522.000,312.000,130.000,188.000
524.000,311.000,129.000,194.000
527.000,306.000,124.000,193.000
524.000,307.000,126.000,197.000
515.000,311.000,133.000,195.000
531.000,302.000,107.000,195.000
521.000,313.000,125.000,187.000
527.000,307.000,117.000,187.000
530.000,310.000,100.000,182.000
523.000,311.000,104.000,170.000
521.000,313.000,115.000,177.000
522.000,302.000,93.000,180.000
517.000,308.000,108.000,141.000
507.000,306.000,103.000,173.000
506.000,304.000,105.000,182.000
499.000,298.000,112.000,186.000
502.000,301.000,108.000,168.000
503.000,303.000,104.000,165.000
494.000,305.000,111.000,165.000
506.000,295.000,109.000,169.000
506.000,293.000,114.000,182.000
502.000,280.000,116.000,191.000
504.000,290.000,110.000,197.000
505.000,294.000,113.000,198.000
496.000,283.000,118.000,196.000
496.000,297.000,115.000,187.000
501.000,297.000,109.000,182.000
500.000,284.000,112.000,187.000
487.000,299.000,111.000,172.000
487.000,299.000,113.000,169.000
495.000,294.000,114.000,186.000
492.000,294.000,112.000,177.000
491.000,287.000,110.000,174.000
490.000,298.000,106.000,170.000
494.000,288.000,104.000,173.000
490.000,287.000,95.000,179.000
497.000,292.000,90.000,172.000
494.000,277.000,85.000,166.000
492.000,294.000,87.000,167.000
489.000,296.000,90.000,167.000
481.000,291.000,93.000,151.000
487.000,294.000,89.000,178.000
484.000,289.000,91.000,178.000
485.000,287.000,88.000,186.000
486.000,292.000,90.000,179.000
493.000,292.000,75.000,184.000
486.000,283.000,79.000,192.000
482.000,286.000,86.000,178.000
484.000,289.000,82.000,170.000
478.000,292.000,80.000,153.000
478.000,290.000,77.000,158.000
476.000,290.000,82.000,161.000
479.000,290.000,75.000,154.000
483.000,294.000,71.000,145.000
485.000,291.000,66.000,149.000
483.000,293.000,67.000,144.000
484.000,292.000,68.000,139.000
481.000,290.000,70.000,139.000
475.000,295.000,77.000,130.000
474.000,293.000,75.000,131.000
475.000,292.000,75.000,133.000
478.000,290.000,73.000,135.000
481.000,283.000,70.000,154.000
480.000,284.000,75.000,142.000
477.000,288.000,77.000,139.000
482.000,288.000,71.000,151.000
478.000,285.000,71.000,149.000
477.000,287.000,76.000,148.000
477.000,290.000,77.000,139.000
476.000,291.000,73.000,136.000
474.000,287.000,72.000,131.000
476.000,289.000,69.000,121.000
476.000,289.000,67.000,137.000
477.000,287.000,65.000,135.000
473.000,289.000,68.000,142.000
484.000,288.000,58.000,143.000
481.000,287.000,58.000,151.000
480.000,288.000,53.000,147.000
479.000,284.000,51.000,155.000
478.000,283.000,51.000,156.000
480.000,281.000,49.000,157.000
479.000,283.000,44.000,151.000
483.000,287.000,42.000,149.000
481.000,269.000,41.000,166.000
473.000,275.000,47.000,156.000
472.000,276.000,46.000,154.000
467.000,269.000,50.000,159.000
465.000,271.000,52.000,155.000
466.000,275.000,50.000,152.000
464.000,284.000,56.000,124.000
464.000,272.000,49.000,136.000
462.000,276.000,54.000,135.000
462.000,275.000,52.000,139.000
461.000,278.000,54.000,128.000
461.000,269.000,54.000,144.000
460.000,266.000,53.000,145.000
457.000,260.000,59.000,150.000
460.000,260.000,56.000,150.000
459.000,256.000,56.000,157.000
459.000,255.000,56.000,152.000
462.000,255.000,55.000,159.000
460.000,255.000,57.000,157.000
464.000,262.000,57.000,147.000
465.000,251.000,52.000,165.000
463.000,252.000,54.000,165.000
462.000,253.000,54.000,167.000
464.000,254.000,54.000,167.000
464.000,255.000,53.000,165.000
464.000,261.000,56.000,157.000
470.000,263.000,49.000,152.000
469.000,259.000,49.000,161.000
467.000,265.000,51.000,153.000
466.000,265.000,50.000,148.000
466.000,265.000,53.000,141.000
462.000,268.000,58.000,144.000
463.000,264.000,54.000,140.000
464.000,259.000,53.000,150.000
463.000,256.000,56.000,149.000
462.000,258.000,57.000,148.000
463.000,257.000,56.000,148.000
462.000,256.000,57.000,150.000
464.000,256.000,52.000,154.000
464.000,251.000,54.000,157.000
464.000,254.000,52.000,153.000
464.000,250.000,53.000,153.000
462.000,254.000,53.000,152.000
461.000,248.000,54.000,159.000
459.000,249.000,55.000,153.000
461.000,253.000,54.000,149.000
461.000,252.000,52.000,153.000
462.000,252.000,48.000,157.000
465.000,230.000,49.000,159.000
460.000,245.000,52.000,154.000
463.000,252.000,50.000,157.000
462.000,255.000,50.000,158.000
461.000,250.000,49.000,165.000
458.000,262.000,56.000,140.000
459.000,260.000,55.000,145.000
457.000,260.000,59.000,151.000
462.000,255.000,51.000,155.000
461.000,256.000,51.000,152.000
464.000,259.000,48.000,153.000
460.000,255.000,53.000,146.000
466.000,255.000,47.000,157.000
463.000,251.000,52.000,164.000
464.000,251.000,48.000,154.000
461.000,254.000,52.000,146.000
462.000,254.000,54.000,150.000
462.000,256.000,54.000,147.000
465.000,253.000,52.000,141.000
466.000,252.000,51.000,143.000
467.000,250.000,51.000,141.000
465.000,252.000,57.000,129.000
473.000,248.000,47.000,121.000
475.000,248.000,46.000,103.000
479.000,255.000,41.000,88.000
481.000,256.000,38.000,80.000
483.000,254.000,36.000,86.000
479.000,256.000,41.000,84.000
471.000,254.000,49.000,86.000
471.000,258.000,48.000,85.000
475.000,259.000,44.000,83.000
478.000,257.000,42.000,85.000
470.000,255.000,48.000,86.000
467.000,259.000,51.000,84.000
465.000,259.000,53.000,92.000
465.000,256.000,51.000,93.000
464.000,258.000,51.000,97.000
466.000,254.000,49.000,96.000
465.000,257.000,49.000,92.000
465.000,253.000,48.000,96.000
460.000,253.000,51.000,95.000
460.000,250.000,51.000,92.000
460.000,251.000,51.000,95.000
460.000,251.000,52.000,94.000
460.000,253.000,49.000,91.000
461.000,251.000,50.000,89.000
461.000,253.000,46.000,87.000
460.000,252.000,49.000,90.000
460.000,254.000,49.000,87.000
460.000,249.000,48.000,95.000
460.000,250.000,48.000,94.000
460.000,251.000,46.000,91.000
459.000,252.000,44.000,90.000
458.000,249.000,49.000,94.000
458.000,251.000,48.000,90.000
458.000,252.000,47.000,87.000
459.000,250.000,48.000,92.000
460.000,250.000,45.000,91.000
460.000,249.000,45.000,91.000
458.000,252.000,48.000,89.000
457.000,252.000,53.000,89.000
458.000,252.000,49.000,89.000
454.000,248.000,55.000,155.000
459.000,254.000,49.000,88.000
457.000,249.000,55.000,155.000
455.000,251.000,56.000,163.000
454.000,253.000,53.000,166.000
457.000,253.000,50.000,155.000
455.000,251.000,55.000,157.000
452.000,250.000,58.000,161.000
457.000,250.000,51.000,167.000
455.000,252.000,55.000,166.000
455.000,250.000,53.000,165.000
452.000,246.000,57.000,165.000
454.000,251.000,56.000,153.000
453.000,245.000,58.000,161.000
451.000,252.000,60.000,152.000
452.000,251.000,57.000,158.000
458.000,251.000,53.000,161.000
458.000,254.000,49.000,82.000
456.000,251.000,54.000,94.000
457.000,252.000,52.000,91.000
456.000,252.000,55.000,97.000
458.000,253.000,51.000,89.000
458.000,254.000,51.000,89.000
455.000,255.000,56.000,89.000
456.000,254.000,51.000,88.000
458.000,256.000,49.000,86.000
460.000,254.000,46.000,84.000
458.000,255.000,46.000,87.000
458.000,253.000,48.000,86.000
456.000,254.000,50.000,89.000
453.000,253.000,54.000,92.000
454.000,254.000,54.000,91.000
453.000,253.000,49.000,92.000
449.000,257.000,54.000,88.000
442.000,258.000,56.000,91.000
451.000,255.000,50.000,92.000
447.000,256.000,49.000,99.000
438.000,257.000,55.000,100.000
437.000,259.000,54.000,109.000
438.000,256.000,51.000,113.000
437.000,257.000,52.000,112.000
435.000,256.000,54.000,117.000
436.000,256.000,53.000,116.000
434.000,256.000,54.000,116.000
434.000,255.000,50.000,121.000
432.000,255.000,51.000,119.000
432.000,255.000,53.000,113.000
428.000,251.000,64.000,100.000
434.000,256.000,49.000,101.000
431.000,252.000,54.000,116.000
432.000,247.000,55.000,102.000
429.000,251.000,59.000,109.000
429.000,253.000,59.000,113.000
427.000,252.000,59.000,120.000
426.000,252.000,62.000,111.000
426.000,254.000,67.000,94.000
425.000,252.000,70.000,99.000
424.000,254.000,66.000,100.000
424.000,255.000,70.000,100.000
429.000,255.000,60.000,159.000
425.000,256.000,71.000,95.000
421.000,255.000,68.000,101.000
421.000,255.000,73.000,102.000
425.000,255.000,63.000,150.000
426.000,254.000,64.000,147.000
426.000,255.000,65.000,145.000
426.000,255.000,65.000,149.000
423.000,256.000,64.000,146.000
421.000,255.000,64.000,146.000
421.000,255.000,66.000,148.000
420.000,256.000,65.000,147.000
417.000,255.000,68.000,150.000
418.000,254.000,64.000,149.000
417.000,254.000,63.000,154.000
421.000,252.000,61.000,155.000
415.000,254.000,67.000,147.000
419.000,253.000,65.000,148.000
418.000,251.000,63.000,161.000
412.000,255.000,63.000,103.000
418.000,252.000,61.000,153.000
418.000,255.000,55.000,154.000
418.000,252.000,52.000,147.000
410.000,254.000,63.000,100.000
414.000,254.000,63.000,148.000
415.000,253.000,59.000,154.000
415.000,250.000,59.000,155.000
414.000,252.000,60.000,150.000
411.000,253.000,63.000,137.000
408.000,251.000,68.000,139.000
411.000,250.000,64.000,160.000
410.000,250.000,62.000,158.000
407.000,247.000,65.000,163.000
408.000,251.000,67.000,163.000
408.000,252.000,66.000,165.000
408.000,252.000,63.000,164.000
407.000,250.000,66.000,159.000
408.000,252.000,66.000,154.000
409.000,252.000,64.000,154.000
409.000,252.000,63.000,149.000
412.000,253.000,62.000,155.000
410.000,252.000,61.000,155.000
409.000,252.000,64.000,151.000
408.000,253.000,62.000,144.000
407.000,253.000,63.000,135.000
408.000,252.000,59.000,122.000
408.000,252.000,58.000,119.000
408.000,251.000,55.000,113.000
407.000,253.000,55.000,100.000
409.000,253.000,51.000,102.000
408.000,253.000,52.000,103.000
408.000,253.000,49.000,103.000
407.000,253.000,51.000,107.000
409.000,254.000,50.000,102.000
409.000,255.000,48.000,98.000
409.000,255.000,49.000,101.000
408.000,253.000,48.000,100.000
406.000,252.000,50.000,97.000
409.000,253.000,48.000,99.000
403.000,255.000,49.000,91.000
404.000,257.000,48.000,86.000
407.000,257.000,44.000,89.000
408.000,256.000,44.000,94.000
408.000,256.000,42.000,96.000
407.000,255.000,43.000,98.000
407.000,256.000,44.000,99.000
407.000,257.000,42.000,93.000
405.000,259.000,43.000,92.000
406.000,258.000,41.000,92.000
406.000,259.000,40.000,92.000
405.000,259.000,41.000,92.000
405.000,261.000,41.000,92.000
405.000,261.000,42.000,93.000
402.000,260.000,44.000,92.000
407.000,259.000,38.000,88.000
405.000,260.000,42.000,87.000
403.000,260.000,43.000,86.000
405.000,258.000,42.000,85.000
401.000,260.000,46.000,83.000
406.000,259.000,41.000,83.000
403.000,257.000,42.000,83.000
404.000,258.000,41.000,84.000
403.000,260.000,42.000,77.000
402.000,260.000,44.000,78.000
402.000,260.000,43.000,80.000
404.000,262.000,40.000,77.000
403.000,262.000,41.000,78.000
401.000,263.000,42.000,80.000
403.000,261.000,40.000,83.000
401.000,261.000,41.000,79.000
401.000,264.000,39.000,80.000
404.000,262.000,37.000,84.000
403.000,262.000,36.000,84.000
409.000,262.000,31.000,77.000
406.000,263.000,29.000,79.000
408.000,262.000,29.000,80.000
407.000,267.000,25.000,73.000
405.000,268.000,25.000,74.000
408.000,266.000,23.000,74.000
406.000,266.000,25.000,51.000
406.000,265.000,25.000,51.000
405.000,264.000,24.000,51.000
406.000,266.000,23.000,50.000
406.000,264.000,24.000,51.000
406.000,262.000,21.000,53.000
407.000,263.000,20.000,52.000
406.000,263.000,21.000,51.000
406.000,263.000,21.000,50.000
406.000,265.000,22.000,47.000
406.000,274.000,24.000,42.000
406.000,274.000,24.000,42.000
406.000,274.000,24.000,42.000
406.000,274.000,24.000,42.000
406.000,274.000,24.000,42.000
406.000,274.000,24.000,42.000
406.000,274.000,24.000,42.000
406.000,274.000,24.000,42.000
406.000,274.000,24.000,42.000
406.000,274.000,24.000,42.000
406.000,274.000,24.000,42.000
406.000,274.000,24.000,42.000
406.000,274.000,24.000,42.000
406.000,274.000,24.000,42.000
406.000,274.000,24.000,42.000
406.000,274.000,24.000,42.000
406.000,274.000,24.000,42.000
406.000,274.000,24.000,42.000
406.000,274.000,24.000,42.000
400.000,269.000,32.000,74.000
406.000,274.000,24.000,42.000
406.000,274.000,24.000,42.000
406.000,274.000,24.000,42.000
406.000,274.000,24.000,42.000
406.000,274.000,24.000,42.000
406.000,274.000,24.000,42.000
406.000,274.000,24.000,42.000
404.000,271.000,28.000,73.000
406.000,274.000,24.000,42.000
406.000,274.000,24.000,42.000
404.000,272.000,28.000,73.000
406.000,274.000,24.000,42.000
406.000,274.000,24.000,42.000
406.000,274.000,24.000,42.000
406.000,274.000,24.000,42.000
406.000,274.000,24.000,42.000
406.000,274.000,24.000,42.000
405.000,269.000,24.000,75.000
407.000,266.000,24.000,78.000
406.000,274.000,24.000,42.000
406.000,274.000,24.000,42.000
406.000,274.000,24.000,42.000
406.000,274.000,24.000,42.000
404.000,267.000,25.000,76.000
406.000,274.000,24.000,42.000
354.000,292.000,27.000,50.000
354.000,292.000,27.000,50.000
354.000,292.000,27.000,50.000
357.000,282.000,24.000,59.000
353.000,284.000,27.000,63.000
355.000,273.000,26.000,71.000
354.000,275.000,26.000,71.000
353.000,267.000,27.000,76.000
353.000,270.000,27.000,78.000
352.000,263.000,32.000,84.000
351.000,254.000,34.000,96.000
350.000,251.000,34.000,100.000
350.000,255.000,33.000,93.000
350.000,253.000,35.000,96.000
348.000,255.000,34.000,91.000
350.000,252.000,34.000,99.000
350.000,247.000,35.000,103.000
349.000,250.000,35.000,99.000
349.000,249.000,35.000,102.000
348.000,251.000,36.000,95.000
349.000,246.000,36.000,104.000
347.000,243.000,36.000,103.000
349.000,253.000,37.000,96.000
349.000,248.000,35.000,99.000
348.000,256.000,36.000,95.000
350.000,250.000,36.000,99.000
350.000,249.000,33.000,97.000
348.000,255.000,33.000,97.000
349.000,253.000,35.000,96.000
349.000,249.000,33.000,100.000
349.000,267.000,35.000,86.000
349.000,270.000,34.000,78.000
351.000,274.000,31.000,69.000
351.000,261.000,39.000,69.000
352.000,260.000,37.000,72.000
351.000,260.000,37.000,76.000
350.000,252.000,44.000,84.000
350.000,271.000,34.000,80.000
349.000,252.000,36.000,84.000
350.000,268.000,34.000,82.000
350.000,267.000,34.000,84.000
349.000,264.000,33.000,84.000
350.000,261.000,34.000,87.000
351.000,261.000,34.000,85.000
349.000,263.000,35.000,76.000
348.000,263.000,37.000,69.000
349.000,266.000,36.000,64.000
348.000,267.000,35.000,68.000
348.000,268.000,35.000,66.000
348.000,271.000,35.000,63.000
347.000,267.000,36.000,64.000
347.000,269.000,36.000,62.000
348.000,270.000,35.000,66.000
347.000,267.000,36.000,68.000
346.000,270.000,36.000,64.000
346.000,269.000,36.000,67.000
346.000,271.000,37.000,67.000
347.000,272.000,36.000,70.000
345.000,269.000,36.000,73.000
347.000,273.000,35.000,69.000
347.000,272.000,36.000,65.000
348.000,273.000,35.000,71.000
346.000,275.000,37.000,68.000
348.000,276.000,35.000,65.000
347.000,276.000,37.000,60.000
347.000,276.000,35.000,57.000
350.000,275.000,32.000,55.000
351.000,275.000,31.000,48.000
351.000,274.000,31.000,49.000
350.000,275.000,32.000,47.000
350.000,275.000,32.000,49.000
352.000,276.000,30.000,45.000
351.000,276.000,32.000,47.000
351.000,276.000,31.000,48.000
352.000,276.000,30.000,46.000
351.000,276.000,31.000,47.000
351.000,277.000,31.000,47.000
352.000,277.000,30.000,47.000
353.000,277.000,30.000,48.000
354.000,277.000,29.000,48.000
355.000,278.000,28.000,45.000
355.000,277.000,28.000,48.000
353.000,278.000,31.000,54.000
353.000,277.000,29.000,60.000
352.000,277.000,31.000,60.000
349.000,280.000,33.000,58.000
351.000,281.000,31.000,58.000
348.000,282.000,33.000,55.000
352.000,281.000,31.000,54.000
352.000,281.000,30.000,51.000
351.000,279.000,32.000,53.000
349.000,280.000,34.000,55.000
348.000,281.000,33.000,53.000
349.000,280.000,33.000,54.000
350.000,278.000,32.000,59.000
348.000,279.000,34.000,56.000
350.000,280.000,32.000,56.000
350.000,279.000,31.000,56.000
351.000,279.000,31.000,56.000
350.000,278.000,32.000,57.000
347.000,280.000,33.000,55.000
350.000,279.000,32.000,57.000
351.000,281.000,31.000,57.000
351.000,280.000,31.000,54.000
348.000,280.000,32.000,54.000
351.000,282.000,31.000,54.000
352.000,281.000,31.000,58.000
352.000,281.000,31.000,54.000
353.000,281.000,31.000,51.000
352.000,281.000,29.000,46.000
354.000,282.000,28.000,40.000
354.000,282.000,28.000,40.000
354.000,283.000,28.000,45.000
353.000,283.000,28.000,45.000
354.000,284.000,29.000,46.000
356.000,283.000,27.000,44.000
355.000,282.000,28.000,46.000
355.000,283.000,27.000,46.000
355.000,284.000,27.000,43.000
357.000,284.000,26.000,44.000
356.000,285.000,26.000,43.000
357.000,287.000,26.000,43.000
358.000,285.000,24.000,42.000
358.000,285.000,23.000,43.000
360.000,285.000,22.000,44.000
361.000,286.000,21.000,43.000
360.000,286.000,21.000,46.000
362.000,281.000,21.000,46.000
362.000,285.000,19.000,44.000
363.000,286.000,21.000,45.000
363.000,285.000,18.000,48.000
363.000,286.000,18.000,48.000
363.000,285.000,17.000,50.000
363.000,285.000,17.000,47.000
364.000,286.000,17.000,45.000
364.000,285.000,18.000,48.000
365.000,285.000,17.000,47.000
363.000,285.000,20.000,50.000
362.000,285.000,21.000,55.000
361.000,286.000,20.000,52.000
361.000,286.000,21.000,49.000
361.000,285.000,21.000,47.000
361.000,286.000,22.000,47.000
360.000,284.000,22.000,49.000
359.000,285.000,23.000,49.000
361.000,286.000,23.000,51.000
360.000,284.000,22.000,54.000
360.000,284.000,21.000,54.000
361.000,285.000,22.000,54.000
360.000,285.000,23.000,55.000
359.000,286.000,23.000,55.000
360.000,284.000,22.000,59.000
360.000,285.000,20.000,56.000
361.000,287.000,21.000,55.000
360.000,287.000,21.000,56.000
361.000,286.000,20.000,54.000
360.000,286.000,21.000,54.000
362.000,286.000,19.000,57.000
361.000,286.000,20.000,61.000
361.000,287.000,19.000,58.000
361.000,288.000,20.000,53.000
364.000,290.000,18.000,48.000
364.000,291.000,16.000,45.000
364.000,292.000,16.000,40.000
365.000,294.000,18.000,35.000
366.000,293.000,16.000,33.000
365.000,293.000,17.000,32.000
364.000,294.000,20.000,35.000
365.000,292.000,18.000,36.000
367.000,294.000,16.000,33.000
367.000,292.000,17.000,33.000
366.000,293.000,17.000,31.000
366.000,293.000,18.000,32.000
368.000,293.000,16.000,32.000
370.000,294.000,14.000,30.000
369.000,297.000,16.000,31.000
368.000,297.000,17.000,35.000
367.000,296.000,17.000,40.000
369.000,295.000,16.000,41.000
369.000,296.000,16.000,38.000
369.000,297.000,15.000,39.000
371.000,296.000,14.000,43.000
372.000,296.000,13.000,42.000
371.000,296.000,14.000,43.000
370.000,295.000,14.000,43.000
371.000,295.000,12.000,44.000
370.000,296.000,13.000,44.000
370.000,296.000,13.000,42.000
371.000,297.000,13.000,41.000
370.000,296.000,13.000,42.000
369.000,297.000,15.000,41.000
369.000,298.000,14.000,39.000
369.000,298.000,15.000,41.000
370.000,298.000,14.000,41.000
369.000,298.000,15.000,41.000
369.000,296.000,13.000,42.000
369.000,297.000,15.000,42.000
369.000,297.000,15.000,41.000
368.000,297.000,15.000,42.000
368.000,297.000,15.000,41.000
367.000,297.000,16.000,40.000
367.000,297.000,16.000,40.000
368.000,297.000,15.000,40.000
368.000,297.000,15.000,41.000
369.000,297.000,15.000,40.000
368.000,297.000,16.000,39.000
369.000,298.000,14.000,37.000
368.000,297.000,15.000,39.000
368.000,298.000,16.000,38.000
369.000,297.000,16.000,39.000
368.000,297.000,18.000,35.000
368.000,298.000,17.000,34.000
368.000,299.000,17.000,38.000
368.000,297.000,17.000,38.000
367.000,298.000,19.000,36.000
368.000,298.000,17.000,35.000
368.000,298.000,16.000,36.000
368.000,298.000,17.000,37.000
368.000,297.000,18.000,36.000
368.000,298.000,16.000,40.000
368.000,298.000,18.000,38.000
368.000,298.000,17.000,34.000
367.000,298.000,18.000,33.000
368.000,298.000,20.000,32.000
367.000,299.000,19.000,33.000
367.000,297.000,18.000,31.000
368.000,301.000,17.000,28.000
369.000,303.000,15.000,30.000
369.000,301.000,16.000,30.000
367.000,302.000,17.000,34.000
368.000,303.000,16.000,28.000
368.000,303.000,16.000,27.000
369.000,302.000,17.000,28.000
371.000,302.000,16.000,28.000
370.000,301.000,16.000,27.000
370.000,305.000,17.000,26.000
370.000,302.000,17.000,27.000
370.000,306.000,17.000,29.000
367.000,285.000,82.000,59.000
371.000,303.000,16.000,31.000
370.000,305.000,16.000,29.000
371.000,305.000,15.000,32.000
370.000,276.000,69.000,73.000
367.000,279.000,77.000,69.000
372.000,306.000,15.000,31.000
364.000,288.000,80.000,59.000
366.000,285.000,79.000,59.000
367.000,289.000,78.000,54.000
365.000,287.000,79.000,58.000
370.000,290.000,72.000,50.000
371.000,286.000,73.000,58.000
366.000,295.000,75.000,47.000
369.000,286.000,78.000,63.000
366.000,287.000,83.000,64.000
367.000,278.000,82.000,78.000
364.000,279.000,73.000,76.000
376.000,273.000,57.000,84.000
383.000,280.000,46.000,74.000
373.000,303.000,14.000,29.000
388.000,273.000,41.000,83.000
372.000,305.000,15.000,28.000
372.000,305.000,15.000,28.000
373.000,304.000,15.000,29.000
401.000,267.000,25.000,84.000
400.000,266.000,35.000,80.000
400.000,263.000,31.000,83.000
402.000,266.000,24.000,81.000
373.000,309.000,15.000,23.000
373.000,313.000,16.000,19.000
374.000,309.000,14.000,23.000
373.000,311.000,13.000,20.000
373.000,313.000,15.000,19.000
373.000,309.000,15.000,23.000
373.000,308.000,13.000,23.000
372.000,309.000,14.000,23.000
373.000,309.000,15.000,23.000
373.000,308.000,14.000,23.000
372.000,307.000,15.000,25.000
372.000,305.000,14.000,25.000
373.000,305.000,14.000,27.000
372.000,305.000,14.000,27.000
373.000,306.000,15.000,28.000
373.000,305.000,14.000,28.000
373.000,303.000,13.000,28.000
373.000,308.000,14.000,26.000
373.000,307.000,14.000,25.000
373.000,305.000,14.000,27.000
374.000,304.000,14.000,27.000
373.000,304.000,13.000,30.000
373.000,304.000,13.000,29.000
373.000,303.000,12.000,29.000
374.000,303.000,13.000,30.000
373.000,305.000,12.000,28.000
373.000,305.000,12.000,29.000
376.000,308.000,10.000,26.000
377.000,310.000,10.000,24.000
376.000,308.000,9.000,24.000
376.000,310.000,10.000,21.000
376.000,312.000,11.000,20.000
376.000,313.000,11.000,17.000
376.000,314.000,10.000,17.000
376.000,312.000,10.000,18.000
377.000,312.000,10.000,19.000
377.000,313.000,10.000,17.000
376.000,310.000,12.000,19.000
377.000,312.000,11.000,19.000
377.000,312.000,10.000,19.000
377.000,310.000,12.000,18.000
378.000,310.000,10.000,20.000
379.000,311.000,10.000,19.000
380.000,311.000,7.000,19.000
379.000,312.000,9.000,18.000
381.000,311.000,8.000,19.000
382.000,310.000,6.000,18.000
383.000,312.000,7.000,16.000
381.000,311.000,7.000,15.000
382.000,311.000,7.000,15.000
382.000,312.000,7.000,15.000
381.000,311.000,7.000,14.000
378.000,314.000,7.000,15.000
378.000,313.000,8.000,17.000
377.000,312.000,9.000,18.000
376.000,312.000,11.000,20.000
404.000,266.000,26.000,79.000
405.000,264.000,21.000,82.000
409.000,267.000,13.000,76.000
371.000,308.000,17.000,24.000
370.000,307.000,17.000,26.000
371.000,307.000,17.000,25.000
371.000,308.000,16.000,24.000
371.000,309.000,17.000,24.000
372.000,308.000,17.000,24.000
371.000,308.000,16.000,24.000
372.000,307.000,16.000,26.000
373.000,307.000,17.000,27.000
372.000,308.000,17.000,26.000
370.000,309.000,17.000,23.000
371.000,310.000,17.000,24.000
371.000,308.000,19.000,27.000
370.000,309.000,18.000,26.000
370.000,308.000,18.000,27.000
371.000,309.000,17.000,25.000
370.000,309.000,17.000,24.000
370.000,309.000,17.000,25.000
370.000,309.000,19.000,25.000
369.000,308.000,18.000,26.000
370.000,309.000,18.000,26.000
368.000,308.000,17.000,26.000
369.000,308.000,18.000,25.000
369.000,309.000,17.000,25.000
370.000,308.000,18.000,26.000
371.000,309.000,16.000,26.000
371.000,310.000,18.000,26.000
370.000,310.000,17.000,26.000
370.000,311.000,14.000,25.000
370.000,311.000,13.000,25.000
371.000,309.000,15.000,26.000
372.000,310.000,15.000,25.000
372.000,310.000,16.000,25.000
373.000,312.000,17.000,24.000
374.000,312.000,17.000,23.000
374.000,313.000,20.000,24.000
374.000,314.000,24.000,25.000
407.000,265.000,15.000,79.000
363.000,312.000,34.000,24.000
366.000,314.000,42.000,26.000
403.000,265.000,21.000,78.000
404.000,267.000,18.000,77.000
403.000,268.000,20.000,77.000
401.000,266.000,26.000,79.000
400.000,271.000,35.000,75.000
402.000,272.000,26.000,72.000
401.000,268.000,23.000,78.000
399.000,268.000,23.000,76.000
398.000,267.000,32.000,78.000
401.000,266.000,33.000,80.000
403.000,266.000,29.000,79.000
401.000,268.000,27.000,78.000
401.000,269.000,27.000,77.000
402.000,266.000,28.000,79.000
401.000,270.000,31.000,76.000
399.000,269.000,34.000,78.000
398.000,265.000,36.000,84.000
403.000,260.000,24.000,89.000
400.000,265.000,29.000,80.000
399.000,269.000,31.000,78.000
402.000,262.000,31.000,84.000
404.000,261.000,23.000,83.000
402.000,266.000,22.000,79.000
404.000,265.000,18.000,78.000
366.000,314.000,42.000,26.000
366.000,314.000,42.000,26.000
366.000,314.000,42.000,26.000
366.000,314.000,42.000,26.000
366.000,314.000,42.000,26.000
405.000,265.000,19.000,79.000
366.000,314.000,42.000,26.000
366.000,314.000,42.000,26.000
366.000,314.000,42.000,26.000
399.000,267.000,24.000,76.000
366.000,314.000,42.000,26.000
400.000,267.000,24.000,77.000
404.000,266.000,15.000,79.000
366.000,314.000,42.000,26.000
366.000,314.000,42.000,26.000
366.000,314.000,42.000,26.000
400.000,269.000,24.000,74.000
400.000,266.000,28.000,78.000
399.000,272.000,25.000,73.000
399.000,268.000,29.000,76.000
400.000,270.000,26.000,74.000
399.000,269.000,24.000,76.000
399.000,267.000,28.000,78.000
398.000,268.000,29.000,79.000
402.000,268.000,27.000,79.000
400.000,266.000,25.000,78.000
399.000,272.000,23.000,75.000
399.000,273.000,30.000,72.000
399.000,270.000,31.000,76.000
402.000,268.000,27.000,77.000
399.000,270.000,28.000,75.000
399.000,269.000,35.000,79.000
395.000,265.000,35.000,85.000
401.000,265.000,33.000,83.000
403.000,263.000,23.000,87.000
399.000,267.000,29.000,80.000
401.000,264.000,27.000,83.000
402.000,268.000,26.000,80.000
400.000,267.000,26.000,79.000
398.000,266.000,29.000,81.000
405.000,266.000,25.000,83.000
402.000,267.000,20.000,77.000
366.000,314.000,42.000,26.000
366.000,314.000,42.000,26.000
398.000,269.000,25.000,78.000
399.000,270.000,34.000,75.000
401.000,267.000,30.000,82.000
405.000,266.000,20.000,85.000
366.000,314.000,42.000,26.000
402.000,267.000,18.000,82.000
366.000,314.000,42.000,26.000
403.000,266.000,16.000,80.000
402.000,266.000,19.000,79.000
401.000,268.000,18.000,77.000
399.000,270.000,22.000,74.000
402.000,267.000,19.000,77.000
400.000,266.000,22.000,80.000
403.000,267.000,21.000,79.000
401.000,266.000,20.000,79.000
401.000,268.000,18.000,76.000
402.000,264.000,21.000,81.000
401.000,265.000,19.000,79.000
399.000,267.000,23.000,77.000
404.000,269.000,21.000,75.000
399.000,270.000,26.000,72.000
403.000,267.000,26.000,78.000
400.000,267.000,25.000,78.000
403.000,264.000,18.000,83.000
401.000,267.000,19.000,78.000
403.000,264.000,19.000,81.000
402.000,266.000,19.000,80.000
400.000,265.000,19.000,80.000
401.000,268.000,21.000,76.000
400.000,269.000,26.000,76.000
402.000,267.000,29.000,83.000
399.000,265.000,37.000,85.000
400.000,266.000,45.000,83.000
388.000,265.000,56.000,91.000
376.000,261.000,68.000,105.000
369.000,273.000,81.000,93.000
372.000,266.000,78.000,105.000
361.000,264.000,89.000,112.000
361.000,259.000,90.000,113.000
358.000,250.000,75.000,119.000
362.000,257.000,83.000,120.000
368.000,265.000,65.000,107.000
369.000,261.000,56.000,107.000
372.000,260.000,52.000,114.000
380.000,260.000,49.000,111.000
386.000,258.000,47.000,118.000
385.000,258.000,56.000,127.000
368.000,265.000,65.000,116.000
364.000,263.000,77.000,102.000
366.000,314.000,42.000,26.000
366.000,314.000,42.000,26.000
375.000,267.000,76.000,108.000
363.000,263.000,80.000,118.000
366.000,314.000,42.000,26.000
366.000,314.000,42.000,26.000
366.000,314.000,42.000,26.000
366.000,314.000,42.000,26.000
366.000,314.000,42.000,26.000
366.000,314.000,42.000,26.000
366.000,314.000,42.000,26.000
366.000,314.000,42.000,26.000
366.000,314.000,42.000,26.000
366.000,314.000,42.000,26.000
362.000,316.000,45.000,29.000
362.000,316.000,45.000,29.000
362.000,316.000,45.000,29.000
362.000,316.000,45.000,29.000
362.000,316.000,45.000,29.000
362.000,316.000,45.000,29.000
362.000,316.000,45.000,29.000
362.000,316.000,45.000,29.000
362.000,316.000,45.000,29.000
362.000,316.000,45.000,29.000
362.000,316.000,45.000,29.000
362.000,316.000,45.000,29.000
369.000,266.000,58.000,131.000
362.000,316.000,45.000,29.000
362.000,316.000,45.000,29.000
362.000,316.000,45.000,29.000
365.000,260.000,68.000,139.000
366.000,257.000,53.000,128.000
362.000,316.000,45.000,29.000
362.000,316.000,45.000,29.000
362.000,316.000,45.000,29.000
370.000,267.000,48.000,103.000
362.000,316.000,45.000,29.000
362.000,316.000,45.000,29.000
350.000,314.000,47.000,34.000
350.000,314.000,47.000,34.000
350.000,314.000,47.000,34.000
350.000,314.000,47.000,34.000
350.000,314.000,47.000,34.000
350.000,314.000,47.000,34.000
350.000,314.000,47.000,34.000
350.000,314.000,47.000,34.000
350.000,314.000,47.000,34.000
350.000,314.000,47.000,34.000
350.000,314.000,47.000,34.000
350.000,314.000,47.000,34.000
350.000,314.000,47.000,34.000
350.000,314.000,47.000,34.000
350.000,314.000,47.000,34.000
350.000,314.000,47.000,34.000
350.000,314.000,47.000,34.000
350.000,314.000,47.000,34.000
350.000,314.000,47.000,34.000
350.000,314.000,47.000,34.000
350.000,314.000,47.000,34.000
350.000,314.000,47.000,34.000
350.000,314.000,47.000,34.000
350.000,314.000,47.000,34.000
350.000,314.000,47.000,34.000
348.000,322.000,41.000,36.000
364.000,321.000,49.000,35.000
354.000,317.000,55.000,37.000
337.000,315.000,53.000,43.000
353.000,314.000,60.000,46.000
334.000,314.000,51.000,47.000
346.000,317.000,44.000,45.000
342.000,317.000,36.000,46.000
354.000,316.000,27.000,51.000
363.000,308.000,21.000,45.000
363.000,312.000,15.000,41.000
368.000,305.000,13.000,41.000
373.000,304.000,14.000,45.000
403.000,262.000,21.000,88.000
402.000,268.000,17.000,81.000
401.000,265.000,17.000,78.000
401.000,268.000,21.000,77.000
402.000,268.000,25.000,76.000
401.000,269.000,22.000,77.000
400.000,271.000,26.000,75.000
400.000,267.000,34.000,77.000
392.000,267.000,36.000,80.000
385.000,274.000,35.000,78.000
392.000,266.000,35.000,86.000
381.000,269.000,33.000,85.000
394.000,263.000,27.000,92.000
404.000,264.000,24.000,83.000
402.000,266.000,19.000,80.000
401.000,267.000,18.000,77.000
407.000,267.000,14.000,78.000
405.000,267.000,15.000,78.000
400.000,269.000,22.000,76.000
402.000,270.000,26.000,75.000
403.000,266.000,23.000,78.000
401.000,268.000,21.000,77.000
400.000,270.000,28.000,75.000
402.000,268.000,23.000,74.000
401.000,268.000,21.000,75.000
402.000,266.000,22.000,77.000
404.000,267.000,19.000,76.000
403.000,268.000,16.000,74.000
408.000,267.000,13.000,76.000
404.000,270.000,17.000,76.000
377.000,302.000,8.000,31.000
406.000,266.000,16.000,78.000
403.000,268.000,18.000,76.000
402.000,269.000,18.000,76.000
400.000,268.000,23.000,77.000
407.000,268.000,16.000,78.000
404.000,267.000,18.000,78.000
401.000,268.000,19.000,76.000
348.000,316.000,14.000,29.000
341.000,315.000,18.000,27.000
338.000,315.000,22.000,25.000
335.000,315.000,24.000,24.000
336.000,315.000,23.000,26.000
338.000,314.000,20.000,27.000
339.000,314.000,17.000,25.000
340.000,313.000,14.000,25.000
339.000,314.000,15.000,24.000
336.000,312.000,18.000,25.000
333.000,311.000,21.000,26.000
332.000,313.000,20.000,26.000
329.000,313.000,22.000,25.000
334.000,314.000,18.000,26.000
334.000,313.000,17.000,26.000
333.000,313.000,17.000,25.000
331.000,312.000,19.000,27.000
333.000,311.000,17.000,27.000
333.000,312.000,16.000,26.000
332.000,311.000,16.000,27.000
331.000,311.000,15.000,25.000
328.000,309.000,18.000,26.000
327.000,308.000,21.000,25.000
326.000,308.000,20.000,24.000
323.000,309.000,22.000,23.000
325.000,312.000,18.000,25.000
326.000,311.000,17.000,27.000
327.000,309.000,15.000,27.000
326.000,309.000,14.000,26.000
326.000,309.000,14.000,26.000
327.000,310.000,13.000,24.000
326.000,309.000,13.000,24.000
326.000,311.000,14.000,23.000
324.000,310.000,14.000,24.000
324.000,309.000,14.000,23.000
323.000,308.000,16.000,24.000
322.000,307.000,16.000,26.000
322.000,307.000,16.000,27.000
320.000,306.000,16.000,30.000
318.000,309.000,16.000,36.000
318.000,307.000,15.000,37.000
316.000,307.000,17.000,38.000
315.000,305.000,16.000,38.000
315.000,306.000,15.000,37.000
314.000,308.000,18.000,37.000
306.000,307.000,24.000,37.000
309.000,309.000,21.000,35.000
311.000,308.000,19.000,35.000
312.000,309.000,17.000,35.000
311.000,307.000,18.000,36.000
309.000,307.000,20.000,36.000
307.000,307.000,21.000,37.000
308.000,308.000,21.000,37.000
307.000,309.000,20.000,36.000
306.000,307.000,20.000,36.000
307.000,308.000,20.000,35.000
304.000,308.000,22.000,36.000
305.000,309.000,20.000,36.000
305.000,309.000,20.000,35.000
303.000,307.000,24.000,35.000
304.000,307.000,22.000,34.000
306.000,307.000,19.000,33.000
306.000,306.000,19.000,32.000
304.000,306.000,21.000,34.000
305.000,306.000,19.000,31.000
306.000,306.000,16.000,30.000
300.000,304.000,21.000,31.000
299.000,303.000,21.000,29.000
295.000,302.000,25.000,30.000
293.000,300.000,29.000,34.000
291.000,302.000,30.000,33.000
286.000,303.000,33.000,32.000
283.000,301.000,34.000,29.000
289.000,300.000,34.000,32.000
285.000,302.000,37.000,35.000
282.000,300.000,40.000,35.000
275.000,299.000,46.000,37.000
266.000,298.000,52.000,37.000
268.000,299.000,54.000,36.000
277.000,299.000,48.000,37.000
268.000,297.000,50.000,38.000
271.000,298.000,53.000,37.000
263.000,298.000,58.000,34.000
266.000,300.000,61.000,40.000
258.000,296.000,59.000,36.000
263.000,298.000,60.000,39.000
268.000,297.000,56.000,36.000
277.000,297.000,46.000,35.000
273.000,301.000,49.000,33.000
283.000,301.000,42.000,36.000
281.000,300.000,35.000,33.000
288.000,302.000,30.000,29.000
286.000,302.000,28.000,26.000
285.000,301.000,27.000,26.000
281.000,299.000,28.000,28.000
278.000,299.000,32.000,28.000
287.000,302.000,25.000,27.000
285.000,300.000,26.000,28.000
281.000,299.000,29.000,28.000
277.000,300.000,31.000,26.000
284.000,302.000,27.000,22.000
283.000,299.000,25.000,25.000
285.000,302.000,20.000,21.000
285.000,301.000,17.000,23.000
287.000,301.000,15.000,25.000
288.000,301.000,14.000,24.000
287.000,300.000,13.000,24.000
287.000,301.000,14.000,26.000
285.000,299.000,15.000,23.000
287.000,299.000,13.000,21.000
286.000,302.000,11.000,19.000
286.000,302.000,10.000,18.000
287.000,302.000,9.000,18.000
287.000,303.000,9.000,19.000
286.000,301.000,9.000,18.000
287.000,300.000,7.000,20.000
284.000,300.000,6.000,19.000
282.000,300.000,8.000,18.000
280.000,300.000,10.000,19.000
279.000,300.000,13.000,19.000
277.000,299.000,13.000,19.000
273.000,299.000,15.000,20.000
273.000,300.000,13.000,17.000
275.000,300.000,11.000,17.000
274.000,301.000,11.000,16.000
274.000,302.000,12.000,17.000
272.000,301.000,14.000,19.000
273.000,299.000,12.000,20.000
269.000,301.000,13.000,22.000
270.000,301.000,11.000,21.000
269.000,301.000,9.000,18.000
268.000,300.000,10.000,20.000
267.000,299.000,12.000,23.000
267.000,301.000,11.000,20.000
265.000,301.000,11.000,20.000
265.000,301.000,11.000,21.000
266.000,301.000,10.000,19.000
266.000,302.000,10.000,17.000
266.000,303.000,8.000,17.000
396.000,266.000,30.000,85.000
407.000,272.000,21.000,76.000
400.000,271.000,22.000,78.000
402.000,268.000,25.000,81.000
400.000,271.000,31.000,77.000
401.000,273.000,31.000,77.000
404.000,276.000,22.000,73.000
397.000,275.000,27.000,70.000
401.000,273.000,31.000,76.000
262.000,302.000,8.000,17.000
262.000,302.000,8.000,17.000
262.000,302.000,8.000,17.000
262.000,302.000,8.000,17.000
256.000,299.000,11.000,19.000
252.000,298.000,13.000,19.000
400.000,284.000,29.000,63.000
399.000,277.000,32.000,71.000
402.000,270.000,29.000,81.000
403.000,271.000,24.000,80.000
403.000,271.000,27.000,78.000
230.000,294.000,24.000,27.000
226.000,295.000,27.000,26.000
225.000,295.000,28.000,25.000
223.000,295.000,30.000,28.000
225.000,296.000,28.000,26.000
226.000,296.000,25.000,24.000
224.000,297.000,26.000,22.000
225.000,296.000,26.000,23.000
226.000,295.000,24.000,22.000
226.000,297.000,22.000,18.000
226.000,296.000,22.000,20.000
226.000,297.000,23.000,20.000
226.000,297.000,21.000,18.000
228.000,296.000,20.000,19.000
227.000,297.000,18.000,19.000
228.000,298.000,16.000,18.000
229.000,297.000,13.000,18.000
230.000,300.000,12.000,17.000
227.000,301.000,13.000,16.000
227.000,301.000,10.000,17.000
228.000,301.000,9.000,16.000
226.000,300.000,9.000,18.000
224.000,301.000,10.000,20.000
227.000,302.000,7.000,20.000
224.000,299.000,7.000,21.000
224.000,299.000,7.000,21.000
221.000,295.000,8.000,21.000
220.000,295.000,8.000,20.000
402.000,276.000,25.000,73.000
401.000,277.000,22.000,72.000
218.000,296.000,9.000,15.000
216.000,298.000,9.000,12.000
403.000,268.000,30.000,80.000
402.000,269.000,32.000,78.000
401.000,269.000,29.000,77.000
211.000,297.000,11.000,12.000
211.000,296.000,13.000,12.000
210.000,297.000,14.000,15.000
209.000,297.000,12.000,12.000
207.000,297.000,11.000,13.000
207.000,298.000,10.000,14.000
205.000,298.000,11.000,11.000
205.000,298.000,8.000,13.000
405.000,270.000,22.000,78.000
403.000,272.000,18.000,77.000
204.000,298.000,9.000,15.000
203.000,298.000,7.000,13.000
400.000,269.000,20.000,79.000
405.000,269.000,21.000,80.000
398.000,273.000,28.000,78.000
400.000,273.000,33.000,79.000
404.000,270.000,31.000,79.000
404.000,271.000,27.000,79.000
404.000,271.000,29.000,78.000
407.000,269.000,27.000,79.000
400.000,271.000,35.000,75.000
403.000,269.000,30.000,83.000
402.000,266.000,28.000,89.000
408.000,273.000,19.000,78.000
186.000,297.000,8.000,14.000
185.000,295.000,8.000,15.000
184.000,296.000,9.000,15.000
183.000,297.000,10.000,15.000
183.000,297.000,9.000,16.000
182.000,297.000,9.000,14.000
180.000,298.000,9.000,13.000
178.000,298.000,8.000,14.000
401.000,268.000,35.000,80.000
405.000,265.000,24.000,82.000
401.000,270.000,32.000,80.000
174.000,296.000,10.000,16.000
173.000,296.000,8.000,16.000
172.000,295.000,8.000,17.000
171.000,295.000,8.000,14.000
171.000,298.000,10.000,12.000
169.000,297.000,10.000,13.000
169.000,297.000,9.000,13.000
169.000,297.000,9.000,13.000
169.000,297.000,9.000,13.000
169.000,297.000,9.000,13.000
169.000,297.000,9.000,13.000
169.000,297.000,9.000,13.000
169.000,297.000,9.000,13.000
158.000,298.000,8.000,13.000
158.000,298.000,8.000,13.000
