96.000,106.000,250.000,249.000
94.000,96.000,254.000,250.000
115.000,77.000,229.000,280.000
112.000,81.000,212.000,277.000
114.000,75.000,195.000,285.000
109.000,70.000,188.000,285.000
106.000,80.000,189.000,276.000
101.000,85.000,181.000,269.000
100.000,80.000,177.000,274.000
89.000,104.000,179.000,251.000
87.000,113.000,168.000,242.000
89.000,110.000,171.000,246.000
95.000,111.000,169.000,255.000
95.000,121.000,167.000,245.000
98.000,116.000,172.000,246.000
112.000,131.000,172.000,232.000
116.000,122.000,178.000,235.000
129.000,117.000,168.000,241.000
145.000,105.000,160.000,252.000
133.000,98.000,171.000,256.000
143.000,98.000,165.000,257.000
146.000,87.000,159.000,267.000
156.000,78.000,148.000,274.000
158.000,68.000,138.000,284.000
158.000,72.000,134.000,283.000
145.000,66.000,141.000,290.000
126.000,66.000,161.000,290.000
126.000,65.000,152.000,296.000
127.000,63.000,160.000,290.000
125.000,50.000,174.000,310.000
107.000,61.000,210.000,294.000
125.000,69.000,201.000,288.000
124.000,76.000,195.000,280.000
124.000,85.000,191.000,270.000
113.000,106.000,197.000,251.000
125.000,104.000,185.000,246.000
133.000,114.000,175.000,235.000
150.000,132.000,149.000,222.000
153.000,153.000,161.000,200.000
155.000,158.000,167.000,197.000
158.000,172.000,151.000,186.000
156.000,184.000,158.000,177.000
159.000,182.000,163.000,176.000
166.000,181.000,156.000,181.000
169.000,181.000,160.000,182.000
179.000,165.000,118.000,188.000
182.000,169.000,117.000,183.000
189.000,180.000,117.000,173.000
195.000,171.000,110.000,176.000
189.000,180.000,117.000,173.000
164.000,149.000,104.000,173.000
184.000,138.000,85.000,182.000
315.000,202.000,112.000,162.000
315.000,202.000,112.000,162.000
315.000,202.000,112.000,162.000
315.000,202.000,112.000,162.000
315.000,202.000,112.000,162.000
315.000,202.000,112.000,162.000
315.000,202.000,112.000,162.000
315.000,202.000,112.000,162.000
315.000,202.000,112.000,162.000
311.000,93.000,124.000,194.000
299.000,93.000,138.000,238.000
287.000,97.000,146.000,240.000
288.000,107.000,143.000,201.000
279.000,86.000,148.000,251.000
241.000,99.000,186.000,234.000
255.000,96.000,179.000,235.000
192.000,97.000,216.000,247.000
198.000,87.000,223.000,266.000
199.000,77.000,232.000,281.000
199.000,63.000,218.000,295.000
201.000,51.000,202.000,303.000
215.000,55.000,191.000,296.000
190.000,51.000,251.000,308.000
184.000,50.000,249.000,304.000
179.000,55.000,241.000,303.000
180.000,61.000,201.000,288.000
179.000,58.000,212.000,296.000
136.000,73.000,280.000,283.000
132.000,78.000,273.000,284.000
140.000,87.000,250.000,268.000
127.000,93.000,249.000,259.000
113.000,108.000,260.000,245.000
105.000,114.000,259.000,237.000
126.000,105.000,233.000,248.000
113.000,108.000,237.000,240.000
145.000,100.000,203.000,251.000
155.000,104.000,186.000,247.000
161.000,105.000,182.000,227.000
173.000,98.000,172.000,237.000
165.000,95.000,183.000,230.000
180.000,103.000,172.000,217.000
186.000,100.000,171.000,215.000
195.000,99.000,160.000,212.000
201.000,106.000,180.000,204.000
195.000,112.000,205.000,186.000
205.000,108.000,202.000,194.000
196.000,123.000,215.000,181.000
202.000,121.000,190.000,178.000
194.000,135.000,207.000,167.000
206.000,137.000,193.000,160.000
198.000,134.000,193.000,161.000
208.000,135.000,215.000,173.000
197.000,144.000,219.000,161.000
186.000,135.000,198.000,166.000
188.000,136.000,197.000,169.000
191.000,141.000,187.000,167.000
204.000,138.000,173.000,165.000
213.000,140.000,157.000,168.000
216.000,135.000,142.000,171.000
212.000,134.000,155.000,174.000
218.000,134.000,134.000,177.000
215.000,126.000,152.000,190.000
207.000,126.000,153.000,188.000
207.000,127.000,148.000,188.000
213.000,124.000,133.000,189.000
198.000,154.000,128.000,158.000
189.000,163.000,125.000,153.000
194.000,168.000,142.000,148.000
198.000,172.000,139.000,147.000
206.000,174.000,133.000,137.000
213.000,175.000,142.000,140.000
219.000,175.000,134.000,151.000
233.000,186.000,104.000,134.000
238.000,189.000,106.000,138.000
229.000,184.000,105.000,137.000
239.000,185.000,98.000,139.000
238.000,136.000,129.000,186.000
244.000,125.000,119.000,207.000
243.000,119.000,125.000,208.000
246.000,114.000,120.000,216.000
248.000,112.000,120.000,216.000
245.000,122.000,133.000,202.000
243.000,115.000,140.000,214.000
242.000,109.000,141.000,221.000
233.000,111.000,152.000,220.000
239.000,102.000,150.000,235.000
236.000,105.000,150.000,227.000
224.000,120.000,164.000,214.000
247.000,132.000,156.000,213.000
261.000,141.000,118.000,193.000
268.000,149.000,101.000,190.000
270.000,140.000,96.000,200.000
268.000,146.000,97.000,196.000
273.000,139.000,97.000,202.000
289.000,125.000,88.000,225.000
289.000,130.000,90.000,219.000
286.000,141.000,89.000,194.000
283.000,137.000,91.000,195.000
275.000,137.000,89.000,197.000
274.000,127.000,81.000,209.000
275.000,127.000,77.000,205.000
272.000,123.000,76.000,217.000
268.000,116.000,83.000,224.000
265.000,112.000,109.000,223.000
260.000,109.000,102.000,228.000
253.000,175.000,100.000,161.000
257.000,175.000,94.000,159.000
260.000,168.000,88.000,159.000
265.000,170.000,90.000,163.000
272.000,179.000,93.000,149.000
281.000,182.000,95.000,156.000
295.000,179.000,84.000,168.000
300.000,174.000,92.000,169.000
289.000,180.000,110.000,166.000
294.000,179.000,111.000,158.000
295.000,174.000,120.000,168.000
298.000,176.000,114.000,172.000
288.000,173.000,115.000,183.000
290.000,180.000,101.000,175.000
285.000,186.000,110.000,171.000
274.000,122.000,123.000,248.000
278.000,105.000,104.000,252.000
273.000,112.000,126.000,242.000
270.000,117.000,122.000,237.000
259.000,120.000,137.000,240.000
195.000,160.000,153.000,179.000
244.000,167.000,131.000,182.000
243.000,172.000,119.000,176.000
233.000,169.000,118.000,174.000
219.000,153.000,151.000,193.000
198.000,161.000,150.000,176.000
203.000,160.000,145.000,180.000
188.000,146.000,172.000,208.000
180.000,133.000,184.000,215.000
173.000,139.000,197.000,209.000
169.000,143.000,188.000,205.000
178.000,153.000,168.000,191.000
171.000,162.000,159.000,178.000
158.000,164.000,173.000,169.000
157.000,165.000,163.000,166.000
99.000,144.000,218.000,177.000
102.000,140.000,213.000,181.000
110.000,133.000,214.000,184.000
130.000,142.000,192.000,177.000
116.000,133.000,215.000,212.000
83.000,123.000,248.000,202.000
118.000,151.000,224.000,180.000
121.000,150.000,228.000,191.000
111.000,153.000,228.000,174.000
107.000,155.000,232.000,167.000
81.000,153.000,250.000,161.000
98.000,161.000,233.000,154.000
96.000,164.000,232.000,147.000
98.000,160.000,236.000,151.000
57.000,156.000,272.000,149.000
73.000,162.000,258.000,148.000
89.000,166.000,242.000,147.000
24.000,133.000,189.000,167.000
21.000,126.000,188.000,177.000
69.000,140.000,163.000,154.000
59.000,128.000,148.000,165.000
61.000,125.000,133.000,164.000
227.000,146.000,132.000,138.000
69.000,129.000,128.000,169.000
85.000,119.000,134.000,181.000
96.000,145.000,99.000,150.000
94.000,147.000,99.000,145.000
88.000,144.000,108.000,148.000
79.000,152.000,117.000,138.000
73.000,154.000,131.000,137.000
53.000,149.000,147.000,146.000
72.000,141.000,131.000,161.000
67.000,148.000,133.000,152.000
58.000,152.000,108.000,142.000
59.000,156.000,99.000,134.000
60.000,158.000,94.000,134.000
58.000,156.000,98.000,132.000
53.000,156.000,96.000,132.000
51.000,145.000,93.000,141.000
61.000,146.000,79.000,142.000
55.000,146.000,81.000,136.000
54.000,138.000,81.000,140.000
52.000,140.000,83.000,141.000
44.000,139.000,101.000,139.000
45.000,136.000,103.000,143.000
44.000,131.000,108.000,147.000
41.000,126.000,115.000,153.000
47.000,125.000,115.000,155.000
44.000,128.000,123.000,159.000
37.000,114.000,133.000,171.000
14.000,99.000,151.000,187.000
9.000,97.000,150.000,188.000
14.000,97.000,147.000,186.000
15.000,102.000,129.000,182.000
38.000,94.000,124.000,192.000
27.000,98.000,122.000,184.000
30.000,94.000,111.000,191.000
24.000,115.000,104.000,169.000
36.000,103.000,113.000,180.000
20.000,126.000,111.000,155.000
24.000,131.000,99.000,152.000
28.000,136.000,91.000,148.000
32.000,145.000,83.000,138.000
34.000,152.000,74.000,127.000
31.000,155.000,77.000,121.000
34.000,153.000,73.000,123.000
37.000,154.000,71.000,122.000
39.000,156.000,70.000,119.000
40.000,161.000,76.000,115.000
41.000,161.000,79.000,114.000
42.000,161.000,82.000,111.000
43.000,160.000,80.000,110.000
47.000,163.000,82.000,111.000
49.000,164.000,83.000,107.000
50.000,166.000,85.000,104.000
53.000,165.000,83.000,105.000
47.000,167.000,95.000,101.000
43.000,166.000,103.000,102.000
63.000,105.000,350.000,160.000
42.000,169.000,75.000,95.000
44.000,171.000,64.000,95.000
47.000,171.000,52.000,96.000
50.000,168.000,46.000,98.000
52.000,170.000,46.000,99.000
51.000,168.000,45.000,98.000
52.000,168.000,42.000,98.000
52.000,170.000,43.000,98.000
53.000,169.000,44.000,98.000
52.000,172.000,47.000,95.000
52.000,173.000,49.000,96.000
53.000,179.000,40.000,90.000
55.000,180.000,43.000,88.000
55.000,180.000,42.000,88.000
56.000,183.000,46.000,86.000
57.000,189.000,49.000,81.000
60.000,189.000,51.000,82.000
64.000,189.000,50.000,81.000
68.000,189.000,46.000,81.000
74.000,192.000,41.000,76.000
76.000,185.000,45.000,79.000
82.000,187.000,41.000,77.000
81.000,183.000,38.000,83.000
89.000,185.000,39.000,83.000
88.000,182.000,34.000,88.000
95.000,185.000,39.000,84.000
93.000,181.000,34.000,91.000
94.000,181.000,34.000,93.000
94.000,181.000,38.000,95.000
94.000,183.000,35.000,95.000
92.000,181.000,37.000,96.000
95.000,186.000,37.000,95.000
97.000,185.000,37.000,96.000
96.000,189.000,39.000,95.000
96.000,194.000,38.000,93.000
97.000,197.000,41.000,92.000
100.000,198.000,41.000,91.000
101.000,203.000,44.000,86.000
101.000,203.000,45.000,88.000
101.000,200.000,47.000,91.000
101.000,200.000,48.000,93.000
103.000,198.000,48.000,96.000
101.000,199.000,50.000,98.000
105.000,195.000,45.000,101.000
103.000,197.000,48.000,105.000
105.000,198.000,45.000,103.000
101.000,200.000,44.000,103.000
100.000,203.000,46.000,105.000
88.000,200.000,52.000,112.000
80.000,193.000,58.000,120.000
80.000,193.000,60.000,121.000
81.000,197.000,58.000,121.000
79.000,202.000,60.000,114.000
78.000,204.000,63.000,112.000
79.000,203.000,64.000,113.000
79.000,204.000,65.000,113.000
81.000,200.000,69.000,119.000
81.000,201.000,69.000,114.000
85.000,197.000,67.000,124.000
82.000,189.000,73.000,128.000
82.000,188.000,77.000,137.000
80.000,189.000,78.000,136.000
80.000,178.000,84.000,150.000
349.000,36.000,124.000,279.000
352.000,32.000,121.000,290.000
55.000,164.000,101.000,165.000
360.000,36.000,116.000,268.000
365.000,32.000,113.000,270.000
7.000,164.000,146.000,172.000
30.000,170.000,169.000,164.000
24.000,168.000,167.000,167.000
365.000,30.000,113.000,252.000
360.000,33.000,115.000,259.000
356.000,34.000,121.000,257.000
356.000,33.000,118.000,252.000
358.000,30.000,119.000,265.000
355.000,33.000,116.000,262.000
350.000,37.000,116.000,261.000
337.000,50.000,137.000,255.000
345.000,21.000,126.000,266.000
347.000,26.000,123.000,261.000
41.000,174.000,89.000,152.000
43.000,169.000,77.000,153.000
44.000,178.000,78.000,146.000
41.000,172.000,82.000,149.000
39.000,172.000,85.000,152.000
42.000,168.000,85.000,152.000
47.000,164.000,81.000,156.000
45.000,163.000,84.000,157.000
45.000,164.000,87.000,155.000
43.000,163.000,87.000,156.000
49.000,165.000,82.000,151.000
50.000,163.000,81.000,155.000
47.000,166.000,85.000,150.000
50.000,159.000,83.000,156.000
53.000,163.000,80.000,148.000
56.000,160.000,79.000,150.000
51.000,160.000,84.000,147.000
52.000,162.000,82.000,145.000
53.000,161.000,81.000,148.000
54.000,160.000,81.000,151.000
47.000,157.000,89.000,156.000
55.000,157.000,84.000,152.000
53.000,155.000,87.000,151.000
54.000,153.000,88.000,152.000
57.000,154.000,87.000,151.000
51.000,150.000,95.000,152.000
55.000,147.000,93.000,153.000
60.000,144.000,92.000,157.000
57.000,147.000,97.000,154.000
48.000,146.000,110.000,156.000
47.000,143.000,116.000,160.000
49.000,140.000,119.000,166.000
47.000,141.000,125.000,163.000
61.000,142.000,115.000,158.000
61.000,138.000,110.000,169.000
58.000,139.000,113.000,167.000
68.000,145.000,102.000,159.000
59.000,143.000,113.000,164.000
58.000,145.000,112.000,165.000
69.000,149.000,101.000,159.000
61.000,149.000,110.000,163.000
57.000,148.000,110.000,167.000
56.000,149.000,114.000,169.000
61.000,152.000,111.000,160.000
67.000,155.000,106.000,156.000
63.000,153.000,110.000,159.000
60.000,152.000,113.000,162.000
68.000,152.000,109.000,159.000
64.000,152.000,114.000,162.000
79.000,153.000,103.000,156.000
70.000,155.000,112.000,154.000
72.000,154.000,111.000,156.000
70.000,152.000,115.000,162.000
68.000,148.000,119.000,160.000
79.000,152.000,106.000,154.000
74.000,147.000,110.000,160.000
79.000,145.000,108.000,163.000
75.000,143.000,112.000,165.000
83.000,142.000,102.000,163.000
76.000,142.000,107.000,160.000
70.000,141.000,112.000,169.000
83.000,140.000,94.000,161.000
78.000,138.000,97.000,160.000
73.000,139.000,99.000,158.000
66.000,144.000,100.000,150.000
72.000,142.000,93.000,151.000
72.000,145.000,90.000,147.000
78.000,149.000,82.000,139.000
78.000,148.000,79.000,147.000
78.000,151.000,76.000,144.000
73.000,150.000,80.000,143.000
68.000,148.000,82.000,148.000
72.000,151.000,75.000,147.000
72.000,152.000,75.000,145.000
64.000,150.000,84.000,147.000
63.000,150.000,86.000,145.000
67.000,153.000,81.000,144.000
71.000,152.000,80.000,141.000
71.000,149.000,84.000,146.000
71.000,150.000,84.000,144.000
72.000,151.000,86.000,144.000
75.000,150.000,83.000,144.000
75.000,148.000,86.000,149.000
72.000,144.000,89.000,153.000
81.000,154.000,81.000,142.000
78.000,152.000,88.000,144.000
88.000,155.000,81.000,141.000
86.000,152.000,84.000,142.000
86.000,152.000,89.000,145.000
89.000,152.000,85.000,146.000
91.000,154.000,83.000,140.000
89.000,151.000,88.000,143.000
88.000,155.000,88.000,136.000
83.000,148.000,92.000,147.000
85.000,151.000,87.000,142.000
87.000,148.000,84.000,145.000
88.000,149.000,82.000,144.000
87.000,152.000,82.000,141.000
87.000,149.000,83.000,142.000
88.000,152.000,79.000,137.000
88.000,148.000,82.000,149.000
87.000,149.000,81.000,141.000
91.000,153.000,75.000,137.000
93.000,154.000,73.000,133.000
89.000,153.000,77.000,133.000
86.000,151.000,78.000,139.000
85.000,143.000,77.000,149.000
86.000,146.000,75.000,147.000
85.000,145.000,75.000,150.000
86.000,149.000,74.000,143.000
83.000,147.000,78.000,146.000
87.000,146.000,73.000,149.000
87.000,149.000,72.000,142.000
86.000,149.000,74.000,143.000
88.000,152.000,72.000,138.000
85.000,143.000,75.000,147.000
86.000,148.000,73.000,144.000
90.000,150.000,69.000,143.000
88.000,148.000,73.000,140.000
87.000,148.000,74.000,142.000
89.000,148.000,73.000,143.000
90.000,147.000,73.000,141.000
93.000,148.000,71.000,141.000
96.000,148.000,71.000,142.000
94.000,146.000,73.000,145.000
101.000,144.000,68.000,147.000
99.000,144.000,72.000,147.000
101.000,144.000,70.000,147.000
99.000,142.000,74.000,148.000
104.000,142.000,70.000,146.000
107.000,145.000,69.000,142.000
105.000,139.000,70.000,149.000
105.000,142.000,72.000,141.000
101.000,140.000,75.000,146.000
100.000,139.000,74.000,149.000
98.000,142.000,77.000,145.000
106.000,142.000,68.000,143.000
107.000,139.000,68.000,145.000
105.000,136.000,70.000,147.000
106.000,136.000,68.000,148.000
105.000,137.000,67.000,145.000
103.000,134.000,69.000,147.000
103.000,134.000,67.000,146.000
101.000,137.000,67.000,143.000
103.000,139.000,66.000,139.000
102.000,136.000,67.000,141.000
100.000,130.000,68.000,145.000
104.000,133.000,65.000,144.000
104.000,134.000,63.000,140.000
106.000,139.000,63.000,131.000
105.000,132.000,67.000,140.000
105.000,129.000,64.000,144.000
106.000,134.000,63.000,142.000
105.000,135.000,66.000,140.000
105.000,138.000,66.000,137.000
105.000,139.000,67.000,136.000
104.000,137.000,66.000,140.000
103.000,139.000,68.000,139.000
102.000,136.000,69.000,144.000
103.000,137.000,67.000,140.000
104.000,138.000,64.000,141.000
102.000,136.000,66.000,147.000
99.000,142.000,68.000,141.000
97.000,141.000,68.000,144.000
99.000,144.000,66.000,139.000
100.000,145.000,66.000,134.000
99.000,145.000,65.000,141.000
99.000,147.000,68.000,139.000
101.000,148.000,69.000,141.000
100.000,150.000,69.000,140.000
104.000,153.000,69.000,140.000
113.000,157.000,62.000,140.000
111.000,156.000,66.000,141.000
119.000,159.000,61.000,139.000
118.000,155.000,64.000,140.000
125.000,158.000,60.000,135.000
123.000,155.000,64.000,136.000
126.000,154.000,62.000,133.000
122.000,154.000,67.000,136.000
122.000,148.000,68.000,148.000
120.000,151.000,70.000,144.000
117.000,147.000,71.000,151.000
116.000,148.000,72.000,152.000
114.000,147.000,71.000,158.000
111.000,147.000,73.000,160.000
105.000,145.000,75.000,163.000
101.000,148.000,74.000,162.000
94.000,147.000,76.000,167.000
85.000,144.000,83.000,175.000
78.000,144.000,86.000,176.000
75.000,143.000,88.000,179.000
71.000,145.000,91.000,178.000
72.000,149.000,91.000,173.000
72.000,147.000,91.000,173.000
70.000,145.000,91.000,175.000
68.000,144.000,88.000,173.000
65.000,140.000,91.000,187.000
67.000,145.000,91.000,177.000
72.000,143.000,86.000,178.000
71.000,140.000,90.000,179.000
73.000,142.000,87.000,182.000
70.000,142.000,94.000,177.000
72.000,144.000,91.000,177.000
74.000,144.000,92.000,181.000
77.000,140.000,90.000,185.000
84.000,136.000,88.000,183.000
89.000,132.000,86.000,181.000
86.000,126.000,94.000,180.000
91.000,134.000,91.000,174.000
91.000,125.000,91.000,182.000
93.000,131.000,89.000,182.000
92.000,131.000,91.000,182.000
88.000,130.000,95.000,184.000
86.000,134.000,95.000,180.000
86.000,125.000,95.000,192.000
87.000,125.000,91.000,190.000
83.000,122.000,94.000,195.000
78.000,120.000,95.000,200.000
80.000,128.000,90.000,192.000
77.000,128.000,90.000,195.000
74.000,124.000,93.000,204.000
74.000,131.000,90.000,194.000
73.000,135.000,89.000,182.000
74.000,137.000,87.000,182.000
221.000,114.000,222.000,159.000
74.000,126.000,86.000,196.000
71.000,131.000,87.000,196.000
69.000,128.000,86.000,204.000
68.000,132.000,86.000,200.000
63.000,135.000,91.000,203.000
60.000,136.000,94.000,203.000
236.000,126.000,246.000,149.000
59.000,132.000,94.000,209.000
59.000,135.000,95.000,202.000
213.000,122.000,240.000,168.000
66.000,140.000,92.000,201.000
59.000,138.000,108.000,203.000
77.000,135.000,99.000,201.000
266.000,113.000,199.000,171.000
253.000,123.000,220.000,168.000
254.000,116.000,214.000,174.000
249.000,124.000,224.000,159.000
252.000,122.000,228.000,177.000
249.000,122.000,223.000,169.000
244.000,124.000,229.000,171.000
240.000,113.000,233.000,176.000
253.000,118.000,217.000,172.000
254.000,111.000,225.000,168.000
271.000,97.000,208.000,178.000
262.000,100.000,219.000,183.000
262.000,107.000,222.000,167.000
255.000,95.000,226.000,176.000
250.000,106.000,225.000,167.000
251.000,99.000,225.000,178.000
247.000,102.000,227.000,169.000
244.000,108.000,226.000,192.000
235.000,105.000,231.000,212.000
240.000,103.000,226.000,224.000
232.000,108.000,236.000,221.000
225.000,116.000,241.000,215.000
228.000,119.000,235.000,217.000
226.000,122.000,239.000,215.000
217.000,121.000,247.000,215.000
232.000,123.000,226.000,215.000
226.000,121.000,238.000,210.000
218.000,127.000,251.000,218.000
226.000,123.000,231.000,220.000
229.000,128.000,233.000,215.000
83.000,148.000,92.000,186.000
81.000,145.000,98.000,192.000
222.000,128.000,235.000,194.000
75.000,140.000,101.000,199.000
89.000,142.000,93.000,196.000
93.000,133.000,92.000,200.000
94.000,132.000,94.000,210.000
98.000,130.000,92.000,205.000
98.000,126.000,93.000,205.000
104.000,132.000,89.000,202.000
97.000,124.000,101.000,206.000
106.000,130.000,90.000,202.000
253.000,104.000,216.000,192.000
260.000,106.000,215.000,198.000
249.000,102.000,227.000,194.000
257.000,109.000,222.000,177.000
254.000,104.000,226.000,184.000
256.000,107.000,226.000,188.000
254.000,108.000,224.000,185.000
260.000,107.000,222.000,185.000
262.000,104.000,224.000,185.000
270.000,101.000,211.000,180.000
261.000,107.000,226.000,193.000
125.000,116.000,92.000,208.000
125.000,118.000,93.000,206.000
122.000,117.000,93.000,208.000
118.000,118.000,96.000,207.000
116.000,110.000,99.000,215.000
118.000,109.000,94.000,216.000
122.000,113.000,90.000,205.000
118.000,112.000,92.000,209.000
116.000,104.000,94.000,219.000
114.000,102.000,93.000,221.000
107.000,107.000,89.000,214.000
105.000,100.000,89.000,223.000
100.000,103.000,92.000,217.000
97.000,105.000,88.000,213.000
96.000,108.000,90.000,208.000
91.000,109.000,93.000,206.000
90.000,104.000,89.000,212.000
85.000,107.000,93.000,206.000
83.000,108.000,91.000,207.000
83.000,106.000,93.000,206.000
84.000,111.000,91.000,204.000
83.000,110.000,89.000,211.000
82.000,113.000,90.000,211.000
83.000,121.000,89.000,203.000
81.000,115.000,96.000,213.000
82.000,115.000,94.000,211.000
79.000,116.000,100.000,210.000
82.000,122.000,98.000,206.000
84.000,127.000,99.000,202.000
89.000,127.000,97.000,206.000
90.000,123.000,96.000,205.000
86.000,122.000,101.000,209.000
84.000,127.000,104.000,209.000
88.000,132.000,102.000,201.000
95.000,130.000,95.000,207.000
96.000,125.000,97.000,212.000
99.000,121.000,91.000,210.000
99.000,120.000,93.000,216.000
96.000,120.000,98.000,215.000
100.000,127.000,91.000,204.000
99.000,121.000,96.000,209.000
97.000,121.000,92.000,206.000
91.000,116.000,103.000,214.000
108.000,122.000,85.000,207.000
108.000,120.000,88.000,206.000
105.000,114.000,89.000,210.000
108.000,115.000,88.000,211.000
105.000,113.000,80.000,210.000
103.000,117.000,82.000,203.000
98.000,110.000,80.000,206.000
95.000,108.000,81.000,206.000
94.000,111.000,78.000,204.000
94.000,106.000,79.000,209.000
94.000,109.000,77.000,200.000
93.000,101.000,81.000,210.000
90.000,104.000,85.000,203.000
90.000,105.000,80.000,201.000
89.000,106.000,80.000,198.000
89.000,108.000,81.000,193.000
87.000,108.000,74.000,193.000
87.000,106.000,78.000,199.000
86.000,101.000,80.000,202.000
89.000,102.000,77.000,198.000
88.000,99.000,75.000,203.000
88.000,94.000,79.000,208.000
89.000,99.000,76.000,202.000
90.000,91.000,73.000,208.000
90.000,96.000,72.000,213.000
88.000,92.000,73.000,212.000
93.000,93.000,73.000,215.000
93.000,89.000,76.000,215.000
96.000,97.000,73.000,217.000
95.000,85.000,70.000,219.000
95.000,83.000,65.000,212.000
91.000,84.000,69.000,220.000
92.000,83.000,67.000,230.000
91.000,80.000,64.000,235.000
89.000,75.000,69.000,241.000
87.000,78.000,67.000,235.000
84.000,77.000,67.000,233.000
82.000,91.000,68.000,227.000
205.000,71.000,224.000,194.000
71.000,81.000,82.000,226.000
76.000,91.000,82.000,222.000
75.000,91.000,81.000,220.000
79.000,87.000,85.000,226.000
81.000,84.000,88.000,224.000
86.000,85.000,88.000,218.000
93.000,91.000,82.000,219.000
94.000,102.000,90.000,206.000
96.000,108.000,94.000,211.000
97.000,111.000,98.000,213.000
96.000,115.000,107.000,213.000
93.000,107.000,115.000,224.000
104.000,102.000,115.000,219.000
123.000,100.000,117.000,211.000
134.000,96.000,134.000,222.000
138.000,108.000,154.000,206.000
247.000,74.000,224.000,172.000
244.000,72.000,224.000,167.000
116.000,110.000,222.000,195.000
142.000,111.000,210.000,190.000
226.000,80.000,215.000,172.000
121.000,124.000,212.000,180.000
195.000,95.000,239.000,199.000
110.000,132.000,204.000,183.000
113.000,129.000,195.000,197.000
106.000,127.000,202.000,205.000
110.000,126.000,188.000,205.000
104.000,154.000,194.000,174.000
109.000,145.000,192.000,183.000
109.000,139.000,190.000,183.000
123.000,146.000,175.000,169.000
129.000,138.000,169.000,171.000
133.000,134.000,169.000,168.000
134.000,130.000,167.000,166.000
133.000,139.000,170.000,151.000
133.000,136.000,169.000,151.000
140.000,127.000,158.000,153.000
140.000,129.000,157.000,147.000
158.000,133.000,134.000,140.000
153.000,127.000,133.000,147.000
169.000,136.000,121.000,133.000
169.000,119.000,119.000,151.000
169.000,117.000,116.000,152.000
159.000,117.000,121.000,148.000
156.000,123.000,123.000,143.000
161.000,117.000,119.000,144.000
168.000,120.000,110.000,140.000
169.000,119.000,108.000,137.000
174.000,118.000,99.000,135.000
172.000,117.000,105.000,135.000
176.000,118.000,98.000,134.000
177.000,118.000,93.000,128.000
174.000,119.000,93.000,128.000
171.000,121.000,105.000,124.000
167.000,124.000,104.000,120.000
169.000,123.000,97.000,123.000
166.000,121.000,105.000,124.000
163.000,120.000,105.000,124.000
161.000,117.000,132.000,126.000
161.000,113.000,130.000,129.000
161.000,110.000,126.000,129.000
160.000,109.000,122.000,137.000
164.000,99.000,123.000,148.000
156.000,105.000,120.000,133.000
160.000,102.000,112.000,140.000
159.000,104.000,122.000,135.000
161.000,103.000,117.000,140.000
163.000,100.000,112.000,139.000
164.000,99.000,110.000,143.000
167.000,99.000,105.000,144.000
171.000,97.000,113.000,143.000
164.000,100.000,110.000,145.000
152.000,99.000,124.000,145.000
156.000,100.000,124.000,142.000
143.000,110.000,138.000,131.000
172.000,102.000,115.000,139.000
159.000,99.000,126.000,147.000
160.000,98.000,127.000,137.000
161.000,101.000,131.000,140.000
160.000,102.000,136.000,134.000
171.000,101.000,130.000,133.000
168.000,105.000,131.000,129.000
166.000,106.000,148.000,130.000
164.000,104.000,138.000,133.000
165.000,109.000,141.000,125.000
162.000,101.000,139.000,142.000
163.000,103.000,140.000,132.000
164.000,103.000,136.000,134.000
163.000,105.000,139.000,131.000
167.000,104.000,158.000,131.000
157.000,108.000,181.000,127.000
159.000,111.000,164.000,118.000
158.000,110.000,165.000,120.000
155.000,109.000,174.000,119.000
157.000,109.000,174.000,124.000
154.000,113.000,176.000,121.000
154.000,115.000,181.000,116.000
152.000,112.000,186.000,122.000
153.000,117.000,179.000,115.000
151.000,117.000,187.000,115.000
148.000,115.000,187.000,117.000
148.000,117.000,178.000,117.000
144.000,118.000,193.000,114.000
148.000,119.000,185.000,114.000
149.000,121.000,188.000,113.000
150.000,118.000,186.000,115.000
146.000,120.000,198.000,116.000
147.000,121.000,194.000,110.000
151.000,123.000,187.000,113.000
149.000,123.000,192.000,115.000
150.000,115.000,177.000,125.000
150.000,119.000,163.000,126.000
151.000,119.000,140.000,127.000
160.000,115.000,136.000,130.000
162.000,114.000,131.000,130.000
157.000,114.000,141.000,122.000
168.000,110.000,161.000,123.000
164.000,111.000,133.000,125.000
164.000,112.000,133.000,120.000
164.000,109.000,132.000,125.000
175.000,108.000,155.000,117.000
168.000,107.000,133.000,115.000
163.000,108.000,140.000,119.000
168.000,108.000,132.000,120.000
163.000,111.000,132.000,115.000
175.000,113.000,126.000,112.000
168.000,118.000,125.000,109.000
184.000,106.000,134.000,117.000
174.000,109.000,130.000,121.000
166.000,111.000,124.000,119.000
166.000,113.000,125.000,118.000
167.000,116.000,124.000,116.000
165.000,124.000,118.000,106.000
163.000,125.000,111.000,105.000
178.000,121.000,113.000,108.000
166.000,123.000,108.000,115.000
165.000,130.000,110.000,104.000
167.000,123.000,107.000,111.000
168.000,129.000,109.000,104.000
168.000,136.000,108.000,98.000
170.000,124.000,108.000,111.000
170.000,124.000,109.000,113.000
168.000,124.000,108.000,108.000
171.000,124.000,106.000,112.000
169.000,130.000,105.000,106.000
172.000,124.000,100.000,112.000
174.000,124.000,97.000,110.000
173.000,120.000,97.000,107.000
176.000,114.000,101.000,105.000
174.000,121.000,96.000,96.000
175.000,125.000,89.000,92.000
174.000,115.000,95.000,100.000
174.000,121.000,89.000,91.000
170.000,117.000,100.000,104.000
171.000,118.000,87.000,101.000
171.000,119.000,72.000,92.000
164.000,121.000,80.000,88.000
166.000,120.000,78.000,90.000
154.000,121.000,93.000,83.000
156.000,119.000,86.000,81.000
147.000,120.000,92.000,84.000
138.000,121.000,101.000,90.000
157.000,122.000,92.000,88.000
156.000,126.000,85.000,96.000
152.000,124.000,90.000,107.000
149.000,127.000,96.000,110.000
154.000,131.000,92.000,114.000
151.000,138.000,97.000,113.000
119.000,92.000,200.000,162.000
119.000,92.000,196.000,164.000
125.000,99.000,187.000,165.000
127.000,96.000,187.000,163.000
135.000,92.000,179.000,171.000
145.000,89.000,170.000,179.000
143.000,82.000,183.000,185.000
146.000,77.000,176.000,178.000
139.000,66.000,187.000,202.000
140.000,61.000,198.000,205.000
131.000,52.000,207.000,216.000
135.000,49.000,213.000,210.000
139.000,45.000,217.000,207.000
130.000,41.000,238.000,214.000
126.000,132.000,145.000,130.000
139.000,135.000,136.000,135.000
142.000,136.000,135.000,127.000
113.000,57.000,287.000,232.000
109.000,58.000,318.000,235.000
105.000,78.000,321.000,208.000
138.000,71.000,294.000,219.000
121.000,83.000,319.000,221.000
114.000,78.000,346.000,230.000
126.000,149.000,170.000,160.000
110.000,148.000,179.000,166.000
203.000,118.000,191.000,189.000
201.000,88.000,193.000,234.000
177.000,80.000,210.000,271.000
19.000,134.000,251.000,222.000
116.000,100.000,266.000,259.000
108.000,87.000,285.000,280.000
113.000,80.000,284.000,288.000
0.000,108.000,361.000,251.000
156.000,59.000,228.000,311.000
157.000,55.000,238.000,320.000
159.000,38.000,257.000,335.000
178.000,36.000,264.000,330.000
197.000,27.000,267.000,346.000
206.000,10.000,247.000,354.000
19.000,97.000,245.000,298.000
15.000,109.000,233.000,245.000
25.000,112.000,201.000,233.000
28.000,108.000,214.000,229.000
33.000,114.000,210.000,227.000
13.000,133.000,245.000,219.000
9.000,139.000,254.000,222.000
106.000,26.000,368.000,343.000
138.000,28.000,341.000,331.000
138.000,31.000,336.000,345.000
124.000,21.000,341.000,334.000
147.000,32.000,327.000,342.000
131.000,23.000,340.000,344.000
103.000,15.000,358.000,340.000
98.000,13.000,341.000,349.000
69.000,17.000,369.000,327.000
81.000,13.000,304.000,335.000
253.000,43.000,215.000,317.000
251.000,25.000,224.000,334.000
251.000,23.000,219.000,333.000
241.000,25.000,219.000,325.000
246.000,45.000,207.000,307.000
254.000,45.000,190.000,301.000
263.000,64.000,180.000,292.000
265.000,64.000,169.000,284.000
266.000,84.000,156.000,270.000
268.000,105.000,154.000,247.000
258.000,103.000,160.000,250.000
250.000,106.000,158.000,243.000
252.000,102.000,148.000,251.000
253.000,108.000,143.000,240.000
253.000,109.000,133.000,242.000
243.000,98.000,132.000,259.000
231.000,98.000,134.000,260.000
218.000,82.000,122.000,280.000
209.000,83.000,122.000,273.000
202.000,82.000,121.000,253.000
161.000,66.000,155.000,265.000
152.000,61.000,163.000,267.000
157.000,61.000,153.000,269.000
151.000,55.000,153.000,277.000
74.000,48.000,224.000,292.000
90.000,48.000,209.000,293.000
85.000,59.000,221.000,270.000
93.000,55.000,220.000,273.000
106.000,62.000,214.000,275.000
152.000,54.000,177.000,288.000
111.000,110.000,219.000,222.000
118.000,100.000,216.000,230.000
192.000,44.000,151.000,282.000
195.000,52.000,145.000,289.000
133.000,106.000,209.000,219.000
138.000,119.000,204.000,206.000
147.000,122.000,192.000,213.000
150.000,122.000,179.000,223.000
170.000,62.000,159.000,289.000
170.000,61.000,158.000,289.000
164.000,69.000,171.000,282.000
160.000,66.000,174.000,284.000
171.000,65.000,170.000,276.000
142.000,106.000,195.000,243.000
152.000,127.000,201.000,224.000
149.000,108.000,203.000,239.000
164.000,109.000,206.000,244.000
174.000,78.000,199.000,272.000
179.000,95.000,194.000,257.000
173.000,76.000,207.000,267.000
186.000,78.000,207.000,265.000
204.000,60.000,210.000,290.000
212.000,51.000,194.000,298.000
210.000,54.000,217.000,288.000
210.000,55.000,228.000,288.000
201.000,44.000,224.000,293.000
208.000,45.000,222.000,297.000
213.000,49.000,218.000,291.000
198.000,51.000,233.000,289.000
192.000,57.000,251.000,289.000
187.000,64.000,252.000,279.000
184.000,70.000,273.000,282.000
191.000,86.000,256.000,270.000
175.000,79.000,270.000,281.000
181.000,94.000,256.000,266.000
160.000,87.000,249.000,271.000
146.000,103.000,270.000,257.000
157.000,78.000,250.000,272.000
162.000,77.000,254.000,284.000
167.000,74.000,251.000,281.000
218.000,108.000,220.000,256.000
225.000,123.000,215.000,231.000
162.000,62.000,284.000,296.000
175.000,67.000,282.000,291.000
259.000,118.000,203.000,239.000
241.000,82.000,220.000,267.000
239.000,57.000,215.000,299.000
262.000,69.000,194.000,282.000
237.000,62.000,229.000,289.000
256.000,47.000,212.000,305.000
239.000,58.000,226.000,297.000
229.000,58.000,228.000,294.000
215.000,44.000,247.000,305.000
222.000,45.000,227.000,297.000
212.000,64.000,238.000,281.000
254.000,16.000,221.000,333.000
203.000,45.000,257.000,301.000
197.000,47.000,254.000,302.000
193.000,42.000,261.000,303.000
191.000,51.000,248.000,294.000
186.000,58.000,265.000,296.000
184.000,64.000,255.000,300.000
173.000,129.000,263.000,232.000
183.000,128.000,240.000,229.000
172.000,121.000,244.000,231.000
184.000,123.000,225.000,231.000
192.000,120.000,229.000,236.000
195.000,115.000,225.000,238.000
198.000,131.000,223.000,226.000
197.000,125.000,231.000,237.000
117.000,104.000,270.000,250.000
190.000,149.000,260.000,205.000
112.000,78.000,334.000,273.000
86.000,76.000,338.000,275.000
70.000,96.000,278.000,263.000
60.000,106.000,293.000,262.000
51.000,111.000,321.000,257.000
53.000,98.000,293.000,270.000
52.000,101.000,305.000,270.000
49.000,107.000,293.000,268.000
33.000,108.000,323.000,267.000
24.000,114.000,348.000,256.000
22.000,112.000,379.000,255.000
22.000,99.000,379.000,260.000
15.000,94.000,402.000,261.000
13.000,68.000,424.000,285.000
4.000,85.000,429.000,276.000
25.000,89.000,167.000,247.000
264.000,107.000,162.000,243.000
257.000,120.000,184.000,212.000
262.000,126.000,189.000,210.000
258.000,118.000,180.000,219.000
259.000,125.000,186.000,215.000
257.000,117.000,185.000,227.000
252.000,49.000,205.000,273.000
260.000,41.000,201.000,285.000
263.000,29.000,204.000,303.000
257.000,32.000,215.000,296.000
261.000,40.000,212.000,280.000
275.000,40.000,203.000,264.000
287.000,52.000,192.000,238.000
297.000,58.000,183.000,261.000
284.000,53.000,200.000,255.000
305.000,57.000,184.000,238.000
299.000,67.000,178.000,238.000
289.000,60.000,195.000,220.000
307.000,70.000,176.000,227.000
19.000,133.000,406.000,193.000
18.000,129.000,386.000,188.000
301.000,73.000,182.000,179.000
299.000,85.000,181.000,191.000
300.000,87.000,183.000,184.000
299.000,92.000,181.000,186.000
302.000,98.000,183.000,173.000
294.000,95.000,194.000,178.000
293.000,97.000,196.000,172.000
288.000,98.000,205.000,161.000
288.000,89.000,205.000,165.000
288.000,117.000,183.000,141.000
289.000,127.000,177.000,125.000
292.000,132.000,141.000,127.000
286.000,130.000,150.000,131.000
289.000,128.000,149.000,129.000
291.000,124.000,150.000,129.000
291.000,124.000,155.000,126.000
285.000,121.000,133.000,122.000
280.000,121.000,149.000,111.000
269.000,117.000,141.000,129.000
263.000,116.000,128.000,118.000
256.000,115.000,132.000,120.000
252.000,111.000,144.000,132.000
247.000,112.000,142.000,136.000
249.000,111.000,151.000,137.000
258.000,113.000,141.000,122.000
250.000,113.000,161.000,127.000
253.000,110.000,159.000,137.000
259.000,108.000,152.000,136.000
259.000,110.000,160.000,137.000
264.000,104.000,162.000,146.000
269.000,101.000,162.000,149.000
273.000,100.000,159.000,153.000
277.000,105.000,166.000,147.000
283.000,101.000,164.000,153.000
291.000,102.000,163.000,151.000
288.000,105.000,172.000,151.000
291.000,109.000,174.000,146.000
286.000,112.000,181.000,143.000
282.000,115.000,179.000,151.000
277.000,117.000,181.000,154.000
269.000,117.000,192.000,151.000
268.000,118.000,190.000,157.000
265.000,120.000,197.000,152.000
265.000,121.000,190.000,147.000
264.000,121.000,200.000,152.000
267.000,118.000,193.000,154.000
264.000,118.000,206.000,145.000
267.000,114.000,205.000,162.000
263.000,113.000,202.000,167.000
274.000,119.000,202.000,160.000
268.000,118.000,206.000,132.000
269.000,125.000,208.000,128.000
271.000,127.000,208.000,125.000
270.000,121.000,208.000,140.000
269.000,126.000,212.000,129.000
267.000,123.000,208.000,131.000
259.000,129.000,219.000,122.000
253.000,131.000,219.000,151.000
250.000,131.000,213.000,158.000
256.000,131.000,213.000,161.000
249.000,137.000,212.000,156.000
246.000,141.000,217.000,157.000
242.000,140.000,213.000,162.000
232.000,143.000,211.000,158.000
231.000,142.000,211.000,161.000
230.000,143.000,204.000,163.000
224.000,148.000,204.000,157.000
218.000,147.000,214.000,154.000
225.000,145.000,212.000,149.000
230.000,144.000,215.000,155.000
232.000,143.000,213.000,162.000
229.000,143.000,233.000,147.000
238.000,131.000,208.000,168.000
234.000,134.000,220.000,151.000
239.000,133.000,212.000,159.000
241.000,131.000,216.000,152.000
243.000,129.000,214.000,164.000
249.000,128.000,214.000,166.000
253.000,127.000,215.000,160.000
255.000,131.000,208.000,154.000
257.000,128.000,210.000,164.000
46.000,102.000,282.000,212.000
49.000,99.000,223.000,217.000
92.000,98.000,200.000,211.000
82.000,98.000,179.000,218.000
94.000,93.000,202.000,221.000
78.000,102.000,192.000,214.000
102.000,89.000,193.000,223.000
85.000,99.000,193.000,215.000
115.000,119.000,248.000,180.000
80.000,105.000,281.000,203.000
75.000,100.000,288.000,204.000
61.000,96.000,302.000,205.000
66.000,93.000,291.000,204.000
65.000,90.000,294.000,209.000
68.000,90.000,287.000,205.000
57.000,88.000,311.000,205.000
66.000,87.000,298.000,203.000
54.000,87.000,307.000,207.000
275.000,109.000,199.000,120.000
263.000,111.000,201.000,118.000
258.000,114.000,196.000,113.000
246.000,113.000,198.000,118.000
248.000,116.000,198.000,115.000
237.000,113.000,206.000,119.000
243.000,109.000,199.000,122.000
238.000,113.000,205.000,118.000
242.000,115.000,194.000,126.000
241.000,108.000,199.000,139.000
238.000,102.000,206.000,126.000
239.000,108.000,206.000,137.000
241.000,102.000,206.000,137.000
242.000,105.000,204.000,131.000
246.000,101.000,205.000,125.000
246.000,108.000,206.000,116.000
250.000,104.000,201.000,120.000
251.000,106.000,203.000,117.000
252.000,108.000,206.000,115.000
255.000,104.000,204.000,119.000
259.000,105.000,200.000,119.000
263.000,106.000,201.000,118.000
259.000,108.000,204.000,117.000
257.000,110.000,205.000,116.000
258.000,113.000,203.000,112.000
261.000,115.000,205.000,110.000
258.000,112.000,207.000,115.000
258.000,113.000,206.000,113.000
253.000,112.000,209.000,116.000
256.000,118.000,206.000,114.000
259.000,117.000,209.000,115.000
255.000,113.000,208.000,120.000
252.000,116.000,211.000,112.000
255.000,118.000,209.000,109.000
255.000,117.000,200.000,110.000
251.000,117.000,210.000,115.000
254.000,119.000,206.000,114.000
254.000,120.000,199.000,126.000
254.000,113.000,206.000,142.000
253.000,115.000,208.000,132.000
258.000,118.000,203.000,137.000
258.000,116.000,203.000,131.000
259.000,118.000,201.000,122.000
263.000,117.000,199.000,121.000
255.000,117.000,209.000,121.000
261.000,119.000,200.000,125.000
262.000,114.000,203.000,135.000
262.000,124.000,207.000,123.000
259.000,122.000,205.000,128.000
263.000,123.000,200.000,124.000
256.000,121.000,211.000,118.000
259.000,128.000,202.000,113.000
254.000,128.000,208.000,112.000
245.000,125.000,213.000,115.000
251.000,129.000,203.000,113.000
259.000,126.000,200.000,118.000
256.000,121.000,201.000,122.000
256.000,124.000,199.000,135.000
254.000,121.000,202.000,134.000
250.000,126.000,205.000,130.000
251.000,123.000,202.000,133.000
249.000,129.000,205.000,134.000
247.000,123.000,210.000,146.000
250.000,124.000,205.000,135.000
247.000,124.000,205.000,143.000
249.000,123.000,205.000,148.000
249.000,121.000,208.000,123.000
254.000,127.000,204.000,118.000
249.000,131.000,212.000,112.000
250.000,124.000,203.000,123.000
254.000,129.000,203.000,115.000
252.000,125.000,205.000,123.000
254.000,132.000,203.000,116.000
251.000,125.000,208.000,123.000
253.000,131.000,206.000,116.000
252.000,128.000,204.000,120.000
252.000,126.000,207.000,123.000
255.000,132.000,199.000,118.000
255.000,129.000,208.000,121.000
261.000,133.000,195.000,118.000
258.000,126.000,210.000,119.000
33.000,114.000,322.000,194.000
258.000,131.000,203.000,109.000
261.000,130.000,198.000,114.000
263.000,132.000,198.000,112.000
266.000,129.000,199.000,114.000
264.000,122.000,202.000,121.000
270.000,127.000,199.000,116.000
268.000,127.000,199.000,113.000
266.000,129.000,203.000,107.000
261.000,123.000,207.000,118.000
266.000,130.000,196.000,114.000
267.000,123.000,193.000,119.000
261.000,126.000,203.000,111.000
260.000,130.000,199.000,111.000
255.000,126.000,203.000,113.000
257.000,122.000,198.000,118.000
256.000,127.000,201.000,113.000
252.000,123.000,203.000,117.000
249.000,121.000,204.000,116.000
252.000,121.000,199.000,116.000
246.000,121.000,206.000,114.000
246.000,123.000,202.000,114.000
246.000,124.000,200.000,113.000
245.000,120.000,196.000,120.000
244.000,119.000,198.000,117.000
249.000,117.000,195.000,121.000
246.000,110.000,199.000,127.000
102.000,64.000,158.000,225.000
252.000,120.000,182.000,125.000
95.000,68.000,150.000,223.000
244.000,115.000,183.000,141.000
92.000,70.000,153.000,224.000
87.000,65.000,154.000,232.000
231.000,115.000,189.000,126.000
229.000,115.000,186.000,147.000
84.000,73.000,185.000,217.000
220.000,111.000,204.000,126.000
77.000,78.000,194.000,209.000
80.000,77.000,184.000,207.000
79.000,80.000,209.000,201.000
67.000,78.000,237.000,204.000
68.000,100.000,241.000,179.000
198.000,107.000,192.000,151.000
180.000,106.000,216.000,159.000
58.000,98.000,286.000,176.000
52.000,89.000,260.000,189.000
73.000,94.000,285.000,180.000
181.000,109.000,216.000,165.000
104.000,118.000,239.000,160.000
154.000,100.000,189.000,179.000
143.000,94.000,189.000,181.000
141.000,100.000,184.000,173.000
144.000,99.000,182.000,178.000
127.000,111.000,195.000,171.000
122.000,111.000,203.000,169.000
109.000,113.000,226.000,161.000
122.000,107.000,227.000,175.000
122.000,113.000,229.000,165.000
119.000,118.000,235.000,162.000
117.000,111.000,228.000,169.000
118.000,110.000,236.000,169.000
119.000,118.000,236.000,147.000
122.000,97.000,241.000,168.000
125.000,91.000,242.000,166.000
123.000,87.000,246.000,160.000
118.000,93.000,248.000,152.000
196.000,69.000,196.000,171.000
236.000,56.000,167.000,181.000
248.000,60.000,162.000,178.000
258.000,57.000,131.000,180.000
108.000,110.000,142.000,132.000
108.000,111.000,141.000,128.000
104.000,116.000,138.000,138.000
101.000,119.000,139.000,126.000
107.000,124.000,124.000,127.000
98.000,128.000,127.000,134.000
96.000,131.000,123.000,124.000
90.000,136.000,119.000,131.000
84.000,139.000,116.000,132.000
83.000,140.000,111.000,142.000
82.000,146.000,107.000,127.000
83.000,145.000,107.000,121.000
82.000,139.000,101.000,133.000
82.000,139.000,102.000,133.000
83.000,140.000,97.000,125.000
88.000,136.000,88.000,123.000
93.000,135.000,87.000,124.000
98.000,129.000,83.000,124.000
100.000,132.000,89.000,117.000
106.000,130.000,85.000,116.000
104.000,131.000,84.000,110.000
110.000,130.000,80.000,109.000
117.000,128.000,76.000,103.000
112.000,139.000,80.000,96.000
121.000,129.000,73.000,102.000
124.000,123.000,71.000,106.000
130.000,120.000,67.000,107.000
131.000,127.000,66.000,98.000
131.000,130.000,69.000,92.000
127.000,130.000,73.000,94.000
125.000,136.000,77.000,84.000
172.000,20.000,230.000,197.000
161.000,20.000,228.000,200.000
152.000,30.000,231.000,194.000
144.000,33.000,233.000,189.000
134.000,39.000,235.000,181.000
83.000,48.000,258.000,184.000
120.000,52.000,246.000,166.000
88.000,62.000,278.000,164.000
120.000,108.000,93.000,117.000
121.000,102.000,112.000,123.000
114.000,102.000,117.000,126.000
107.000,100.000,124.000,124.000
99.000,101.000,124.000,122.000
102.000,103.000,115.000,117.000
98.000,107.000,111.000,120.000
90.000,108.000,118.000,119.000
102.000,109.000,102.000,115.000
114.000,110.000,87.000,127.000
125.000,108.000,71.000,131.000
62.000,30.000,219.000,204.000
66.000,32.000,211.000,206.000
56.000,32.000,217.000,199.000
232.000,67.000,209.000,190.000
115.000,119.000,79.000,123.000
251.000,86.000,172.000,166.000
259.000,91.000,157.000,157.000
268.000,91.000,149.000,153.000
301.000,96.000,116.000,139.000
304.000,107.000,110.000,122.000
303.000,119.000,109.000,113.000
301.000,122.000,113.000,107.000
303.000,116.000,109.000,111.000
317.000,119.000,97.000,102.000
309.000,118.000,103.000,109.000
309.000,119.000,104.000,108.000
308.000,122.000,104.000,104.000
304.000,119.000,114.000,105.000
304.000,120.000,118.000,100.000
304.000,119.000,121.000,100.000
303.000,118.000,122.000,101.000
303.000,123.000,122.000,95.000
302.000,125.000,126.000,95.000
301.000,119.000,129.000,99.000
304.000,119.000,125.000,98.000
309.000,119.000,114.000,94.000
305.000,119.000,118.000,95.000
307.000,120.000,116.000,95.000
315.000,119.000,107.000,93.000
317.000,117.000,100.000,94.000
304.000,115.000,114.000,100.000
313.000,113.000,105.000,100.000
306.000,108.000,104.000,106.000
310.000,108.000,86.000,109.000
300.000,108.000,88.000,108.000
292.000,106.000,81.000,113.000
287.000,106.000,78.000,113.000
283.000,106.000,80.000,109.000
276.000,107.000,79.000,108.000
273.000,112.000,84.000,108.000
265.000,108.000,83.000,107.000
261.000,114.000,87.000,107.000
262.000,115.000,88.000,104.000
255.000,121.000,86.000,102.000
249.000,124.000,89.000,99.000
246.000,126.000,93.000,99.000
246.000,127.000,84.000,99.000
246.000,128.000,78.000,97.000
245.000,132.000,73.000,93.000
246.000,135.000,69.000,90.000
245.000,136.000,63.000,85.000
247.000,135.000,60.000,88.000
248.000,138.000,53.000,88.000
250.000,139.000,52.000,88.000
248.000,138.000,48.000,90.000
252.000,138.000,46.000,97.000
255.000,138.000,51.000,103.000
257.000,139.000,52.000,107.000
259.000,140.000,53.000,109.000
261.000,136.000,54.000,101.000
258.000,143.000,59.000,94.000
257.000,144.000,61.000,98.000
257.000,144.000,52.000,106.000
250.000,145.000,59.000,100.000
252.000,147.000,62.000,85.000
251.000,146.000,76.000,81.000
199.000,152.000,60.000,76.000
201.000,159.000,59.000,71.000
255.000,123.000,78.000,111.000
258.000,123.000,77.000,111.000
255.000,125.000,82.000,109.000
253.000,129.000,83.000,105.000
204.000,156.000,69.000,75.000
196.000,156.000,79.000,74.000
208.000,158.000,72.000,73.000
210.000,157.000,69.000,73.000
249.000,130.000,70.000,100.000
252.000,126.000,66.000,104.000
202.000,159.000,78.000,68.000
245.000,138.000,64.000,87.000
209.000,155.000,76.000,78.000
215.000,145.000,96.000,86.000
216.000,135.000,96.000,95.000
216.000,133.000,98.000,101.000
210.000,135.000,103.000,96.000
215.000,133.000,96.000,97.000
218.000,130.000,84.000,98.000
216.000,136.000,92.000,96.000
214.000,134.000,96.000,97.000
206.000,137.000,103.000,96.000
214.000,142.000,94.000,90.000
209.000,136.000,102.000,95.000
208.000,139.000,98.000,90.000
210.000,142.000,95.000,90.000
211.000,145.000,94.000,81.000
215.000,150.000,91.000,74.000
223.000,153.000,77.000,76.000
222.000,152.000,76.000,78.000
221.000,149.000,78.000,82.000
218.000,150.000,82.000,74.000
224.000,151.000,73.000,70.000
225.000,150.000,74.000,68.000
228.000,150.000,74.000,67.000
232.000,149.000,71.000,70.000
235.000,150.000,68.000,69.000
237.000,153.000,72.000,66.000
242.000,152.000,72.000,68.000
242.000,149.000,77.000,74.000
240.000,147.000,84.000,75.000
238.000,149.000,88.000,73.000
237.000,148.000,91.000,78.000
235.000,146.000,97.000,79.000
234.000,144.000,104.000,84.000
239.000,142.000,101.000,83.000
238.000,148.000,100.000,78.000
239.000,145.000,105.000,81.000
243.000,141.000,100.000,85.000
235.000,145.000,110.000,86.000
232.000,146.000,115.000,86.000
232.000,146.000,114.000,89.000
226.000,148.000,120.000,86.000
237.000,148.000,112.000,89.000
240.000,146.000,103.000,90.000
249.000,148.000,91.000,93.000
250.000,155.000,88.000,91.000
243.000,158.000,94.000,94.000
235.000,163.000,102.000,97.000
226.000,167.000,116.000,94.000
211.000,162.000,133.000,102.000
208.000,162.000,138.000,104.000
196.000,161.000,151.000,105.000
184.000,150.000,165.000,119.000
175.000,154.000,170.000,117.000
164.000,155.000,179.000,121.000
157.000,152.000,185.000,131.000
151.000,167.000,170.000,115.000
138.000,154.000,236.000,135.000
141.000,160.000,181.000,126.000
138.000,144.000,233.000,143.000
126.000,144.000,267.000,154.000
128.000,142.000,272.000,145.000
119.000,147.000,282.000,148.000
127.000,147.000,232.000,144.000
132.000,146.000,231.000,153.000
142.000,132.000,257.000,162.000
113.000,143.000,266.000,160.000
97.000,143.000,281.000,163.000
117.000,130.000,283.000,169.000
87.000,143.000,300.000,172.000
97.000,141.000,310.000,172.000
76.000,131.000,334.000,188.000
62.000,136.000,346.000,187.000
33.000,140.000,368.000,192.000
28.000,145.000,377.000,196.000
30.000,155.000,362.000,193.000
43.000,146.000,338.000,196.000
39.000,142.000,355.000,203.000
23.000,144.000,391.000,206.000
11.000,146.000,376.000,204.000
3.000,130.000,360.000,229.000
14.000,151.000,437.000,202.000
11.000,150.000,310.000,196.000
11.000,149.000,326.000,196.000
11.000,146.000,395.000,200.000
2.000,118.000,434.000,229.000
12.000,109.000,429.000,250.000
10.000,117.000,404.000,244.000
12.000,107.000,398.000,246.000
0.000,121.000,374.000,234.000
1.000,126.000,378.000,241.000
0.000,127.000,381.000,241.000
0.000,122.000,384.000,243.000
1.000,107.000,360.000,260.000
0.000,123.000,363.000,234.000
0.000,118.000,346.000,230.000
2.000,110.000,306.000,243.000
0.000,102.000,302.000,243.000
0.000,101.000,296.000,241.000
1.000,102.000,273.000,234.000
0.000,85.000,272.000,255.000
0.000,69.000,275.000,264.000
4.000,85.000,263.000,244.000
1.000,76.000,268.000,247.000
23.000,74.000,261.000,244.000
135.000,70.000,156.000,241.000
151.000,77.000,156.000,235.000
3.000,82.000,331.000,230.000
12.000,81.000,337.000,232.000
7.000,86.000,355.000,224.000
12.000,84.000,373.000,237.000
21.000,74.000,365.000,228.000
33.000,79.000,351.000,227.000
38.000,80.000,344.000,231.000
45.000,103.000,336.000,217.000
241.000,82.000,128.000,255.000
41.000,80.000,348.000,256.000
37.000,90.000,362.000,257.000
28.000,94.000,353.000,265.000
23.000,119.000,358.000,243.000
30.000,121.000,345.000,241.000
239.000,106.000,144.000,259.000
190.000,109.000,182.000,252.000
38.000,133.000,356.000,225.000
42.000,133.000,327.000,221.000
24.000,137.000,330.000,222.000
57.000,125.000,296.000,240.000
57.000,141.000,290.000,212.000
65.000,159.000,283.000,202.000
63.000,147.000,294.000,209.000
68.000,140.000,291.000,212.000
75.000,133.000,293.000,215.000
75.000,126.000,296.000,219.000
87.000,140.000,285.000,210.000
88.000,136.000,342.000,214.000
109.000,149.000,355.000,211.000
198.000,158.000,183.000,208.000
205.000,157.000,159.000,200.000
206.000,122.000,144.000,236.000
212.000,127.000,135.000,223.000
119.000,149.000,372.000,196.000
228.000,124.000,121.000,213.000
239.000,123.000,116.000,207.000
248.000,126.000,117.000,203.000
255.000,122.000,114.000,200.000
264.000,127.000,112.000,190.000
275.000,128.000,104.000,189.000
275.000,125.000,112.000,204.000
269.000,139.000,123.000,204.000
263.000,148.000,118.000,204.000
252.000,150.000,126.000,205.000
230.000,161.000,146.000,190.000
230.000,151.000,151.000,203.000
231.000,145.000,145.000,209.000
228.000,141.000,151.000,214.000
226.000,126.000,150.000,233.000
224.000,113.000,123.000,233.000
220.000,100.000,131.000,251.000
210.000,82.000,157.000,273.000
216.000,94.000,168.000,253.000
215.000,71.000,179.000,278.000
209.000,67.000,183.000,283.000
208.000,81.000,182.000,259.000
196.000,72.000,214.000,268.000
191.000,91.000,230.000,237.000
191.000,94.000,228.000,235.000
192.000,89.000,219.000,245.000
192.000,109.000,223.000,221.000
182.000,117.000,227.000,206.000
177.000,117.000,219.000,210.000
175.000,114.000,213.000,213.000
166.000,113.000,222.000,209.000
154.000,105.000,229.000,210.000
143.000,100.000,248.000,206.000
182.000,105.000,206.000,202.000
174.000,115.000,200.000,191.000
159.000,125.000,221.000,172.000
155.000,120.000,226.000,175.000
140.000,109.000,238.000,189.000
143.000,115.000,232.000,187.000
137.000,113.000,242.000,185.000
133.000,110.000,249.000,185.000
134.000,106.000,255.000,180.000
140.000,104.000,256.000,186.000
157.000,116.000,241.000,181.000
158.000,120.000,248.000,169.000
158.000,129.000,236.000,164.000
159.000,138.000,235.000,157.000
152.000,135.000,249.000,157.000
146.000,126.000,235.000,152.000
156.000,129.000,228.000,146.000
142.000,118.000,247.000,166.000
133.000,111.000,256.000,185.000
127.000,104.000,266.000,200.000
123.000,101.000,272.000,197.000
128.000,113.000,269.000,190.000
134.000,114.000,267.000,183.000
136.000,139.000,277.000,165.000
96.000,110.000,281.000,195.000
118.000,113.000,294.000,171.000
90.000,105.000,308.000,193.000
97.000,125.000,319.000,162.000
80.000,100.000,314.000,212.000
77.000,105.000,297.000,194.000
58.000,120.000,251.000,197.000
80.000,119.000,215.000,204.000
73.000,124.000,192.000,199.000
75.000,125.000,189.000,194.000
73.000,128.000,173.000,188.000
64.000,119.000,174.000,210.000
54.000,120.000,178.000,201.000
51.000,113.000,169.000,201.000
55.000,115.000,152.000,193.000
57.000,112.000,140.000,204.000
50.000,117.000,140.000,210.000
29.000,105.000,159.000,224.000
33.000,107.000,150.000,217.000
25.000,109.000,169.000,220.000
43.000,113.000,141.000,206.000
42.000,113.000,137.000,204.000
46.000,107.000,150.000,206.000
36.000,99.000,163.000,201.000
53.000,94.000,166.000,191.000
52.000,89.000,183.000,209.000
53.000,95.000,179.000,199.000
43.000,105.000,197.000,183.000
41.000,113.000,195.000,179.000
37.000,119.000,182.000,174.000
33.000,123.000,194.000,166.000
24.000,122.000,198.000,170.000
20.000,121.000,195.000,168.000
14.000,121.000,191.000,155.000
13.000,117.000,183.000,160.000
7.000,115.000,174.000,159.000
7.000,111.000,168.000,167.000
6.000,119.000,149.000,156.000
7.000,120.000,141.000,150.000
10.000,116.000,132.000,155.000
9.000,118.000,131.000,155.000
8.000,123.000,133.000,145.000
8.000,127.000,136.000,145.000
8.000,129.000,136.000,142.000
2.000,126.000,149.000,153.000
8.000,139.000,152.000,132.000
3.000,134.000,161.000,136.000
0.000,131.000,172.000,139.000
0.000,130.000,157.000,136.000
0.000,123.000,151.000,148.000
0.000,127.000,140.000,145.000
4.000,120.000,135.000,153.000
7.000,129.000,139.000,140.000
15.000,124.000,134.000,145.000
19.000,117.000,138.000,150.000
249.000,124.000,155.000,118.000
241.000,150.000,132.000,72.000
241.000,148.000,132.000,84.000
8.000,138.000,112.000,122.000
250.000,151.000,119.000,76.000
251.000,151.000,116.000,70.000
255.000,147.000,112.000,69.000
256.000,149.000,112.000,75.000
264.000,147.000,103.000,75.000
266.000,149.000,102.000,73.000
270.000,147.000,102.000,71.000
273.000,145.000,96.000,75.000
274.000,145.000,96.000,79.000
278.000,145.000,94.000,79.000
282.000,144.000,89.000,80.000
294.000,150.000,79.000,76.000
296.000,153.000,76.000,70.000
298.000,151.000,71.000,73.000
300.000,152.000,67.000,65.000
298.000,153.000,67.000,62.000
300.000,153.000,64.000,62.000
301.000,154.000,66.000,57.000
305.000,154.000,64.000,58.000
303.000,149.000,67.000,59.000
303.000,150.000,65.000,61.000
303.000,150.000,66.000,62.000
306.000,149.000,67.000,60.000
306.000,152.000,68.000,59.000
311.000,151.000,65.000,74.000
309.000,153.000,69.000,73.000
308.000,153.000,70.000,73.000
309.000,154.000,69.000,74.000
311.000,153.000,68.000,72.000
309.000,153.000,70.000,70.000
312.000,154.000,73.000,68.000
308.000,157.000,75.000,70.000
305.000,156.000,79.000,70.000
304.000,155.000,82.000,73.000
302.000,153.000,76.000,75.000
299.000,154.000,77.000,73.000
7.000,87.000,145.000,149.000
4.000,85.000,147.000,150.000
292.000,158.000,71.000,66.000
289.000,158.000,72.000,66.000
283.000,158.000,75.000,68.000
285.000,158.000,74.000,70.000
281.000,154.000,75.000,71.000
280.000,158.000,76.000,70.000
12.000,84.000,146.000,150.000
18.000,85.000,138.000,145.000
25.000,83.000,143.000,146.000
18.000,88.000,150.000,143.000
25.000,85.000,141.000,144.000
29.000,86.000,142.000,141.000
31.000,85.000,142.000,145.000
35.000,88.000,143.000,145.000
30.000,86.000,150.000,143.000
39.000,83.000,142.000,143.000
37.000,83.000,145.000,146.000
41.000,85.000,150.000,147.000
45.000,84.000,144.000,143.000
46.000,81.000,140.000,148.000
46.000,83.000,138.000,147.000
47.000,84.000,140.000,143.000
48.000,85.000,141.000,143.000
52.000,80.000,135.000,146.000
50.000,79.000,149.000,141.000
54.000,78.000,147.000,141.000
59.000,72.000,147.000,149.000
62.000,74.000,147.000,146.000
60.000,75.000,153.000,139.000
62.000,73.000,146.000,137.000
68.000,71.000,136.000,143.000
64.000,76.000,149.000,136.000
66.000,72.000,142.000,140.000
67.000,66.000,141.000,143.000
68.000,67.000,133.000,144.000
72.000,65.000,127.000,144.000
72.000,73.000,139.000,137.000
74.000,65.000,140.000,140.000
80.000,69.000,137.000,137.000
84.000,60.000,128.000,144.000
90.000,67.000,110.000,137.000
87.000,65.000,118.000,141.000
87.000,68.000,128.000,139.000
87.000,67.000,120.000,144.000
88.000,70.000,125.000,139.000
91.000,73.000,119.000,135.000
90.000,66.000,108.000,144.000
92.000,70.000,120.000,136.000
95.000,72.000,113.000,134.000
96.000,70.000,122.000,139.000
100.000,72.000,114.000,134.000
102.000,74.000,110.000,131.000
104.000,72.000,113.000,131.000
105.000,70.000,102.000,133.000
123.000,73.000,124.000,138.000
114.000,77.000,148.000,139.000
104.000,85.000,173.000,128.000
104.000,80.000,172.000,136.000
105.000,80.000,177.000,141.000
111.000,75.000,168.000,145.000
112.000,82.000,174.000,137.000
115.000,78.000,169.000,137.000
117.000,75.000,162.000,144.000
121.000,77.000,160.000,145.000
119.000,80.000,164.000,143.000
123.000,78.000,160.000,143.000
130.000,71.000,152.000,150.000
126.000,76.000,154.000,142.000
130.000,74.000,149.000,148.000
132.000,79.000,148.000,140.000
132.000,79.000,152.000,140.000
136.000,77.000,148.000,142.000
134.000,86.000,152.000,136.000
138.000,84.000,150.000,134.000
143.000,79.000,145.000,141.000
142.000,76.000,149.000,140.000
142.000,85.000,150.000,130.000
148.000,82.000,146.000,133.000
154.000,72.000,141.000,145.000
151.000,77.000,142.000,136.000
154.000,80.000,144.000,136.000
154.000,81.000,143.000,132.000
157.000,82.000,143.000,128.000
157.000,82.000,144.000,130.000
164.000,79.000,139.000,132.000
166.000,71.000,139.000,141.000
166.000,74.000,145.000,136.000
172.000,67.000,138.000,144.000
175.000,69.000,136.000,144.000
173.000,74.000,141.000,137.000
174.000,67.000,141.000,146.000
175.000,69.000,143.000,144.000
180.000,68.000,138.000,145.000
184.000,64.000,139.000,151.000
181.000,67.000,146.000,145.000
181.000,69.000,150.000,145.000
183.000,66.000,146.000,147.000
184.000,76.000,147.000,137.000
189.000,67.000,140.000,146.000
189.000,65.000,141.000,146.000
186.000,73.000,145.000,138.000
190.000,77.000,140.000,134.000
193.000,70.000,139.000,143.000
195.000,65.000,136.000,152.000
200.000,63.000,136.000,154.000
197.000,63.000,140.000,154.000
198.000,69.000,139.000,148.000
199.000,70.000,145.000,147.000
200.000,74.000,145.000,138.000
210.000,65.000,134.000,147.000
208.000,65.000,139.000,148.000
210.000,74.000,143.000,139.000
212.000,78.000,145.000,134.000
216.000,74.000,140.000,139.000
218.000,71.000,144.000,143.000
221.000,77.000,141.000,137.000
226.000,74.000,139.000,139.000
226.000,71.000,141.000,141.000
228.000,67.000,143.000,145.000
228.000,71.000,146.000,140.000
231.000,69.000,146.000,139.000
236.000,63.000,144.000,143.000
239.000,68.000,141.000,141.000
241.000,69.000,145.000,138.000
239.000,63.000,145.000,140.000
237.000,73.000,147.000,132.000
235.000,63.000,145.000,144.000
232.000,70.000,148.000,135.000
233.000,67.000,147.000,137.000
233.000,65.000,145.000,137.000
233.000,73.000,143.000,129.000
234.000,65.000,139.000,138.000
235.000,70.000,142.000,132.000
236.000,57.000,136.000,147.000
239.000,58.000,139.000,140.000
242.000,55.000,141.000,141.000
244.000,54.000,135.000,143.000
248.000,49.000,135.000,145.000
244.000,49.000,139.000,144.000
250.000,50.000,134.000,141.000
250.000,47.000,131.000,151.000
253.000,43.000,128.000,155.000
256.000,38.000,117.000,159.000
261.000,37.000,101.000,162.000
266.000,35.000,148.000,164.000
273.000,32.000,145.000,166.000
274.000,32.000,153.000,168.000
277.000,32.000,155.000,166.000
285.000,28.000,151.000,175.000
285.000,26.000,167.000,179.000
286.000,24.000,173.000,181.000
292.000,14.000,169.000,195.000
300.000,17.000,142.000,178.000
304.000,12.000,148.000,189.000
309.000,16.000,142.000,177.000
312.000,16.000,167.000,176.000
319.000,5.000,163.000,206.000
330.000,15.000,126.000,187.000
335.000,21.000,107.000,183.000
64.000,78.000,119.000,164.000
75.000,96.000,125.000,147.000
75.000,99.000,108.000,141.000
79.000,101.000,115.000,135.000
79.000,99.000,108.000,138.000
82.000,96.000,116.000,141.000
84.000,103.000,112.000,138.000
85.000,100.000,113.000,143.000
87.000,93.000,113.000,150.000
90.000,90.000,110.000,151.000
89.000,91.000,113.000,154.000
93.000,93.000,112.000,157.000
94.000,92.000,113.000,160.000
91.000,92.000,123.000,158.000
91.000,94.000,122.000,158.000
98.000,87.000,122.000,167.000
94.000,88.000,125.000,169.000
100.000,79.000,119.000,182.000
95.000,85.000,125.000,175.000
101.000,80.000,125.000,183.000
100.000,84.000,125.000,182.000
97.000,83.000,136.000,183.000
104.000,79.000,135.000,194.000
106.000,77.000,130.000,197.000
106.000,77.000,134.000,203.000
107.000,83.000,140.000,200.000
112.000,84.000,130.000,206.000
110.000,83.000,142.000,214.000
110.000,83.000,141.000,219.000
113.000,82.000,146.000,224.000
114.000,82.000,151.000,223.000
114.000,81.000,155.000,228.000
117.000,75.000,165.000,242.000
120.000,80.000,156.000,236.000
122.000,80.000,169.000,241.000
123.000,80.000,168.000,245.000
114.000,80.000,176.000,252.000
124.000,78.000,177.000,257.000
134.000,80.000,166.000,263.000
127.000,83.000,176.000,261.000
126.000,85.000,175.000,258.000
126.000,69.000,185.000,280.000
124.000,73.000,199.000,283.000
125.000,71.000,193.000,289.000
124.000,67.000,191.000,290.000
114.000,65.000,207.000,294.000
107.000,68.000,206.000,290.000
91.000,69.000,213.000,293.000
78.000,61.000,223.000,306.000
71.000,61.000,226.000,305.000
65.000,54.000,242.000,313.000
53.000,56.000,251.000,312.000
49.000,37.000,265.000,326.000
57.000,36.000,246.000,330.000
49.000,36.000,253.000,334.000
61.000,39.000,243.000,333.000
55.000,40.000,244.000,331.000
73.000,41.000,236.000,327.000
59.000,44.000,248.000,322.000
68.000,43.000,245.000,327.000
65.000,50.000,243.000,321.000
76.000,55.000,244.000,313.000
70.000,53.000,253.000,302.000
88.000,53.000,236.000,312.000
99.000,57.000,230.000,301.000
96.000,52.000,222.000,310.000
106.000,47.000,192.000,309.000
90.000,53.000,206.000,305.000
89.000,53.000,200.000,308.000
85.000,53.000,196.000,313.000
74.000,67.000,214.000,294.000
73.000,64.000,216.000,293.000
72.000,60.000,222.000,299.000
74.000,78.000,213.000,284.000
72.000,74.000,219.000,282.000
69.000,83.000,229.000,274.000
70.000,78.000,235.000,282.000
69.000,76.000,246.000,280.000
64.000,93.000,242.000,257.000
62.000,76.000,247.000,275.000
62.000,87.000,279.000,274.000
62.000,83.000,244.000,269.000
60.000,104.000,292.000,255.000
57.000,83.000,283.000,270.000
47.000,99.000,264.000,259.000
50.000,92.000,296.000,261.000
41.000,91.000,287.000,267.000
44.000,92.000,305.000,263.000
37.000,93.000,317.000,265.000
33.000,76.000,317.000,288.000
25.000,83.000,340.000,277.000
17.000,87.000,360.000,268.000
18.000,97.000,423.000,261.000
9.000,90.000,401.000,270.000
19.000,100.000,414.000,242.000
8.000,92.000,416.000,267.000
10.000,95.000,397.000,261.000
4.000,95.000,433.000,257.000
15.000,95.000,373.000,257.000
18.000,94.000,382.000,261.000
22.000,100.000,391.000,264.000
4.000,91.000,388.000,262.000
18.000,110.000,447.000,246.000
34.000,102.000,422.000,247.000
76.000,111.000,362.000,247.000
81.000,105.000,334.000,251.000
62.000,104.000,399.000,255.000
33.000,106.000,422.000,248.000
14.000,104.000,375.000,254.000
15.000,109.000,345.000,250.000
10.000,107.000,335.000,252.000
4.000,103.000,329.000,251.000
3.000,100.000,316.000,253.000
7.000,101.000,313.000,250.000
97.000,96.000,290.000,249.000
18.000,98.000,294.000,244.000
12.000,101.000,332.000,226.000
6.000,99.000,332.000,242.000
7.000,96.000,324.000,240.000
6.000,99.000,325.000,246.000
1.000,104.000,74.000,91.000
3.000,109.000,65.000,90.000
10.000,101.000,288.000,237.000
0.000,108.000,64.000,90.000
0.000,108.000,64.000,85.000
0.000,108.000,59.000,87.000
0.000,107.000,57.000,86.000
1.000,106.000,55.000,87.000
3.000,106.000,52.000,86.000
1.000,110.000,56.000,80.000
0.000,110.000,60.000,83.000
0.000,113.000,63.000,82.000
0.000,117.000,62.000,84.000
0.000,117.000,58.000,87.000
0.000,122.000,61.000,84.000
1.000,125.000,56.000,85.000
0.000,128.000,57.000,86.000
0.000,133.000,52.000,85.000
1.000,138.000,47.000,81.000
0.000,142.000,44.000,81.000
0.000,145.000,41.000,83.000
0.000,144.000,39.000,87.000
0.000,149.000,39.000,84.000
0.000,152.000,36.000,83.000
0.000,153.000,36.000,85.000
0.000,155.000,35.000,82.000
0.000,156.000,37.000,84.000
0.000,154.000,39.000,85.000
1.000,154.000,39.000,85.000
0.000,158.000,43.000,80.000
1.000,160.000,42.000,79.000
1.000,163.000,41.000,77.000
3.000,161.000,41.000,79.000
3.000,165.000,44.000,78.000
0.000,163.000,44.000,79.000
0.000,165.000,44.000,78.000
1.000,167.000,43.000,80.000
2.000,169.000,46.000,82.000
2.000,170.000,46.000,81.000
0.000,170.000,47.000,81.000
1.000,170.000,44.000,76.000
0.000,172.000,40.000,76.000
0.000,173.000,36.000,77.000
0.000,174.000,35.000,76.000
0.000,172.000,33.000,79.000
0.000,172.000,30.000,80.000
0.000,175.000,31.000,78.000
0.000,175.000,31.000,77.000
0.000,175.000,31.000,77.000
0.000,171.000,33.000,77.000
1.000,166.000,34.000,78.000
2.000,162.000,38.000,77.000
1.000,159.000,41.000,75.000
1.000,157.000,46.000,75.000
4.000,154.000,45.000,77.000
3.000,154.000,47.000,77.000
2.000,154.000,48.000,77.000
1.000,153.000,48.000,80.000
1.000,156.000,46.000,78.000
2.000,156.000,44.000,77.000
1.000,154.000,43.000,76.000
1.000,153.000,42.000,78.000
