362.000,108.000,69.000,94.000
360.000,108.000,70.000,94.000
360.000,104.000,77.000,92.000
363.000,101.000,72.000,95.000
363.000,103.000,74.000,96.000
356.000,103.000,74.000,96.000
356.000,101.000,68.000,95.000
351.000,97.000,70.000,97.000
355.000,99.000,68.000,96.000
355.000,100.000,68.000,95.000
351.000,94.000,68.000,103.000
352.000,92.000,70.000,105.000
350.000,95.000,72.000,101.000
349.000,92.000,73.000,103.000
347.000,89.000,73.000,108.000
346.000,87.000,76.000,104.000
345.000,87.000,74.000,103.000
345.000,86.000,74.000,106.000
344.000,86.000,73.000,104.000
345.000,93.000,72.000,97.000
345.000,93.000,71.000,98.000
342.000,91.000,74.000,104.000
346.000,92.000,71.000,103.000
344.000,90.000,72.000,106.000
343.000,88.000,71.000,105.000
344.000,89.000,71.000,106.000
344.000,92.000,73.000,100.000
344.000,91.000,71.000,105.000
341.000,92.000,75.000,106.000
340.000,89.000,74.000,110.000
344.000,96.000,71.000,101.000
343.000,91.000,69.000,109.000
342.000,95.000,71.000,101.000
342.000,90.000,70.000,103.000
342.000,94.000,68.000,101.000
340.000,98.000,75.000,98.000
341.000,97.000,70.000,100.000
342.000,96.000,69.000,104.000
343.000,92.000,69.000,106.000
342.000,90.000,68.000,109.000
338.000,97.000,71.000,105.000
340.000,93.000,71.000,106.000
339.000,97.000,71.000,103.000
339.000,96.000,69.000,106.000
338.000,99.000,79.000,103.000
335.000,96.000,73.000,108.000
334.000,97.000,78.000,104.000
334.000,97.000,78.000,105.000
334.000,94.000,78.000,110.000
338.000,94.000,77.000,110.000
336.000,94.000,74.000,108.000
339.000,92.000,76.000,114.000
340.000,92.000,77.000,108.000
340.000,95.000,74.000,105.000
342.000,95.000,75.000,105.000
339.000,96.000,73.000,105.000
339.000,95.000,74.000,105.000
336.000,96.000,74.000,105.000
337.000,93.000,73.000,101.000
334.000,96.000,77.000,99.000
337.000,92.000,72.000,106.000
337.000,96.000,73.000,107.000
333.000,99.000,75.000,103.000
332.000,95.000,75.000,105.000
331.000,97.000,75.000,107.000
329.000,97.000,78.000,106.000
328.000,99.000,76.000,102.000
329.000,97.000,77.000,109.000
328.000,101.000,78.000,106.000
326.000,103.000,77.000,105.000
326.000,106.000,77.000,103.000
327.000,114.000,76.000,98.000
328.000,115.000,76.000,94.000
325.000,113.000,82.000,99.000
326.000,115.000,79.000,101.000
324.000,115.000,78.000,105.000
324.000,114.000,78.000,107.000
322.000,115.000,80.000,105.000
323.000,119.000,80.000,104.000
320.000,122.000,79.000,102.000
320.000,123.000,79.000,104.000
319.000,118.000,81.000,109.000
316.000,122.000,82.000,108.000
318.000,126.000,80.000,102.000
323.000,125.000,80.000,105.000
321.000,127.000,80.000,105.000
322.000,128.000,80.000,102.000
323.000,131.000,82.000,103.000
321.000,135.000,85.000,99.000
321.000,133.000,86.000,102.000
321.000,136.000,84.000,100.000
315.000,137.000,85.000,105.000
319.000,142.000,79.000,102.000
318.000,143.000,80.000,99.000
318.000,141.000,78.000,101.000
318.000,140.000,80.000,102.000
318.000,139.000,78.000,104.000
315.000,140.000,80.000,106.000
313.000,139.000,79.000,109.000
317.000,141.000,82.000,102.000
319.000,136.000,78.000,108.000
319.000,140.000,77.000,106.000
319.000,138.000,76.000,109.000
316.000,140.000,80.000,105.000
317.000,141.000,80.000,107.000
318.000,138.000,80.000,109.000
322.000,136.000,81.000,107.000
326.000,133.000,79.000,109.000
327.000,132.000,80.000,107.000
328.000,132.000,81.000,106.000
335.000,126.000,76.000,110.000
337.000,125.000,75.000,112.000
336.000,124.000,79.000,109.000
339.000,123.000,78.000,110.000
339.000,123.000,78.000,110.000
340.000,124.000,79.000,110.000
342.000,124.000,77.000,108.000
344.000,122.000,76.000,108.000
344.000,120.000,76.000,109.000
345.000,125.000,76.000,103.000
348.000,124.000,74.000,102.000
346.000,123.000,76.000,107.000
349.000,125.000,75.000,103.000
350.000,123.000,75.000,105.000
352.000,120.000,75.000,108.000
347.000,122.000,81.000,108.000
351.000,120.000,81.000,107.000
354.000,122.000,78.000,105.000
355.000,123.000,79.000,103.000
355.000,120.000,79.000,104.000
355.000,119.000,79.000,107.000
355.000,121.000,80.000,102.000
357.000,120.000,81.000,102.000
359.000,118.000,81.000,106.000
360.000,120.000,82.000,101.000
363.000,120.000,79.000,102.000
364.000,120.000,80.000,101.000
364.000,119.000,83.000,103.000
365.000,119.000,79.000,104.000
364.000,118.000,82.000,105.000
365.000,120.000,77.000,105.000
365.000,115.000,81.000,109.000
366.000,117.000,81.000,107.000
366.000,118.000,81.000,106.000
366.000,116.000,81.000,110.000
365.000,115.000,83.000,110.000
364.000,118.000,82.000,109.000
365.000,117.000,84.000,111.000
364.000,116.000,86.000,112.000
361.000,114.000,88.000,114.000
362.000,115.000,89.000,111.000
362.000,117.000,89.000,112.000
363.000,117.000,91.000,107.000
362.000,117.000,92.000,107.000
359.000,115.000,94.000,112.000
356.000,114.000,91.000,111.000
350.000,119.000,97.000,107.000
351.000,114.000,94.000,117.000
344.000,117.000,94.000,119.000
340.000,116.000,99.000,110.000
335.000,117.000,100.000,108.000
328.000,118.000,96.000,115.000
330.000,114.000,96.000,114.000
322.000,122.000,101.000,112.000
318.000,123.000,100.000,110.000
307.000,126.000,99.000,106.000
298.000,129.000,104.000,109.000
294.000,128.000,105.000,114.000
290.000,125.000,111.000,121.000
288.000,128.000,111.000,117.000
291.000,128.000,106.000,115.000
290.000,128.000,104.000,114.000
290.000,129.000,107.000,113.000
287.000,129.000,108.000,116.000
286.000,129.000,110.000,116.000
289.000,134.000,107.000,107.000
288.000,132.000,104.000,110.000
286.000,132.000,110.000,113.000
289.000,132.000,110.000,115.000
287.000,131.000,113.000,115.000
288.000,134.000,109.000,110.000
287.000,134.000,108.000,108.000
289.000,138.000,101.000,105.000
289.000,134.000,104.000,113.000
289.000,133.000,99.000,114.000
289.000,129.000,102.000,118.000
287.000,132.000,104.000,117.000
286.000,130.000,106.000,118.000
286.000,137.000,104.000,111.000
288.000,134.000,102.000,115.000
290.000,133.000,101.000,114.000
291.000,133.000,100.000,116.000
291.000,133.000,101.000,118.000
289.000,133.000,103.000,118.000
290.000,132.000,104.000,117.000
292.000,134.000,99.000,112.000
293.000,134.000,100.000,117.000
293.000,134.000,99.000,114.000
292.000,134.000,98.000,115.000
293.000,133.000,98.000,119.000
294.000,134.000,97.000,117.000
295.000,133.000,92.000,119.000
296.000,133.000,89.000,118.000
295.000,133.000,90.000,122.000
295.000,132.000,91.000,119.000
295.000,134.000,94.000,116.000
295.000,137.000,96.000,108.000
300.000,133.000,83.000,116.000
300.000,136.000,83.000,110.000
300.000,137.000,85.000,111.000
299.000,131.000,88.000,113.000
299.000,133.000,87.000,114.000
302.000,131.000,82.000,117.000
302.000,129.000,79.000,118.000
300.000,136.000,92.000,113.000
301.000,134.000,91.000,112.000
299.000,137.000,95.000,110.000
298.000,139.000,98.000,109.000
298.000,139.000,99.000,107.000
299.000,149.000,98.000,96.000
299.000,130.000,104.000,120.000
295.000,144.000,103.000,102.000
299.000,133.000,106.000,116.000
294.000,143.000,111.000,105.000
297.000,136.000,108.000,116.000
296.000,131.000,109.000,119.000
296.000,138.000,111.000,114.000
297.000,131.000,105.000,120.000
295.000,139.000,108.000,116.000
297.000,132.000,112.000,121.000
296.000,137.000,112.000,119.000
296.000,128.000,107.000,122.000
293.000,140.000,115.000,112.000
298.000,132.000,104.000,118.000
295.000,134.000,106.000,117.000
297.000,139.000,109.000,112.000
296.000,131.000,111.000,119.000
296.000,138.000,106.000,112.000
298.000,130.000,108.000,117.000
297.000,129.000,113.000,118.000
301.000,121.000,107.000,119.000
302.000,116.000,112.000,116.000
306.000,108.000,109.000,113.000
308.000,103.000,106.000,114.000
312.000,98.000,107.000,114.000
315.000,94.000,112.000,109.000
322.000,86.000,109.000,110.000
325.000,78.000,108.000,116.000
329.000,73.000,102.000,113.000
329.000,70.000,100.000,109.000
328.000,58.000,98.000,118.000
322.000,48.000,103.000,124.000
321.000,49.000,96.000,117.000
320.000,53.000,101.000,115.000
321.000,46.000,100.000,118.000
323.000,44.000,102.000,121.000
326.000,53.000,91.000,114.000
331.000,51.000,88.000,122.000
332.000,57.000,86.000,124.000
333.000,66.000,84.000,117.000
331.000,69.000,91.000,119.000
336.000,77.000,84.000,114.000
342.000,81.000,80.000,121.000
344.000,85.000,81.000,118.000
341.000,90.000,84.000,117.000
341.000,93.000,83.000,119.000
340.000,94.000,80.000,121.000
334.000,100.000,90.000,117.000
335.000,108.000,87.000,115.000
331.000,116.000,94.000,115.000
328.000,123.000,96.000,116.000
328.000,128.000,95.000,118.000
327.000,134.000,96.000,119.000
324.000,140.000,98.000,117.000
323.000,138.000,98.000,122.000
323.000,139.000,98.000,124.000
320.000,146.000,98.000,110.000
318.000,143.000,103.000,115.000
316.000,138.000,104.000,120.000
320.000,145.000,96.000,116.000
319.000,144.000,100.000,119.000
319.000,145.000,100.000,116.000
321.000,144.000,102.000,121.000
323.000,147.000,98.000,115.000
323.000,146.000,97.000,119.000
326.000,143.000,99.000,124.000
328.000,145.000,101.000,120.000
328.000,144.000,103.000,118.000
334.000,143.000,102.000,118.000
335.000,143.000,104.000,121.000
337.000,142.000,103.000,121.000
340.000,148.000,103.000,116.000
341.000,144.000,103.000,120.000
343.000,148.000,105.000,120.000
345.000,150.000,99.000,112.000
344.000,151.000,105.000,112.000
345.000,147.000,104.000,115.000
346.000,146.000,103.000,115.000
343.000,144.000,102.000,116.000
344.000,144.000,102.000,119.000
343.000,141.000,105.000,120.000
343.000,140.000,111.000,117.000
344.000,137.000,106.000,123.000
344.000,138.000,106.000,119.000
344.000,139.000,102.000,117.000
343.000,137.000,106.000,121.000
343.000,134.000,102.000,123.000
340.000,131.000,102.000,126.000
342.000,136.000,101.000,122.000
340.000,138.000,101.000,118.000
338.000,134.000,102.000,121.000
339.000,137.000,102.000,120.000
338.000,134.000,100.000,124.000
338.000,138.000,104.000,115.000
337.000,141.000,105.000,112.000
336.000,136.000,103.000,121.000
338.000,134.000,99.000,118.000
338.000,136.000,99.000,115.000
339.000,137.000,98.000,113.000
338.000,136.000,100.000,119.000
340.000,134.000,98.000,125.000
338.000,133.000,99.000,133.000
337.000,135.000,102.000,131.000
336.000,135.000,104.000,130.000
335.000,134.000,108.000,133.000
335.000,134.000,108.000,136.000
334.000,138.000,108.000,126.000
335.000,135.000,103.000,136.000
335.000,132.000,102.000,140.000
334.000,135.000,100.000,133.000
332.000,135.000,102.000,131.000
332.000,137.000,102.000,122.000
336.000,134.000,92.000,125.000
339.000,135.000,92.000,123.000
334.000,131.000,96.000,128.000
333.000,131.000,92.000,125.000
335.000,133.000,90.000,122.000
337.000,132.000,84.000,120.000
339.000,138.000,85.000,122.000
337.000,136.000,88.000,123.000
339.000,141.000,85.000,118.000
337.000,130.000,81.000,127.000
337.000,130.000,86.000,132.000
334.000,130.000,91.000,126.000
333.000,131.000,93.000,127.000
335.000,130.000,89.000,128.000
335.000,129.000,91.000,130.000
335.000,130.000,90.000,129.000
337.000,130.000,87.000,129.000
335.000,132.000,88.000,125.000
335.000,131.000,89.000,129.000
334.000,129.000,96.000,133.000
334.000,129.000,91.000,132.000
332.000,128.000,99.000,129.000
334.000,127.000,96.000,131.000
333.000,128.000,102.000,130.000
335.000,126.000,95.000,137.000
333.000,138.000,100.000,125.000
334.000,132.000,99.000,131.000
334.000,128.000,92.000,134.000
338.000,128.000,91.000,132.000
334.000,129.000,96.000,132.000
334.000,130.000,99.000,133.000
336.000,129.000,101.000,133.000
337.000,128.000,97.000,138.000
336.000,133.000,100.000,129.000
338.000,131.000,102.000,130.000
338.000,132.000,103.000,131.000
340.000,130.000,100.000,131.000
340.000,135.000,104.000,128.000
340.000,131.000,100.000,130.000
340.000,130.000,103.000,134.000
341.000,132.000,101.000,128.000
341.000,129.000,107.000,135.000
342.000,132.000,103.000,134.000
342.000,133.000,107.000,132.000
345.000,130.000,102.000,131.000
345.000,138.000,104.000,125.000
347.000,132.000,103.000,128.000
349.000,130.000,98.000,134.000
349.000,129.000,98.000,135.000
348.000,132.000,100.000,131.000
347.000,130.000,101.000,140.000
352.000,130.000,101.000,137.000
350.000,133.000,100.000,131.000
351.000,133.000,100.000,123.000
352.000,135.000,100.000,125.000
352.000,130.000,101.000,137.000
352.000,136.000,103.000,122.000
352.000,132.000,101.000,134.000
352.000,133.000,102.000,132.000
353.000,133.000,98.000,137.000
352.000,132.000,96.000,129.000
353.000,133.000,96.000,131.000
351.000,131.000,101.000,133.000
351.000,133.000,96.000,131.000
353.000,131.000,95.000,138.000
354.000,131.000,95.000,134.000
352.000,131.000,94.000,134.000
353.000,133.000,94.000,127.000
353.000,132.000,95.000,128.000
355.000,132.000,91.000,128.000
354.000,132.000,93.000,120.000
356.000,131.000,88.000,124.000
353.000,133.000,91.000,119.000
353.000,133.000,94.000,118.000
354.000,131.000,86.000,124.000
354.000,133.000,86.000,121.000
353.000,135.000,90.000,118.000
352.000,133.000,86.000,123.000
351.000,134.000,85.000,122.000
352.000,135.000,83.000,123.000
354.000,132.000,80.000,130.000
352.000,132.000,80.000,135.000
352.000,131.000,81.000,132.000
354.000,134.000,81.000,134.000
348.000,137.000,93.000,121.000
350.000,136.000,86.000,126.000
349.000,137.000,87.000,123.000
345.000,133.000,93.000,134.000
343.000,134.000,95.000,136.000
343.000,131.000,91.000,138.000
343.000,133.000,96.000,135.000
342.000,135.000,97.000,134.000
342.000,135.000,98.000,135.000
341.000,136.000,96.000,131.000
341.000,134.000,97.000,136.000
341.000,134.000,101.000,133.000
343.000,134.000,98.000,140.000
339.000,133.000,102.000,137.000
339.000,135.000,100.000,134.000
338.000,132.000,103.000,137.000
339.000,133.000,98.000,134.000
334.000,132.000,97.000,136.000
331.000,134.000,96.000,129.000
328.000,131.000,95.000,139.000
321.000,131.000,101.000,142.000
320.000,127.000,100.000,148.000
317.000,127.000,99.000,136.000
314.000,127.000,97.000,139.000
308.000,129.000,98.000,136.000
305.000,126.000,99.000,141.000
303.000,135.000,94.000,122.000
294.000,134.000,99.000,136.000
288.000,141.000,101.000,137.000
279.000,148.000,102.000,134.000
273.000,158.000,95.000,120.000
263.000,168.000,98.000,113.000
260.000,159.000,94.000,139.000
250.000,160.000,100.000,137.000
244.000,168.000,96.000,120.000
241.000,161.000,104.000,138.000
245.000,169.000,99.000,119.000
240.000,158.000,96.000,140.000
246.000,156.000,97.000,138.000
247.000,152.000,101.000,144.000
247.000,153.000,103.000,142.000
248.000,151.000,101.000,147.000
249.000,152.000,99.000,142.000
247.000,150.000,99.000,147.000
247.000,150.000,102.000,137.000
255.000,143.000,101.000,132.000
268.000,135.000,101.000,134.000
266.000,138.000,101.000,135.000
264.000,138.000,101.000,140.000
263.000,136.000,102.000,142.000
258.000,138.000,99.000,145.000
253.000,149.000,98.000,140.000
247.000,156.000,99.000,146.000
233.000,163.000,105.000,138.000
218.000,170.000,97.000,135.000
202.000,167.000,102.000,137.000
200.000,161.000,97.000,138.000
204.000,151.000,99.000,135.000
207.000,141.000,104.000,136.000
213.000,131.000,102.000,139.000
219.000,129.000,101.000,139.000
225.000,125.000,102.000,138.000
239.000,122.000,104.000,134.000
254.000,116.000,96.000,143.000
264.000,113.000,104.000,144.000
268.000,124.000,98.000,122.000
265.000,128.000,102.000,133.000
267.000,136.000,91.000,121.000
267.000,130.000,104.000,136.000
271.000,136.000,96.000,121.000
272.000,137.000,94.000,123.000
269.000,128.000,105.000,134.000
266.000,127.000,102.000,141.000
266.000,132.000,107.000,132.000
267.000,130.000,108.000,137.000
272.000,141.000,96.000,120.000
266.000,134.000,104.000,135.000
268.000,136.000,102.000,136.000
270.000,136.000,102.000,139.000
270.000,138.000,101.000,135.000
270.000,141.000,103.000,136.000
274.000,144.000,103.000,133.000
274.000,149.000,104.000,129.000
276.000,150.000,106.000,129.000
279.000,150.000,106.000,133.000
280.000,150.000,104.000,134.000
283.000,154.000,102.000,130.000
283.000,153.000,98.000,129.000
283.000,152.000,99.000,134.000
277.000,161.000,98.000,128.000
269.000,172.000,95.000,129.000
268.000,176.000,101.000,133.000
278.000,172.000,99.000,130.000
278.000,172.000,98.000,131.000
276.000,175.000,102.000,125.000
277.000,173.000,105.000,129.000
278.000,173.000,102.000,132.000
278.000,171.000,104.000,139.000
277.000,172.000,105.000,129.000
280.000,173.000,95.000,128.000
278.000,172.000,94.000,128.000
272.000,177.000,96.000,124.000
266.000,176.000,99.000,135.000
261.000,176.000,97.000,133.000
260.000,180.000,95.000,136.000
256.000,183.000,94.000,131.000
255.000,178.000,94.000,137.000
263.000,174.000,98.000,127.000
274.000,171.000,92.000,120.000
278.000,175.000,86.000,120.000
277.000,177.000,94.000,124.000
277.000,174.000,95.000,127.000
278.000,175.000,100.000,130.000
286.000,177.000,98.000,121.000
292.000,172.000,94.000,126.000
296.000,173.000,95.000,124.000
300.000,173.000,94.000,123.000
305.000,169.000,92.000,126.000
306.000,166.000,97.000,130.000
304.000,165.000,104.000,133.000
309.000,164.000,107.000,129.000
317.000,160.000,103.000,130.000
317.000,165.000,104.000,123.000
320.000,163.000,103.000,123.000
322.000,165.000,92.000,124.000
324.000,163.000,99.000,124.000
324.000,159.000,93.000,129.000
324.000,162.000,96.000,124.000
320.000,166.000,92.000,120.000
322.000,165.000,102.000,118.000
323.000,163.000,95.000,121.000
323.000,162.000,99.000,120.000
320.000,160.000,88.000,126.000
320.000,159.000,98.000,129.000
304.000,169.000,88.000,123.000
308.000,163.000,96.000,127.000
306.000,164.000,94.000,125.000
301.000,164.000,92.000,127.000
298.000,168.000,89.000,127.000
296.000,168.000,94.000,123.000
297.000,171.000,87.000,119.000
295.000,172.000,87.000,117.000
297.000,165.000,91.000,125.000
294.000,167.000,96.000,120.000
292.000,167.000,103.000,120.000
293.000,176.000,86.000,114.000
294.000,165.000,91.000,126.000
291.000,165.000,98.000,125.000
292.000,164.000,97.000,128.000
293.000,164.000,92.000,129.000
293.000,165.000,95.000,122.000
291.000,163.000,99.000,125.000
293.000,163.000,98.000,126.000
295.000,160.000,89.000,133.000
293.000,160.000,96.000,133.000
293.000,158.000,91.000,137.000
293.000,160.000,95.000,130.000
293.000,158.000,96.000,136.000
291.000,156.000,98.000,131.000
293.000,152.000,97.000,135.000
295.000,153.000,98.000,134.000
291.000,150.000,103.000,139.000
293.000,148.000,99.000,138.000
294.000,146.000,96.000,140.000
294.000,146.000,93.000,137.000
292.000,148.000,97.000,133.000
292.000,149.000,93.000,132.000
290.000,147.000,96.000,137.000
287.000,152.000,95.000,127.000
287.000,152.000,92.000,127.000
287.000,148.000,88.000,130.000
284.000,151.000,94.000,126.000
287.000,148.000,87.000,128.000
285.000,142.000,88.000,125.000
284.000,135.000,94.000,123.000
284.000,126.000,98.000,124.000
284.000,127.000,100.000,119.000
289.000,120.000,98.000,131.000
303.000,112.000,105.000,133.000
307.000,104.000,105.000,126.000
304.000,108.000,109.000,123.000
311.000,108.000,97.000,121.000
307.000,110.000,97.000,129.000
310.000,103.000,102.000,127.000
309.000,100.000,109.000,122.000
312.000,100.000,105.000,127.000
314.000,97.000,100.000,134.000
310.000,96.000,102.000,131.000
311.000,96.000,103.000,131.000
315.000,94.000,101.000,135.000
314.000,96.000,106.000,130.000
315.000,94.000,107.000,132.000
326.000,98.000,91.000,122.000
320.000,93.000,102.000,135.000
327.000,98.000,91.000,121.000
327.000,99.000,97.000,120.000
325.000,97.000,97.000,122.000
328.000,98.000,92.000,117.000
328.000,94.000,90.000,124.000
326.000,94.000,91.000,131.000
329.000,99.000,98.000,117.000
326.000,95.000,98.000,123.000
326.000,98.000,102.000,118.000
333.000,93.000,91.000,125.000
334.000,93.000,91.000,126.000
335.000,96.000,93.000,120.000
334.000,94.000,98.000,123.000
336.000,94.000,93.000,120.000
334.000,93.000,93.000,128.000
334.000,96.000,94.000,120.000
330.000,94.000,103.000,129.000
334.000,96.000,91.000,122.000
334.000,95.000,93.000,123.000
333.000,95.000,90.000,123.000
330.000,94.000,96.000,120.000
330.000,93.000,91.000,124.000
328.000,93.000,95.000,125.000
329.000,92.000,91.000,126.000
325.000,93.000,95.000,126.000
326.000,91.000,93.000,128.000
326.000,92.000,94.000,127.000
326.000,90.000,93.000,129.000
327.000,92.000,90.000,127.000
324.000,91.000,93.000,128.000
323.000,95.000,90.000,127.000
320.000,94.000,92.000,128.000
318.000,94.000,97.000,121.000
314.000,92.000,92.000,129.000
307.000,101.000,94.000,120.000
299.000,101.000,94.000,123.000
294.000,107.000,93.000,125.000
289.000,115.000,89.000,121.000
282.000,123.000,93.000,115.000
276.000,128.000,96.000,117.000
266.000,135.000,93.000,117.000
254.000,142.000,87.000,120.000
240.000,144.000,88.000,122.000
231.000,155.000,91.000,114.000
221.000,154.000,91.000,121.000
213.000,154.000,93.000,129.000
210.000,160.000,101.000,125.000
203.000,160.000,100.000,135.000
209.000,169.000,95.000,118.000
223.000,160.000,96.000,123.000
233.000,156.000,98.000,126.000
229.000,155.000,101.000,123.000
225.000,153.000,97.000,130.000
233.000,154.000,98.000,122.000
239.000,160.000,96.000,120.000
244.000,160.000,94.000,125.000
251.000,162.000,97.000,128.000
259.000,157.000,96.000,132.000
261.000,155.000,94.000,128.000
257.000,151.000,101.000,139.000
264.000,158.000,99.000,127.000
268.000,155.000,95.000,130.000
264.000,156.000,104.000,132.000
269.000,159.000,98.000,125.000
269.000,155.000,99.000,126.000
269.000,153.000,97.000,126.000
273.000,150.000,98.000,123.000
275.000,145.000,101.000,125.000
282.000,154.000,100.000,112.000
279.000,131.000,110.000,136.000
290.000,135.000,103.000,117.000
301.000,122.000,103.000,121.000
309.000,115.000,103.000,122.000
321.000,97.000,112.000,132.000
329.000,96.000,105.000,124.000
333.000,89.000,107.000,121.000
333.000,81.000,107.000,126.000
333.000,84.000,109.000,120.000
333.000,89.000,109.000,115.000
332.000,75.000,108.000,135.000
332.000,75.000,107.000,136.000
329.000,76.000,112.000,132.000
329.000,80.000,116.000,124.000
332.000,80.000,113.000,129.000
336.000,84.000,114.000,132.000
345.000,92.000,109.000,120.000
352.000,87.000,122.000,124.000
363.000,85.000,115.000,127.000
372.000,81.000,111.000,127.000
388.000,73.000,94.000,137.000
401.000,76.000,83.000,137.000
410.000,78.000,79.000,135.000
423.000,80.000,58.000,128.000
433.000,74.000,57.000,132.000
442.000,74.000,44.000,129.000
451.000,70.000,47.000,129.000
459.000,66.000,54.000,131.000
439.000,68.000,55.000,140.000
439.000,68.000,55.000,140.000
439.000,68.000,55.000,140.000
439.000,68.000,55.000,140.000
439.000,68.000,55.000,140.000
439.000,68.000,55.000,140.000
439.000,68.000,55.000,140.000
439.000,68.000,55.000,140.000
439.000,68.000,55.000,140.000
439.000,68.000,55.000,140.000
439.000,68.000,55.000,140.000
439.000,68.000,55.000,140.000
439.000,68.000,55.000,140.000
439.000,68.000,55.000,140.000
439.000,68.000,55.000,140.000
439.000,68.000,55.000,140.000
439.000,68.000,55.000,140.000
439.000,68.000,55.000,140.000
439.000,68.000,55.000,140.000
439.000,68.000,55.000,140.000
439.000,68.000,55.000,140.000
439.000,68.000,55.000,140.000
439.000,68.000,55.000,140.000
439.000,68.000,55.000,140.000
439.000,68.000,55.000,140.000
439.000,68.000,55.000,140.000
439.000,68.000,55.000,140.000
439.000,68.000,55.000,140.000
439.000,68.000,55.000,140.000
439.000,68.000,55.000,140.000
439.000,68.000,55.000,140.000
439.000,73.000,67.000,134.000
426.000,72.000,73.000,147.000
405.000,70.000,81.000,144.000
385.000,64.000,92.000,146.000
364.000,55.000,98.000,145.000
345.000,50.000,97.000,139.000
333.000,53.000,87.000,136.000
316.000,44.000,97.000,141.000
307.000,44.000,97.000,140.000
305.000,50.000,92.000,140.000
303.000,57.000,93.000,133.000
302.000,59.000,97.000,144.000
300.000,61.000,96.000,145.000
298.000,64.000,98.000,139.000
296.000,66.000,103.000,142.000
298.000,64.000,99.000,138.000
298.000,55.000,101.000,137.000
305.000,46.000,101.000,133.000
309.000,41.000,98.000,138.000
301.000,42.000,102.000,142.000
294.000,50.000,99.000,137.000
290.000,48.000,105.000,136.000
284.000,47.000,105.000,137.000
278.000,51.000,113.000,138.000
277.000,48.000,116.000,139.000
272.000,54.000,118.000,138.000
267.000,53.000,124.000,136.000
268.000,60.000,122.000,130.000
264.000,56.000,126.000,132.000
262.000,49.000,123.000,139.000
246.000,68.000,139.000,131.000
241.000,70.000,132.000,133.000
242.000,63.000,127.000,138.000
241.000,71.000,129.000,138.000
237.000,75.000,135.000,145.000
236.000,83.000,137.000,140.000
231.000,89.000,145.000,132.000
229.000,79.000,138.000,140.000
226.000,84.000,144.000,135.000
224.000,78.000,140.000,143.000
221.000,79.000,144.000,143.000
219.000,86.000,149.000,136.000
216.000,83.000,141.000,139.000
213.000,78.000,144.000,142.000
210.000,84.000,158.000,131.000
203.000,78.000,161.000,137.000
205.000,79.000,153.000,133.000
199.000,82.000,160.000,133.000
199.000,82.000,152.000,136.000
192.000,83.000,153.000,140.000
180.000,85.000,150.000,142.000
176.000,80.000,149.000,149.000
173.000,80.000,154.000,147.000
163.000,84.000,157.000,145.000
165.000,87.000,154.000,145.000
166.000,87.000,149.000,149.000
162.000,97.000,153.000,144.000
162.000,94.000,154.000,146.000
170.000,96.000,147.000,147.000
178.000,99.000,143.000,148.000
184.000,105.000,145.000,147.000
190.000,110.000,137.000,149.000
184.000,122.000,145.000,144.000
188.000,117.000,141.000,141.000
188.000,115.000,134.000,145.000
188.000,112.000,128.000,152.000
183.000,109.000,134.000,150.000
180.000,110.000,133.000,149.000
167.000,115.000,126.000,156.000
157.000,121.000,118.000,152.000
149.000,116.000,119.000,155.000
139.000,112.000,120.000,151.000
135.000,105.000,116.000,156.000
134.000,97.000,114.000,159.000
135.000,98.000,110.000,156.000
131.000,103.000,107.000,160.000
130.000,115.000,107.000,156.000
129.000,118.000,107.000,163.000
135.000,119.000,109.000,154.000
138.000,116.000,112.000,155.000
141.000,119.000,110.000,155.000
153.000,128.000,106.000,151.000
159.000,131.000,110.000,152.000
171.000,134.000,102.000,152.000
165.000,139.000,112.000,146.000
169.000,136.000,107.000,156.000
180.000,131.000,107.000,146.000
181.000,120.000,108.000,154.000
181.000,118.000,106.000,153.000
186.000,122.000,111.000,148.000
188.000,124.000,111.000,148.000
189.000,120.000,107.000,152.000
191.000,121.000,99.000,151.000
189.000,120.000,105.000,152.000
194.000,123.000,91.000,154.000
190.000,118.000,101.000,155.000
193.000,119.000,96.000,158.000
189.000,123.000,100.000,152.000
189.000,122.000,103.000,153.000
185.000,120.000,99.000,158.000
186.000,117.000,104.000,161.000
184.000,122.000,103.000,157.000
188.000,124.000,103.000,157.000
188.000,124.000,102.000,158.000
188.000,124.000,105.000,160.000
188.000,122.000,105.000,160.000
189.000,120.000,104.000,165.000
184.000,122.000,113.000,160.000
190.000,122.000,109.000,168.000
189.000,125.000,115.000,160.000
193.000,131.000,114.000,158.000
197.000,131.000,115.000,162.000
191.000,142.000,116.000,162.000
188.000,142.000,123.000,160.000
193.000,140.000,119.000,165.000
188.000,142.000,126.000,161.000
192.000,149.000,123.000,155.000
194.000,150.000,131.000,157.000
197.000,149.000,123.000,159.000
199.000,147.000,125.000,160.000
208.000,146.000,129.000,159.000
203.000,140.000,121.000,171.000
200.000,144.000,122.000,164.000
204.000,145.000,121.000,162.000
204.000,142.000,121.000,169.000
204.000,140.000,123.000,169.000
202.000,145.000,128.000,164.000
206.000,145.000,122.000,166.000
208.000,147.000,123.000,166.000
212.000,146.000,121.000,167.000
208.000,147.000,124.000,169.000
213.000,148.000,122.000,167.000
211.000,149.000,121.000,169.000
218.000,147.000,117.000,173.000
217.000,151.000,117.000,170.000
226.000,157.000,115.000,165.000
222.000,156.000,118.000,165.000
221.000,158.000,114.000,165.000
225.000,158.000,117.000,163.000
227.000,163.000,117.000,163.000
228.000,164.000,111.000,163.000
219.000,168.000,112.000,166.000
206.000,176.000,111.000,163.000
198.000,178.000,110.000,169.000
193.000,172.000,117.000,166.000
201.000,168.000,113.000,170.000
200.000,165.000,118.000,170.000
203.000,162.000,115.000,170.000
206.000,157.000,111.000,172.000
207.000,154.000,113.000,171.000
210.000,155.000,121.000,167.000
206.000,155.000,122.000,170.000
211.000,147.000,118.000,175.000
220.000,149.000,109.000,172.000
216.000,146.000,116.000,168.000
222.000,139.000,119.000,168.000
231.000,135.000,121.000,168.000
242.000,124.000,118.000,174.000
248.000,118.000,123.000,172.000
250.000,115.000,122.000,174.000
252.000,112.000,124.000,176.000
252.000,109.000,127.000,176.000
253.000,104.000,129.000,181.000
254.000,102.000,124.000,178.000
251.000,101.000,127.000,179.000
249.000,99.000,128.000,182.000
251.000,96.000,123.000,190.000
251.000,97.000,123.000,185.000
248.000,96.000,127.000,187.000
245.000,95.000,127.000,190.000
249.000,92.000,122.000,189.000
249.000,93.000,118.000,188.000
251.000,94.000,121.000,186.000
249.000,95.000,127.000,186.000
259.000,97.000,112.000,188.000
257.000,98.000,114.000,184.000
259.000,101.000,114.000,182.000
260.000,99.000,116.000,187.000
260.000,99.000,114.000,188.000
260.000,98.000,115.000,188.000
265.000,98.000,110.000,191.000
262.000,102.000,116.000,186.000
260.000,99.000,117.000,192.000
265.000,105.000,111.000,186.000
264.000,99.000,116.000,194.000
268.000,101.000,110.000,192.000
265.000,99.000,115.000,190.000
264.000,100.000,116.000,195.000
264.000,98.000,120.000,193.000
264.000,99.000,121.000,195.000
267.000,99.000,119.000,191.000
268.000,97.000,118.000,194.000
273.000,87.000,118.000,196.000
275.000,90.000,117.000,190.000
277.000,84.000,121.000,192.000
278.000,80.000,119.000,189.000
276.000,71.000,119.000,194.000
276.000,67.000,117.000,198.000
280.000,67.000,115.000,198.000
278.000,73.000,117.000,192.000
279.000,71.000,120.000,191.000
279.000,75.000,116.000,189.000
279.000,71.000,120.000,192.000
280.000,71.000,115.000,195.000
274.000,74.000,119.000,190.000
279.000,72.000,122.000,193.000
274.000,75.000,122.000,202.000
268.000,72.000,128.000,204.000
267.000,84.000,132.000,185.000
271.000,79.000,122.000,195.000
268.000,80.000,122.000,197.000
267.000,75.000,122.000,205.000
271.000,80.000,122.000,200.000
260.000,80.000,126.000,197.000
257.000,80.000,123.000,197.000
257.000,83.000,125.000,191.000
249.000,82.000,133.000,197.000
250.000,81.000,124.000,198.000
246.000,83.000,129.000,195.000
242.000,83.000,133.000,196.000
239.000,82.000,128.000,201.000
243.000,84.000,122.000,197.000
244.000,84.000,129.000,198.000
240.000,87.000,129.000,202.000
238.000,90.000,128.000,199.000
238.000,95.000,131.000,196.000
240.000,92.000,127.000,199.000
241.000,94.000,125.000,200.000
239.000,98.000,127.000,196.000
241.000,96.000,124.000,203.000
245.000,101.000,117.000,197.000
242.000,101.000,121.000,200.000
245.000,99.000,115.000,201.000
245.000,104.000,116.000,199.000
242.000,105.000,120.000,193.000
240.000,103.000,117.000,196.000
245.000,108.000,114.000,194.000
238.000,103.000,121.000,196.000
238.000,106.000,120.000,197.000
239.000,106.000,120.000,193.000
241.000,111.000,112.000,191.000
234.000,108.000,116.000,199.000
231.000,110.000,118.000,196.000
229.000,111.000,116.000,197.000
224.000,116.000,119.000,193.000
225.000,113.000,121.000,188.000
220.000,114.000,121.000,189.000
214.000,108.000,125.000,196.000
214.000,110.000,117.000,195.000
217.000,108.000,118.000,196.000
215.000,113.000,118.000,192.000
214.000,108.000,118.000,194.000
210.000,109.000,124.000,192.000
213.000,110.000,117.000,193.000
217.000,114.000,119.000,188.000
212.000,118.000,115.000,181.000
210.000,113.000,127.000,189.000
211.000,115.000,129.000,189.000
217.000,121.000,123.000,187.000
220.000,120.000,116.000,190.000
217.000,120.000,119.000,191.000
227.000,125.000,115.000,184.000
226.000,128.000,120.000,182.000
228.000,127.000,128.000,183.000
231.000,125.000,127.000,184.000
237.000,122.000,127.000,189.000
243.000,125.000,126.000,190.000
247.000,121.000,126.000,190.000
254.000,123.000,125.000,186.000
251.000,118.000,128.000,192.000
252.000,114.000,125.000,194.000
255.000,115.000,129.000,192.000
252.000,115.000,123.000,195.000
252.000,115.000,126.000,192.000
254.000,115.000,122.000,193.000
257.000,122.000,122.000,188.000
255.000,120.000,123.000,188.000
251.000,121.000,128.000,185.000
259.000,120.000,114.000,191.000
256.000,120.000,124.000,192.000
257.000,119.000,123.000,190.000
264.000,122.000,116.000,190.000
266.000,121.000,115.000,190.000
273.000,121.000,109.000,194.000
276.000,121.000,108.000,189.000
273.000,119.000,112.000,193.000
274.000,118.000,118.000,193.000
276.000,119.000,111.000,193.000
281.000,121.000,105.000,191.000
280.000,118.000,107.000,190.000
283.000,116.000,102.000,197.000
283.000,116.000,104.000,196.000
281.000,115.000,108.000,194.000
283.000,114.000,108.000,192.000
286.000,114.000,105.000,192.000
284.000,108.000,108.000,200.000
290.000,110.000,108.000,202.000
286.000,113.000,111.000,195.000
286.000,113.000,112.000,195.000
283.000,108.000,114.000,199.000
292.000,112.000,113.000,195.000
286.000,110.000,120.000,199.000
289.000,109.000,119.000,199.000
287.000,113.000,120.000,194.000
288.000,126.000,120.000,181.000
289.000,116.000,121.000,191.000
290.000,114.000,123.000,190.000
291.000,110.000,122.000,196.000
290.000,114.000,124.000,192.000
290.000,113.000,121.000,199.000
286.000,110.000,124.000,199.000
283.000,112.000,125.000,197.000
285.000,112.000,121.000,197.000
288.000,112.000,117.000,201.000
289.000,113.000,116.000,194.000
284.000,114.000,121.000,200.000
289.000,114.000,115.000,193.000
291.000,113.000,110.000,199.000
287.000,108.000,117.000,201.000
289.000,113.000,110.000,199.000
290.000,114.000,114.000,195.000
284.000,116.000,117.000,198.000
283.000,114.000,117.000,198.000
283.000,114.000,118.000,198.000
280.000,110.000,121.000,199.000
282.000,113.000,118.000,200.000
286.000,114.000,116.000,193.000
281.000,116.000,123.000,193.000
281.000,116.000,123.000,192.000
278.000,111.000,124.000,192.000
277.000,109.000,124.000,201.000
279.000,107.000,123.000,201.000
275.000,113.000,129.000,193.000
275.000,109.000,124.000,203.000
272.000,107.000,134.000,201.000
275.000,105.000,127.000,204.000
273.000,107.000,130.000,198.000
271.000,106.000,130.000,197.000
271.000,107.000,128.000,199.000
272.000,106.000,126.000,198.000
267.000,104.000,131.000,197.000
264.000,104.000,131.000,196.000
260.000,105.000,128.000,197.000
252.000,106.000,131.000,196.000
240.000,108.000,130.000,194.000
225.000,114.000,126.000,185.000
216.000,107.000,127.000,199.000
202.000,104.000,132.000,195.000
189.000,102.000,133.000,198.000
194.000,104.000,126.000,196.000
185.000,103.000,128.000,196.000
184.000,100.000,131.000,203.000
180.000,101.000,127.000,198.000
179.000,102.000,129.000,202.000
180.000,102.000,128.000,194.000
175.000,100.000,130.000,194.000
174.000,101.000,128.000,192.000
174.000,96.000,128.000,198.000
165.000,94.000,131.000,200.000
162.000,98.000,130.000,194.000
159.000,93.000,127.000,200.000
155.000,91.000,129.000,200.000
154.000,93.000,131.000,194.000
159.000,87.000,128.000,198.000
160.000,88.000,126.000,196.000
161.000,90.000,125.000,193.000
154.000,87.000,125.000,196.000
156.000,93.000,121.000,190.000
151.000,88.000,121.000,200.000
150.000,85.000,118.000,201.000
148.000,85.000,120.000,201.000
143.000,89.000,121.000,193.000
146.000,92.000,117.000,184.000
145.000,87.000,114.000,191.000
148.000,87.000,113.000,188.000
146.000,87.000,110.000,186.000
148.000,88.000,113.000,185.000
144.000,92.000,115.000,166.000
141.000,90.000,120.000,176.000
140.000,91.000,120.000,179.000
138.000,90.000,126.000,176.000
141.000,87.000,114.000,180.000
143.000,87.000,112.000,185.000
140.000,85.000,119.000,183.000
144.000,87.000,112.000,182.000
142.000,88.000,124.000,178.000
141.000,86.000,126.000,177.000
144.000,89.000,125.000,175.000
148.000,86.000,119.000,180.000
144.000,83.000,118.000,183.000
155.000,85.000,117.000,173.000
153.000,78.000,120.000,183.000
162.000,82.000,124.000,166.000
163.000,78.000,127.000,171.000
173.000,77.000,126.000,172.000
176.000,76.000,128.000,171.000
179.000,78.000,120.000,173.000
185.000,76.000,126.000,173.000
183.000,78.000,136.000,162.000
193.000,73.000,127.000,172.000
190.000,79.000,133.000,163.000
189.000,75.000,130.000,164.000
188.000,79.000,135.000,160.000
190.000,75.000,133.000,176.000
190.000,71.000,129.000,174.000
193.000,75.000,132.000,169.000
193.000,78.000,136.000,165.000
199.000,74.000,133.000,174.000
200.000,75.000,135.000,173.000
201.000,76.000,137.000,172.000
205.000,77.000,134.000,173.000
201.000,75.000,139.000,187.000
209.000,84.000,141.000,176.000
217.000,86.000,136.000,174.000
218.000,92.000,138.000,179.000
223.000,91.000,137.000,175.000
224.000,100.000,139.000,168.000
228.000,105.000,138.000,161.000
224.000,104.000,149.000,171.000
243.000,110.000,132.000,165.000
243.000,114.000,137.000,173.000
238.000,111.000,146.000,173.000
246.000,117.000,142.000,176.000
249.000,117.000,140.000,181.000
250.000,111.000,136.000,179.000
253.000,115.000,137.000,182.000
254.000,114.000,131.000,189.000
260.000,117.000,131.000,185.000
260.000,115.000,130.000,189.000
255.000,114.000,140.000,191.000
259.000,118.000,136.000,184.000
255.000,120.000,143.000,183.000
259.000,121.000,142.000,171.000
257.000,128.000,147.000,172.000
264.000,122.000,140.000,174.000
254.000,129.000,148.000,173.000
238.000,138.000,155.000,173.000
232.000,140.000,164.000,171.000
240.000,135.000,160.000,176.000
239.000,137.000,160.000,173.000
256.000,130.000,151.000,171.000
237.000,153.000,162.000,154.000
247.000,131.000,161.000,175.000
235.000,153.000,163.000,153.000
262.000,131.000,146.000,186.000
266.000,131.000,142.000,172.000
269.000,129.000,134.000,185.000
233.000,144.000,171.000,167.000
230.000,150.000,174.000,164.000
230.000,153.000,170.000,157.000
232.000,146.000,169.000,167.000
278.000,134.000,133.000,180.000
282.000,132.000,128.000,171.000
271.000,133.000,139.000,176.000
276.000,131.000,134.000,179.000
276.000,133.000,136.000,183.000
270.000,133.000,142.000,178.000
268.000,134.000,146.000,168.000
261.000,144.000,153.000,171.000
275.000,135.000,144.000,175.000
258.000,135.000,155.000,174.000
261.000,140.000,152.000,161.000
229.000,149.000,179.000,156.000
260.000,138.000,158.000,174.000
257.000,143.000,156.000,164.000
253.000,140.000,159.000,165.000
273.000,140.000,141.000,176.000
272.000,136.000,141.000,175.000
232.000,151.000,175.000,164.000
260.000,139.000,150.000,177.000
257.000,142.000,155.000,183.000
262.000,140.000,147.000,186.000
227.000,161.000,181.000,159.000
265.000,146.000,147.000,168.000
217.000,162.000,191.000,149.000
262.000,148.000,149.000,176.000
255.000,148.000,160.000,166.000
258.000,149.000,158.000,180.000
262.000,148.000,154.000,180.000
253.000,146.000,157.000,179.000
261.000,151.000,157.000,166.000
258.000,153.000,154.000,171.000
256.000,150.000,160.000,172.000
243.000,153.000,174.000,169.000
247.000,154.000,167.000,169.000
266.000,153.000,152.000,167.000
263.000,155.000,152.000,165.000
268.000,154.000,148.000,174.000
262.000,153.000,157.000,166.000
255.000,156.000,160.000,163.000
256.000,150.000,161.000,166.000
254.000,155.000,163.000,170.000
257.000,151.000,162.000,174.000
258.000,155.000,160.000,166.000
263.000,154.000,155.000,170.000
267.000,151.000,147.000,174.000
264.000,149.000,155.000,174.000
259.000,152.000,156.000,166.000
264.000,150.000,155.000,166.000
254.000,149.000,161.000,166.000
214.000,161.000,196.000,136.000
219.000,156.000,194.000,155.000
209.000,152.000,203.000,147.000
211.000,156.000,205.000,147.000
214.000,158.000,195.000,145.000
222.000,154.000,191.000,153.000
216.000,154.000,192.000,151.000
217.000,154.000,196.000,159.000
216.000,154.000,193.000,150.000
217.000,152.000,187.000,149.000
255.000,148.000,160.000,163.000
255.000,143.000,159.000,173.000
220.000,147.000,191.000,161.000
226.000,150.000,183.000,161.000
216.000,146.000,190.000,157.000
216.000,148.000,199.000,159.000
212.000,151.000,196.000,151.000
215.000,149.000,200.000,159.000
242.000,147.000,175.000,156.000
256.000,145.000,161.000,167.000
220.000,147.000,191.000,163.000
216.000,153.000,190.000,153.000
226.000,148.000,185.000,161.000
217.000,151.000,195.000,162.000
219.000,152.000,192.000,154.000
218.000,150.000,189.000,157.000
219.000,152.000,186.000,157.000
227.000,145.000,181.000,162.000
253.000,146.000,164.000,163.000
259.000,146.000,154.000,169.000
216.000,152.000,196.000,152.000
209.000,149.000,202.000,158.000
215.000,150.000,194.000,153.000
216.000,150.000,197.000,164.000
215.000,147.000,193.000,163.000
225.000,154.000,187.000,157.000
218.000,152.000,193.000,157.000
219.000,150.000,193.000,163.000
221.000,158.000,189.000,154.000
227.000,150.000,187.000,162.000
225.000,153.000,188.000,161.000
222.000,153.000,195.000,162.000
222.000,152.000,190.000,163.000
220.000,156.000,193.000,154.000
224.000,157.000,187.000,155.000
223.000,157.000,190.000,156.000
224.000,155.000,185.000,161.000
225.000,152.000,188.000,164.000
226.000,151.000,186.000,165.000
232.000,156.000,183.000,152.000
228.000,154.000,187.000,161.000
236.000,153.000,179.000,164.000
242.000,152.000,178.000,164.000
245.000,148.000,171.000,171.000
251.000,150.000,165.000,168.000
243.000,151.000,173.000,167.000
246.000,149.000,168.000,162.000
249.000,152.000,166.000,161.000
251.000,154.000,162.000,161.000
250.000,156.000,164.000,159.000
262.000,144.000,158.000,180.000
272.000,149.000,149.000,186.000
279.000,143.000,142.000,201.000
281.000,143.000,140.000,195.000
281.000,145.000,136.000,191.000
280.000,145.000,137.000,184.000
278.000,145.000,139.000,189.000
287.000,145.000,135.000,179.000
289.000,143.000,127.000,186.000
293.000,141.000,124.000,195.000
301.000,142.000,112.000,195.000
297.000,142.000,116.000,193.000
284.000,145.000,125.000,184.000
296.000,141.000,118.000,192.000
283.000,143.000,129.000,183.000
288.000,143.000,121.000,183.000
291.000,140.000,119.000,189.000
292.000,145.000,115.000,183.000
291.000,137.000,118.000,189.000
292.000,133.000,115.000,193.000
289.000,126.000,115.000,197.000
290.000,123.000,120.000,191.000
287.000,123.000,113.000,189.000
288.000,120.000,113.000,194.000
289.000,122.000,110.000,196.000
289.000,119.000,113.000,198.000
285.000,114.000,117.000,203.000
290.000,117.000,113.000,198.000
290.000,113.000,113.000,194.000
292.000,115.000,109.000,199.000
288.000,108.000,113.000,202.000
288.000,113.000,110.000,199.000
286.000,113.000,114.000,198.000
287.000,113.000,115.000,197.000
290.000,112.000,115.000,200.000
289.000,105.000,116.000,201.000
295.000,99.000,114.000,202.000
290.000,101.000,119.000,203.000
295.000,104.000,118.000,200.000
299.000,107.000,112.000,197.000
299.000,104.000,118.000,200.000
300.000,104.000,118.000,200.000
297.000,111.000,115.000,194.000
300.000,109.000,121.000,191.000
303.000,106.000,118.000,199.000
303.000,102.000,121.000,200.000
304.000,104.000,118.000,199.000
302.000,103.000,122.000,198.000
303.000,111.000,120.000,190.000
304.000,107.000,120.000,195.000
303.000,109.000,121.000,194.000
301.000,106.000,121.000,197.000
305.000,106.000,117.000,196.000
301.000,103.000,121.000,196.000
302.000,107.000,118.000,195.000
295.000,104.000,129.000,198.000
297.000,104.000,123.000,198.000
296.000,104.000,125.000,197.000
290.000,101.000,123.000,198.000
295.000,98.000,120.000,203.000
287.000,101.000,128.000,198.000
282.000,101.000,129.000,196.000
289.000,98.000,123.000,200.000
291.000,96.000,119.000,199.000
284.000,97.000,125.000,195.000
288.000,95.000,127.000,200.000
286.000,92.000,129.000,204.000
284.000,96.000,127.000,196.000
287.000,97.000,124.000,196.000
284.000,93.000,124.000,205.000
288.000,95.000,119.000,203.000
285.000,96.000,121.000,203.000
280.000,98.000,130.000,202.000
284.000,98.000,126.000,202.000
278.000,100.000,131.000,201.000
282.000,96.000,128.000,209.000
282.000,96.000,127.000,208.000
278.000,99.000,133.000,201.000
277.000,95.000,135.000,208.000
276.000,96.000,134.000,208.000
276.000,92.000,134.000,206.000
274.000,92.000,134.000,208.000
277.000,89.000,129.000,211.000
282.000,89.000,131.000,211.000
271.000,88.000,138.000,208.000
275.000,85.000,138.000,214.000
271.000,90.000,138.000,210.000
275.000,90.000,134.000,213.000
274.000,88.000,139.000,214.000
272.000,87.000,137.000,211.000
270.000,85.000,137.000,216.000
271.000,86.000,136.000,217.000
269.000,90.000,138.000,210.000
274.000,88.000,136.000,211.000
266.000,90.000,144.000,205.000
268.000,86.000,139.000,211.000
263.000,86.000,146.000,210.000
262.000,86.000,146.000,214.000
263.000,89.000,140.000,205.000
267.000,84.000,142.000,212.000
267.000,84.000,140.000,211.000
262.000,85.000,143.000,214.000
263.000,81.000,143.000,210.000
263.000,85.000,145.000,208.000
263.000,81.000,134.000,212.000
267.000,80.000,135.000,212.000
268.000,80.000,133.000,209.000
261.000,81.000,141.000,209.000
263.000,87.000,131.000,208.000
261.000,88.000,134.000,202.000
256.000,85.000,138.000,210.000
262.000,89.000,132.000,205.000
260.000,88.000,133.000,207.000
259.000,88.000,135.000,206.000
256.000,86.000,139.000,208.000
261.000,89.000,130.000,205.000
261.000,84.000,128.000,213.000
262.000,86.000,127.000,209.000
265.000,82.000,122.000,209.000
255.000,87.000,136.000,202.000
256.000,89.000,134.000,205.000
257.000,83.000,134.000,207.000
258.000,82.000,130.000,213.000
254.000,83.000,136.000,210.000
256.000,86.000,133.000,204.000
258.000,85.000,129.000,213.000
255.000,83.000,134.000,217.000
256.000,84.000,131.000,210.000
258.000,83.000,129.000,215.000
261.000,86.000,125.000,209.000
261.000,86.000,123.000,209.000
257.000,87.000,133.000,208.000
258.000,89.000,130.000,201.000
257.000,85.000,130.000,207.000
257.000,87.000,129.000,201.000
260.000,86.000,124.000,208.000
259.000,87.000,128.000,208.000
258.000,85.000,126.000,209.000
259.000,90.000,130.000,202.000
257.000,86.000,129.000,209.000
253.000,86.000,132.000,205.000
249.000,87.000,136.000,205.000
256.000,84.000,128.000,214.000
252.000,83.000,131.000,215.000
254.000,87.000,126.000,218.000
252.000,85.000,126.000,212.000
251.000,88.000,131.000,212.000
254.000,87.000,128.000,207.000
249.000,85.000,133.000,215.000
253.000,84.000,129.000,213.000
257.000,86.000,125.000,217.000
255.000,87.000,127.000,211.000
254.000,90.000,128.000,208.000
255.000,89.000,131.000,208.000
250.000,87.000,127.000,211.000
256.000,87.000,127.000,212.000
255.000,85.000,126.000,220.000
254.000,89.000,128.000,210.000
256.000,87.000,125.000,218.000
255.000,90.000,130.000,213.000
257.000,91.000,125.000,212.000
256.000,93.000,130.000,208.000
254.000,91.000,125.000,216.000
259.000,88.000,122.000,219.000
253.000,92.000,133.000,212.000
261.000,93.000,124.000,212.000
255.000,92.000,127.000,215.000
257.000,93.000,124.000,215.000
257.000,89.000,122.000,221.000
255.000,90.000,125.000,217.000
260.000,91.000,121.000,220.000
258.000,89.000,124.000,218.000
260.000,88.000,126.000,219.000
261.000,93.000,132.000,213.000
259.000,90.000,129.000,214.000
265.000,89.000,127.000,217.000
264.000,90.000,129.000,213.000
263.000,91.000,133.000,211.000
261.000,83.000,135.000,217.000
263.000,88.000,128.000,213.000
264.000,81.000,130.000,219.000
265.000,89.000,130.000,214.000
264.000,84.000,129.000,219.000
266.000,78.000,128.000,226.000
266.000,81.000,131.000,221.000
269.000,83.000,130.000,218.000
266.000,85.000,134.000,219.000
266.000,78.000,132.000,222.000
270.000,83.000,131.000,220.000
266.000,81.000,135.000,221.000
268.000,79.000,134.000,222.000
271.000,80.000,134.000,221.000
270.000,79.000,137.000,221.000
271.000,81.000,132.000,217.000
274.000,81.000,134.000,212.000
273.000,75.000,137.000,223.000
273.000,70.000,138.000,225.000
278.000,67.000,135.000,215.000
279.000,62.000,141.000,220.000
280.000,64.000,134.000,221.000
283.000,64.000,134.000,221.000
278.000,65.000,144.000,222.000
276.000,69.000,137.000,215.000
274.000,64.000,140.000,220.000
273.000,65.000,137.000,213.000
273.000,63.000,138.000,219.000
270.000,66.000,139.000,217.000
268.000,71.000,138.000,220.000
263.000,77.000,137.000,212.000
259.000,71.000,138.000,218.000
259.000,76.000,140.000,216.000
262.000,76.000,135.000,224.000
258.000,83.000,137.000,219.000
256.000,79.000,141.000,218.000
254.000,80.000,144.000,219.000
257.000,78.000,145.000,217.000
263.000,81.000,139.000,212.000
259.000,79.000,143.000,214.000
263.000,74.000,142.000,221.000
260.000,73.000,142.000,217.000
264.000,76.000,146.000,218.000
265.000,74.000,142.000,220.000
262.000,76.000,145.000,213.000
270.000,72.000,137.000,225.000
268.000,76.000,141.000,219.000
271.000,85.000,143.000,213.000
275.000,78.000,140.000,223.000
274.000,78.000,134.000,228.000
275.000,83.000,140.000,218.000
279.000,79.000,139.000,225.000
275.000,77.000,141.000,228.000
273.000,80.000,149.000,225.000
280.000,80.000,136.000,226.000
277.000,81.000,142.000,219.000
278.000,78.000,142.000,223.000
279.000,74.000,146.000,225.000
277.000,82.000,146.000,216.000
278.000,81.000,146.000,224.000
278.000,75.000,151.000,227.000
271.000,82.000,160.000,216.000
271.000,82.000,159.000,224.000
269.000,85.000,162.000,214.000
269.000,84.000,166.000,217.000
269.000,75.000,175.000,228.000
272.000,87.000,168.000,217.000
270.000,83.000,172.000,220.000
268.000,83.000,178.000,223.000
268.000,80.000,185.000,224.000
270.000,86.000,188.000,215.000
272.000,86.000,182.000,220.000
270.000,80.000,183.000,223.000
272.000,91.000,185.000,221.000
263.000,89.000,197.000,211.000
270.000,89.000,184.000,225.000
267.000,93.000,196.000,208.000
268.000,89.000,195.000,214.000
261.000,88.000,203.000,217.000
262.000,84.000,203.000,222.000
265.000,84.000,205.000,226.000
263.000,90.000,202.000,218.000
256.000,86.000,210.000,223.000
256.000,85.000,210.000,219.000
252.000,88.000,214.000,215.000
257.000,89.000,209.000,215.000
258.000,91.000,213.000,221.000
254.000,90.000,213.000,213.000
253.000,89.000,212.000,226.000
254.000,94.000,214.000,216.000
251.000,87.000,225.000,220.000
252.000,89.000,221.000,211.000
262.000,95.000,211.000,215.000
258.000,94.000,216.000,211.000
264.000,88.000,215.000,214.000
258.000,75.000,218.000,224.000
261.000,77.000,212.000,221.000
263.000,68.000,211.000,225.000
270.000,63.000,203.000,219.000
275.000,59.000,199.000,220.000
272.000,65.000,204.000,205.000
271.000,52.000,200.000,216.000
281.000,28.000,199.000,225.000
279.000,14.000,202.000,223.000
278.000,20.000,205.000,217.000
261.000,32.000,226.000,200.000
244.000,33.000,228.000,216.000
226.000,31.000,240.000,215.000
205.000,40.000,250.000,203.000
185.000,40.000,248.000,205.000
167.000,42.000,237.000,205.000
145.000,48.000,234.000,213.000
126.000,64.000,241.000,208.000
116.000,70.000,238.000,210.000
130.000,64.000,235.000,221.000
128.000,64.000,232.000,217.000
140.000,67.000,235.000,218.000
153.000,67.000,225.000,218.000
157.000,75.000,234.000,211.000
165.000,83.000,229.000,209.000
175.000,84.000,236.000,209.000
188.000,81.000,228.000,216.000
178.000,97.000,251.000,213.000
184.000,98.000,263.000,220.000
191.000,101.000,270.000,213.000
208.000,102.000,268.000,224.000
217.000,96.000,258.000,219.000
223.000,87.000,247.000,215.000
230.000,88.000,249.000,207.000
220.000,89.000,249.000,216.000
216.000,91.000,255.000,211.000
209.000,99.000,265.000,208.000
203.000,102.000,270.000,211.000
207.000,91.000,265.000,226.000
218.000,89.000,253.000,230.000
213.000,96.000,254.000,212.000
218.000,96.000,256.000,205.000
211.000,95.000,255.000,209.000
207.000,97.000,264.000,212.000
198.000,97.000,276.000,216.000
190.000,94.000,273.000,227.000
178.000,90.000,287.000,205.000
180.000,89.000,288.000,202.000
176.000,93.000,291.000,189.000
177.000,91.000,294.000,204.000
172.000,93.000,305.000,195.000
176.000,92.000,300.000,204.000
164.000,92.000,313.000,200.000
173.000,91.000,298.000,203.000
175.000,90.000,295.000,210.000
175.000,94.000,296.000,191.000
179.000,94.000,284.000,200.000
171.000,95.000,303.000,203.000
174.000,94.000,299.000,206.000
173.000,100.000,297.000,202.000
176.000,107.000,295.000,204.000
179.000,107.000,301.000,206.000
183.000,107.000,298.000,208.000
187.000,114.000,283.000,199.000
190.000,111.000,280.000,208.000
187.000,113.000,285.000,197.000
185.000,117.000,293.000,196.000
183.000,114.000,299.000,204.000
190.000,115.000,281.000,201.000
186.000,112.000,286.000,212.000
184.000,114.000,291.000,207.000
189.000,114.000,286.000,200.000
181.000,120.000,299.000,205.000
185.000,115.000,288.000,210.000
183.000,114.000,294.000,210.000
182.000,115.000,301.000,201.000
185.000,116.000,294.000,205.000
184.000,111.000,298.000,208.000
185.000,114.000,290.000,210.000
178.000,115.000,301.000,207.000
178.000,116.000,301.000,213.000
180.000,117.000,297.000,205.000
182.000,116.000,293.000,211.000
184.000,112.000,293.000,212.000
185.000,117.000,291.000,212.000
182.000,115.000,291.000,210.000
180.000,118.000,295.000,207.000
182.000,113.000,296.000,206.000
186.000,116.000,287.000,206.000
183.000,115.000,288.000,206.000
190.000,113.000,285.000,209.000
182.000,116.000,288.000,207.000
182.000,116.000,296.000,207.000
189.000,114.000,289.000,213.000
187.000,120.000,292.000,204.000
189.000,115.000,289.000,197.000
199.000,112.000,276.000,212.000
193.000,113.000,288.000,205.000
187.000,110.000,293.000,204.000
188.000,109.000,290.000,199.000
197.000,107.000,283.000,210.000
197.000,108.000,285.000,212.000
208.000,109.000,267.000,212.000
209.000,108.000,266.000,214.000
206.000,111.000,276.000,211.000
204.000,113.000,279.000,202.000
211.000,111.000,269.000,198.000
210.000,106.000,267.000,213.000
211.000,109.000,266.000,221.000
207.000,104.000,274.000,213.000
206.000,113.000,278.000,209.000
207.000,111.000,274.000,211.000
216.000,107.000,268.000,214.000
212.000,110.000,275.000,204.000
214.000,113.000,274.000,217.000
221.000,107.000,267.000,222.000
221.000,110.000,259.000,216.000
214.000,108.000,271.000,213.000
225.000,113.000,257.000,212.000
221.000,114.000,263.000,206.000
219.000,112.000,263.000,210.000
220.000,113.000,260.000,207.000
217.000,117.000,264.000,202.000
219.000,115.000,260.000,203.000
224.000,112.000,251.000,213.000
223.000,114.000,251.000,200.000
220.000,112.000,257.000,208.000
217.000,112.000,265.000,208.000
226.000,109.000,249.000,216.000
227.000,112.000,255.000,214.000
227.000,110.000,250.000,207.000
224.000,109.000,255.000,206.000
224.000,113.000,259.000,206.000
219.000,113.000,263.000,200.000
222.000,113.000,260.000,215.000
223.000,105.000,262.000,213.000
217.000,103.000,265.000,224.000
236.000,113.000,257.000,216.000
225.000,107.000,261.000,203.000
226.000,105.000,261.000,194.000
222.000,106.000,268.000,204.000
222.000,101.000,264.000,218.000
221.000,102.000,264.000,190.000
224.000,105.000,265.000,203.000
225.000,104.000,258.000,203.000
226.000,106.000,259.000,194.000
225.000,104.000,261.000,205.000
218.000,102.000,271.000,203.000
219.000,98.000,270.000,214.000
216.000,106.000,267.000,211.000
209.000,103.000,280.000,211.000
201.000,106.000,285.000,204.000
199.000,111.000,283.000,207.000
192.000,116.000,285.000,218.000
183.000,126.000,291.000,215.000
169.000,135.000,296.000,216.000
155.000,148.000,309.000,206.000
160.000,156.000,299.000,200.000
157.000,152.000,299.000,203.000
154.000,149.000,289.000,206.000
139.000,144.000,312.000,204.000
138.000,146.000,318.000,191.000
138.000,146.000,313.000,200.000
137.000,151.000,338.000,193.000
141.000,148.000,320.000,193.000
144.000,148.000,316.000,190.000
142.000,151.000,324.000,198.000
153.000,148.000,303.000,194.000
154.000,154.000,309.000,177.000
160.000,161.000,305.000,186.000
160.000,166.000,315.000,182.000
156.000,168.000,317.000,177.000
166.000,171.000,300.000,171.000
165.000,175.000,308.000,163.000
168.000,175.000,303.000,168.000
172.000,174.000,305.000,167.000
182.000,174.000,291.000,173.000
189.000,180.000,288.000,162.000
197.000,186.000,282.000,160.000
205.000,185.000,279.000,165.000
213.000,187.000,273.000,167.000
219.000,188.000,266.000,159.000
225.000,188.000,269.000,175.000
233.000,186.000,248.000,162.000
227.000,185.000,270.000,177.000
236.000,188.000,254.000,183.000
241.000,186.000,242.000,184.000
253.000,188.000,230.000,175.000
250.000,196.000,243.000,170.000
255.000,194.000,224.000,169.000
255.000,194.000,232.000,173.000
257.000,192.000,231.000,180.000
258.000,191.000,216.000,168.000
255.000,188.000,231.000,173.000
255.000,186.000,231.000,183.000
254.000,181.000,229.000,191.000
262.000,175.000,232.000,198.000
255.000,172.000,229.000,190.000
258.000,170.000,221.000,197.000
250.000,173.000,226.000,194.000
245.000,174.000,240.000,190.000
240.000,171.000,248.000,195.000
237.000,164.000,245.000,201.000
237.000,158.000,248.000,208.000
227.000,162.000,252.000,202.000
228.000,157.000,259.000,209.000
232.000,153.000,246.000,209.000
224.000,159.000,253.000,200.000
219.000,158.000,252.000,204.000
213.000,154.000,251.000,206.000
202.000,155.000,273.000,191.000
200.000,154.000,278.000,191.000
203.000,158.000,275.000,199.000
206.000,160.000,270.000,181.000
205.000,152.000,273.000,196.000
203.000,156.000,269.000,210.000
204.000,156.000,270.000,188.000
204.000,152.000,270.000,196.000
205.000,153.000,264.000,192.000
204.000,153.000,274.000,210.000
203.000,157.000,273.000,205.000
207.000,157.000,267.000,209.000
210.000,152.000,263.000,212.000
212.000,156.000,256.000,188.000
211.000,166.000,263.000,194.000
210.000,168.000,265.000,190.000
210.000,162.000,263.000,190.000
217.000,162.000,255.000,201.000
215.000,164.000,257.000,197.000
218.000,167.000,254.000,195.000
221.000,166.000,250.000,195.000
222.000,167.000,244.000,193.000
225.000,167.000,241.000,193.000
218.000,169.000,256.000,183.000
218.000,168.000,253.000,178.000
219.000,169.000,251.000,185.000
226.000,172.000,245.000,191.000
231.000,171.000,235.000,192.000
217.000,172.000,256.000,174.000
222.000,180.000,252.000,183.000
227.000,184.000,247.000,177.000
230.000,182.000,246.000,189.000
227.000,185.000,256.000,181.000
233.000,183.000,244.000,177.000
237.000,186.000,244.000,179.000
241.000,187.000,241.000,180.000
250.000,187.000,231.000,183.000
253.000,193.000,231.000,166.000
268.000,189.000,218.000,181.000
266.000,190.000,224.000,174.000
282.000,186.000,198.000,180.000
272.000,182.000,214.000,164.000
275.000,182.000,207.000,165.000
278.000,184.000,202.000,163.000
277.000,187.000,204.000,160.000
289.000,191.000,199.000,151.000
297.000,189.000,188.000,161.000
305.000,186.000,183.000,166.000
318.000,186.000,166.000,162.000
320.000,188.000,176.000,171.000
323.000,188.000,164.000,170.000
327.000,185.000,162.000,174.000
330.000,177.000,156.000,192.000
327.000,177.000,163.000,188.000
327.000,174.000,160.000,182.000
327.000,171.000,164.000,183.000
331.000,166.000,155.000,189.000
329.000,170.000,160.000,180.000
336.000,169.000,151.000,178.000
338.000,168.000,149.000,187.000
339.000,172.000,146.000,185.000
339.000,177.000,150.000,181.000
338.000,173.000,146.000,187.000
340.000,172.000,147.000,188.000
341.000,171.000,144.000,193.000
342.000,168.000,143.000,197.000
337.000,175.000,145.000,185.000
341.000,166.000,147.000,195.000
337.000,166.000,146.000,195.000
339.000,173.000,146.000,182.000
341.000,168.000,141.000,190.000
344.000,165.000,142.000,196.000
339.000,166.000,145.000,196.000
342.000,157.000,143.000,206.000
342.000,162.000,142.000,193.000
343.000,163.000,139.000,194.000
347.000,159.000,136.000,199.000
339.000,162.000,147.000,197.000
344.000,157.000,141.000,206.000
345.000,159.000,139.000,197.000
344.000,160.000,139.000,196.000
344.000,155.000,143.000,204.000
348.000,154.000,137.000,209.000
344.000,161.000,138.000,189.000
347.000,161.000,137.000,191.000
345.000,160.000,143.000,192.000
346.000,154.000,138.000,198.000
345.000,154.000,140.000,197.000
345.000,152.000,144.000,198.000
345.000,159.000,142.000,192.000
348.000,153.000,134.000,202.000
345.000,149.000,139.000,205.000
343.000,152.000,134.000,204.000
344.000,151.000,142.000,204.000
339.000,157.000,143.000,202.000
339.000,165.000,146.000,198.000
343.000,169.000,137.000,192.000
354.000,172.000,128.000,191.000
331.000,170.000,150.000,183.000
330.000,166.000,147.000,182.000
328.000,159.000,150.000,191.000
328.000,153.000,147.000,193.000
325.000,146.000,156.000,196.000
315.000,138.000,159.000,202.000
308.000,134.000,169.000,197.000
303.000,123.000,174.000,204.000
303.000,114.000,176.000,201.000
299.000,104.000,180.000,200.000
310.000,97.000,168.000,197.000
304.000,86.000,172.000,195.000
303.000,77.000,174.000,191.000
307.000,63.000,176.000,197.000
309.000,60.000,172.000,192.000
312.000,47.000,167.000,198.000
308.000,36.000,175.000,194.000
314.000,28.000,170.000,191.000
312.000,20.000,169.000,198.000
312.000,19.000,163.000,194.000
302.000,17.000,176.000,200.000
289.000,24.000,189.000,201.000
282.000,32.000,191.000,195.000
266.000,36.000,195.000,200.000
252.000,44.000,204.000,193.000
247.000,45.000,204.000,193.000
243.000,46.000,198.000,189.000
233.000,50.000,211.000,189.000
228.000,49.000,198.000,197.000
217.000,51.000,197.000,196.000
214.000,58.000,195.000,193.000
212.000,50.000,204.000,199.000
209.000,60.000,204.000,182.000
198.000,57.000,207.000,187.000
211.000,65.000,195.000,186.000
204.000,68.000,212.000,181.000
214.000,73.000,195.000,186.000
206.000,76.000,215.000,186.000
207.000,76.000,213.000,189.000
203.000,78.000,223.000,188.000
200.000,80.000,227.000,187.000
208.000,85.000,216.000,188.000
199.000,82.000,221.000,180.000
204.000,88.000,215.000,183.000
196.000,83.000,227.000,180.000
191.000,87.000,233.000,187.000
189.000,88.000,230.000,190.000
191.000,80.000,225.000,193.000
179.000,80.000,242.000,190.000
181.000,87.000,239.000,191.000
179.000,97.000,236.000,185.000
172.000,106.000,240.000,187.000
164.000,100.000,242.000,184.000
157.000,107.000,240.000,186.000
142.000,105.000,258.000,182.000
142.000,108.000,260.000,190.000
141.000,104.000,261.000,180.000
139.000,104.000,259.000,183.000
132.000,101.000,269.000,179.000
135.000,102.000,261.000,189.000
149.000,106.000,244.000,186.000
95.000,96.000,311.000,177.000
143.000,108.000,247.000,180.000
101.000,99.000,296.000,172.000
95.000,96.000,296.000,160.000
87.000,85.000,300.000,170.000
108.000,86.000,276.000,180.000
89.000,84.000,296.000,176.000
107.000,85.000,275.000,173.000
107.000,86.000,278.000,175.000
118.000,85.000,260.000,180.000
78.000,98.000,313.000,171.000
74.000,105.000,319.000,171.000
110.000,91.000,274.000,198.000
89.000,96.000,298.000,177.000
104.000,99.000,274.000,185.000
85.000,102.000,296.000,172.000
77.000,105.000,319.000,179.000
88.000,106.000,300.000,164.000
89.000,104.000,292.000,173.000
102.000,97.000,281.000,170.000
120.000,97.000,256.000,183.000
111.000,95.000,269.000,174.000
127.000,96.000,248.000,175.000
128.000,97.000,248.000,180.000
134.000,101.000,245.000,177.000
90.000,115.000,303.000,169.000
87.000,122.000,302.000,169.000
99.000,128.000,298.000,171.000
88.000,136.000,306.000,174.000
98.000,140.000,296.000,186.000
98.000,144.000,295.000,167.000
106.000,141.000,286.000,175.000
116.000,142.000,268.000,187.000
110.000,146.000,275.000,182.000
94.000,138.000,302.000,195.000
134.000,137.000,257.000,171.000
113.000,137.000,282.000,162.000
98.000,134.000,299.000,164.000
97.000,126.000,300.000,171.000
106.000,124.000,313.000,168.000
121.000,131.000,291.000,175.000
131.000,128.000,283.000,170.000
125.000,115.000,276.000,175.000
115.000,111.000,293.000,169.000
118.000,104.000,290.000,165.000
129.000,117.000,281.000,177.000
137.000,122.000,283.000,186.000
143.000,119.000,279.000,190.000
143.000,130.000,297.000,187.000
157.000,131.000,275.000,190.000
158.000,134.000,286.000,186.000
162.000,137.000,289.000,196.000
163.000,137.000,264.000,202.000
160.000,140.000,282.000,192.000
163.000,138.000,274.000,179.000
162.000,133.000,277.000,182.000
158.000,139.000,285.000,181.000
153.000,145.000,281.000,170.000
156.000,146.000,273.000,177.000
158.000,146.000,273.000,176.000
158.000,145.000,271.000,178.000
150.000,149.000,282.000,181.000
153.000,144.000,280.000,181.000
143.000,151.000,286.000,176.000
157.000,153.000,264.000,172.000
162.000,151.000,261.000,178.000
171.000,152.000,243.000,173.000
159.000,166.000,277.000,170.000
141.000,169.000,291.000,182.000
148.000,165.000,280.000,183.000
140.000,168.000,289.000,184.000
133.000,173.000,297.000,185.000
133.000,164.000,288.000,192.000
139.000,164.000,295.000,185.000
144.000,164.000,268.000,172.000
136.000,174.000,282.000,188.000
145.000,167.000,268.000,172.000
147.000,177.000,270.000,179.000
150.000,174.000,263.000,181.000
152.000,177.000,260.000,169.000
144.000,183.000,270.000,177.000
139.000,187.000,270.000,174.000
133.000,196.000,270.000,161.000
143.000,196.000,266.000,160.000
165.000,198.000,233.000,152.000
149.000,203.000,243.000,147.000
128.000,211.000,263.000,152.000
129.000,219.000,254.000,153.000
119.000,223.000,263.000,144.000
110.000,226.000,266.000,139.000
102.000,228.000,267.000,140.000
108.000,230.000,262.000,137.000
109.000,234.000,272.000,132.000
107.000,240.000,270.000,125.000
120.000,244.000,255.000,123.000
120.000,244.000,259.000,129.000
121.000,241.000,245.000,136.000
111.000,245.000,246.000,125.000
87.000,244.000,259.000,123.000
77.000,240.000,255.000,126.000
66.000,238.000,250.000,129.000
34.000,235.000,266.000,131.000
23.000,230.000,264.000,136.000
16.000,228.000,263.000,142.000
21.000,226.000,247.000,144.000
19.000,223.000,248.000,144.000
28.000,217.000,246.000,147.000
23.000,213.000,246.000,152.000
38.000,214.000,230.000,152.000
36.000,211.000,234.000,153.000
36.000,212.000,236.000,151.000
64.000,199.000,219.000,164.000
75.000,191.000,221.000,172.000
71.000,177.000,229.000,167.000
71.000,186.000,232.000,161.000
67.000,192.000,233.000,159.000
69.000,187.000,229.000,167.000
84.000,189.000,218.000,164.000
79.000,190.000,216.000,163.000
79.000,199.000,230.000,159.000
81.000,185.000,223.000,170.000
85.000,191.000,222.000,160.000
94.000,191.000,213.000,163.000
94.000,192.000,217.000,169.000
91.000,187.000,220.000,163.000
100.000,190.000,208.000,165.000
98.000,169.000,207.000,175.000
114.000,185.000,194.000,180.000
106.000,178.000,202.000,177.000
103.000,180.000,202.000,175.000
109.000,168.000,195.000,168.000
114.000,177.000,188.000,171.000
109.000,179.000,197.000,172.000
119.000,179.000,187.000,172.000
115.000,180.000,185.000,171.000
111.000,182.000,193.000,171.000
121.000,165.000,179.000,176.000
121.000,164.000,175.000,177.000
121.000,178.000,179.000,167.000
123.000,180.000,178.000,171.000
119.000,168.000,181.000,174.000
122.000,173.000,173.000,171.000
124.000,171.000,170.000,173.000
123.000,174.000,167.000,171.000
128.000,173.000,163.000,166.000
125.000,184.000,169.000,162.000
134.000,184.000,157.000,166.000
128.000,185.000,167.000,162.000
128.000,178.000,163.000,160.000
131.000,186.000,165.000,153.000
126.000,189.000,173.000,155.000
125.000,190.000,175.000,152.000
132.000,188.000,167.000,151.000
135.000,183.000,165.000,162.000
137.000,172.000,163.000,170.000
140.000,183.000,162.000,166.000
131.000,168.000,168.000,163.000
137.000,171.000,163.000,167.000
130.000,159.000,171.000,166.000
128.000,171.000,172.000,155.000
126.000,174.000,176.000,151.000
128.000,172.000,178.000,155.000
139.000,167.000,166.000,156.000
135.000,156.000,172.000,160.000
130.000,154.000,181.000,163.000
134.000,164.000,173.000,160.000
130.000,151.000,169.000,165.000
132.000,163.000,184.000,154.000
136.000,157.000,163.000,169.000
142.000,153.000,157.000,164.000
143.000,156.000,153.000,162.000
138.000,156.000,160.000,168.000
144.000,162.000,157.000,162.000
145.000,168.000,157.000,153.000
147.000,165.000,156.000,157.000
142.000,150.000,156.000,172.000
146.000,158.000,154.000,160.000
141.000,155.000,164.000,169.000
149.000,157.000,154.000,169.000
152.000,164.000,156.000,164.000
149.000,159.000,153.000,163.000
149.000,157.000,153.000,166.000
153.000,161.000,149.000,161.000
155.000,161.000,146.000,161.000
153.000,161.000,150.000,159.000
157.000,159.000,142.000,160.000
156.000,162.000,145.000,155.000
160.000,162.000,139.000,158.000
157.000,162.000,148.000,160.000
157.000,165.000,143.000,154.000
161.000,163.000,141.000,157.000
155.000,163.000,144.000,157.000
157.000,166.000,146.000,157.000
159.000,166.000,141.000,151.000
156.000,164.000,146.000,155.000
155.000,168.000,145.000,148.000
157.000,168.000,145.000,154.000
157.000,166.000,145.000,159.000
159.000,166.000,140.000,158.000
158.000,165.000,142.000,161.000
161.000,167.000,140.000,158.000
163.000,164.000,137.000,157.000
161.000,166.000,134.000,159.000
163.000,165.000,134.000,157.000
161.000,169.000,142.000,157.000
161.000,170.000,141.000,152.000
160.000,170.000,146.000,160.000
159.000,170.000,146.000,155.000
159.000,169.000,147.000,154.000
161.000,168.000,144.000,164.000
160.000,170.000,146.000,152.000
160.000,172.000,144.000,154.000
164.000,168.000,140.000,157.000
162.000,166.000,137.000,155.000
160.000,167.000,138.000,153.000
160.000,164.000,142.000,157.000
159.000,161.000,138.000,158.000
163.000,161.000,132.000,159.000
164.000,163.000,121.000,150.000
153.000,159.000,124.000,155.000
154.000,161.000,128.000,160.000
153.000,165.000,131.000,155.000
157.000,162.000,121.000,153.000
157.000,162.000,127.000,164.000
153.000,160.000,128.000,154.000
154.000,168.000,134.000,145.000
152.000,171.000,139.000,142.000
152.000,159.000,132.000,151.000
152.000,161.000,133.000,147.000
159.000,154.000,133.000,150.000
170.000,144.000,134.000,147.000
173.000,135.000,141.000,147.000
180.000,135.000,143.000,142.000
182.000,131.000,138.000,142.000
181.000,135.000,141.000,141.000
175.000,127.000,142.000,143.000
172.000,129.000,144.000,139.000
173.000,129.000,141.000,142.000
171.000,132.000,145.000,143.000
167.000,134.000,147.000,143.000
164.000,132.000,143.000,142.000
166.000,134.000,142.000,139.000
161.000,131.000,148.000,142.000
160.000,134.000,145.000,144.000
161.000,135.000,144.000,143.000
159.000,134.000,145.000,142.000
156.000,136.000,152.000,140.000
157.000,134.000,152.000,144.000
158.000,137.000,151.000,138.000
161.000,139.000,154.000,145.000
162.000,149.000,154.000,143.000
162.000,146.000,160.000,147.000
163.000,149.000,160.000,142.000
163.000,148.000,163.000,147.000
160.000,150.000,168.000,143.000
165.000,147.000,161.000,140.000
175.000,145.000,154.000,143.000
185.000,148.000,168.000,141.000
192.000,145.000,161.000,142.000
199.000,151.000,163.000,147.000
209.000,149.000,153.000,148.000
206.000,153.000,157.000,145.000
207.000,147.000,151.000,148.000
206.000,145.000,166.000,147.000
213.000,139.000,162.000,147.000
211.000,142.000,162.000,144.000
207.000,141.000,169.000,149.000
213.000,140.000,161.000,145.000
213.000,141.000,159.000,148.000
210.000,144.000,163.000,144.000
198.000,143.000,180.000,147.000
198.000,145.000,178.000,143.000
196.000,144.000,181.000,143.000
201.000,143.000,172.000,143.000
203.000,147.000,168.000,141.000
202.000,148.000,172.000,143.000
202.000,149.000,174.000,141.000
204.000,148.000,171.000,144.000
204.000,152.000,173.000,143.000
197.000,153.000,180.000,142.000
205.000,154.000,170.000,142.000
199.000,154.000,177.000,142.000
205.000,156.000,177.000,143.000
203.000,158.000,184.000,138.000
205.000,154.000,188.000,139.000
218.000,146.000,180.000,139.000
221.000,149.000,179.000,142.000
215.000,149.000,190.000,141.000
215.000,149.000,194.000,140.000
216.000,149.000,189.000,141.000
211.000,153.000,199.000,134.000
216.000,156.000,199.000,137.000
220.000,155.000,192.000,132.000
220.000,148.000,193.000,144.000
219.000,151.000,202.000,137.000
222.000,150.000,205.000,135.000
224.000,149.000,206.000,142.000
224.000,149.000,203.000,136.000
230.000,145.000,201.000,144.000
232.000,144.000,205.000,141.000
233.000,142.000,206.000,140.000
230.000,142.000,208.000,139.000
231.000,142.000,205.000,135.000
220.000,141.000,215.000,143.000
227.000,139.000,207.000,137.000
222.000,141.000,210.000,140.000
214.000,135.000,211.000,140.000
212.000,137.000,216.000,138.000
211.000,134.000,213.000,141.000
199.000,136.000,219.000,142.000
195.000,135.000,216.000,134.000
204.000,125.000,214.000,137.000
237.000,117.000,197.000,136.000
240.000,113.000,207.000,138.000
224.000,115.000,220.000,144.000
231.000,121.000,210.000,141.000
234.000,127.000,213.000,140.000
233.000,126.000,219.000,141.000
239.000,125.000,216.000,134.000
231.000,118.000,224.000,136.000
234.000,114.000,216.000,134.000
241.000,109.000,206.000,137.000
235.000,107.000,209.000,139.000
223.000,107.000,219.000,138.000
216.000,107.000,228.000,136.000
215.000,110.000,229.000,139.000
216.000,107.000,226.000,146.000
214.000,108.000,228.000,144.000
213.000,111.000,231.000,143.000
209.000,107.000,231.000,141.000
195.000,107.000,245.000,146.000
199.000,107.000,242.000,149.000
199.000,112.000,245.000,141.000
223.000,114.000,219.000,137.000
224.000,109.000,215.000,140.000
215.000,115.000,226.000,135.000
222.000,109.000,223.000,141.000
213.000,114.000,232.000,144.000
228.000,112.000,215.000,143.000
215.000,118.000,232.000,137.000
205.000,119.000,236.000,136.000
202.000,121.000,234.000,138.000
208.000,121.000,234.000,136.000
206.000,123.000,237.000,135.000
203.000,127.000,239.000,138.000
212.000,127.000,228.000,138.000
211.000,131.000,233.000,138.000
201.000,131.000,243.000,131.000
205.000,129.000,236.000,142.000
199.000,131.000,244.000,136.000
200.000,132.000,244.000,137.000
200.000,132.000,241.000,139.000
199.000,134.000,239.000,132.000
201.000,135.000,234.000,130.000
198.000,137.000,243.000,135.000
191.000,136.000,244.000,131.000
190.000,134.000,249.000,142.000
194.000,132.000,241.000,143.000
197.000,133.000,237.000,138.000
189.000,138.000,242.000,132.000
194.000,138.000,244.000,130.000
187.000,135.000,246.000,136.000
190.000,134.000,239.000,136.000
189.000,135.000,241.000,135.000
191.000,132.000,239.000,143.000
182.000,136.000,245.000,148.000
180.000,141.000,240.000,140.000
182.000,142.000,245.000,145.000
189.000,146.000,234.000,136.000
182.000,144.000,240.000,145.000
181.000,145.000,239.000,137.000
175.000,147.000,248.000,143.000
176.000,146.000,248.000,144.000
180.000,145.000,243.000,141.000
182.000,147.000,242.000,141.000
186.000,150.000,240.000,132.000
191.000,142.000,233.000,143.000
194.000,148.000,240.000,148.000
178.000,156.000,261.000,148.000
170.000,159.000,271.000,145.000
169.000,159.000,274.000,146.000
165.000,157.000,283.000,152.000
167.000,155.000,282.000,157.000
169.000,153.000,278.000,159.000
164.000,154.000,289.000,157.000
156.000,153.000,296.000,157.000
157.000,150.000,289.000,161.000
155.000,149.000,291.000,164.000
159.000,152.000,292.000,161.000
152.000,149.000,297.000,168.000
158.000,150.000,295.000,163.000
167.000,144.000,293.000,163.000
162.000,145.000,304.000,157.000
173.000,142.000,298.000,161.000
186.000,143.000,283.000,161.000
186.000,143.000,291.000,161.000
185.000,143.000,291.000,163.000
193.000,144.000,284.000,156.000
182.000,143.000,293.000,155.000
181.000,141.000,294.000,154.000
192.000,141.000,288.000,152.000
208.000,130.000,277.000,158.000
214.000,119.000,270.000,157.000
201.000,117.000,278.000,156.000
208.000,126.000,275.000,149.000
198.000,125.000,281.000,156.000
193.000,137.000,287.000,146.000
185.000,139.000,291.000,154.000
179.000,145.000,300.000,157.000
182.000,149.000,292.000,153.000
177.000,149.000,294.000,153.000
167.000,144.000,298.000,160.000
167.000,147.000,297.000,152.000
159.000,148.000,304.000,150.000
160.000,146.000,298.000,154.000
154.000,147.000,303.000,151.000
155.000,146.000,297.000,152.000
149.000,150.000,299.000,149.000
154.000,152.000,298.000,148.000
154.000,150.000,298.000,149.000
153.000,153.000,293.000,142.000
159.000,150.000,289.000,149.000
155.000,147.000,291.000,151.000
155.000,148.000,290.000,149.000
165.000,142.000,287.000,154.000
170.000,140.000,288.000,151.000
169.000,144.000,293.000,147.000
165.000,135.000,298.000,152.000
164.000,141.000,298.000,147.000
163.000,136.000,292.000,156.000
162.000,145.000,287.000,151.000
156.000,148.000,294.000,156.000
138.000,146.000,303.000,158.000
130.000,153.000,325.000,166.000
124.000,153.000,323.000,164.000
119.000,146.000,329.000,175.000
108.000,146.000,334.000,175.000
112.000,143.000,337.000,180.000
109.000,143.000,342.000,183.000
119.000,142.000,329.000,180.000
111.000,141.000,338.000,178.000
119.000,144.000,336.000,173.000
115.000,138.000,336.000,181.000
115.000,143.000,337.000,173.000
115.000,135.000,340.000,184.000
125.000,140.000,337.000,184.000
123.000,134.000,339.000,184.000
119.000,141.000,346.000,182.000
120.000,137.000,352.000,183.000
130.000,141.000,345.000,177.000
133.000,142.000,337.000,174.000
142.000,142.000,337.000,180.000
136.000,142.000,344.000,174.000
132.000,140.000,344.000,174.000
145.000,140.000,338.000,172.000
144.000,141.000,338.000,178.000
144.000,141.000,344.000,177.000
138.000,139.000,339.000,187.000
146.000,138.000,341.000,181.000
142.000,145.000,340.000,172.000
134.000,138.000,341.000,178.000
152.000,139.000,331.000,179.000
144.000,140.000,342.000,172.000
137.000,140.000,346.000,175.000
144.000,138.000,341.000,175.000
145.000,139.000,334.000,170.000
148.000,143.000,337.000,168.000
145.000,139.000,334.000,173.000
144.000,141.000,342.000,172.000
144.000,140.000,336.000,171.000
192.000,136.000,293.000,204.000
150.000,135.000,334.000,177.000
172.000,140.000,315.000,198.000
149.000,146.000,338.000,160.000
163.000,146.000,327.000,190.000
175.000,138.000,312.000,204.000
173.000,139.000,315.000,200.000
162.000,142.000,328.000,171.000
163.000,139.000,320.000,176.000
176.000,142.000,313.000,205.000
157.000,144.000,333.000,168.000
167.000,141.000,325.000,170.000
159.000,146.000,327.000,168.000
159.000,145.000,337.000,168.000
156.000,140.000,332.000,183.000
170.000,146.000,323.000,172.000
162.000,147.000,327.000,161.000
169.000,149.000,326.000,158.000
164.000,143.000,325.000,171.000
154.000,148.000,340.000,172.000
171.000,146.000,320.000,206.000
180.000,141.000,312.000,190.000
162.000,148.000,330.000,167.000
161.000,147.000,324.000,170.000
165.000,149.000,320.000,165.000
160.000,148.000,325.000,169.000
160.000,148.000,335.000,169.000
158.000,141.000,332.000,184.000
153.000,138.000,335.000,185.000
143.000,140.000,341.000,182.000
148.000,133.000,336.000,191.000
152.000,134.000,331.000,189.000
135.000,141.000,349.000,174.000
124.000,135.000,346.000,176.000
132.000,138.000,342.000,166.000
126.000,135.000,338.000,171.000
120.000,129.000,347.000,175.000
118.000,132.000,349.000,178.000
111.000,127.000,348.000,179.000
117.000,129.000,350.000,173.000
113.000,127.000,347.000,177.000
114.000,128.000,352.000,177.000
115.000,129.000,347.000,179.000
112.000,129.000,350.000,177.000
111.000,130.000,357.000,175.000
115.000,134.000,349.000,176.000
111.000,135.000,360.000,167.000
113.000,132.000,350.000,175.000
111.000,129.000,351.000,173.000
115.000,134.000,357.000,173.000
114.000,135.000,352.000,169.000
114.000,136.000,360.000,168.000
112.000,133.000,355.000,167.000
119.000,133.000,351.000,172.000
113.000,134.000,357.000,173.000
117.000,137.000,356.000,172.000
144.000,137.000,323.000,181.000
118.000,134.000,356.000,183.000
119.000,132.000,351.000,179.000
116.000,136.000,359.000,168.000
116.000,138.000,355.000,167.000
118.000,139.000,362.000,170.000
