52.000,316.000,113.000,65.000
49.000,318.000,109.000,69.000
53.000,318.000,108.000,70.000
53.000,318.000,112.000,69.000
53.000,317.000,114.000,71.000
54.000,316.000,111.000,75.000
55.000,316.000,119.000,74.000
56.000,317.000,129.000,74.000
59.000,319.000,123.000,71.000
58.000,319.000,126.000,72.000
62.000,318.000,127.000,73.000
64.000,322.000,132.000,68.000
62.000,320.000,124.000,69.000
64.000,317.000,133.000,70.000
66.000,319.000,135.000,72.000
63.000,321.000,141.000,65.000
67.000,318.000,145.000,77.000
70.000,318.000,146.000,75.000
74.000,318.000,142.000,72.000
80.000,321.000,143.000,66.000
83.000,318.000,140.000,70.000
86.000,316.000,133.000,69.000
90.000,313.000,128.000,70.000
91.000,314.000,134.000,67.000
92.000,313.000,136.000,68.000
98.000,311.000,135.000,68.000
101.000,311.000,137.000,68.000
104.000,308.000,138.000,67.000
111.000,305.000,135.000,70.000
117.000,302.000,134.000,66.000
124.000,298.000,133.000,65.000
129.000,292.000,129.000,67.000
135.000,289.000,125.000,67.000
135.000,284.000,133.000,68.000
136.000,279.000,130.000,72.000
136.000,280.000,130.000,68.000
137.000,279.000,128.000,69.000
133.000,277.000,136.000,66.000
134.000,277.000,126.000,69.000
132.000,276.000,125.000,67.000
136.000,272.000,120.000,68.000
132.000,274.000,126.000,68.000
130.000,273.000,120.000,75.000
130.000,275.000,118.000,69.000
126.000,274.000,119.000,70.000
123.000,273.000,118.000,71.000
127.000,273.000,114.000,73.000
122.000,273.000,117.000,77.000
123.000,275.000,115.000,67.000
122.000,277.000,115.000,68.000
121.000,276.000,115.000,65.000
120.000,276.000,114.000,69.000
122.000,278.000,119.000,67.000
120.000,280.000,128.000,64.000
123.000,280.000,130.000,65.000
124.000,281.000,132.000,66.000
123.000,281.000,139.000,67.000
125.000,280.000,140.000,68.000
127.000,283.000,146.000,67.000
128.000,279.000,138.000,72.000
129.000,280.000,145.000,71.000
141.000,278.000,128.000,70.000
142.000,275.000,128.000,69.000
146.000,279.000,125.000,65.000
139.000,278.000,134.000,68.000
155.000,275.000,122.000,68.000
156.000,273.000,119.000,69.000
157.000,274.000,114.000,68.000
159.000,275.000,114.000,65.000
163.000,276.000,112.000,61.000
154.000,271.000,121.000,67.000
158.000,265.000,125.000,78.000
153.000,265.000,133.000,73.000
166.000,264.000,125.000,71.000
172.000,264.000,123.000,67.000
167.000,264.000,128.000,67.000
182.000,264.000,123.000,68.000
187.000,265.000,117.000,65.000
185.000,265.000,125.000,65.000
196.000,265.000,120.000,66.000
186.000,262.000,132.000,69.000
206.000,266.000,110.000,62.000
195.000,266.000,128.000,63.000
194.000,266.000,131.000,65.000
195.000,268.000,131.000,66.000
195.000,272.000,123.000,64.000
194.000,275.000,124.000,61.000
192.000,275.000,129.000,62.000
191.000,275.000,129.000,64.000
201.000,276.000,118.000,62.000
206.000,274.000,111.000,68.000
205.000,275.000,111.000,64.000
186.000,279.000,133.000,66.000
191.000,280.000,125.000,65.000
193.000,280.000,127.000,64.000
194.000,280.000,121.000,64.000
194.000,282.000,124.000,62.000
203.000,280.000,116.000,63.000
211.000,280.000,107.000,63.000
214.000,283.000,104.000,60.000
214.000,285.000,109.000,56.000
214.000,284.000,108.000,58.000
216.000,284.000,109.000,63.000
216.000,284.000,108.000,62.000
216.000,284.000,116.000,61.000
222.000,284.000,108.000,59.000
219.000,285.000,118.000,61.000
219.000,287.000,120.000,59.000
222.000,285.000,116.000,59.000
223.000,288.000,119.000,57.000
222.000,291.000,120.000,60.000
225.000,293.000,117.000,59.000
228.000,294.000,118.000,59.000
236.000,295.000,107.000,57.000
236.000,298.000,110.000,56.000
242.000,296.000,110.000,58.000
245.000,293.000,108.000,57.000
257.000,293.000,96.000,57.000
258.000,293.000,103.000,55.000
260.000,293.000,107.000,58.000
266.000,296.000,105.000,54.000
267.000,294.000,105.000,54.000
267.000,295.000,114.000,57.000
267.000,296.000,109.000,57.000
269.000,295.000,116.000,58.000
271.000,295.000,110.000,56.000
273.000,296.000,103.000,60.000
276.000,296.000,113.000,54.000
274.000,296.000,110.000,57.000
274.000,297.000,108.000,54.000
273.000,297.000,115.000,56.000
273.000,296.000,122.000,58.000
275.000,297.000,118.000,57.000
275.000,296.000,121.000,59.000
277.000,297.000,120.000,59.000
278.000,296.000,120.000,63.000
277.000,296.000,117.000,62.000
276.000,297.000,120.000,57.000
276.000,297.000,112.000,56.000
274.000,297.000,110.000,55.000
274.000,297.000,113.000,58.000
272.000,298.000,118.000,57.000
273.000,299.000,113.000,57.000
271.000,301.000,111.000,57.000
269.000,297.000,111.000,58.000
272.000,301.000,110.000,56.000
267.000,303.000,111.000,54.000
265.000,303.000,110.000,54.000
263.000,305.000,110.000,54.000
265.000,302.000,105.000,54.000
262.000,304.000,105.000,51.000
262.000,305.000,103.000,52.000
264.000,305.000,105.000,53.000
262.000,305.000,107.000,51.000
262.000,305.000,102.000,50.000
264.000,305.000,98.000,50.000
265.000,302.000,95.000,51.000
265.000,301.000,100.000,52.000
268.000,299.000,99.000,52.000
266.000,304.000,100.000,48.000
266.000,302.000,98.000,51.000
270.000,301.000,94.000,52.000
267.000,303.000,97.000,46.000
268.000,302.000,95.000,46.000
267.000,302.000,94.000,47.000
265.000,302.000,95.000,47.000
264.000,302.000,94.000,44.000
270.000,302.000,87.000,42.000
268.000,305.000,91.000,43.000
265.000,306.000,90.000,41.000
263.000,305.000,95.000,43.000
262.000,305.000,97.000,43.000
261.000,308.000,99.000,42.000
262.000,309.000,99.000,43.000
261.000,308.000,97.000,43.000
260.000,309.000,99.000,43.000
262.000,309.000,97.000,45.000
261.000,308.000,97.000,46.000
260.000,310.000,97.000,41.000
260.000,311.000,97.000,45.000
261.000,312.000,95.000,40.000
257.000,312.000,91.000,42.000
259.000,313.000,90.000,39.000
260.000,313.000,88.000,40.000
260.000,313.000,85.000,39.000
259.000,315.000,86.000,37.000
260.000,314.000,85.000,39.000
259.000,315.000,87.000,40.000
260.000,314.000,87.000,42.000
258.000,314.000,86.000,37.000
259.000,316.000,87.000,37.000
260.000,317.000,85.000,36.000
258.000,318.000,86.000,37.000
259.000,319.000,85.000,37.000
259.000,317.000,85.000,35.000
260.000,318.000,82.000,36.000
259.000,318.000,84.000,36.000
257.000,320.000,86.000,35.000
259.000,321.000,82.000,36.000
258.000,321.000,83.000,35.000
261.000,320.000,80.000,36.000
260.000,321.000,80.000,35.000
258.000,321.000,82.000,34.000
260.000,322.000,82.000,34.000
255.000,322.000,85.000,34.000
258.000,323.000,85.000,33.000
250.000,313.000,93.000,89.000
260.000,323.000,84.000,32.000
257.000,322.000,86.000,31.000
260.000,322.000,84.000,32.000
258.000,323.000,86.000,34.000
261.000,322.000,82.000,30.000
262.000,320.000,79.000,32.000
258.000,322.000,84.000,34.000
260.000,323.000,78.000,34.000
262.000,323.000,79.000,32.000
261.000,322.000,80.000,33.000
263.000,323.000,78.000,31.000
264.000,323.000,80.000,32.000
266.000,321.000,78.000,32.000
265.000,323.000,78.000,32.000
264.000,323.000,80.000,30.000
265.000,323.000,81.000,31.000
265.000,322.000,84.000,30.000
261.000,319.000,85.000,82.000
263.000,317.000,86.000,81.000
264.000,319.000,89.000,80.000
266.000,320.000,84.000,85.000
267.000,320.000,87.000,84.000
264.000,320.000,88.000,81.000
265.000,321.000,94.000,80.000
267.000,320.000,90.000,83.000
269.000,323.000,94.000,34.000
269.000,322.000,90.000,35.000
264.000,320.000,96.000,85.000
265.000,323.000,93.000,36.000
263.000,321.000,89.000,82.000
265.000,325.000,90.000,39.000
259.000,321.000,94.000,84.000
264.000,323.000,87.000,82.000
266.000,323.000,89.000,81.000
265.000,324.000,91.000,81.000
258.000,325.000,93.000,77.000
262.000,325.000,91.000,77.000
264.000,327.000,88.000,79.000
260.000,326.000,91.000,80.000
262.000,327.000,94.000,76.000
265.000,330.000,77.000,76.000
266.000,331.000,96.000,32.000
269.000,329.000,95.000,30.000
268.000,332.000,98.000,31.000
263.000,331.000,102.000,29.000
262.000,331.000,103.000,32.000
266.000,327.000,97.000,33.000
264.000,329.000,92.000,36.000
258.000,325.000,97.000,76.000
260.000,324.000,92.000,78.000
263.000,327.000,88.000,34.000
266.000,329.000,85.000,34.000
265.000,325.000,81.000,78.000
267.000,325.000,79.000,76.000
265.000,327.000,81.000,76.000
260.000,328.000,90.000,73.000
260.000,328.000,85.000,74.000
259.000,326.000,79.000,74.000
261.000,329.000,79.000,71.000
258.000,329.000,83.000,77.000
259.000,327.000,88.000,78.000
256.000,329.000,91.000,78.000
256.000,328.000,89.000,73.000
255.000,330.000,92.000,74.000
257.000,330.000,91.000,73.000
257.000,328.000,89.000,74.000
242.000,328.000,101.000,73.000
238.000,329.000,108.000,71.000
241.000,328.000,104.000,70.000
263.000,330.000,77.000,73.000
263.000,325.000,74.000,79.000
263.000,328.000,69.000,72.000
266.000,326.000,67.000,76.000
265.000,324.000,66.000,77.000
270.000,323.000,63.000,77.000
272.000,322.000,59.000,75.000
268.000,320.000,58.000,74.000
266.000,320.000,63.000,78.000
267.000,321.000,64.000,75.000
266.000,321.000,62.000,73.000
269.000,321.000,60.000,74.000
268.000,322.000,63.000,73.000
269.000,325.000,59.000,67.000
272.000,326.000,58.000,63.000
271.000,326.000,60.000,65.000
272.000,326.000,56.000,64.000
270.000,325.000,55.000,62.000
274.000,325.000,52.000,63.000
272.000,326.000,55.000,65.000
277.000,328.000,50.000,62.000
274.000,327.000,51.000,58.000
273.000,327.000,53.000,61.000
273.000,328.000,52.000,56.000
271.000,329.000,50.000,53.000
271.000,328.000,50.000,56.000
270.000,330.000,49.000,51.000
271.000,329.000,49.000,55.000
265.000,334.000,48.000,46.000
264.000,330.000,45.000,47.000
262.000,333.000,48.000,49.000
263.000,331.000,49.000,48.000
259.000,331.000,51.000,48.000
261.000,333.000,49.000,47.000
260.000,332.000,49.000,46.000
258.000,333.000,52.000,48.000
257.000,333.000,53.000,47.000
255.000,331.000,55.000,53.000
253.000,331.000,57.000,49.000
251.000,332.000,56.000,50.000
249.000,333.000,62.000,50.000
249.000,333.000,61.000,49.000
249.000,334.000,61.000,50.000
247.000,335.000,58.000,49.000
246.000,336.000,63.000,46.000
244.000,334.000,63.000,46.000
244.000,334.000,61.000,46.000
247.000,336.000,60.000,47.000
246.000,335.000,60.000,46.000
248.000,336.000,57.000,45.000
247.000,335.000,59.000,45.000
250.000,334.000,57.000,45.000
248.000,334.000,57.000,46.000
246.000,336.000,58.000,46.000
246.000,335.000,60.000,47.000
246.000,335.000,60.000,45.000
244.000,335.000,60.000,46.000
244.000,337.000,60.000,46.000
243.000,336.000,62.000,43.000
243.000,336.000,59.000,46.000
240.000,337.000,64.000,45.000
240.000,337.000,63.000,46.000
235.000,339.000,67.000,46.000
237.000,338.000,66.000,44.000
237.000,338.000,66.000,48.000
235.000,337.000,67.000,47.000
233.000,339.000,70.000,48.000
230.000,341.000,71.000,49.000
233.000,338.000,66.000,49.000
231.000,339.000,68.000,48.000
229.000,341.000,69.000,49.000
228.000,343.000,71.000,48.000
225.000,343.000,74.000,45.000
226.000,343.000,71.000,46.000
228.000,342.000,71.000,47.000
223.000,342.000,73.000,47.000
230.000,345.000,69.000,47.000
221.000,346.000,76.000,46.000
222.000,344.000,73.000,46.000
222.000,346.000,74.000,46.000
222.000,346.000,72.000,46.000
222.000,345.000,70.000,48.000
224.000,347.000,70.000,49.000
223.000,346.000,70.000,46.000
223.000,347.000,71.000,46.000
219.000,350.000,75.000,45.000
221.000,348.000,73.000,46.000
221.000,349.000,74.000,45.000
221.000,347.000,76.000,47.000
221.000,348.000,74.000,48.000
219.000,349.000,76.000,48.000
222.000,348.000,75.000,48.000
223.000,351.000,74.000,45.000
224.000,347.000,73.000,47.000
218.000,350.000,80.000,46.000
222.000,348.000,76.000,46.000
224.000,350.000,73.000,46.000
225.000,350.000,74.000,45.000
222.000,351.000,76.000,46.000
222.000,351.000,78.000,47.000
225.000,351.000,76.000,47.000
222.000,351.000,79.000,47.000
224.000,352.000,80.000,45.000
229.000,352.000,76.000,47.000
228.000,352.000,78.000,46.000
233.000,351.000,73.000,44.000
229.000,351.000,79.000,47.000
229.000,352.000,80.000,46.000
237.000,354.000,73.000,46.000
245.000,353.000,69.000,46.000
245.000,356.000,70.000,44.000
257.000,356.000,62.000,46.000
255.000,355.000,64.000,45.000
252.000,354.000,70.000,47.000
247.000,352.000,77.000,49.000
247.000,353.000,78.000,48.000
247.000,356.000,82.000,47.000
249.000,354.000,83.000,46.000
251.000,354.000,80.000,49.000
254.000,356.000,80.000,47.000
255.000,354.000,82.000,49.000
253.000,354.000,83.000,46.000
253.000,354.000,88.000,48.000
257.000,354.000,84.000,46.000
262.000,355.000,79.000,46.000
261.000,353.000,79.000,46.000
271.000,356.000,71.000,47.000
273.000,354.000,68.000,46.000
279.000,352.000,62.000,50.000
286.000,353.000,56.000,45.000
286.000,353.000,55.000,44.000
254.000,347.000,90.000,47.000
258.000,349.000,86.000,46.000
257.000,347.000,89.000,47.000
263.000,346.000,83.000,47.000
267.000,348.000,78.000,46.000
272.000,346.000,76.000,46.000
276.000,347.000,71.000,46.000
279.000,345.000,69.000,45.000
282.000,347.000,66.000,44.000
290.000,346.000,59.000,42.000
295.000,346.000,55.000,47.000
301.000,344.000,51.000,47.000
308.000,346.000,47.000,43.000
307.000,345.000,47.000,42.000
310.000,345.000,47.000,43.000
314.000,346.000,45.000,41.000
313.000,346.000,50.000,45.000
315.000,346.000,51.000,46.000
316.000,344.000,52.000,47.000
316.000,346.000,52.000,44.000
320.000,345.000,51.000,44.000
318.000,345.000,51.000,44.000
323.000,343.000,44.000,41.000
322.000,346.000,49.000,43.000
320.000,344.000,51.000,45.000
324.000,344.000,47.000,43.000
324.000,343.000,45.000,42.000
322.000,343.000,49.000,45.000
323.000,346.000,47.000,41.000
322.000,344.000,48.000,41.000
322.000,344.000,49.000,42.000
325.000,341.000,46.000,42.000
325.000,342.000,46.000,43.000
324.000,340.000,47.000,45.000
322.000,341.000,46.000,43.000
324.000,343.000,47.000,45.000
325.000,342.000,45.000,41.000
323.000,340.000,45.000,45.000
320.000,342.000,49.000,43.000
321.000,342.000,50.000,44.000
324.000,337.000,46.000,41.000
325.000,337.000,45.000,39.000
324.000,334.000,48.000,41.000
323.000,335.000,50.000,45.000
325.000,334.000,50.000,45.000
325.000,331.000,47.000,44.000
327.000,330.000,46.000,43.000
329.000,330.000,48.000,43.000
331.000,327.000,48.000,42.000
330.000,330.000,51.000,44.000
335.000,327.000,50.000,45.000
337.000,325.000,53.000,44.000
337.000,325.000,55.000,44.000
342.000,324.000,54.000,43.000
346.000,322.000,53.000,41.000
346.000,318.000,57.000,41.000
354.000,314.000,53.000,41.000
364.000,308.000,43.000,39.000
370.000,307.000,47.000,34.000
378.000,302.000,63.000,38.000
378.000,302.000,63.000,38.000
374.000,300.000,43.000,33.000
374.000,300.000,43.000,33.000
374.000,300.000,43.000,33.000
374.000,300.000,43.000,33.000
374.000,300.000,43.000,33.000
374.000,300.000,43.000,33.000
374.000,300.000,43.000,33.000
374.000,300.000,43.000,33.000
184.000,263.000,71.000,51.000
302.000,279.000,70.000,45.000
302.000,279.000,70.000,45.000
302.000,279.000,70.000,45.000
366.000,279.000,59.000,47.000
377.000,279.000,48.000,42.000
377.000,279.000,48.000,42.000
380.000,281.000,33.000,34.000
371.000,286.000,36.000,38.000
367.000,283.000,38.000,45.000
362.000,286.000,42.000,32.000
352.000,285.000,50.000,35.000
345.000,286.000,47.000,36.000
335.000,286.000,46.000,38.000
328.000,285.000,46.000,40.000
319.000,287.000,45.000,36.000
308.000,287.000,51.000,41.000
305.000,287.000,44.000,39.000
299.000,286.000,47.000,39.000
296.000,287.000,45.000,40.000
294.000,289.000,47.000,42.000
293.000,286.000,45.000,42.000
291.000,288.000,47.000,41.000
293.000,288.000,44.000,41.000
289.000,290.000,46.000,40.000
288.000,288.000,46.000,39.000
287.000,287.000,46.000,39.000
286.000,288.000,47.000,41.000
285.000,289.000,46.000,40.000
284.000,289.000,47.000,38.000
283.000,289.000,46.000,39.000
284.000,290.000,45.000,41.000
280.000,292.000,46.000,38.000
282.000,291.000,46.000,40.000
281.000,291.000,44.000,37.000
282.000,291.000,43.000,37.000
278.000,292.000,51.000,40.000
279.000,291.000,49.000,41.000
281.000,291.000,45.000,38.000
277.000,292.000,49.000,42.000
279.000,291.000,45.000,39.000
278.000,293.000,47.000,41.000
280.000,294.000,46.000,40.000
282.000,293.000,44.000,39.000
281.000,296.000,46.000,39.000
281.000,293.000,45.000,41.000
282.000,294.000,46.000,40.000
279.000,294.000,47.000,38.000
279.000,293.000,48.000,41.000
278.000,294.000,48.000,41.000
279.000,290.000,46.000,42.000
278.000,292.000,49.000,43.000
274.000,294.000,49.000,43.000
276.000,296.000,47.000,40.000
275.000,296.000,46.000,40.000
273.000,294.000,50.000,42.000
270.000,296.000,49.000,41.000
268.000,295.000,49.000,39.000
269.000,296.000,49.000,40.000
269.000,296.000,48.000,37.000
268.000,294.000,44.000,40.000
268.000,297.000,47.000,40.000
268.000,295.000,45.000,40.000
265.000,293.000,46.000,41.000
266.000,296.000,46.000,39.000
266.000,296.000,44.000,39.000
266.000,296.000,45.000,42.000
262.000,297.000,47.000,41.000
262.000,298.000,46.000,42.000
259.000,298.000,50.000,40.000
259.000,297.000,49.000,40.000
262.000,297.000,44.000,40.000
258.000,299.000,50.000,43.000
258.000,297.000,47.000,42.000
259.000,298.000,47.000,40.000
257.000,298.000,47.000,39.000
256.000,297.000,47.000,40.000
260.000,299.000,44.000,39.000
258.000,297.000,45.000,36.000
257.000,296.000,46.000,40.000
256.000,297.000,46.000,40.000
258.000,298.000,46.000,44.000
257.000,297.000,45.000,43.000
259.000,299.000,46.000,42.000
257.000,300.000,46.000,39.000
259.000,299.000,45.000,39.000
258.000,300.000,45.000,38.000
258.000,301.000,47.000,42.000
254.000,299.000,48.000,42.000
257.000,300.000,45.000,39.000
257.000,300.000,47.000,42.000
255.000,301.000,48.000,42.000
253.000,301.000,48.000,42.000
253.000,300.000,46.000,42.000
254.000,303.000,44.000,39.000
253.000,301.000,44.000,38.000
250.000,302.000,45.000,40.000
248.000,303.000,44.000,38.000
245.000,301.000,44.000,39.000
244.000,301.000,45.000,38.000
242.000,300.000,43.000,37.000
239.000,299.000,42.000,36.000
234.000,300.000,46.000,38.000
232.000,301.000,46.000,36.000
232.000,301.000,42.000,37.000
228.000,300.000,44.000,36.000
227.000,298.000,43.000,37.000
227.000,296.000,43.000,40.000
225.000,298.000,44.000,38.000
227.000,299.000,42.000,39.000
227.000,298.000,41.000,39.000
226.000,300.000,44.000,37.000
226.000,299.000,42.000,39.000
227.000,299.000,42.000,38.000
226.000,299.000,44.000,39.000
225.000,299.000,44.000,39.000
224.000,299.000,44.000,39.000
223.000,300.000,46.000,39.000
225.000,300.000,44.000,38.000
225.000,300.000,44.000,38.000
228.000,301.000,43.000,38.000
226.000,301.000,44.000,37.000
224.000,302.000,47.000,39.000
226.000,300.000,47.000,40.000
225.000,300.000,45.000,40.000
228.000,302.000,46.000,38.000
229.000,300.000,44.000,38.000
230.000,300.000,44.000,37.000
233.000,301.000,43.000,36.000
236.000,302.000,42.000,36.000
235.000,299.000,42.000,37.000
236.000,299.000,43.000,38.000
235.000,299.000,44.000,38.000
240.000,300.000,42.000,39.000
239.000,302.000,46.000,37.000
245.000,297.000,45.000,38.000
246.000,297.000,49.000,38.000
249.000,295.000,47.000,43.000
253.000,293.000,50.000,46.000
253.000,292.000,54.000,46.000
257.000,290.000,55.000,47.000
256.000,290.000,57.000,48.000
260.000,287.000,57.000,48.000
263.000,287.000,58.000,51.000
264.000,287.000,63.000,50.000
266.000,284.000,61.000,53.000
269.000,284.000,62.000,54.000
266.000,284.000,65.000,55.000
270.000,285.000,65.000,53.000
267.000,285.000,68.000,52.000
272.000,284.000,63.000,56.000
274.000,286.000,63.000,57.000
272.000,283.000,64.000,58.000
275.000,288.000,65.000,54.000
273.000,288.000,67.000,59.000
277.000,289.000,65.000,57.000
277.000,287.000,65.000,59.000
279.000,288.000,64.000,63.000
277.000,290.000,66.000,59.000
280.000,290.000,63.000,55.000
278.000,290.000,65.000,57.000
279.000,289.000,63.000,58.000
279.000,288.000,64.000,55.000
281.000,290.000,64.000,57.000
281.000,290.000,62.000,59.000
282.000,290.000,64.000,60.000
282.000,291.000,63.000,60.000
282.000,291.000,63.000,57.000
279.000,290.000,66.000,60.000
280.000,292.000,65.000,59.000
281.000,291.000,65.000,60.000
286.000,288.000,65.000,63.000
286.000,290.000,65.000,59.000
287.000,290.000,64.000,59.000
284.000,290.000,68.000,62.000
287.000,291.000,67.000,60.000
288.000,288.000,67.000,64.000
290.000,289.000,66.000,62.000
289.000,287.000,72.000,62.000
291.000,287.000,72.000,62.000
291.000,288.000,76.000,64.000
293.000,286.000,72.000,65.000
297.000,288.000,68.000,64.000
295.000,287.000,72.000,64.000
292.000,285.000,79.000,66.000
296.000,285.000,76.000,63.000
296.000,286.000,74.000,67.000
299.000,286.000,77.000,67.000
297.000,284.000,80.000,70.000
303.000,284.000,75.000,67.000
302.000,285.000,78.000,69.000
303.000,279.000,80.000,71.000
303.000,283.000,82.000,70.000
305.000,283.000,81.000,71.000
308.000,280.000,85.000,73.000
306.000,280.000,84.000,70.000
311.000,281.000,86.000,76.000
308.000,281.000,88.000,78.000
309.000,281.000,87.000,77.000
309.000,283.000,87.000,74.000
312.000,281.000,89.000,79.000
319.000,280.000,85.000,77.000
317.000,282.000,89.000,81.000
320.000,280.000,83.000,83.000
326.000,279.000,80.000,80.000
325.000,280.000,80.000,74.000
325.000,281.000,82.000,77.000
331.000,277.000,76.000,83.000
326.000,281.000,81.000,73.000
324.000,281.000,81.000,77.000
327.000,280.000,81.000,82.000
332.000,280.000,78.000,78.000
329.000,280.000,78.000,83.000
329.000,279.000,77.000,88.000
333.000,277.000,72.000,90.000
332.000,283.000,71.000,85.000
326.000,285.000,75.000,89.000
331.000,282.000,72.000,85.000
333.000,283.000,74.000,88.000
332.000,282.000,75.000,98.000
336.000,282.000,73.000,95.000
327.000,288.000,77.000,85.000
323.000,291.000,82.000,88.000
332.000,289.000,76.000,89.000
330.000,288.000,77.000,98.000
329.000,290.000,78.000,99.000
329.000,290.000,77.000,91.000
329.000,289.000,77.000,95.000
331.000,290.000,74.000,84.000
326.000,292.000,77.000,94.000
331.000,295.000,76.000,87.000
332.000,295.000,77.000,86.000
334.000,294.000,72.000,89.000
332.000,300.000,75.000,87.000
327.000,305.000,78.000,85.000
329.000,306.000,76.000,84.000
331.000,308.000,75.000,89.000
332.000,307.000,73.000,86.000
334.000,311.000,76.000,86.000
334.000,318.000,75.000,85.000
339.000,317.000,66.000,78.000
339.000,322.000,68.000,88.000
338.000,322.000,69.000,89.000
342.000,327.000,66.000,83.000
339.000,329.000,68.000,87.000
339.000,330.000,67.000,96.000
341.000,333.000,64.000,96.000
343.000,335.000,62.000,97.000
344.000,340.000,64.000,94.000
344.000,341.000,61.000,94.000
345.000,342.000,61.000,94.000
345.000,343.000,59.000,91.000
344.000,346.000,62.000,92.000
343.000,347.000,64.000,94.000
352.000,349.000,53.000,92.000
349.000,350.000,56.000,94.000
347.000,351.000,59.000,98.000
348.000,353.000,58.000,95.000
350.000,352.000,57.000,93.000
353.000,352.000,53.000,92.000
353.000,350.000,53.000,98.000
354.000,346.000,55.000,101.000
354.000,342.000,53.000,97.000
354.000,340.000,52.000,102.000
352.000,337.000,54.000,101.000
357.000,334.000,52.000,104.000
353.000,332.000,55.000,101.000
352.000,329.000,57.000,99.000
354.000,326.000,56.000,102.000
354.000,322.000,55.000,102.000
354.000,318.000,55.000,103.000
356.000,315.000,53.000,107.000
355.000,317.000,55.000,99.000
354.000,315.000,56.000,101.000
356.000,317.000,54.000,90.000
355.000,317.000,55.000,90.000
360.000,316.000,48.000,90.000
358.000,313.000,51.000,90.000
361.000,316.000,48.000,96.000
362.000,314.000,48.000,89.000
362.000,314.000,45.000,102.000
365.000,312.000,44.000,107.000
366.000,311.000,41.000,108.000
371.000,296.000,37.000,103.000
367.000,307.000,38.000,113.000
368.000,306.000,40.000,109.000
369.000,308.000,39.000,106.000
370.000,304.000,38.000,109.000
369.000,304.000,37.000,109.000
372.000,308.000,36.000,103.000
369.000,308.000,39.000,108.000
375.000,306.000,32.000,106.000
372.000,305.000,35.000,109.000
370.000,305.000,36.000,108.000
378.000,305.000,26.000,108.000
373.000,308.000,34.000,102.000
373.000,306.000,33.000,102.000
374.000,308.000,33.000,100.000
378.000,308.000,27.000,105.000
364.000,318.000,36.000,94.000
369.000,321.000,36.000,91.000
377.000,315.000,30.000,96.000
362.000,331.000,36.000,88.000
380.000,315.000,25.000,92.000
383.000,312.000,23.000,83.000
379.000,315.000,27.000,76.000
379.000,316.000,26.000,73.000
379.000,320.000,26.000,70.000
377.000,319.000,27.000,71.000
377.000,321.000,27.000,72.000
376.000,323.000,29.000,73.000
375.000,325.000,30.000,75.000
374.000,325.000,30.000,74.000
374.000,327.000,31.000,72.000
374.000,328.000,30.000,74.000
373.000,331.000,31.000,73.000
373.000,331.000,31.000,76.000
373.000,333.000,32.000,74.000
373.000,336.000,34.000,78.000
374.000,336.000,31.000,78.000
374.000,337.000,32.000,76.000
374.000,337.000,29.000,77.000
370.000,345.000,27.000,86.000
375.000,344.000,26.000,93.000
378.000,348.000,23.000,94.000
383.000,341.000,20.000,96.000
385.000,338.000,18.000,96.000
386.000,345.000,19.000,97.000
387.000,352.000,28.000,105.000
385.000,357.000,40.000,100.000
400.000,360.000,28.000,94.000
371.000,359.000,34.000,95.000
260.000,297.000,36.000,84.000
382.000,347.000,40.000,103.000
243.000,318.000,63.000,71.000
237.000,320.000,81.000,56.000
230.000,321.000,94.000,51.000
223.000,325.000,101.000,45.000
219.000,322.000,108.000,50.000
219.000,321.000,113.000,53.000
222.000,322.000,107.000,53.000
221.000,323.000,113.000,51.000
221.000,319.000,114.000,53.000
221.000,320.000,111.000,53.000
224.000,319.000,108.000,52.000
225.000,316.000,106.000,55.000
218.000,319.000,110.000,54.000
217.000,317.000,112.000,52.000
212.000,318.000,115.000,51.000
211.000,319.000,107.000,51.000
208.000,318.000,112.000,51.000
203.000,319.000,115.000,52.000
196.000,315.000,118.000,53.000
195.000,314.000,111.000,51.000
194.000,313.000,102.000,52.000
188.000,311.000,102.000,53.000
185.000,311.000,101.000,52.000
173.000,310.000,109.000,51.000
160.000,311.000,114.000,51.000
153.000,311.000,113.000,53.000
146.000,310.000,111.000,52.000
138.000,309.000,112.000,53.000
138.000,311.000,112.000,53.000
138.000,310.000,117.000,53.000
136.000,307.000,118.000,55.000
137.000,306.000,122.000,54.000
142.000,307.000,114.000,53.000
142.000,307.000,110.000,54.000
138.000,308.000,120.000,56.000
140.000,310.000,121.000,54.000
146.000,308.000,112.000,56.000
151.000,311.000,116.000,52.000
148.000,309.000,115.000,54.000
156.000,311.000,112.000,53.000
159.000,313.000,110.000,53.000
158.000,311.000,114.000,55.000
162.000,315.000,115.000,55.000
166.000,320.000,113.000,54.000
162.000,323.000,116.000,54.000
164.000,325.000,116.000,54.000
164.000,326.000,117.000,52.000
164.000,328.000,118.000,53.000
161.000,327.000,123.000,51.000
165.000,328.000,120.000,51.000
162.000,326.000,125.000,54.000
162.000,328.000,124.000,54.000
164.000,327.000,125.000,53.000
166.000,327.000,127.000,54.000
168.000,326.000,122.000,52.000
174.000,325.000,115.000,51.000
178.000,325.000,111.000,52.000
178.000,323.000,112.000,52.000
181.000,323.000,112.000,54.000
183.000,322.000,112.000,54.000
182.000,323.000,116.000,53.000
184.000,320.000,115.000,53.000
188.000,318.000,114.000,49.000
190.000,318.000,116.000,51.000
188.000,317.000,116.000,53.000
190.000,319.000,117.000,53.000
191.000,321.000,116.000,53.000
194.000,323.000,118.000,54.000
193.000,325.000,118.000,54.000
198.000,327.000,116.000,52.000
198.000,328.000,119.000,52.000
202.000,330.000,113.000,52.000
198.000,329.000,121.000,52.000
200.000,331.000,122.000,54.000
199.000,332.000,128.000,53.000
201.000,333.000,124.000,53.000
203.000,334.000,115.000,55.000
203.000,337.000,120.000,52.000
204.000,340.000,121.000,53.000
211.000,343.000,113.000,51.000
207.000,344.000,120.000,51.000
209.000,344.000,111.000,51.000
207.000,345.000,119.000,50.000
209.000,346.000,120.000,51.000
208.000,343.000,112.000,56.000
209.000,348.000,108.000,55.000
211.000,352.000,108.000,52.000
221.000,354.000,184.000,227.000
209.000,350.000,204.000,239.000
204.000,353.000,198.000,236.000
200.000,348.000,212.000,247.000
200.000,347.000,208.000,241.000
206.000,345.000,197.000,248.000
208.000,347.000,195.000,241.000
210.000,346.000,195.000,247.000
211.000,346.000,195.000,247.000
206.000,345.000,199.000,245.000
209.000,347.000,196.000,244.000
214.000,346.000,190.000,249.000
208.000,346.000,199.000,242.000
208.000,345.000,196.000,242.000
205.000,342.000,202.000,240.000
203.000,343.000,203.000,235.000
207.000,341.000,201.000,241.000
194.000,339.000,209.000,242.000
198.000,337.000,207.000,238.000
197.000,345.000,208.000,239.000
193.000,341.000,200.000,234.000
196.000,344.000,205.000,240.000
192.000,341.000,202.000,232.000
195.000,344.000,208.000,236.000
184.000,335.000,215.000,237.000
188.000,339.000,213.000,227.000
186.000,341.000,211.000,227.000
185.000,330.000,212.000,234.000
181.000,330.000,221.000,236.000
177.000,331.000,225.000,233.000
174.000,331.000,225.000,229.000
174.000,330.000,225.000,231.000
179.000,325.000,220.000,236.000
168.000,327.000,234.000,226.000
175.000,326.000,227.000,229.000
176.000,321.000,224.000,227.000
168.000,323.000,230.000,220.000
158.000,312.000,235.000,225.000
163.000,313.000,234.000,218.000
153.000,304.000,241.000,222.000
154.000,306.000,247.000,217.000
152.000,300.000,247.000,220.000
146.000,300.000,260.000,217.000
138.000,297.000,267.000,208.000
144.000,293.000,264.000,211.000
143.000,285.000,249.000,218.000
146.000,282.000,257.000,218.000
138.000,279.000,262.000,214.000
140.000,280.000,245.000,206.000
133.000,272.000,261.000,213.000
135.000,272.000,264.000,210.000
135.000,269.000,250.000,214.000
137.000,263.000,247.000,215.000
139.000,258.000,226.000,215.000
141.000,252.000,223.000,216.000
140.000,252.000,214.000,210.000
145.000,252.000,207.000,187.000
145.000,251.000,200.000,191.000
154.000,255.000,186.000,186.000
172.000,251.000,172.000,149.000
170.000,246.000,178.000,141.000
273.000,307.000,147.000,135.000
174.000,237.000,65.000,65.000
173.000,236.000,56.000,67.000
168.000,235.000,55.000,71.000
164.000,236.000,54.000,63.000
158.000,236.000,56.000,62.000
155.000,235.000,54.000,65.000
150.000,232.000,57.000,63.000
147.000,232.000,56.000,61.000
145.000,230.000,57.000,63.000
144.000,230.000,59.000,63.000
142.000,229.000,57.000,61.000
142.000,226.000,56.000,63.000
141.000,224.000,54.000,57.000
140.000,223.000,56.000,60.000
138.000,225.000,57.000,60.000
138.000,225.000,59.000,63.000
137.000,230.000,56.000,59.000
136.000,227.000,55.000,59.000
137.000,227.000,57.000,61.000
136.000,227.000,57.000,62.000
137.000,226.000,57.000,61.000
134.000,227.000,55.000,63.000
136.000,226.000,56.000,63.000
133.000,226.000,59.000,64.000
134.000,227.000,57.000,65.000
134.000,227.000,55.000,61.000
135.000,227.000,56.000,58.000
137.000,228.000,56.000,58.000
136.000,226.000,57.000,62.000
138.000,225.000,58.000,60.000
138.000,223.000,57.000,64.000
139.000,223.000,57.000,64.000
142.000,226.000,56.000,64.000
142.000,226.000,55.000,58.000
144.000,227.000,54.000,53.000
146.000,227.000,56.000,57.000
147.000,223.000,55.000,62.000
148.000,224.000,59.000,61.000
151.000,224.000,58.000,61.000
153.000,223.000,56.000,61.000
154.000,223.000,60.000,65.000
155.000,223.000,56.000,63.000
155.000,222.000,57.000,62.000
158.000,221.000,57.000,64.000
159.000,219.000,58.000,65.000
156.000,219.000,61.000,63.000
155.000,220.000,64.000,62.000
156.000,221.000,63.000,62.000
156.000,220.000,65.000,61.000
154.000,220.000,67.000,60.000
153.000,221.000,67.000,57.000
153.000,220.000,71.000,59.000
155.000,218.000,69.000,60.000
157.000,218.000,68.000,58.000
157.000,217.000,68.000,58.000
156.000,215.000,67.000,58.000
156.000,213.000,67.000,58.000
153.000,213.000,70.000,56.000
153.000,214.000,71.000,55.000
149.000,213.000,74.000,55.000
147.000,214.000,76.000,54.000
146.000,211.000,76.000,58.000
144.000,213.000,79.000,56.000
142.000,212.000,78.000,58.000
145.000,214.000,75.000,58.000
146.000,214.000,74.000,58.000
149.000,213.000,67.000,59.000
155.000,212.000,61.000,57.000
156.000,210.000,57.000,61.000
156.000,210.000,57.000,63.000
155.000,210.000,59.000,61.000
158.000,210.000,58.000,62.000
157.000,207.000,57.000,62.000
158.000,209.000,58.000,60.000
159.000,210.000,61.000,59.000
163.000,210.000,59.000,59.000
164.000,207.000,65.000,58.000
164.000,209.000,67.000,60.000
166.000,211.000,70.000,58.000
168.000,212.000,64.000,58.000
170.000,213.000,63.000,55.000
171.000,213.000,62.000,57.000
172.000,215.000,61.000,55.000
173.000,216.000,61.000,58.000
174.000,218.000,62.000,56.000
174.000,221.000,61.000,56.000
175.000,220.000,63.000,56.000
175.000,221.000,64.000,55.000
174.000,223.000,61.000,58.000
174.000,220.000,62.000,58.000
173.000,222.000,65.000,58.000
173.000,220.000,66.000,61.000
173.000,220.000,64.000,60.000
172.000,220.000,66.000,64.000
173.000,220.000,67.000,61.000
170.000,221.000,65.000,63.000
170.000,221.000,69.000,63.000
170.000,222.000,64.000,65.000
167.000,222.000,65.000,63.000
166.000,219.000,69.000,65.000
165.000,220.000,67.000,63.000
164.000,218.000,68.000,65.000
163.000,221.000,63.000,62.000
163.000,223.000,65.000,64.000
164.000,221.000,64.000,68.000
163.000,225.000,60.000,67.000
162.000,226.000,58.000,67.000
162.000,227.000,56.000,67.000
162.000,224.000,56.000,69.000
162.000,227.000,54.000,65.000
159.000,224.000,59.000,69.000
159.000,223.000,57.000,71.000
158.000,226.000,56.000,67.000
158.000,226.000,65.000,70.000
156.000,222.000,70.000,75.000
157.000,221.000,73.000,77.000
155.000,227.000,64.000,70.000
155.000,228.000,57.000,70.000
156.000,230.000,58.000,69.000
154.000,230.000,59.000,70.000
152.000,233.000,57.000,67.000
153.000,233.000,56.000,65.000
154.000,236.000,57.000,66.000
154.000,237.000,57.000,65.000
154.000,236.000,56.000,65.000
154.000,238.000,58.000,63.000
154.000,237.000,57.000,65.000
155.000,239.000,57.000,65.000
156.000,238.000,56.000,67.000
156.000,241.000,56.000,66.000
158.000,244.000,55.000,63.000
158.000,244.000,55.000,62.000
158.000,244.000,54.000,62.000
159.000,245.000,54.000,63.000
161.000,244.000,54.000,65.000
165.000,239.000,55.000,74.000
162.000,241.000,54.000,75.000
162.000,236.000,55.000,81.000
161.000,242.000,57.000,74.000
165.000,244.000,55.000,74.000
166.000,240.000,53.000,75.000
168.000,241.000,53.000,73.000
169.000,243.000,53.000,64.000
169.000,241.000,55.000,68.000
168.000,236.000,60.000,72.000
162.000,235.000,64.000,72.000
156.000,236.000,76.000,72.000
151.000,241.000,77.000,64.000
144.000,243.000,82.000,64.000
142.000,246.000,83.000,59.000
140.000,247.000,87.000,58.000
134.000,245.000,95.000,61.000
137.000,249.000,89.000,61.000
140.000,250.000,88.000,63.000
147.000,252.000,86.000,61.000
151.000,256.000,86.000,54.000
150.000,254.000,87.000,54.000
156.000,256.000,89.000,55.000
161.000,256.000,92.000,57.000
169.000,257.000,93.000,58.000
175.000,259.000,91.000,55.000
179.000,259.000,99.000,56.000
187.000,258.000,99.000,54.000
191.000,255.000,106.000,54.000
203.000,253.000,101.000,53.000
213.000,253.000,98.000,54.000
218.000,254.000,103.000,51.000
213.000,253.000,114.000,55.000
214.000,256.000,123.000,55.000
215.000,254.000,126.000,58.000
223.000,253.000,124.000,60.000
232.000,258.000,126.000,58.000
234.000,261.000,129.000,55.000
235.000,262.000,128.000,56.000
233.000,266.000,124.000,56.000
230.000,265.000,126.000,56.000
224.000,271.000,132.000,53.000
228.000,270.000,125.000,55.000
228.000,271.000,125.000,54.000
224.000,275.000,130.000,53.000
225.000,278.000,134.000,52.000
223.000,279.000,136.000,51.000
228.000,282.000,131.000,51.000
229.000,285.000,129.000,51.000
231.000,284.000,130.000,51.000
226.000,288.000,137.000,52.000
229.000,286.000,133.000,52.000
231.000,288.000,131.000,53.000
226.000,291.000,140.000,53.000
225.000,292.000,140.000,50.000
223.000,293.000,141.000,50.000
223.000,298.000,140.000,50.000
223.000,297.000,139.000,51.000
222.000,298.000,141.000,51.000
227.000,300.000,136.000,53.000
227.000,304.000,139.000,53.000
224.000,302.000,139.000,54.000
226.000,303.000,136.000,53.000
233.000,306.000,132.000,53.000
234.000,306.000,127.000,50.000
229.000,308.000,130.000,51.000
223.000,309.000,136.000,52.000
216.000,310.000,138.000,51.000
211.000,309.000,139.000,52.000
204.000,308.000,140.000,53.000
200.000,307.000,139.000,52.000
197.000,309.000,141.000,52.000
189.000,307.000,147.000,53.000
186.000,309.000,143.000,51.000
181.000,309.000,135.000,51.000
178.000,310.000,139.000,51.000
177.000,311.000,140.000,51.000
174.000,309.000,138.000,52.000
181.000,311.000,132.000,53.000
185.000,314.000,129.000,50.000
179.000,313.000,134.000,50.000
176.000,311.000,134.000,51.000
172.000,313.000,137.000,52.000
167.000,310.000,137.000,54.000
161.000,312.000,139.000,51.000
157.000,311.000,141.000,51.000
154.000,309.000,140.000,53.000
150.000,308.000,144.000,55.000
150.000,309.000,142.000,55.000
152.000,309.000,142.000,55.000
145.000,311.000,145.000,53.000
148.000,308.000,134.000,58.000
149.000,311.000,130.000,57.000
149.000,311.000,124.000,57.000
155.000,313.000,116.000,56.000
155.000,315.000,117.000,56.000
155.000,315.000,114.000,54.000
156.000,314.000,114.000,54.000
156.000,317.000,113.000,53.000
157.000,317.000,113.000,54.000
157.000,317.000,114.000,53.000
156.000,316.000,117.000,53.000
152.000,316.000,119.000,56.000
152.000,313.000,120.000,61.000
156.000,316.000,118.000,56.000
158.000,317.000,116.000,57.000
158.000,316.000,113.000,56.000
158.000,319.000,112.000,53.000
157.000,317.000,105.000,56.000
153.000,318.000,99.000,57.000
152.000,318.000,91.000,60.000
153.000,317.000,83.000,58.000
151.000,318.000,82.000,56.000
148.000,319.000,79.000,56.000
149.000,318.000,75.000,56.000
149.000,317.000,71.000,59.000
143.000,318.000,74.000,59.000
139.000,319.000,69.000,59.000
133.000,319.000,71.000,56.000
127.000,320.000,73.000,54.000
126.000,320.000,74.000,57.000
124.000,319.000,74.000,55.000
122.000,319.000,77.000,55.000
123.000,319.000,79.000,54.000
118.000,319.000,82.000,55.000
120.000,317.000,80.000,55.000
117.000,318.000,82.000,53.000
116.000,318.000,84.000,53.000
117.000,318.000,84.000,53.000
115.000,322.000,92.000,50.000
118.000,320.000,89.000,53.000
119.000,320.000,84.000,54.000
121.000,319.000,82.000,54.000
345.000,386.000,72.000,126.000
348.000,387.000,69.000,126.000
347.000,389.000,70.000,128.000
351.000,384.000,66.000,130.000
348.000,394.000,69.000,122.000
353.000,389.000,67.000,127.000
133.000,322.000,70.000,55.000
134.000,323.000,69.000,56.000
130.000,323.000,75.000,59.000
137.000,324.000,76.000,56.000
138.000,324.000,72.000,54.000
143.000,324.000,69.000,54.000
144.000,324.000,71.000,53.000
145.000,325.000,71.000,52.000
147.000,325.000,72.000,51.000
149.000,325.000,68.000,51.000
149.000,324.000,69.000,52.000
149.000,323.000,71.000,53.000
152.000,324.000,73.000,49.000
156.000,323.000,69.000,51.000
153.000,323.000,70.000,51.000
156.000,322.000,73.000,52.000
159.000,322.000,71.000,51.000
159.000,320.000,72.000,51.000
161.000,320.000,73.000,51.000
161.000,319.000,73.000,51.000
162.000,318.000,73.000,52.000
166.000,319.000,72.000,52.000
164.000,318.000,72.000,53.000
169.000,317.000,70.000,53.000
169.000,317.000,72.000,54.000
170.000,316.000,70.000,54.000
175.000,316.000,69.000,53.000
174.000,318.000,71.000,50.000
176.000,316.000,73.000,52.000
179.000,318.000,70.000,52.000
178.000,318.000,71.000,52.000
182.000,317.000,70.000,51.000
184.000,315.000,72.000,56.000
185.000,315.000,69.000,53.000
185.000,315.000,68.000,51.000
189.000,312.000,69.000,57.000
189.000,313.000,69.000,55.000
190.000,312.000,69.000,56.000
190.000,313.000,72.000,53.000
192.000,312.000,70.000,54.000
190.000,311.000,70.000,54.000
193.000,311.000,69.000,53.000
190.000,312.000,77.000,51.000
191.000,313.000,71.000,50.000
194.000,311.000,70.000,52.000
196.000,310.000,70.000,57.000
193.000,310.000,72.000,52.000
190.000,309.000,72.000,54.000
191.000,308.000,72.000,56.000
189.000,309.000,73.000,54.000
188.000,309.000,75.000,55.000
188.000,309.000,72.000,53.000
188.000,308.000,71.000,53.000
188.000,306.000,70.000,53.000
186.000,305.000,72.000,54.000
186.000,302.000,70.000,54.000
183.000,303.000,70.000,50.000
182.000,301.000,71.000,52.000
181.000,299.000,71.000,54.000
178.000,298.000,72.000,56.000
180.000,299.000,71.000,55.000
179.000,301.000,71.000,54.000
175.000,299.000,75.000,57.000
177.000,299.000,72.000,56.000
178.000,299.000,75.000,54.000
178.000,295.000,72.000,55.000
179.000,294.000,73.000,58.000
178.000,295.000,70.000,55.000
180.000,294.000,69.000,58.000
176.000,296.000,72.000,52.000
175.000,295.000,73.000,56.000
178.000,295.000,74.000,56.000
176.000,298.000,71.000,54.000
177.000,298.000,72.000,54.000
176.000,299.000,75.000,52.000
177.000,299.000,75.000,55.000
179.000,301.000,73.000,58.000
180.000,303.000,72.000,59.000
179.000,304.000,79.000,64.000
186.000,307.000,71.000,60.000
183.000,306.000,71.000,57.000
184.000,309.000,67.000,57.000
188.000,311.000,70.000,57.000
185.000,315.000,74.000,54.000
187.000,316.000,70.000,55.000
185.000,320.000,69.000,56.000
188.000,324.000,69.000,58.000
185.000,326.000,65.000,58.000
186.000,329.000,64.000,60.000
186.000,332.000,64.000,59.000
185.000,334.000,60.000,63.000
188.000,339.000,59.000,62.000
183.000,345.000,61.000,59.000
185.000,349.000,58.000,63.000
181.000,355.000,59.000,64.000
178.000,360.000,60.000,64.000
179.000,366.000,58.000,62.000
181.000,372.000,55.000,61.000
184.000,377.000,56.000,62.000
188.000,376.000,57.000,59.000
197.000,372.000,56.000,56.000
195.000,366.000,61.000,62.000
200.000,363.000,61.000,64.000
203.000,363.000,65.000,63.000
212.000,358.000,60.000,65.000
218.000,353.000,57.000,64.000
222.000,352.000,65.000,61.000
229.000,348.000,63.000,60.000
234.000,346.000,67.000,58.000
238.000,344.000,66.000,55.000
243.000,344.000,66.000,55.000
242.000,343.000,69.000,63.000
248.000,339.000,62.000,60.000
250.000,340.000,66.000,55.000
254.000,337.000,61.000,57.000
253.000,332.000,60.000,55.000
258.000,332.000,57.000,52.000
256.000,329.000,56.000,53.000
254.000,328.000,60.000,53.000
255.000,329.000,59.000,51.000
256.000,329.000,62.000,53.000
254.000,329.000,56.000,50.000
257.000,329.000,57.000,47.000
255.000,329.000,55.000,45.000
252.000,326.000,57.000,49.000
254.000,326.000,61.000,48.000
251.000,326.000,60.000,49.000
253.000,326.000,63.000,46.000
251.000,327.000,60.000,45.000
248.000,326.000,62.000,45.000
248.000,325.000,61.000,45.000
252.000,325.000,60.000,44.000
252.000,324.000,59.000,42.000
252.000,322.000,60.000,44.000
250.000,323.000,62.000,44.000
250.000,322.000,62.000,45.000
251.000,323.000,59.000,43.000
250.000,322.000,61.000,47.000
246.000,321.000,67.000,48.000
249.000,320.000,66.000,49.000
253.000,319.000,62.000,48.000
253.000,317.000,59.000,52.000
245.000,316.000,61.000,54.000
246.000,316.000,60.000,54.000
245.000,316.000,61.000,51.000
248.000,316.000,58.000,50.000
247.000,314.000,57.000,47.000
247.000,315.000,55.000,44.000
249.000,313.000,52.000,45.000
248.000,312.000,50.000,51.000
249.000,312.000,47.000,50.000
248.000,310.000,45.000,52.000
246.000,308.000,47.000,48.000
247.000,309.000,47.000,53.000
249.000,307.000,45.000,52.000
247.000,307.000,45.000,49.000
249.000,305.000,43.000,49.000
247.000,304.000,45.000,49.000
249.000,304.000,44.000,50.000
252.000,303.000,41.000,48.000
249.000,301.000,43.000,49.000
252.000,301.000,43.000,50.000
250.000,302.000,42.000,48.000
251.000,302.000,44.000,47.000
252.000,302.000,43.000,49.000
251.000,299.000,42.000,49.000
249.000,299.000,45.000,49.000
250.000,298.000,45.000,52.000
250.000,298.000,44.000,51.000
252.000,297.000,44.000,50.000
251.000,295.000,46.000,52.000
254.000,295.000,43.000,51.000
254.000,295.000,44.000,51.000
258.000,295.000,41.000,51.000
257.000,294.000,44.000,49.000
259.000,296.000,44.000,50.000
261.000,294.000,45.000,52.000
264.000,297.000,44.000,51.000
265.000,297.000,43.000,49.000
266.000,295.000,41.000,52.000
266.000,297.000,42.000,50.000
264.000,294.000,44.000,53.000
265.000,293.000,44.000,54.000
262.000,293.000,46.000,54.000
261.000,295.000,44.000,52.000
262.000,296.000,43.000,53.000
261.000,294.000,45.000,54.000
262.000,296.000,43.000,52.000
265.000,295.000,43.000,52.000
264.000,296.000,42.000,52.000
259.000,296.000,43.000,53.000
259.000,296.000,44.000,52.000
257.000,296.000,47.000,54.000
258.000,296.000,50.000,55.000
258.000,298.000,49.000,55.000
255.000,296.000,51.000,56.000
257.000,296.000,51.000,57.000
257.000,305.000,51.000,50.000
257.000,298.000,49.000,55.000
260.000,297.000,47.000,57.000
258.000,294.000,48.000,58.000
259.000,293.000,47.000,58.000
261.000,291.000,45.000,61.000
259.000,291.000,44.000,60.000
260.000,290.000,45.000,59.000
259.000,289.000,47.000,59.000
257.000,288.000,50.000,59.000
260.000,287.000,48.000,58.000
258.000,286.000,51.000,59.000
261.000,285.000,48.000,59.000
258.000,287.000,47.000,56.000
261.000,290.000,46.000,55.000
263.000,284.000,45.000,58.000
264.000,287.000,46.000,56.000
263.000,288.000,46.000,54.000
265.000,287.000,43.000,56.000
266.000,287.000,43.000,55.000
266.000,289.000,41.000,54.000
268.000,289.000,40.000,53.000
264.000,292.000,39.000,51.000
265.000,292.000,36.000,50.000
263.000,292.000,38.000,51.000
264.000,293.000,39.000,51.000
263.000,294.000,36.000,52.000
261.000,296.000,36.000,50.000
257.000,300.000,36.000,49.000
252.000,301.000,37.000,48.000
249.000,300.000,38.000,48.000
246.000,300.000,38.000,47.000
242.000,301.000,38.000,47.000
235.000,299.000,39.000,47.000
221.000,304.000,48.000,44.000
225.000,304.000,38.000,45.000
221.000,305.000,38.000,45.000
211.000,303.000,43.000,45.000
204.000,304.000,47.000,43.000
198.000,300.000,53.000,45.000
198.000,295.000,52.000,46.000
194.000,292.000,54.000,47.000
190.000,294.000,63.000,45.000
194.000,294.000,55.000,45.000
190.000,296.000,58.000,45.000
190.000,297.000,57.000,43.000
190.000,297.000,60.000,44.000
189.000,297.000,56.000,45.000
188.000,298.000,57.000,43.000
188.000,300.000,59.000,43.000
190.000,301.000,59.000,43.000
187.000,301.000,60.000,41.000
188.000,303.000,57.000,42.000
187.000,303.000,59.000,43.000
189.000,304.000,58.000,43.000
188.000,305.000,58.000,41.000
188.000,306.000,58.000,42.000
187.000,307.000,59.000,42.000
188.000,308.000,60.000,42.000
188.000,310.000,64.000,39.000
199.000,308.000,54.000,40.000
206.000,310.000,50.000,38.000
211.000,309.000,47.000,40.000
215.000,310.000,44.000,40.000
216.000,308.000,45.000,40.000
230.000,308.000,38.000,37.000
232.000,308.000,46.000,37.000
235.000,309.000,52.000,37.000
237.000,311.000,56.000,37.000
243.000,310.000,60.000,38.000
248.000,309.000,61.000,38.000
249.000,310.000,67.000,36.000
259.000,310.000,65.000,35.000
268.000,311.000,68.000,36.000
278.000,309.000,69.000,36.000
287.000,307.000,70.000,34.000
298.000,308.000,69.000,32.000
308.000,310.000,63.000,33.000
313.000,307.000,59.000,33.000
319.000,312.000,56.000,29.000
328.000,308.000,54.000,32.000
327.000,312.000,50.000,29.000
336.000,311.000,45.000,27.000
333.000,311.000,46.000,28.000
336.000,310.000,46.000,32.000
335.000,310.000,47.000,24.000
329.000,311.000,44.000,25.000
328.000,312.000,43.000,24.000
323.000,310.000,43.000,27.000
316.000,313.000,39.000,28.000
314.000,312.000,37.000,28.000
311.000,312.000,37.000,30.000
304.000,312.000,37.000,31.000
297.000,313.000,38.000,29.000
292.000,313.000,37.000,30.000
286.000,311.000,37.000,32.000
279.000,310.000,38.000,34.000
269.000,310.000,34.000,39.000
264.000,298.000,30.000,35.000
264.000,298.000,30.000,35.000
261.000,280.000,30.000,32.000
258.000,277.000,30.000,31.000
253.000,278.000,30.000,29.000
246.000,278.000,29.000,29.000
236.000,280.000,27.000,26.000
229.000,278.000,28.000,28.000
222.000,277.000,28.000,29.000
218.000,278.000,28.000,26.000
213.000,278.000,27.000,24.000
210.000,281.000,26.000,23.000
210.000,281.000,26.000,23.000
210.000,281.000,26.000,23.000
210.000,281.000,26.000,23.000
210.000,281.000,26.000,23.000
210.000,281.000,26.000,23.000
210.000,281.000,26.000,23.000
210.000,281.000,26.000,23.000
