533.000,376.000,22.000,23.000
533.000,375.000,21.000,23.000
532.000,375.000,20.000,23.000
529.000,374.000,22.000,22.000
527.000,372.000,22.000,22.000
526.000,370.000,20.000,23.000
525.000,370.000,19.000,24.000
525.000,371.000,19.000,24.000
525.000,369.000,18.000,23.000
525.000,367.000,18.000,24.000
525.000,367.000,18.000,24.000
525.000,367.000,17.000,24.000
526.000,367.000,18.000,24.000
526.000,367.000,17.000,23.000
527.000,367.000,17.000,23.000
531.000,367.000,15.000,22.000
529.000,365.000,18.000,24.000
531.000,363.000,17.000,24.000
534.000,364.000,15.000,23.000
535.000,365.000,16.000,23.000
535.000,364.000,17.000,22.000
533.000,363.000,20.000,24.000
534.000,362.000,20.000,24.000
536.000,364.000,18.000,24.000
541.000,363.000,19.000,23.000
538.000,363.000,18.000,23.000
543.000,362.000,17.000,23.000
544.000,361.000,18.000,25.000
549.000,366.000,16.000,23.000
550.000,367.000,17.000,23.000
551.000,367.000,18.000,23.000
552.000,369.000,16.000,22.000
553.000,367.000,18.000,23.000
558.000,370.000,16.000,23.000
559.000,372.000,16.000,22.000
561.000,375.000,16.000,23.000
562.000,375.000,16.000,24.000
561.000,376.000,18.000,23.000
563.000,379.000,18.000,21.000
565.000,378.000,18.000,24.000
566.000,381.000,21.000,24.000
573.000,387.000,15.000,21.000
571.000,390.000,20.000,23.000
570.000,391.000,21.000,22.000
574.000,395.000,19.000,22.000
577.000,401.000,21.000,22.000
580.000,406.000,20.000,21.000
584.000,411.000,18.000,21.000
590.000,415.000,14.000,20.000
589.000,415.000,14.000,21.000
593.000,420.000,15.000,22.000
594.000,426.000,14.000,21.000
595.000,432.000,15.000,22.000
599.000,440.000,14.000,21.000
600.000,443.000,14.000,20.000
599.000,445.000,14.000,20.000
599.000,449.000,14.000,21.000
601.000,451.000,15.000,21.000
601.000,455.000,15.000,22.000
601.000,458.000,16.000,22.000
603.000,462.000,16.000,19.000
602.000,461.000,15.000,20.000
603.000,463.000,16.000,21.000
603.000,465.000,15.000,20.000
604.000,465.000,15.000,21.000
603.000,465.000,15.000,21.000
604.000,465.000,15.000,21.000
604.000,466.000,14.000,20.000
604.000,464.000,15.000,20.000
604.000,464.000,13.000,20.000
604.000,461.000,14.000,20.000
603.000,460.000,14.000,21.000
603.000,459.000,13.000,20.000
604.000,460.000,13.000,20.000
604.000,458.000,13.000,21.000
603.000,457.000,13.000,20.000
603.000,458.000,13.000,20.000
603.000,457.000,13.000,20.000
604.000,456.000,13.000,20.000
603.000,455.000,13.000,21.000
603.000,456.000,13.000,21.000
603.000,457.000,14.000,19.000
602.000,459.000,14.000,17.000
602.000,457.000,15.000,19.000
603.000,457.000,13.000,20.000
603.000,457.000,14.000,19.000
603.000,457.000,13.000,20.000
602.000,457.000,14.000,18.000
601.000,458.000,13.000,18.000
602.000,457.000,13.000,18.000
603.000,457.000,14.000,18.000
601.000,455.000,15.000,18.000
603.000,455.000,14.000,19.000
601.000,456.000,14.000,19.000
602.000,456.000,14.000,19.000
602.000,455.000,17.000,21.000
602.000,456.000,17.000,22.000
601.000,456.000,20.000,23.000
603.000,456.000,16.000,23.000
602.000,457.000,14.000,20.000
603.000,458.000,14.000,19.000
602.000,459.000,13.000,18.000
604.000,458.000,13.000,19.000
604.000,458.000,12.000,20.000
604.000,457.000,13.000,16.000
604.000,458.000,12.000,15.000
605.000,459.000,10.000,14.000
604.000,458.000,10.000,15.000
605.000,458.000,13.000,15.000
605.000,456.000,11.000,17.000
604.000,457.000,12.000,15.000
607.000,455.000,11.000,16.000
606.000,455.000,11.000,15.000
606.000,454.000,10.000,15.000
607.000,453.000,11.000,14.000
606.000,452.000,10.000,16.000
607.000,452.000,10.000,14.000
606.000,452.000,10.000,13.000
607.000,451.000,10.000,14.000
606.000,448.000,9.000,15.000
607.000,448.000,10.000,15.000
607.000,448.000,11.000,15.000
605.000,447.000,11.000,14.000
605.000,447.000,10.000,13.000
605.000,445.000,10.000,13.000
605.000,444.000,11.000,14.000
605.000,447.000,10.000,10.000
604.000,447.000,10.000,9.000
604.000,441.000,12.000,15.000
604.000,440.000,12.000,15.000
603.000,440.000,13.000,14.000
602.000,439.000,12.000,13.000
602.000,439.000,13.000,14.000
602.000,439.000,12.000,14.000
600.000,438.000,14.000,14.000
600.000,436.000,13.000,14.000
601.000,438.000,13.000,14.000
600.000,440.000,14.000,11.000
600.000,440.000,14.000,11.000
600.000,440.000,14.000,11.000
600.000,440.000,14.000,11.000
600.000,440.000,14.000,11.000
620.000,410.000,12.000,10.000
620.000,410.000,12.000,10.000
620.000,410.000,12.000,10.000
600.000,440.000,14.000,11.000
620.000,410.000,12.000,10.000
612.000,416.000,14.000,10.000
608.000,405.000,15.000,11.000
608.000,405.000,15.000,11.000
608.000,405.000,15.000,11.000
600.000,440.000,14.000,11.000
605.000,432.000,18.000,11.000
604.000,443.000,19.000,11.000
603.000,452.000,19.000,11.000
601.000,462.000,20.000,12.000
600.000,471.000,21.000,13.000
600.000,473.000,21.000,15.000
599.000,482.000,22.000,19.000
599.000,482.000,22.000,19.000
599.000,482.000,22.000,19.000
599.000,512.000,22.000,23.000
599.000,523.000,22.000,23.000
598.000,524.000,22.000,23.000
598.000,533.000,23.000,24.000
597.000,547.000,23.000,23.000
593.000,440.000,14.000,13.000
593.000,440.000,13.000,12.000
592.000,440.000,14.000,14.000
591.000,440.000,15.000,14.000
593.000,442.000,13.000,12.000
593.000,444.000,14.000,13.000
593.000,446.000,14.000,11.000
593.000,446.000,14.000,11.000
595.000,649.000,26.000,26.000
594.000,648.000,27.000,27.000
595.000,663.000,26.000,28.000
593.000,449.000,14.000,13.000
593.000,449.000,14.000,13.000
592.000,451.000,14.000,14.000
591.000,452.000,14.000,14.000
591.000,453.000,14.000,13.000
592.000,455.000,13.000,11.000
590.000,455.000,13.000,12.000
590.000,457.000,12.000,12.000
590.000,459.000,12.000,11.000
590.000,459.000,11.000,11.000
590.000,460.000,11.000,11.000
589.000,462.000,11.000,10.000
589.000,464.000,11.000,10.000
589.000,464.000,11.000,10.000
588.000,467.000,11.000,11.000
587.000,468.000,11.000,11.000
587.000,468.000,12.000,11.000
587.000,469.000,12.000,11.000
587.000,471.000,12.000,10.000
587.000,472.000,11.000,12.000
587.000,473.000,12.000,11.000
587.000,475.000,11.000,12.000
586.000,474.000,11.000,11.000
586.000,475.000,13.000,12.000
586.000,479.000,12.000,9.000
585.000,480.000,12.000,10.000
584.000,480.000,13.000,9.000
586.000,479.000,13.000,12.000
585.000,480.000,13.000,12.000
584.000,479.000,15.000,15.000
583.000,480.000,15.000,14.000
583.000,482.000,15.000,15.000
584.000,482.000,15.000,14.000
584.000,483.000,15.000,14.000
583.000,482.000,15.000,14.000
583.000,483.000,15.000,15.000
584.000,483.000,14.000,15.000
583.000,484.000,15.000,15.000
584.000,485.000,14.000,14.000
582.000,484.000,14.000,14.000
582.000,485.000,14.000,14.000
583.000,484.000,14.000,15.000
582.000,485.000,14.000,14.000
582.000,485.000,15.000,14.000
582.000,485.000,15.000,14.000
581.000,486.000,16.000,14.000
581.000,486.000,16.000,13.000
582.000,487.000,15.000,14.000
580.000,488.000,14.000,14.000
581.000,487.000,14.000,13.000
579.000,487.000,14.000,13.000
580.000,488.000,15.000,14.000
580.000,489.000,15.000,14.000
580.000,489.000,14.000,14.000
580.000,489.000,15.000,15.000
579.000,488.000,15.000,14.000
579.000,489.000,15.000,14.000
579.000,490.000,15.000,15.000
578.000,489.000,15.000,14.000
579.000,490.000,15.000,14.000
580.000,490.000,14.000,14.000
580.000,489.000,14.000,14.000
579.000,489.000,15.000,14.000
578.000,489.000,14.000,14.000
578.000,489.000,15.000,14.000
578.000,489.000,15.000,14.000
578.000,489.000,14.000,14.000
576.000,490.000,14.000,14.000
578.000,490.000,15.000,14.000
576.000,488.000,15.000,14.000
577.000,489.000,16.000,15.000
577.000,489.000,15.000,15.000
576.000,488.000,16.000,15.000
577.000,489.000,16.000,14.000
576.000,489.000,15.000,14.000
576.000,487.000,16.000,14.000
575.000,487.000,16.000,14.000
575.000,487.000,15.000,14.000
576.000,487.000,15.000,14.000
575.000,487.000,16.000,14.000
575.000,487.000,16.000,14.000
576.000,486.000,16.000,13.000
575.000,486.000,16.000,13.000
575.000,486.000,16.000,13.000
574.000,484.000,17.000,14.000
576.000,485.000,16.000,13.000
575.000,484.000,16.000,14.000
576.000,483.000,16.000,13.000
576.000,482.000,16.000,14.000
576.000,483.000,15.000,13.000
575.000,482.000,16.000,14.000
575.000,482.000,16.000,14.000
576.000,482.000,16.000,14.000
574.000,480.000,16.000,14.000
576.000,481.000,16.000,14.000
575.000,479.000,16.000,14.000
574.000,479.000,16.000,13.000
574.000,479.000,16.000,13.000
574.000,479.000,16.000,14.000
574.000,478.000,16.000,13.000
575.000,478.000,16.000,13.000
575.000,479.000,16.000,14.000
575.000,479.000,17.000,13.000
574.000,478.000,15.000,13.000
575.000,479.000,16.000,12.000
574.000,479.000,15.000,12.000
574.000,478.000,15.000,12.000
575.000,479.000,15.000,13.000
575.000,479.000,15.000,13.000
573.000,476.000,15.000,14.000
574.000,477.000,15.000,13.000
573.000,477.000,15.000,13.000
572.000,477.000,15.000,13.000
572.000,479.000,16.000,13.000
571.000,479.000,15.000,12.000
570.000,479.000,16.000,12.000
571.000,479.000,16.000,12.000
570.000,479.000,16.000,13.000
568.000,479.000,16.000,13.000
569.000,479.000,16.000,13.000
567.000,479.000,17.000,13.000
567.000,478.000,17.000,13.000
567.000,478.000,16.000,12.000
566.000,478.000,16.000,13.000
566.000,478.000,16.000,13.000
564.000,479.000,17.000,13.000
563.000,478.000,17.000,13.000
563.000,478.000,17.000,13.000
564.000,478.000,17.000,13.000
562.000,478.000,17.000,13.000
563.000,477.000,17.000,13.000
562.000,476.000,17.000,13.000
561.000,476.000,17.000,13.000
561.000,476.000,18.000,13.000
560.000,475.000,17.000,13.000
560.000,475.000,17.000,13.000
559.000,474.000,19.000,14.000
558.000,474.000,17.000,14.000
559.000,474.000,16.000,13.000
558.000,474.000,16.000,13.000
557.000,474.000,17.000,13.000
556.000,471.000,18.000,14.000
556.000,471.000,17.000,14.000
554.000,471.000,17.000,14.000
554.000,471.000,17.000,13.000
554.000,471.000,17.000,13.000
553.000,469.000,18.000,13.000
553.000,470.000,18.000,13.000
552.000,469.000,17.000,13.000
552.000,468.000,19.000,12.000
550.000,467.000,19.000,13.000
551.000,466.000,18.000,13.000
549.000,463.000,19.000,14.000
549.000,462.000,18.000,13.000
550.000,463.000,19.000,13.000
548.000,460.000,18.000,14.000
549.000,459.000,17.000,13.000
548.000,456.000,18.000,14.000
547.000,455.000,17.000,14.000
547.000,453.000,18.000,14.000
546.000,452.000,18.000,14.000
546.000,451.000,18.000,14.000
544.000,449.000,17.000,14.000
544.000,447.000,17.000,14.000
544.000,445.000,17.000,13.000
543.000,442.000,16.000,14.000
543.000,443.000,18.000,14.000
541.000,441.000,18.000,14.000
540.000,438.000,17.000,14.000
540.000,437.000,18.000,13.000
539.000,434.000,18.000,13.000
539.000,433.000,18.000,13.000
538.000,433.000,18.000,14.000
538.000,430.000,19.000,14.000
537.000,428.000,18.000,13.000
536.000,427.000,17.000,13.000
534.000,424.000,19.000,14.000
534.000,421.000,18.000,14.000
535.000,422.000,18.000,14.000
533.000,420.000,18.000,15.000
531.000,417.000,19.000,15.000
530.000,416.000,18.000,15.000
529.000,414.000,18.000,14.000
529.000,414.000,19.000,14.000
528.000,413.000,19.000,13.000
527.000,412.000,19.000,14.000
526.000,409.000,19.000,15.000
525.000,409.000,20.000,15.000
523.000,406.000,20.000,15.000
522.000,405.000,20.000,15.000
523.000,405.000,20.000,14.000
520.000,404.000,21.000,15.000
519.000,404.000,21.000,15.000
519.000,402.000,20.000,14.000
517.000,401.000,20.000,15.000
516.000,399.000,20.000,15.000
516.000,399.000,20.000,15.000
516.000,399.000,21.000,14.000
515.000,398.000,20.000,14.000
514.000,396.000,20.000,15.000
513.000,396.000,20.000,15.000
512.000,395.000,20.000,15.000
512.000,395.000,20.000,16.000
511.000,394.000,19.000,15.000
512.000,393.000,20.000,15.000
510.000,393.000,21.000,16.000
508.000,392.000,20.000,15.000
508.000,391.000,21.000,15.000
508.000,393.000,20.000,14.000
507.000,391.000,21.000,14.000
507.000,392.000,19.000,14.000
505.000,391.000,20.000,15.000
504.000,391.000,19.000,15.000
503.000,391.000,20.000,15.000
504.000,390.000,20.000,15.000
503.000,392.000,20.000,14.000
500.000,391.000,22.000,14.000
498.000,391.000,23.000,15.000
496.000,391.000,23.000,15.000
494.000,390.000,22.000,15.000
493.000,389.000,24.000,15.000
490.000,389.000,25.000,16.000
488.000,389.000,25.000,17.000
485.000,389.000,24.000,16.000
483.000,389.000,23.000,16.000
482.000,388.000,20.000,16.000
482.000,388.000,20.000,15.000
479.000,388.000,22.000,16.000
475.000,388.000,23.000,16.000
472.000,389.000,25.000,17.000
471.000,388.000,23.000,17.000
468.000,391.000,23.000,15.000
468.000,390.000,24.000,17.000
464.000,389.000,25.000,17.000
462.000,389.000,27.000,18.000
458.000,389.000,29.000,17.000
457.000,389.000,26.000,18.000
452.000,389.000,28.000,18.000
454.000,389.000,26.000,18.000
452.000,390.000,26.000,19.000
447.000,388.000,27.000,19.000
446.000,389.000,26.000,19.000
443.000,390.000,27.000,18.000
441.000,389.000,26.000,20.000
441.000,388.000,27.000,19.000
439.000,389.000,27.000,19.000
438.000,388.000,27.000,20.000
435.000,388.000,28.000,21.000
431.000,388.000,30.000,21.000
429.000,387.000,31.000,21.000
429.000,387.000,32.000,21.000
426.000,384.000,31.000,22.000
424.000,384.000,33.000,22.000
424.000,385.000,30.000,22.000
421.000,384.000,32.000,22.000
419.000,385.000,33.000,22.000
419.000,383.000,34.000,22.000
417.000,384.000,37.000,22.000
415.000,383.000,37.000,23.000
412.000,383.000,39.000,22.000
410.000,380.000,40.000,22.000
408.000,379.000,39.000,23.000
409.000,378.000,39.000,23.000
405.000,376.000,40.000,23.000
404.000,375.000,41.000,23.000
403.000,375.000,40.000,23.000
402.000,373.000,40.000,23.000
400.000,369.000,43.000,25.000
400.000,371.000,44.000,23.000
398.000,370.000,46.000,24.000
398.000,369.000,44.000,24.000
396.000,367.000,46.000,24.000
394.000,365.000,49.000,25.000
394.000,365.000,48.000,25.000
394.000,365.000,49.000,25.000
393.000,364.000,50.000,25.000
394.000,364.000,48.000,24.000
395.000,362.000,53.000,25.000
394.000,362.000,55.000,24.000
395.000,359.000,57.000,25.000
396.000,360.000,56.000,24.000
396.000,358.000,56.000,25.000
397.000,358.000,55.000,24.000
398.000,355.000,58.000,26.000
398.000,355.000,56.000,25.000
407.000,353.000,52.000,24.000
401.000,353.000,56.000,25.000
403.000,352.000,60.000,25.000
405.000,351.000,59.000,25.000
408.000,350.000,59.000,26.000
416.000,349.000,58.000,27.000
412.000,347.000,58.000,26.000
412.000,347.000,60.000,26.000
418.000,345.000,60.000,28.000
416.000,345.000,58.000,27.000
431.000,342.000,49.000,28.000
434.000,345.000,49.000,30.000
431.000,342.000,50.000,26.000
435.000,343.000,44.000,25.000
439.000,342.000,47.000,28.000
440.000,338.000,44.000,25.000
438.000,336.000,45.000,27.000
438.000,334.000,48.000,25.000
439.000,332.000,47.000,24.000
438.000,332.000,47.000,24.000
439.000,329.000,46.000,27.000
440.000,327.000,49.000,27.000
443.000,326.000,51.000,24.000
444.000,325.000,53.000,26.000
444.000,323.000,54.000,26.000
444.000,323.000,52.000,23.000
444.000,320.000,50.000,24.000
444.000,319.000,53.000,26.000
444.000,316.000,50.000,23.000
442.000,315.000,55.000,23.000
436.000,312.000,55.000,23.000
437.000,312.000,54.000,22.000
431.000,311.000,52.000,23.000
423.000,309.000,54.000,24.000
422.000,308.000,52.000,22.000
414.000,307.000,56.000,23.000
405.000,304.000,57.000,23.000
407.000,304.000,57.000,23.000
397.000,301.000,53.000,23.000
386.000,300.000,58.000,22.000
377.000,298.000,60.000,23.000
368.000,294.000,61.000,22.000
356.000,293.000,62.000,23.000
356.000,291.000,68.000,23.000
347.000,291.000,73.000,23.000
338.000,290.000,78.000,23.000
329.000,290.000,82.000,25.000
319.000,292.000,85.000,24.000
304.000,294.000,93.000,25.000
300.000,292.000,95.000,27.000
294.000,295.000,96.000,27.000
286.000,298.000,98.000,26.000
282.000,299.000,98.000,29.000
277.000,303.000,99.000,29.000
272.000,306.000,98.000,28.000
271.000,308.000,101.000,27.000
267.000,312.000,101.000,28.000
265.000,315.000,97.000,28.000
263.000,317.000,97.000,30.000
264.000,322.000,99.000,31.000
264.000,325.000,103.000,33.000
269.000,327.000,98.000,32.000
270.000,330.000,98.000,34.000
273.000,335.000,100.000,37.000
278.000,340.000,99.000,37.000
283.000,348.000,99.000,36.000
289.000,356.000,99.000,35.000
286.000,356.000,102.000,34.000
293.000,360.000,100.000,36.000
296.000,367.000,102.000,36.000
304.000,373.000,94.000,37.000
306.000,378.000,100.000,38.000
316.000,383.000,99.000,38.000
317.000,384.000,94.000,36.000
322.000,387.000,95.000,40.000
331.000,395.000,94.000,38.000
334.000,397.000,97.000,42.000
342.000,403.000,98.000,42.000
351.000,404.000,96.000,44.000
352.000,405.000,95.000,44.000
362.000,410.000,89.000,44.000
374.000,412.000,90.000,44.000
382.000,417.000,89.000,44.000
398.000,422.000,83.000,42.000
402.000,426.000,92.000,43.000
402.000,425.000,91.000,43.000
416.000,428.000,86.000,45.000
423.000,428.000,89.000,50.000
437.000,437.000,87.000,45.000
444.000,439.000,89.000,46.000
462.000,442.000,83.000,46.000
462.000,441.000,81.000,48.000
469.000,445.000,84.000,46.000
483.000,447.000,85.000,48.000
498.000,450.000,79.000,47.000
513.000,453.000,74.000,47.000
527.000,456.000,69.000,46.000
525.000,457.000,72.000,47.000
537.000,458.000,70.000,46.000
548.000,461.000,69.000,47.000
557.000,462.000,70.000,48.000
564.000,465.000,71.000,49.000
576.000,465.000,66.000,50.000
578.000,465.000,66.000,50.000
585.000,467.000,66.000,50.000
595.000,470.000,62.000,50.000
602.000,472.000,63.000,49.000
609.000,472.000,63.000,50.000
619.000,471.000,63.000,52.000
618.000,472.000,61.000,51.000
631.000,473.000,54.000,51.000
638.000,474.000,57.000,52.000
650.000,474.000,53.000,52.000
658.000,474.000,52.000,54.000
666.000,476.000,54.000,51.000
667.000,474.000,51.000,54.000
677.000,476.000,50.000,53.000
686.000,478.000,47.000,52.000
694.000,477.000,46.000,53.000
701.000,475.000,46.000,55.000
708.000,477.000,46.000,53.000
709.000,479.000,44.000,51.000
713.000,476.000,45.000,54.000
719.000,476.000,46.000,53.000
725.000,476.000,43.000,52.000
727.000,473.000,45.000,53.000
728.000,472.000,49.000,54.000
728.000,472.000,49.000,54.000
729.000,472.000,48.000,53.000
731.000,469.000,49.000,53.000
732.000,467.000,48.000,53.000
733.000,466.000,50.000,54.000
731.000,464.000,52.000,53.000
732.000,466.000,53.000,50.000
730.000,462.000,56.000,51.000
730.000,462.000,52.000,51.000
727.000,459.000,53.000,51.000
725.000,456.000,52.000,49.000
723.000,455.000,55.000,50.000
722.000,455.000,57.000,49.000
718.000,453.000,60.000,48.000
716.000,447.000,56.000,51.000
712.000,447.000,58.000,49.000
709.000,446.000,56.000,48.000
706.000,443.000,55.000,47.000
705.000,442.000,56.000,47.000
699.000,441.000,57.000,46.000
697.000,438.000,55.000,46.000
691.000,434.000,55.000,47.000
687.000,432.000,54.000,47.000
682.000,428.000,53.000,47.000
681.000,428.000,55.000,45.000
675.000,424.000,55.000,47.000
672.000,422.000,52.000,44.000
666.000,417.000,51.000,45.000
659.000,414.000,52.000,44.000
654.000,412.000,51.000,43.000
656.000,412.000,51.000,44.000
648.000,409.000,51.000,43.000
640.000,404.000,50.000,41.000
635.000,400.000,48.000,42.000
626.000,398.000,49.000,41.000
622.000,392.000,45.000,42.000
621.000,394.000,46.000,42.000
613.000,389.000,46.000,41.000
607.000,385.000,47.000,42.000
600.000,382.000,47.000,40.000
594.000,379.000,47.000,41.000
588.000,374.000,43.000,39.000
590.000,375.000,42.000,40.000
583.000,372.000,41.000,39.000
576.000,368.000,43.000,38.000
572.000,364.000,41.000,40.000
567.000,361.000,38.000,39.000
561.000,357.000,36.000,39.000
560.000,359.000,38.000,37.000
556.000,355.000,38.000,38.000
550.000,352.000,39.000,39.000
547.000,350.000,34.000,38.000
541.000,347.000,34.000,37.000
539.000,346.000,31.000,36.000
538.000,345.000,33.000,37.000
533.000,344.000,32.000,36.000
530.000,341.000,30.000,36.000
525.000,339.000,30.000,35.000
522.000,337.000,31.000,35.000
520.000,337.000,29.000,35.000
520.000,337.000,29.000,35.000
515.000,335.000,29.000,33.000
511.000,334.000,30.000,34.000
509.000,334.000,31.000,34.000
507.000,334.000,30.000,32.000
504.000,333.000,31.000,33.000
504.000,333.000,32.000,33.000
501.000,332.000,31.000,33.000
499.000,332.000,31.000,34.000
496.000,334.000,32.000,32.000
495.000,332.000,33.000,32.000
494.000,334.000,32.000,31.000
493.000,335.000,32.000,30.000
491.000,334.000,31.000,31.000
489.000,336.000,33.000,31.000
489.000,337.000,30.000,28.000
488.000,339.000,32.000,29.000
487.000,339.000,33.000,30.000
487.000,340.000,32.000,27.000
487.000,341.000,33.000,29.000
488.000,342.000,32.000,28.000
488.000,345.000,30.000,28.000
487.000,346.000,33.000,28.000
489.000,348.000,29.000,27.000
489.000,347.000,28.000,27.000
487.000,351.000,33.000,27.000
488.000,351.000,29.000,26.000
488.000,355.000,31.000,26.000
487.000,357.000,27.000,26.000
486.000,358.000,27.000,25.000
485.000,359.000,30.000,25.000
482.000,360.000,33.000,26.000
481.000,361.000,31.000,26.000
478.000,364.000,36.000,25.000
477.000,365.000,36.000,26.000
476.000,366.000,37.000,26.000
475.000,366.000,37.000,25.000
472.000,367.000,39.000,25.000
470.000,366.000,43.000,26.000
466.000,370.000,42.000,24.000
466.000,370.000,45.000,25.000
463.000,369.000,44.000,24.000
466.000,370.000,44.000,25.000
466.000,371.000,42.000,26.000
465.000,372.000,43.000,24.000
465.000,374.000,43.000,24.000
466.000,374.000,41.000,23.000
465.000,375.000,38.000,23.000
463.000,374.000,37.000,23.000
464.000,376.000,41.000,23.000
464.000,377.000,39.000,24.000
464.000,376.000,39.000,24.000
465.000,377.000,40.000,23.000
464.000,377.000,41.000,23.000
466.000,377.000,38.000,23.000
464.000,378.000,41.000,23.000
466.000,378.000,38.000,23.000
467.000,378.000,40.000,23.000
469.000,378.000,37.000,24.000
469.000,378.000,38.000,23.000
469.000,378.000,40.000,23.000
471.000,379.000,37.000,23.000
471.000,378.000,36.000,21.000
470.000,378.000,36.000,23.000
473.000,378.000,34.000,22.000
471.000,379.000,38.000,21.000
472.000,377.000,38.000,23.000
471.000,379.000,40.000,22.000
471.000,378.000,40.000,20.000
474.000,378.000,36.000,19.000
475.000,378.000,39.000,20.000
475.000,378.000,39.000,20.000
475.000,378.000,39.000,20.000
477.000,378.000,37.000,18.000
478.000,377.000,38.000,19.000
480.000,378.000,37.000,20.000
482.000,377.000,33.000,19.000
483.000,378.000,33.000,19.000
483.000,378.000,34.000,18.000
484.000,378.000,34.000,18.000
485.000,377.000,36.000,19.000
489.000,377.000,37.000,19.000
490.000,377.000,34.000,17.000
494.000,378.000,32.000,15.000
492.000,378.000,33.000,15.000
493.000,376.000,35.000,16.000
495.000,379.000,34.000,15.000
496.000,377.000,35.000,16.000
500.000,377.000,34.000,16.000
501.000,377.000,34.000,16.000
500.000,377.000,35.000,16.000
503.000,377.000,35.000,16.000
504.000,376.000,35.000,16.000
506.000,378.000,35.000,16.000
509.000,377.000,33.000,16.000
509.000,378.000,35.000,15.000
509.000,377.000,34.000,16.000
510.000,376.000,33.000,15.000
512.000,376.000,33.000,16.000
511.000,376.000,33.000,15.000
513.000,378.000,33.000,15.000
513.000,377.000,33.000,15.000
514.000,377.000,33.000,15.000
512.000,376.000,34.000,15.000
513.000,378.000,35.000,14.000
513.000,378.000,34.000,14.000
514.000,378.000,34.000,14.000
512.000,377.000,32.000,14.000
512.000,378.000,32.000,14.000
511.000,376.000,31.000,15.000
507.000,377.000,32.000,16.000
503.000,376.000,31.000,15.000
497.000,378.000,33.000,16.000
493.000,379.000,33.000,14.000
494.000,378.000,33.000,14.000
488.000,380.000,33.000,14.000
484.000,380.000,33.000,14.000
480.000,379.000,32.000,14.000
476.000,381.000,32.000,13.000
471.000,382.000,33.000,13.000
471.000,384.000,33.000,13.000
467.000,383.000,32.000,13.000
464.000,385.000,32.000,13.000
459.000,386.000,32.000,13.000
454.000,387.000,33.000,14.000
448.000,388.000,33.000,13.000
449.000,388.000,32.000,13.000
447.000,389.000,32.000,14.000
442.000,391.000,31.000,14.000
437.000,392.000,32.000,14.000
434.000,395.000,31.000,13.000
429.000,397.000,34.000,14.000
430.000,397.000,32.000,14.000
425.000,398.000,31.000,13.000
421.000,401.000,32.000,14.000
419.000,403.000,31.000,13.000
414.000,404.000,31.000,13.000
412.000,405.000,31.000,14.000
410.000,406.000,33.000,14.000
407.000,407.000,33.000,14.000
404.000,410.000,32.000,13.000
399.000,411.000,32.000,13.000
396.000,413.000,33.000,14.000
393.000,414.000,32.000,13.000
392.000,414.000,33.000,13.000
389.000,416.000,32.000,13.000
387.000,416.000,31.000,14.000
383.000,416.000,32.000,14.000
378.000,419.000,33.000,14.000
377.000,420.000,31.000,14.000
376.000,420.000,33.000,14.000
372.000,422.000,32.000,14.000
369.000,422.000,33.000,14.000
366.000,424.000,33.000,14.000
363.000,423.000,33.000,14.000
358.000,426.000,34.000,15.000
359.000,426.000,32.000,15.000
357.000,425.000,33.000,14.000
352.000,426.000,32.000,14.000
351.000,427.000,31.000,13.000
344.000,427.000,32.000,14.000
342.000,426.000,32.000,14.000
343.000,426.000,32.000,14.000
339.000,425.000,32.000,14.000
336.000,426.000,32.000,14.000
331.000,424.000,34.000,15.000
328.000,425.000,33.000,14.000
324.000,425.000,34.000,14.000
324.000,424.000,33.000,14.000
320.000,426.000,33.000,14.000
317.000,425.000,33.000,15.000
313.000,425.000,32.000,14.000
308.000,424.000,33.000,15.000
305.000,424.000,33.000,15.000
304.000,425.000,33.000,15.000
301.000,425.000,34.000,15.000
297.000,424.000,34.000,14.000
298.000,423.000,33.000,14.000
298.000,423.000,33.000,13.000
298.000,421.000,33.000,14.000
298.000,422.000,34.000,14.000
300.000,421.000,32.000,14.000
301.000,419.000,32.000,14.000
301.000,418.000,33.000,14.000
301.000,417.000,34.000,15.000
303.000,417.000,32.000,14.000
304.000,415.000,32.000,15.000
304.000,417.000,32.000,14.000
305.000,415.000,32.000,14.000
305.000,414.000,32.000,14.000
305.000,414.000,32.000,14.000
304.000,415.000,33.000,14.000
304.000,415.000,32.000,14.000
304.000,413.000,32.000,14.000
304.000,415.000,34.000,15.000
310.000,414.000,32.000,14.000
316.000,414.000,32.000,14.000
322.000,415.000,32.000,14.000
321.000,414.000,32.000,14.000
327.000,414.000,32.000,14.000
332.000,415.000,32.000,15.000
338.000,415.000,33.000,14.000
344.000,414.000,31.000,15.000
350.000,416.000,31.000,15.000
348.000,416.000,33.000,15.000
355.000,416.000,33.000,15.000
360.000,418.000,33.000,14.000
364.000,417.000,34.000,15.000
370.000,418.000,32.000,14.000
373.000,418.000,31.000,14.000
374.000,420.000,32.000,14.000
378.000,419.000,33.000,14.000
382.000,421.000,33.000,14.000
385.000,422.000,31.000,14.000
390.000,423.000,30.000,14.000
391.000,423.000,31.000,14.000
391.000,423.000,31.000,14.000
391.000,423.000,31.000,15.000
392.000,426.000,31.000,14.000
392.000,427.000,31.000,14.000
392.000,428.000,30.000,14.000
391.000,429.000,31.000,14.000
391.000,430.000,31.000,14.000
391.000,429.000,30.000,16.000
390.000,428.000,29.000,18.000
388.000,426.000,30.000,21.000
386.000,431.000,31.000,18.000
386.000,430.000,30.000,20.000
385.000,431.000,31.000,19.000
383.000,430.000,33.000,21.000
382.000,434.000,32.000,19.000
380.000,434.000,31.000,18.000
379.000,431.000,31.000,22.000
376.000,431.000,32.000,22.000
376.000,431.000,31.000,21.000
376.000,430.000,31.000,23.000
374.000,431.000,30.000,20.000
370.000,429.000,31.000,21.000
370.000,431.000,29.000,18.000
364.000,429.000,31.000,18.000
362.000,429.000,35.000,18.000
362.000,425.000,33.000,21.000
359.000,424.000,32.000,22.000
355.000,424.000,31.000,20.000
355.000,420.000,30.000,21.000
350.000,418.000,30.000,23.000
350.000,418.000,30.000,23.000
347.000,419.000,28.000,23.000
337.000,419.000,32.000,21.000
336.000,414.000,33.000,25.000
335.000,416.000,26.000,23.000
327.000,414.000,32.000,22.000
326.000,415.000,32.000,22.000
326.000,413.000,31.000,22.000
324.000,412.000,29.000,21.000
320.000,413.000,30.000,20.000
319.000,410.000,31.000,21.000
318.000,408.000,33.000,20.000
317.000,409.000,32.000,20.000
318.000,404.000,31.000,23.000
322.000,405.000,28.000,20.000
326.000,402.000,28.000,19.000
326.000,398.000,31.000,21.000
330.000,396.000,29.000,22.000
331.000,395.000,29.000,23.000
327.000,394.000,33.000,22.000
334.000,391.000,30.000,22.000
339.000,388.000,29.000,22.000
335.000,388.000,31.000,22.000
340.000,385.000,32.000,22.000
339.000,386.000,31.000,21.000
346.000,380.000,28.000,24.000
347.000,379.000,28.000,23.000
349.000,378.000,28.000,22.000
355.000,375.000,27.000,22.000
354.000,374.000,28.000,21.000
355.000,373.000,29.000,23.000
353.000,372.000,30.000,23.000
359.000,373.000,24.000,19.000
362.000,373.000,22.000,20.000
359.000,371.000,25.000,20.000
362.000,366.000,26.000,23.000
360.000,365.000,27.000,25.000
364.000,364.000,25.000,23.000
360.000,365.000,29.000,24.000
364.000,365.000,27.000,24.000
365.000,365.000,25.000,24.000
362.000,363.000,28.000,25.000
362.000,362.000,27.000,25.000
364.000,362.000,26.000,25.000
362.000,365.000,27.000,22.000
363.000,364.000,26.000,22.000
364.000,365.000,23.000,21.000
362.000,368.000,26.000,18.000
361.000,369.000,25.000,18.000
363.000,369.000,22.000,18.000
360.000,369.000,24.000,18.000
359.000,366.000,26.000,21.000
355.000,368.000,29.000,21.000
354.000,372.000,27.000,17.000
352.000,371.000,30.000,16.000
354.000,372.000,27.000,17.000
355.000,372.000,22.000,16.000
365.000,350.000,24.000,20.000
357.000,353.000,28.000,22.000
334.000,694.000,15.000,16.000
334.000,695.000,17.000,17.000
332.000,701.000,18.000,16.000
330.000,708.000,17.000,12.000
344.000,370.000,35.000,22.000
340.000,373.000,40.000,22.000
321.000,378.000,38.000,26.000
323.000,377.000,34.000,27.000
319.000,381.000,34.000,26.000
315.000,384.000,34.000,26.000
312.000,389.000,34.000,27.000
305.000,391.000,36.000,27.000
303.000,397.000,36.000,26.000
303.000,396.000,37.000,26.000
300.000,399.000,37.000,27.000
301.000,404.000,34.000,28.000
297.000,406.000,35.000,28.000
295.000,411.000,35.000,27.000
293.000,415.000,35.000,27.000
292.000,414.000,35.000,28.000
288.000,418.000,37.000,28.000
286.000,422.000,38.000,29.000
283.000,425.000,37.000,29.000
280.000,429.000,39.000,29.000
278.000,435.000,38.000,27.000
280.000,435.000,37.000,28.000
277.000,439.000,38.000,28.000
275.000,442.000,37.000,29.000
273.000,448.000,36.000,28.000
270.000,451.000,37.000,30.000
268.000,456.000,38.000,30.000
269.000,456.000,37.000,29.000
267.000,460.000,36.000,29.000
264.000,465.000,38.000,29.000
262.000,468.000,37.000,30.000
261.000,472.000,37.000,31.000
260.000,477.000,37.000,31.000
259.000,478.000,39.000,31.000
255.000,482.000,39.000,32.000
252.000,487.000,39.000,31.000
252.000,492.000,39.000,32.000
249.000,496.000,38.000,32.000
246.000,501.000,38.000,31.000
244.000,502.000,41.000,31.000
242.000,507.000,40.000,31.000
236.000,511.000,41.000,33.000
228.000,520.000,41.000,31.000
220.000,526.000,40.000,33.000
210.000,532.000,41.000,33.000
210.000,532.000,41.000,32.000
202.000,538.000,40.000,34.000
191.000,545.000,42.000,35.000
180.000,553.000,42.000,34.000
169.000,562.000,40.000,34.000
158.000,571.000,39.000,33.000
157.000,571.000,38.000,32.000
144.000,578.000,41.000,30.000
127.000,588.000,39.000,36.000
113.000,623.000,38.000,30.000
111.000,609.000,42.000,35.000
113.000,603.000,43.000,43.000
99.000,601.000,53.000,47.000
62.000,621.000,48.000,36.000
45.000,630.000,47.000,36.000
30.000,640.000,46.000,36.000
16.000,646.000,43.000,38.000
0.000,658.000,43.000,35.000
1.000,655.000,40.000,37.000
0.000,663.000,34.000,40.000
0.000,663.000,34.000,40.000
0.000,663.000,34.000,40.000
179.000,674.000,24.000,30.000
159.000,682.000,28.000,35.000
161.000,681.000,27.000,39.000
146.000,690.000,30.000,31.000
132.000,697.000,28.000,28.000
121.000,703.000,24.000,22.000
106.000,602.000,44.000,40.000
108.000,602.000,47.000,46.000
100.000,602.000,57.000,44.000
158.000,579.000,52.000,34.000
147.000,582.000,50.000,41.000
147.000,582.000,50.000,41.000
147.000,582.000,50.000,41.000
108.000,598.000,49.000,43.000
107.000,597.000,48.000,46.000
99.000,600.000,57.000,48.000
81.000,599.000,71.000,48.000
101.000,598.000,78.000,46.000
38.000,616.000,66.000,39.000
30.000,620.000,55.000,41.000
35.000,622.000,50.000,39.000
18.000,626.000,53.000,39.000
2.000,631.000,54.000,41.000
0.000,636.000,44.000,39.000
0.000,640.000,36.000,39.000
0.000,640.000,36.000,39.000
126.000,700.000,17.000,19.000
114.000,702.000,17.000,17.000
104.000,703.000,19.000,17.000
89.000,707.000,18.000,13.000
76.000,713.000,15.000,13.000
41.000,596.000,26.000,29.000
42.000,595.000,22.000,30.000
23.000,602.000,19.000,28.000
5.000,607.000,15.000,26.000
5.000,607.000,15.000,26.000
46.000,596.000,14.000,21.000
21.000,606.000,16.000,16.000
21.000,608.000,16.000,13.000
0.000,615.000,15.000,10.000
0.000,615.000,15.000,10.000
0.000,615.000,15.000,10.000
0.000,615.000,15.000,10.000
44.000,713.000,17.000,11.000
44.000,713.000,17.000,11.000
44.000,713.000,17.000,11.000
44.000,713.000,17.000,11.000
44.000,713.000,17.000,11.000
44.000,713.000,17.000,11.000
44.000,713.000,17.000,11.000
44.000,713.000,17.000,11.000
44.000,713.000,17.000,11.000
44.000,713.000,17.000,11.000
79.000,703.000,17.000,11.000
66.000,708.000,15.000,11.000
50.000,709.000,13.000,9.000
48.000,709.000,13.000,8.000
34.000,712.000,13.000,7.000
20.000,713.000,13.000,8.000
6.000,713.000,12.000,8.000
3.000,711.000,13.000,9.000
3.000,711.000,13.000,9.000
25.000,623.000,17.000,9.000
25.000,623.000,17.000,9.000
25.000,623.000,17.000,9.000
54.000,597.000,15.000,11.000
38.000,596.000,15.000,14.000
19.000,591.000,15.000,18.000
18.000,591.000,16.000,20.000
0.000,590.000,17.000,22.000
0.000,590.000,17.000,22.000
8.000,704.000,21.000,8.000
15.000,709.000,20.000,9.000
15.000,711.000,18.000,10.000
0.000,583.000,19.000,19.000
0.000,583.000,19.000,19.000
0.000,583.000,19.000,19.000
4.000,623.000,21.000,20.000
4.000,623.000,21.000,20.000
4.000,623.000,21.000,20.000
4.000,623.000,21.000,20.000
0.000,655.000,25.000,17.000
41.000,612.000,25.000,20.000
13.000,609.000,29.000,22.000
0.000,610.000,30.000,20.000
0.000,610.000,30.000,20.000
31.000,673.000,19.000,18.000
49.000,693.000,23.000,19.000
55.000,650.000,22.000,23.000
41.000,621.000,18.000,25.000
0.000,644.000,24.000,25.000
0.000,644.000,24.000,25.000
0.000,644.000,24.000,25.000
0.000,644.000,24.000,25.000
48.000,615.000,21.000,29.000
20.000,609.000,21.000,32.000
20.000,616.000,26.000,27.000
65.000,597.000,29.000,21.000
64.000,599.000,31.000,18.000
36.000,600.000,32.000,14.000
11.000,595.000,32.000,15.000
12.000,621.000,29.000,14.000
35.000,572.000,30.000,13.000
36.000,587.000,31.000,17.000
93.000,630.000,32.000,19.000
99.000,662.000,37.000,19.000
73.000,663.000,36.000,18.000
48.000,661.000,37.000,17.000
59.000,681.000,31.000,16.000
35.000,679.000,28.000,16.000
37.000,680.000,26.000,14.000
12.000,679.000,29.000,14.000
19.000,698.000,29.000,16.000
0.000,693.000,34.000,16.000
31.000,712.000,27.000,13.000
24.000,663.000,36.000,20.000
86.000,619.000,29.000,22.000
78.000,607.000,31.000,23.000
63.000,598.000,32.000,26.000
38.000,593.000,38.000,27.000
19.000,588.000,44.000,31.000
0.000,581.000,47.000,29.000
2.000,581.000,45.000,31.000
0.000,573.000,43.000,33.000
0.000,523.000,40.000,29.000
7.000,611.000,47.000,36.000
2.000,490.000,45.000,31.000
0.000,482.000,35.000,30.000
82.000,538.000,42.000,31.000
65.000,533.000,41.000,30.000
94.000,548.000,42.000,31.000
31.000,522.000,41.000,31.000
62.000,533.000,43.000,34.000
0.000,511.000,38.000,30.000
0.000,511.000,37.000,30.000
0.000,507.000,31.000,33.000
17.000,520.000,42.000,33.000
3.000,516.000,42.000,34.000
35.000,534.000,33.000,30.000
20.000,530.000,34.000,29.000
19.000,531.000,33.000,29.000
4.000,526.000,34.000,30.000
0.000,518.000,25.000,30.000
32.000,546.000,30.000,28.000
26.000,540.000,34.000,25.000
7.000,534.000,38.000,27.000
3.000,530.000,43.000,35.000
4.000,607.000,42.000,32.000
15.000,550.000,49.000,37.000
0.000,540.000,51.000,43.000
52.000,564.000,51.000,42.000
37.000,562.000,51.000,41.000
37.000,561.000,50.000,43.000
22.000,555.000,51.000,43.000
11.000,552.000,52.000,42.000
3.000,547.000,46.000,44.000
0.000,542.000,40.000,38.000
0.000,534.000,34.000,43.000
0.000,536.000,30.000,36.000
0.000,529.000,26.000,36.000
74.000,568.000,48.000,41.000
61.000,561.000,52.000,40.000
48.000,553.000,50.000,40.000
36.000,549.000,51.000,39.000
35.000,549.000,51.000,38.000
24.000,541.000,50.000,39.000
12.000,537.000,50.000,34.000
0.000,530.000,50.000,35.000
0.000,523.000,47.000,30.000
4.000,595.000,50.000,28.000
22.000,543.000,48.000,32.000
72.000,562.000,42.000,26.000
54.000,557.000,40.000,24.000
30.000,551.000,37.000,25.000
6.000,546.000,38.000,24.000
34.000,563.000,42.000,31.000
33.000,562.000,44.000,34.000
8.000,555.000,41.000,36.000
49.000,624.000,42.000,41.000
22.000,619.000,44.000,41.000
2.000,613.000,37.000,45.000
39.000,567.000,37.000,31.000
39.000,568.000,36.000,30.000
10.000,567.000,36.000,29.000
11.000,565.000,37.000,32.000
8.000,575.000,45.000,37.000
45.000,585.000,40.000,36.000
16.000,577.000,40.000,38.000
16.000,579.000,40.000,35.000
0.000,576.000,31.000,31.000
33.000,582.000,40.000,37.000
8.000,577.000,38.000,37.000
0.000,568.000,33.000,35.000
9.000,639.000,34.000,37.000
8.000,638.000,33.000,39.000
8.000,638.000,33.000,39.000
29.000,589.000,34.000,30.000
0.000,587.000,38.000,29.000
42.000,587.000,34.000,31.000
16.000,585.000,33.000,49.000
17.000,585.000,32.000,29.000
0.000,584.000,27.000,28.000
51.000,597.000,35.000,47.000
26.000,598.000,37.000,43.000
2.000,599.000,37.000,43.000
0.000,599.000,31.000,41.000
0.000,606.000,23.000,20.000
0.000,602.000,25.000,20.000
43.000,598.000,25.000,23.000
21.000,599.000,29.000,25.000
1.000,603.000,27.000,23.000
1.000,624.000,25.000,27.000
1.000,624.000,25.000,29.000
29.000,621.000,28.000,27.000
40.000,645.000,26.000,33.000
19.000,649.000,27.000,35.000
1.000,659.000,24.000,40.000
36.000,630.000,27.000,31.000
37.000,630.000,28.000,29.000
18.000,637.000,29.000,29.000
19.000,645.000,37.000,23.000
0.000,652.000,40.000,26.000
0.000,656.000,34.000,23.000
0.000,664.000,26.000,20.000
0.000,664.000,22.000,20.000
0.000,670.000,17.000,16.000
0.000,662.000,29.000,19.000
0.000,662.000,29.000,19.000
0.000,662.000,29.000,19.000
0.000,662.000,29.000,19.000
0.000,662.000,29.000,19.000
0.000,662.000,29.000,19.000
22.000,668.000,16.000,17.000
0.000,662.000,29.000,19.000
38.000,669.000,18.000,15.000
38.000,669.000,18.000,15.000
38.000,669.000,18.000,15.000
38.000,669.000,18.000,15.000
38.000,669.000,18.000,15.000
43.000,641.000,15.000,16.000
38.000,644.000,13.000,14.000
16.000,612.000,29.000,22.000
16.000,612.000,29.000,22.000
16.000,612.000,29.000,22.000
16.000,612.000,29.000,22.000
16.000,612.000,29.000,22.000
16.000,612.000,29.000,22.000
16.000,612.000,29.000,22.000
16.000,612.000,29.000,22.000
16.000,612.000,29.000,22.000
0.000,694.000,10.000,9.000
0.000,694.000,10.000,9.000
0.000,694.000,10.000,9.000
15.000,675.000,10.000,9.000
15.000,675.000,10.000,9.000
15.000,675.000,10.000,9.000
15.000,675.000,10.000,9.000
16.000,612.000,29.000,22.000
16.000,612.000,29.000,22.000
16.000,612.000,29.000,22.000
16.000,612.000,29.000,22.000
16.000,612.000,29.000,22.000
16.000,612.000,29.000,22.000
16.000,612.000,29.000,22.000
15.000,675.000,10.000,9.000
15.000,675.000,10.000,9.000
15.000,675.000,10.000,9.000
15.000,675.000,10.000,9.000
15.000,675.000,10.000,9.000
16.000,612.000,29.000,22.000
16.000,612.000,29.000,22.000
16.000,612.000,29.000,22.000
16.000,612.000,29.000,22.000
16.000,612.000,29.000,22.000
16.000,612.000,29.000,22.000
16.000,612.000,29.000,22.000
16.000,612.000,29.000,22.000
16.000,612.000,29.000,22.000
16.000,612.000,29.000,22.000
16.000,612.000,29.000,22.000
16.000,612.000,29.000,22.000
16.000,612.000,29.000,22.000
16.000,612.000,29.000,22.000
16.000,612.000,29.000,22.000
16.000,612.000,29.000,22.000
30.000,556.000,26.000,20.000
26.000,558.000,24.000,22.000
27.000,568.000,19.000,20.000
26.000,575.000,17.000,20.000
26.000,581.000,16.000,18.000
27.000,580.000,15.000,19.000
24.000,586.000,16.000,20.000
24.000,591.000,17.000,19.000
25.000,598.000,17.000,19.000
24.000,601.000,17.000,20.000
24.000,607.000,17.000,20.000
24.000,607.000,17.000,19.000
25.000,610.000,18.000,20.000
28.000,616.000,19.000,22.000
28.000,618.000,18.000,23.000
31.000,623.000,19.000,21.000
32.000,626.000,19.000,21.000
33.000,626.000,19.000,22.000
36.000,631.000,19.000,21.000
39.000,633.000,18.000,21.000
40.000,636.000,19.000,22.000
43.000,640.000,19.000,20.000
45.000,642.000,19.000,21.000
46.000,643.000,19.000,22.000
49.000,645.000,19.000,23.000
51.000,647.000,20.000,24.000
54.000,650.000,19.000,23.000
58.000,652.000,18.000,22.000
63.000,656.000,20.000,22.000
62.000,655.000,19.000,22.000
68.000,659.000,19.000,23.000
72.000,661.000,21.000,23.000
75.000,664.000,20.000,23.000
80.000,665.000,21.000,23.000
86.000,669.000,20.000,22.000
85.000,669.000,20.000,21.000
90.000,672.000,22.000,22.000
96.000,673.000,23.000,23.000
103.000,674.000,22.000,22.000
109.000,675.000,21.000,23.000
114.000,677.000,21.000,22.000
115.000,678.000,22.000,23.000
121.000,678.000,24.000,22.000
126.000,677.000,24.000,23.000
135.000,679.000,26.000,23.000
143.000,679.000,24.000,23.000
145.000,679.000,22.000,23.000
148.000,680.000,19.000,21.000
158.000,680.000,15.000,20.000
165.000,681.000,15.000,21.000
175.000,681.000,14.000,21.000
183.000,682.000,14.000,21.000
190.000,682.000,14.000,22.000
190.000,680.000,14.000,22.000
197.000,681.000,12.000,22.000
205.000,682.000,13.000,20.000
214.000,682.000,14.000,21.000
222.000,682.000,13.000,21.000
231.000,683.000,13.000,21.000
231.000,683.000,13.000,21.000
241.000,685.000,13.000,21.000
250.000,685.000,14.000,21.000
259.000,688.000,13.000,21.000
268.000,689.000,13.000,22.000
279.000,690.000,14.000,22.000
279.000,691.000,15.000,22.000
289.000,693.000,14.000,21.000
300.000,696.000,16.000,21.000
311.000,698.000,14.000,20.000
322.000,702.000,13.000,18.000
333.000,705.000,12.000,16.000
333.000,705.000,11.000,14.000
344.000,708.000,13.000,11.000
356.000,711.000,13.000,8.000
356.000,711.000,13.000,8.000
136.000,707.000,12.000,8.000
147.000,710.000,12.000,7.000
148.000,710.000,12.000,8.000
160.000,714.000,11.000,8.000
160.000,714.000,11.000,8.000
160.000,714.000,11.000,8.000
160.000,714.000,11.000,8.000
160.000,714.000,11.000,8.000
160.000,714.000,11.000,8.000
160.000,714.000,11.000,8.000
160.000,714.000,11.000,8.000
356.000,711.000,13.000,8.000
356.000,711.000,13.000,8.000
356.000,711.000,13.000,8.000
356.000,711.000,13.000,8.000
356.000,711.000,13.000,8.000
356.000,711.000,13.000,8.000
356.000,711.000,13.000,8.000
356.000,711.000,13.000,8.000
356.000,711.000,13.000,8.000
356.000,711.000,13.000,8.000
366.000,693.000,12.000,9.000
150.000,700.000,11.000,9.000
150.000,700.000,11.000,9.000
366.000,695.000,10.000,9.000
366.000,695.000,10.000,9.000
366.000,695.000,10.000,9.000
135.000,709.000,9.000,10.000
138.000,711.000,11.000,9.000
138.000,711.000,11.000,9.000
138.000,711.000,11.000,9.000
127.000,712.000,12.000,8.000
368.000,671.000,14.000,9.000
368.000,671.000,14.000,9.000
368.000,671.000,14.000,9.000
375.000,651.000,14.000,11.000
151.000,711.000,15.000,9.000
160.000,712.000,15.000,9.000
375.000,651.000,14.000,11.000
164.000,711.000,13.000,9.000
161.000,685.000,15.000,10.000
161.000,685.000,15.000,10.000
351.000,624.000,15.000,12.000
351.000,624.000,15.000,12.000
351.000,624.000,15.000,12.000
351.000,624.000,15.000,12.000
351.000,624.000,15.000,12.000
351.000,624.000,15.000,12.000
351.000,624.000,15.000,12.000
161.000,685.000,15.000,10.000
161.000,685.000,15.000,10.000
149.000,672.000,15.000,12.000
178.000,670.000,15.000,15.000
164.000,654.000,16.000,12.000
164.000,654.000,16.000,12.000
134.000,639.000,14.000,10.000
134.000,639.000,14.000,10.000
117.000,629.000,15.000,11.000
132.000,640.000,15.000,9.000
134.000,641.000,14.000,8.000
134.000,641.000,14.000,8.000
134.000,641.000,14.000,8.000
134.000,641.000,14.000,8.000
118.000,629.000,14.000,6.000
128.000,613.000,16.000,6.000
128.000,613.000,16.000,6.000
128.000,613.000,16.000,6.000
128.000,613.000,16.000,6.000
121.000,604.000,16.000,4.000
119.000,599.000,15.000,4.000
119.000,599.000,15.000,4.000
351.000,624.000,15.000,12.000
351.000,624.000,15.000,12.000
119.000,600.000,15.000,7.000
119.000,600.000,15.000,7.000
119.000,600.000,15.000,7.000
120.000,600.000,17.000,7.000
118.000,603.000,18.000,5.000
119.000,600.000,18.000,4.000
126.000,612.000,18.000,5.000
126.000,612.000,18.000,5.000
117.000,601.000,18.000,6.000
117.000,600.000,16.000,8.000
119.000,601.000,14.000,9.000
120.000,602.000,16.000,8.000
121.000,602.000,17.000,7.000
120.000,603.000,18.000,7.000
120.000,603.000,16.000,6.000
121.000,603.000,16.000,4.000
119.000,601.000,18.000,5.000
119.000,603.000,17.000,4.000
121.000,603.000,16.000,6.000
120.000,602.000,15.000,6.000
119.000,600.000,17.000,6.000
119.000,603.000,18.000,5.000
359.000,553.000,16.000,19.000
399.000,552.000,15.000,22.000
438.000,553.000,15.000,24.000
437.000,553.000,18.000,24.000
481.000,553.000,15.000,24.000
481.000,553.000,15.000,24.000
481.000,553.000,15.000,24.000
481.000,553.000,15.000,24.000
479.000,564.000,19.000,23.000
477.000,561.000,22.000,25.000
518.000,559.000,28.000,27.000
556.000,562.000,33.000,32.000
602.000,558.000,34.000,39.000
645.000,557.000,36.000,41.000
687.000,556.000,37.000,42.000
686.000,556.000,41.000,42.000
732.000,556.000,37.000,38.000
777.000,557.000,36.000,38.000
818.000,558.000,38.000,36.000
868.000,559.000,38.000,36.000
911.000,558.000,41.000,36.000
910.000,560.000,41.000,34.000
960.000,560.000,42.000,33.000
1004.000,562.000,44.000,31.000
1050.000,563.000,43.000,30.000
1100.000,566.000,46.000,28.000
1146.000,566.000,45.000,29.000
1150.000,566.000,41.000,27.000
1198.000,568.000,40.000,26.000
1246.000,571.000,36.000,22.000
1246.000,571.000,36.000,22.000
1229.000,575.000,37.000,18.000
1229.000,575.000,37.000,18.000
1229.000,575.000,37.000,18.000
1229.000,575.000,37.000,18.000
1229.000,575.000,37.000,18.000
1247.000,567.000,32.000,18.000
1196.000,521.000,33.000,19.000
1244.000,521.000,32.000,20.000
1243.000,521.000,33.000,22.000
1234.000,477.000,37.000,18.000
1245.000,479.000,34.000,23.000
1245.000,479.000,34.000,23.000
1232.000,520.000,30.000,20.000
1224.000,569.000,28.000,18.000
1224.000,569.000,29.000,19.000
1246.000,570.000,34.000,23.000
1246.000,570.000,34.000,23.000
1246.000,570.000,34.000,23.000
1228.000,602.000,34.000,18.000
1234.000,570.000,40.000,20.000
1235.000,569.000,40.000,21.000
1212.000,574.000,31.000,20.000
1155.000,537.000,32.000,27.000
1189.000,537.000,38.000,29.000
1235.000,536.000,38.000,30.000
1235.000,536.000,38.000,30.000
1235.000,536.000,38.000,30.000
1235.000,536.000,38.000,30.000
1235.000,536.000,38.000,30.000
1235.000,536.000,38.000,30.000
1167.000,510.000,36.000,30.000
1192.000,512.000,46.000,29.000
1195.000,511.000,43.000,30.000
1241.000,511.000,38.000,29.000
1250.000,513.000,31.000,28.000
1250.000,513.000,31.000,28.000
1250.000,513.000,31.000,28.000
1250.000,513.000,31.000,28.000
1250.000,513.000,31.000,28.000
1201.000,574.000,33.000,25.000
1236.000,576.000,33.000,18.000
1259.000,628.000,32.000,21.000
1213.000,573.000,30.000,25.000
1252.000,571.000,28.000,23.000
1252.000,571.000,27.000,18.000
1249.000,572.000,24.000,18.000
120.000,602.000,25.000,12.000
1221.000,527.000,24.000,12.000
1217.000,514.000,21.000,16.000
1254.000,516.000,24.000,19.000
1256.000,514.000,24.000,21.000
120.000,603.000,31.000,17.000
124.000,603.000,27.000,16.000
124.000,603.000,27.000,16.000
124.000,603.000,27.000,16.000
120.000,604.000,31.000,15.000
118.000,603.000,34.000,17.000
119.000,604.000,35.000,16.000
118.000,602.000,35.000,18.000
119.000,602.000,33.000,18.000
120.000,603.000,31.000,18.000
119.000,601.000,31.000,18.000
119.000,602.000,32.000,18.000
119.000,602.000,30.000,17.000
108.000,567.000,27.000,19.000
81.000,564.000,29.000,16.000
107.000,563.000,23.000,17.000
134.000,564.000,20.000,15.000
134.000,563.000,19.000,16.000
1247.000,418.000,33.000,39.000
1256.000,430.000,25.000,35.000
1235.000,465.000,24.000,32.000
1260.000,472.000,20.000,32.000
1257.000,511.000,22.000,34.000
1257.000,511.000,21.000,36.000
1199.000,486.000,27.000,40.000
1226.000,481.000,29.000,48.000
1244.000,479.000,32.000,41.000
1252.000,499.000,27.000,44.000
1252.000,540.000,27.000,41.000
1251.000,542.000,28.000,33.000
1253.000,592.000,27.000,26.000
1257.000,583.000,23.000,21.000
1234.000,587.000,17.000,23.000
1226.000,601.000,21.000,21.000
1204.000,597.000,20.000,18.000
1205.000,598.000,18.000,16.000
1236.000,596.000,15.000,15.000
1263.000,594.000,14.000,17.000
1256.000,592.000,17.000,18.000
1231.000,590.000,20.000,20.000
1189.000,607.000,24.000,23.000
1147.000,598.000,22.000,20.000
1140.000,613.000,21.000,21.000
1165.000,610.000,24.000,19.000
1189.000,608.000,22.000,18.000
1214.000,607.000,21.000,18.000
1237.000,605.000,23.000,16.000
1237.000,605.000,23.000,16.000
1259.000,601.000,20.000,16.000
1268.000,613.000,17.000,15.000
1239.000,604.000,16.000,19.000
1260.000,599.000,18.000,19.000
1258.000,626.000,21.000,21.000
1257.000,629.000,22.000,17.000
1223.000,610.000,23.000,21.000
1247.000,603.000,27.000,22.000
1248.000,627.000,29.000,21.000
1248.000,627.000,29.000,21.000
1257.000,634.000,23.000,26.000
1260.000,633.000,19.000,28.000
1267.000,629.000,18.000,25.000
1267.000,629.000,18.000,25.000
1060.000,415.000,21.000,18.000
1247.000,638.000,16.000,16.000
1246.000,624.000,17.000,18.000
1247.000,622.000,17.000,21.000
1269.000,614.000,15.000,22.000
1138.000,376.000,20.000,19.000
1158.000,367.000,23.000,21.000
1175.000,355.000,24.000,20.000
1194.000,344.000,23.000,20.000
1194.000,344.000,23.000,20.000
1211.000,333.000,22.000,19.000
1227.000,320.000,23.000,21.000
1242.000,305.000,23.000,21.000
1260.000,294.000,20.000,19.000
1273.000,279.000,15.000,20.000
1237.000,583.000,20.000,21.000
1273.000,279.000,19.000,22.000
1267.000,559.000,16.000,22.000
1274.000,341.000,27.000,23.000
1258.000,475.000,21.000,22.000
1258.000,475.000,21.000,22.000
1258.000,475.000,21.000,22.000
1255.000,486.000,25.000,21.000
1255.000,471.000,25.000,22.000
1255.000,471.000,25.000,22.000
1216.000,485.000,30.000,26.000
1269.000,236.000,48.000,33.000
1266.000,240.000,53.000,40.000
1218.000,448.000,42.000,34.000
1267.000,208.000,70.000,49.000
1264.000,188.000,77.000,53.000
1264.000,175.000,89.000,52.000
1231.000,407.000,48.000,41.000
1231.000,407.000,48.000,41.000
1247.000,182.000,130.000,58.000
1245.000,302.000,134.000,75.000
1231.000,407.000,48.000,41.000
1259.000,126.000,131.000,79.000
1166.000,0.000,127.000,92.000
1244.000,109.000,140.000,106.000
1244.000,109.000,140.000,106.000
1259.000,92.000,141.000,107.000
1259.000,92.000,141.000,107.000
1259.000,92.000,141.000,107.000
1245.000,99.000,165.000,115.000
1238.000,129.000,189.000,105.000
1243.000,108.000,199.000,104.000
1251.000,71.000,207.000,113.000
1197.000,99.000,233.000,130.000
1234.000,85.000,220.000,131.000
1222.000,69.000,237.000,147.000
1212.000,68.000,262.000,152.000
1208.000,45.000,301.000,178.000
1213.000,51.000,296.000,168.000
1186.000,62.000,330.000,166.000
1165.000,310.000,50.000,52.000
1165.000,310.000,50.000,52.000
1165.000,310.000,50.000,52.000
1165.000,310.000,50.000,52.000
1165.000,310.000,50.000,52.000
1165.000,310.000,50.000,52.000
1165.000,310.000,50.000,52.000
1165.000,310.000,50.000,52.000
1165.000,310.000,50.000,52.000
1095.000,419.000,56.000,54.000
1111.000,409.000,63.000,53.000
1132.000,397.000,60.000,59.000
1157.000,370.000,54.000,55.000
1173.000,360.000,57.000,68.000
1175.000,350.000,56.000,74.000
1192.000,339.000,60.000,79.000
1208.000,322.000,66.000,75.000
1229.000,305.000,50.000,80.000
1249.000,288.000,33.000,83.000
1236.000,329.000,43.000,89.000
1157.000,343.000,54.000,89.000
1172.000,330.000,58.000,67.000
1193.000,314.000,65.000,66.000
1216.000,303.000,64.000,60.000
1242.000,243.000,53.000,63.000
1262.000,253.000,44.000,71.000
1263.000,256.000,37.000,68.000
1263.000,256.000,37.000,68.000
931.000,140.000,1280.000,720.000
1102.000,166.000,1280.000,720.000
872.000,107.000,1280.000,720.000
842.000,145.000,1280.000,720.000
886.000,80.000,1280.000,720.000
790.000,0.000,1280.000,720.000
580.000,0.000,1280.000,720.000
605.000,0.000,1280.000,720.000
386.000,0.000,1280.000,720.000
267.000,0.000,1280.000,720.000
267.000,0.000,1280.000,720.000
267.000,0.000,1280.000,720.000
267.000,0.000,1280.000,720.000
267.000,0.000,1280.000,720.000
42.000,0.000,1280.000,720.000
56.000,0.000,1280.000,720.000
315.000,0.000,1280.000,720.000
315.000,0.000,1280.000,720.000
315.000,0.000,1280.000,720.000
315.000,0.000,1280.000,720.000
315.000,0.000,1280.000,720.000
1263.000,256.000,37.000,68.000
315.000,0.000,1280.000,720.000
138.000,0.000,1280.000,720.000
0.000,0.000,1280.000,720.000
0.000,0.000,1280.000,720.000
0.000,0.000,1280.000,720.000
0.000,0.000,1280.000,720.000
0.000,0.000,1280.000,720.000
0.000,0.000,1280.000,720.000
0.000,0.000,1280.000,720.000
0.000,0.000,1280.000,720.000
0.000,0.000,1280.000,720.000
1217.000,370.000,46.000,64.000
1217.000,370.000,46.000,64.000
1217.000,370.000,46.000,64.000
1217.000,370.000,46.000,64.000
1217.000,370.000,46.000,64.000
1217.000,370.000,46.000,64.000
1217.000,370.000,46.000,64.000
1217.000,370.000,46.000,64.000
1092.000,491.000,52.000,58.000
1121.000,477.000,49.000,51.000
1169.000,451.000,42.000,42.000
1189.000,420.000,42.000,38.000
1238.000,402.000,41.000,29.000
1242.000,402.000,37.000,26.000
1242.000,402.000,37.000,26.000
1242.000,402.000,37.000,26.000
1242.000,402.000,37.000,26.000
1242.000,402.000,37.000,26.000
1242.000,402.000,37.000,26.000
1242.000,402.000,37.000,26.000
1242.000,402.000,37.000,26.000
1238.000,355.000,41.000,34.000
1244.000,277.000,38.000,37.000
1244.000,277.000,38.000,37.000
1244.000,277.000,38.000,37.000
1244.000,277.000,38.000,37.000
1244.000,277.000,38.000,37.000
1244.000,277.000,38.000,37.000
1244.000,277.000,38.000,37.000
1244.000,277.000,38.000,37.000
1244.000,277.000,38.000,37.000
1244.000,277.000,38.000,37.000
1244.000,277.000,38.000,37.000
1244.000,277.000,38.000,37.000
1244.000,277.000,38.000,37.000
0.000,0.000,1280.000,720.000
1225.000,348.000,29.000,42.000
1229.000,348.000,25.000,35.000
1229.000,348.000,25.000,35.000
1180.000,307.000,20.000,31.000
1223.000,293.000,19.000,25.000
1223.000,293.000,19.000,25.000
0.000,0.000,1280.000,720.000
1223.000,293.000,19.000,25.000
0.000,0.000,1280.000,720.000
1226.000,272.000,26.000,31.000
1224.000,222.000,29.000,24.000
1255.000,210.000,26.000,24.000
1264.000,208.000,24.000,24.000
1265.000,208.000,19.000,20.000
1263.000,211.000,15.000,20.000
1257.000,220.000,19.000,22.000
1268.000,236.000,17.000,22.000
1264.000,269.000,19.000,22.000
1253.000,267.000,18.000,20.000
1250.000,268.000,22.000,19.000
1250.000,268.000,22.000,19.000
1250.000,268.000,22.000,19.000
1222.000,267.000,25.000,21.000
1255.000,262.000,25.000,22.000
1245.000,309.000,31.000,23.000
1242.000,308.000,36.000,30.000
1242.000,308.000,36.000,30.000
1242.000,308.000,36.000,30.000
1242.000,308.000,36.000,30.000
1242.000,308.000,36.000,30.000
1242.000,308.000,36.000,30.000
0.000,0.000,1280.000,720.000
0.000,0.000,1280.000,720.000
0.000,0.000,1280.000,720.000
0.000,0.000,1280.000,720.000
0.000,0.000,1280.000,720.000
0.000,0.000,1280.000,720.000
0.000,0.000,1280.000,720.000
0.000,0.000,1280.000,720.000
0.000,0.000,1280.000,720.000
0.000,0.000,1280.000,720.000
0.000,0.000,1280.000,720.000
0.000,0.000,1280.000,720.000
0.000,0.000,1280.000,720.000
0.000,0.000,1280.000,720.000
0.000,0.000,1280.000,720.000
0.000,0.000,1280.000,720.000
1242.000,308.000,36.000,30.000
1242.000,308.000,36.000,30.000
1242.000,308.000,36.000,30.000
1242.000,308.000,36.000,30.000
1242.000,308.000,36.000,30.000
1242.000,308.000,36.000,30.000
1242.000,308.000,36.000,30.000
1208.000,270.000,34.000,25.000
1209.000,271.000,28.000,19.000
1209.000,271.000,28.000,19.000
0.000,0.000,1280.000,720.000
0.000,0.000,1280.000,720.000
0.000,0.000,1280.000,720.000
0.000,0.000,1280.000,720.000
0.000,0.000,1280.000,720.000
0.000,0.000,1280.000,720.000
0.000,0.000,1280.000,720.000
0.000,0.000,1280.000,720.000
0.000,0.000,1280.000,720.000
0.000,0.000,1280.000,720.000
0.000,0.000,1280.000,720.000
0.000,0.000,1280.000,720.000
0.000,0.000,1280.000,720.000
1167.000,219.000,26.000,17.000
1126.000,171.000,30.000,19.000
1173.000,154.000,33.000,26.000
1180.000,145.000,35.000,32.000
1197.000,152.000,42.000,34.000
1218.000,171.000,47.000,39.000
1239.000,195.000,41.000,41.000
1253.000,203.000,30.000,45.000
1221.000,195.000,35.000,42.000
1134.000,193.000,42.000,47.000
1165.000,208.000,33.000,48.000
1189.000,225.000,29.000,45.000
1209.000,246.000,30.000,35.000
1229.000,268.000,30.000,27.000
1253.000,288.000,25.000,28.000
1255.000,289.000,23.000,24.000
1255.000,289.000,23.000,24.000
1231.000,340.000,28.000,22.000
1246.000,332.000,32.000,26.000
1253.000,350.000,27.000,27.000
1258.000,370.000,27.000,33.000
1266.000,367.000,21.000,32.000
1266.000,367.000,21.000,32.000
1219.000,385.000,24.000,31.000
1164.000,377.000,29.000,32.000
1115.000,359.000,38.000,35.000
1122.000,377.000,41.000,39.000
1130.000,374.000,48.000,35.000
1140.000,391.000,50.000,35.000
1146.000,409.000,55.000,38.000
1156.000,424.000,57.000,43.000
1165.000,440.000,57.000,41.000
1176.000,457.000,56.000,42.000
1176.000,457.000,57.000,43.000
1186.000,475.000,57.000,43.000
1196.000,492.000,56.000,44.000
1204.000,510.000,57.000,43.000
1213.000,528.000,59.000,40.000
1222.000,546.000,56.000,42.000
1224.000,545.000,55.000,43.000
1231.000,566.000,49.000,41.000
1238.000,584.000,42.000,45.000
1247.000,605.000,34.000,41.000
1258.000,625.000,25.000,41.000
1263.000,647.000,25.000,38.000
1264.000,647.000,19.000,42.000
1270.000,666.000,18.000,36.000
1270.000,666.000,18.000,36.000
1270.000,666.000,18.000,36.000
1270.000,666.000,18.000,36.000
1270.000,666.000,18.000,36.000
1270.000,666.000,18.000,36.000
1211.000,682.000,22.000,36.000
1210.000,701.000,27.000,30.000
1210.000,701.000,27.000,30.000
0.000,0.000,1280.000,720.000
1137.000,690.000,29.000,31.000
1134.000,695.000,35.000,25.000
1163.000,688.000,29.000,28.000
1163.000,688.000,29.000,28.000
1163.000,688.000,29.000,28.000
1163.000,688.000,29.000,28.000
1163.000,688.000,29.000,28.000
1163.000,688.000,29.000,28.000
1163.000,688.000,29.000,28.000
1163.000,688.000,29.000,28.000
1178.000,632.000,23.000,31.000
1187.000,647.000,24.000,33.000
1198.000,665.000,24.000,31.000
1197.000,663.000,24.000,31.000
1207.000,680.000,25.000,30.000
1217.000,692.000,27.000,27.000
1241.000,690.000,30.000,27.000
1241.000,690.000,30.000,27.000
1241.000,690.000,30.000,27.000
1241.000,690.000,30.000,27.000
0.000,0.000,1280.000,720.000
0.000,0.000,1280.000,720.000
0.000,0.000,1280.000,720.000
0.000,0.000,1280.000,720.000
0.000,0.000,1280.000,720.000
0.000,0.000,1280.000,720.000
0.000,0.000,1280.000,720.000
0.000,0.000,1280.000,720.000
0.000,0.000,1280.000,720.000
0.000,0.000,1280.000,720.000
0.000,0.000,1280.000,720.000
0.000,0.000,1280.000,720.000
0.000,0.000,1280.000,720.000
0.000,0.000,1280.000,720.000
0.000,0.000,1280.000,720.000
0.000,0.000,1280.000,720.000
0.000,0.000,1280.000,720.000
0.000,0.000,1280.000,720.000
0.000,0.000,1280.000,720.000
1220.000,636.000,29.000,25.000
1226.000,648.000,29.000,24.000
1234.000,658.000,28.000,25.000
1240.000,668.000,29.000,25.000
1240.000,669.000,30.000,24.000
1246.000,679.000,33.000,25.000
1252.000,689.000,29.000,23.000
1252.000,700.000,28.000,20.000
1252.000,700.000,28.000,20.000
1252.000,700.000,28.000,20.000
1252.000,700.000,28.000,20.000
1252.000,700.000,28.000,20.000
1252.000,700.000,28.000,20.000
1252.000,700.000,28.000,20.000
1252.000,700.000,28.000,20.000
1236.000,653.000,32.000,26.000
1240.000,621.000,37.000,31.000
1239.000,634.000,42.000,26.000
1245.000,643.000,35.000,27.000
1250.000,649.000,30.000,31.000
1256.000,659.000,25.000,27.000
1258.000,668.000,22.000,24.000
1258.000,668.000,22.000,19.000
1254.000,701.000,25.000,17.000
1268.000,685.000,22.000,15.000
1269.000,691.000,19.000,13.000
1263.000,709.000,17.000,12.000
1263.000,709.000,17.000,12.000
1263.000,709.000,17.000,12.000
1263.000,709.000,17.000,12.000
1263.000,709.000,17.000,12.000
1263.000,709.000,17.000,12.000
1263.000,709.000,17.000,12.000
1263.000,709.000,17.000,12.000
1263.000,709.000,17.000,12.000
1263.000,709.000,17.000,12.000
1263.000,675.000,17.000,15.000
1247.000,670.000,21.000,16.000
1251.000,675.000,23.000,18.000
1255.000,680.000,26.000,19.000
1254.000,681.000,25.000,18.000
1258.000,688.000,22.000,16.000
1265.000,693.000,22.000,15.000
1245.000,652.000,21.000,20.000
1245.000,652.000,21.000,20.000
1245.000,652.000,21.000,20.000
1245.000,652.000,21.000,20.000
1261.000,671.000,16.000,26.000
1267.000,677.000,16.000,26.000
1220.000,674.000,19.000,23.000
1220.000,674.000,19.000,23.000
1224.000,687.000,25.000,20.000
1224.000,687.000,25.000,20.000
1224.000,687.000,25.000,20.000
1224.000,687.000,25.000,20.000
1224.000,687.000,25.000,20.000
1256.000,641.000,23.000,21.000
1256.000,641.000,23.000,21.000
1256.000,641.000,23.000,21.000
1244.000,658.000,23.000,23.000
1251.000,662.000,25.000,24.000
1253.000,670.000,27.000,31.000
1240.000,687.000,34.000,30.000
1240.000,687.000,34.000,30.000
1240.000,687.000,34.000,30.000
1240.000,697.000,41.000,25.000
1240.000,697.000,41.000,25.000
1198.000,636.000,39.000,27.000
1243.000,628.000,37.000,24.000
1213.000,652.000,39.000,26.000
1211.000,653.000,41.000,26.000
1222.000,661.000,38.000,26.000
1231.000,668.000,38.000,26.000
1239.000,676.000,39.000,25.000
1248.000,681.000,32.000,28.000
1254.000,689.000,26.000,28.000
1256.000,689.000,24.000,28.000
1256.000,689.000,24.000,28.000
1251.000,675.000,28.000,32.000
1259.000,617.000,22.000,29.000
1243.000,634.000,23.000,28.000
1250.000,646.000,26.000,28.000
1253.000,649.000,26.000,29.000
1255.000,655.000,26.000,26.000
1254.000,618.000,25.000,26.000
1254.000,562.000,24.000,25.000
1261.000,571.000,24.000,20.000
1240.000,607.000,22.000,18.000
1241.000,607.000,23.000,16.000
1249.000,613.000,22.000,16.000
1257.000,621.000,23.000,17.000
1257.000,657.000,23.000,21.000
1251.000,653.000,22.000,20.000
1258.000,658.000,22.000,22.000
1258.000,658.000,21.000,21.000
1244.000,616.000,24.000,22.000
1255.000,582.000,25.000,17.000
1260.000,588.000,25.000,16.000
1247.000,595.000,27.000,20.000
1248.000,604.000,29.000,21.000
1248.000,604.000,30.000,23.000
1247.000,608.000,32.000,26.000
1246.000,612.000,34.000,28.000
1243.000,621.000,37.000,27.000
1251.000,626.000,31.000,28.000
1257.000,633.000,25.000,27.000
1259.000,633.000,22.000,26.000
1237.000,583.000,26.000,31.000
1237.000,583.000,26.000,31.000
1237.000,583.000,26.000,31.000
1237.000,583.000,26.000,31.000
1191.000,534.000,28.000,28.000
1192.000,534.000,26.000,27.000
1201.000,540.000,24.000,27.000
1207.000,543.000,26.000,27.000
1214.000,547.000,27.000,27.000
1222.000,549.000,29.000,27.000
1230.000,554.000,29.000,27.000
1231.000,554.000,28.000,27.000
1236.000,555.000,30.000,29.000
1244.000,561.000,31.000,28.000
1251.000,564.000,28.000,28.000
1256.000,566.000,25.000,30.000
1243.000,551.000,30.000,28.000
1242.000,554.000,30.000,22.000
1248.000,560.000,30.000,19.000
1255.000,561.000,26.000,20.000
1263.000,565.000,24.000,22.000
1256.000,601.000,24.000,27.000
1250.000,551.000,29.000,27.000
1250.000,551.000,29.000,27.000
1250.000,551.000,29.000,27.000
1222.000,486.000,36.000,28.000
1222.000,486.000,36.000,28.000
1222.000,486.000,36.000,28.000
1222.000,486.000,36.000,28.000
1222.000,486.000,36.000,28.000
1157.000,431.000,35.000,21.000
1166.000,434.000,33.000,18.000
1172.000,437.000,34.000,17.000
1173.000,438.000,34.000,16.000
1181.000,440.000,30.000,16.000
1182.000,440.000,32.000,16.000
1187.000,441.000,32.000,17.000
1191.000,444.000,35.000,17.000
1198.000,444.000,34.000,17.000
1204.000,445.000,32.000,17.000
1208.000,447.000,28.000,16.000
1209.000,446.000,24.000,18.000
1216.000,449.000,25.000,14.000
1221.000,450.000,24.000,14.000
1227.000,451.000,24.000,13.000
1232.000,453.000,26.000,14.000
1243.000,455.000,27.000,14.000
1242.000,454.000,29.000,16.000
1242.000,455.000,29.000,15.000
1248.000,455.000,29.000,14.000
1251.000,436.000,28.000,16.000
1255.000,436.000,23.000,21.000
1261.000,438.000,20.000,19.000
1261.000,437.000,19.000,20.000
1267.000,436.000,14.000,21.000
1229.000,465.000,17.000,19.000
1240.000,466.000,15.000,17.000
1245.000,467.000,15.000,18.000
1254.000,469.000,17.000,16.000
1253.000,468.000,16.000,17.000
1251.000,469.000,19.000,18.000
1243.000,468.000,23.000,21.000
1249.000,467.000,26.000,22.000
1248.000,467.000,30.000,23.000
1250.000,469.000,30.000,22.000
1251.000,469.000,29.000,22.000
1254.000,468.000,26.000,25.000
1258.000,468.000,22.000,25.000
1264.000,471.000,21.000,25.000
1265.000,474.000,19.000,22.000
1265.000,474.000,19.000,22.000
1265.000,474.000,19.000,22.000
1265.000,474.000,19.000,22.000
1265.000,474.000,19.000,22.000
1252.000,459.000,25.000,21.000
1235.000,436.000,27.000,21.000
1241.000,437.000,24.000,25.000
1242.000,437.000,27.000,25.000
1250.000,438.000,28.000,24.000
1255.000,439.000,26.000,22.000
1260.000,439.000,22.000,25.000
1260.000,439.000,22.000,25.000
1209.000,411.000,19.000,23.000
1203.000,418.000,23.000,21.000
1206.000,412.000,28.000,20.000
1215.000,414.000,27.000,19.000
1220.000,416.000,28.000,15.000
1231.000,419.000,25.000,13.000
1237.000,418.000,27.000,12.000
1236.000,419.000,28.000,13.000
1243.000,419.000,28.000,13.000
1249.000,420.000,29.000,12.000
1256.000,420.000,25.000,13.000
1263.000,420.000,22.000,12.000
1258.000,392.000,20.000,15.000
1259.000,391.000,16.000,16.000
1266.000,391.000,15.000,15.000
1266.000,391.000,15.000,15.000
1251.000,397.000,19.000,18.000
1255.000,403.000,20.000,19.000
1259.000,405.000,21.000,19.000
1261.000,397.000,17.000,20.000
1268.000,397.000,12.000,20.000
1270.000,410.000,10.000,21.000
1270.000,410.000,10.000,21.000
1270.000,410.000,10.000,21.000
0.000,0.000,1280.000,720.000
0.000,0.000,1280.000,720.000
0.000,0.000,1280.000,720.000
0.000,0.000,1280.000,720.000
1261.000,403.000,17.000,16.000
1266.000,403.000,15.000,14.000
1266.000,400.000,13.000,17.000
1268.000,400.000,13.000,17.000
1268.000,400.000,13.000,17.000
0.000,0.000,1280.000,720.000
0.000,0.000,1280.000,720.000
0.000,0.000,1280.000,720.000
0.000,0.000,1280.000,720.000
0.000,0.000,1280.000,720.000
0.000,0.000,1280.000,720.000
0.000,0.000,1280.000,720.000
0.000,0.000,1280.000,720.000
0.000,0.000,1280.000,720.000
0.000,0.000,1280.000,720.000
1257.000,373.000,16.000,17.000
1257.000,373.000,16.000,17.000
0.000,0.000,1280.000,720.000
1257.000,373.000,16.000,17.000
0.000,0.000,1280.000,720.000
1257.000,373.000,16.000,17.000
1257.000,373.000,16.000,17.000
1257.000,373.000,16.000,17.000
1257.000,373.000,16.000,17.000
1257.000,373.000,16.000,17.000
1257.000,373.000,16.000,17.000
0.000,0.000,1280.000,720.000
0.000,0.000,1280.000,720.000
0.000,0.000,1280.000,720.000
0.000,0.000,1280.000,720.000
0.000,0.000,1280.000,720.000
1255.000,315.000,19.000,18.000
1264.000,314.000,18.000,20.000
1263.000,313.000,17.000,21.000
1271.000,312.000,13.000,22.000
1271.000,312.000,13.000,22.000
1271.000,312.000,13.000,22.000
1256.000,323.000,15.000,18.000
1259.000,322.000,20.000,19.000
1259.000,322.000,20.000,19.000
1259.000,322.000,20.000,19.000
1259.000,322.000,20.000,19.000
1259.000,322.000,20.000,19.000
1259.000,322.000,20.000,19.000
1259.000,322.000,20.000,19.000
1259.000,322.000,20.000,19.000
1259.000,322.000,20.000,19.000
1217.000,324.000,21.000,18.000
1227.000,323.000,21.000,17.000
1238.000,321.000,20.000,18.000
1246.000,321.000,21.000,16.000
1244.000,321.000,22.000,16.000
1255.000,320.000,22.000,17.000
1263.000,321.000,17.000,15.000
1262.000,330.000,18.000,14.000
1256.000,317.000,20.000,12.000
1259.000,318.000,20.000,12.000
1259.000,318.000,21.000,12.000
1265.000,318.000,17.000,12.000
1265.000,318.000,17.000,12.000
1265.000,318.000,17.000,12.000
1265.000,318.000,17.000,12.000
0.000,0.000,1280.000,720.000
0.000,0.000,1280.000,720.000
1265.000,291.000,14.000,13.000
1265.000,291.000,14.000,13.000
1260.000,302.000,13.000,12.000
1260.000,302.000,13.000,12.000
1260.000,302.000,13.000,12.000
1260.000,302.000,13.000,12.000
1264.000,306.000,15.000,11.000
1268.000,302.000,12.000,12.000
1268.000,297.000,10.000,11.000
1268.000,297.000,10.000,11.000
1268.000,297.000,10.000,11.000
1268.000,297.000,10.000,11.000
1270.000,283.000,9.000,10.000
1261.000,274.000,11.000,11.000
1265.000,273.000,14.000,11.000
1264.000,270.000,15.000,9.000
1264.000,270.000,15.000,9.000
1264.000,270.000,15.000,9.000
1264.000,270.000,15.000,9.000
0.000,0.000,1280.000,720.000
1268.000,251.000,13.000,11.000
1251.000,250.000,14.000,13.000
1262.000,245.000,17.000,15.000
1259.000,240.000,21.000,17.000
1259.000,239.000,21.000,19.000
1259.000,239.000,21.000,19.000
1259.000,239.000,21.000,19.000
1259.000,239.000,21.000,19.000
0.000,0.000,1280.000,720.000
0.000,0.000,1280.000,720.000
0.000,0.000,1280.000,720.000
1257.000,219.000,21.000,11.000
1263.000,250.000,16.000,14.000
1259.000,275.000,19.000,18.000
1235.000,303.000,18.000,14.000
1236.000,308.000,16.000,11.000
1240.000,305.000,16.000,11.000
1247.000,303.000,17.000,11.000
1252.000,299.000,18.000,11.000
1259.000,298.000,18.000,11.000
1263.000,295.000,17.000,11.000
1263.000,295.000,17.000,11.000
1268.000,293.000,15.000,10.000
1272.000,290.000,12.000,10.000
1272.000,290.000,12.000,10.000
0.000,0.000,1280.000,720.000
0.000,0.000,1280.000,720.000
0.000,0.000,1280.000,720.000
0.000,0.000,1280.000,720.000
0.000,0.000,1280.000,720.000
1263.000,266.000,16.000,11.000
0.000,0.000,1280.000,720.000
0.000,0.000,1280.000,720.000
1237.000,251.000,20.000,18.000
1241.000,247.000,22.000,18.000
1247.000,242.000,25.000,19.000
1252.000,240.000,23.000,19.000
1256.000,237.000,22.000,20.000
1264.000,235.000,18.000,18.000
1263.000,234.000,17.000,19.000
1269.000,233.000,17.000,18.000
1269.000,233.000,17.000,18.000
1232.000,235.000,19.000,15.000
1232.000,235.000,19.000,15.000
1257.000,236.000,21.000,19.000
1251.000,234.000,23.000,21.000
1253.000,226.000,26.000,25.000
1253.000,223.000,28.000,27.000
1260.000,217.000,23.000,27.000
1259.000,215.000,24.000,24.000
1269.000,210.000,21.000,23.000
1271.000,214.000,19.000,20.000
1257.000,180.000,23.000,20.000
1258.000,181.000,23.000,15.000
1260.000,176.000,24.000,13.000
1260.000,174.000,22.000,12.000
1260.000,174.000,22.000,12.000
0.000,0.000,1280.000,720.000
0.000,0.000,1280.000,720.000
0.000,0.000,1280.000,720.000
0.000,0.000,1280.000,720.000
0.000,0.000,1280.000,720.000
0.000,0.000,1280.000,720.000
0.000,0.000,1280.000,720.000
0.000,0.000,1280.000,720.000
0.000,0.000,1280.000,720.000
0.000,0.000,1280.000,720.000
0.000,0.000,1280.000,720.000
0.000,0.000,1280.000,720.000
0.000,0.000,1280.000,720.000
0.000,0.000,1280.000,720.000
0.000,0.000,1280.000,720.000
0.000,0.000,1280.000,720.000
0.000,0.000,1280.000,720.000
0.000,0.000,1280.000,720.000
0.000,0.000,1280.000,720.000
0.000,0.000,1280.000,720.000
0.000,0.000,1280.000,720.000
0.000,0.000,1280.000,720.000
0.000,0.000,1280.000,720.000
0.000,0.000,1280.000,720.000
0.000,0.000,1280.000,720.000
0.000,0.000,1280.000,720.000
0.000,0.000,1280.000,720.000
0.000,0.000,1280.000,720.000
0.000,0.000,1280.000,720.000
0.000,0.000,1280.000,720.000
0.000,0.000,1280.000,720.000
0.000,0.000,1280.000,720.000
0.000,0.000,1280.000,720.000
0.000,0.000,1280.000,720.000
0.000,0.000,1280.000,720.000
0.000,0.000,1280.000,720.000
0.000,0.000,1280.000,720.000
0.000,0.000,1280.000,720.000
0.000,0.000,1280.000,720.000
0.000,0.000,1280.000,720.000
0.000,0.000,1280.000,720.000
0.000,0.000,1280.000,720.000
0.000,0.000,1280.000,720.000
0.000,0.000,1280.000,720.000
0.000,0.000,1280.000,720.000
0.000,0.000,1280.000,720.000
0.000,0.000,1280.000,720.000
0.000,0.000,1280.000,720.000
0.000,0.000,1280.000,720.000
0.000,0.000,1280.000,720.000
0.000,0.000,1280.000,720.000
0.000,0.000,1280.000,720.000
0.000,0.000,1280.000,720.000
1254.000,154.000,24.000,8.000
1254.000,153.000,24.000,9.000
1231.000,147.000,25.000,9.000
1212.000,140.000,29.000,10.000
1187.000,133.000,30.000,10.000
1167.000,127.000,31.000,9.000
1142.000,118.000,37.000,10.000
1140.000,118.000,40.000,10.000
1117.000,112.000,41.000,10.000
1094.000,102.000,39.000,11.000
1071.000,96.000,40.000,11.000
1048.000,87.000,40.000,11.000
1025.000,80.000,40.000,10.000
1025.000,81.000,40.000,10.000
1000.000,74.000,40.000,10.000
978.000,66.000,39.000,10.000
955.000,58.000,39.000,10.000
933.000,50.000,39.000,10.000
910.000,44.000,39.000,11.000
910.000,43.000,39.000,11.000
887.000,35.000,40.000,12.000
863.000,28.000,40.000,11.000
840.000,20.000,39.000,12.000
819.000,13.000,39.000,10.000
797.000,5.000,38.000,9.000
797.000,5.000,39.000,10.000
772.000,0.000,40.000,10.000
819.000,0.000,38.000,7.000
819.000,0.000,38.000,7.000
0.000,0.000,1280.000,720.000
0.000,0.000,1280.000,720.000
0.000,0.000,1280.000,720.000
0.000,0.000,1280.000,720.000
0.000,0.000,1280.000,720.000
0.000,0.000,1280.000,720.000
0.000,0.000,1280.000,720.000
0.000,0.000,1280.000,720.000
0.000,0.000,1280.000,720.000
0.000,0.000,1280.000,720.000
0.000,0.000,1280.000,720.000
0.000,0.000,1280.000,720.000
0.000,0.000,1280.000,720.000
0.000,0.000,1280.000,720.000
0.000,0.000,1280.000,720.000
0.000,0.000,1280.000,720.000
0.000,0.000,1280.000,720.000
0.000,0.000,1280.000,720.000
0.000,0.000,1280.000,720.000
0.000,0.000,1280.000,720.000
0.000,0.000,1280.000,720.000
0.000,0.000,1280.000,720.000
0.000,0.000,1280.000,720.000
0.000,0.000,1280.000,720.000
0.000,0.000,1280.000,720.000
0.000,0.000,1280.000,720.000
0.000,0.000,1280.000,720.000
0.000,0.000,1280.000,720.000
0.000,0.000,1280.000,720.000
0.000,0.000,1280.000,720.000
0.000,0.000,1280.000,720.000
0.000,0.000,1280.000,720.000
0.000,0.000,1280.000,720.000
0.000,0.000,1280.000,720.000
0.000,0.000,1280.000,720.000
0.000,0.000,1280.000,720.000
0.000,0.000,1280.000,720.000
0.000,0.000,1280.000,720.000
0.000,0.000,1280.000,720.000
0.000,0.000,1280.000,720.000
0.000,0.000,1280.000,720.000
0.000,0.000,1280.000,720.000
0.000,0.000,1280.000,720.000
0.000,0.000,1280.000,720.000
0.000,0.000,1280.000,720.000
0.000,0.000,1280.000,720.000
0.000,0.000,1280.000,720.000
0.000,0.000,1280.000,720.000
0.000,0.000,1280.000,720.000
0.000,0.000,1280.000,720.000
0.000,0.000,1280.000,720.000
819.000,0.000,38.000,7.000
0.000,0.000,1280.000,720.000
0.000,0.000,1280.000,720.000
0.000,0.000,1280.000,720.000
0.000,0.000,1280.000,720.000
0.000,0.000,1280.000,720.000
0.000,0.000,1280.000,720.000
0.000,0.000,1280.000,720.000
0.000,0.000,1280.000,720.000
0.000,0.000,1280.000,720.000
0.000,0.000,1280.000,720.000
0.000,0.000,1280.000,720.000
0.000,0.000,1280.000,720.000
0.000,0.000,1280.000,720.000
0.000,0.000,1280.000,720.000
0.000,0.000,1280.000,720.000
0.000,0.000,1280.000,720.000
0.000,0.000,1280.000,720.000
0.000,0.000,1280.000,720.000
0.000,0.000,1280.000,720.000
0.000,0.000,1280.000,720.000
0.000,0.000,1280.000,720.000
0.000,0.000,1280.000,720.000
0.000,0.000,1280.000,720.000
0.000,0.000,1280.000,720.000
0.000,0.000,1280.000,720.000
0.000,0.000,1280.000,720.000
0.000,0.000,1280.000,720.000
0.000,0.000,1280.000,720.000
0.000,0.000,1280.000,720.000
0.000,0.000,1280.000,720.000
0.000,0.000,1280.000,720.000
0.000,0.000,1280.000,720.000
0.000,0.000,1280.000,720.000
0.000,0.000,1280.000,720.000
819.000,0.000,38.000,7.000
819.000,0.000,38.000,7.000
0.000,0.000,1280.000,720.000
819.000,0.000,38.000,7.000
819.000,0.000,38.000,7.000
819.000,0.000,38.000,7.000
819.000,0.000,38.000,7.000
0.000,0.000,1280.000,720.000
862.000,2.000,35.000,13.000
862.000,2.000,35.000,13.000
862.000,2.000,35.000,13.000
862.000,2.000,35.000,13.000
862.000,2.000,35.000,13.000
862.000,2.000,35.000,13.000
862.000,2.000,35.000,13.000
862.000,2.000,35.000,13.000
862.000,2.000,35.000,13.000
905.000,0.000,33.000,17.000
905.000,0.000,30.000,16.000
926.000,0.000,35.000,18.000
935.000,0.000,35.000,19.000
952.000,0.000,40.000,21.000
966.000,0.000,44.000,22.000
980.000,0.000,51.000,24.000
981.000,0.000,52.000,24.000
995.000,0.000,53.000,24.000
1008.000,2.000,54.000,26.000
1022.000,4.000,51.000,25.000
1035.000,6.000,52.000,28.000
1049.000,9.000,51.000,25.000
1051.000,8.000,51.000,25.000
1064.000,11.000,51.000,26.000
1077.000,13.000,49.000,25.000
1090.000,16.000,50.000,24.000
1103.000,18.000,50.000,24.000
1117.000,22.000,48.000,25.000
1117.000,22.000,49.000,24.000
1131.000,25.000,48.000,25.000
1144.000,30.000,47.000,24.000
1157.000,32.000,46.000,25.000
1170.000,36.000,46.000,24.000
1183.000,40.000,46.000,24.000
1184.000,39.000,45.000,24.000
1197.000,45.000,44.000,23.000
1208.000,48.000,46.000,23.000
1220.000,50.000,45.000,24.000
1233.000,56.000,44.000,24.000
1244.000,61.000,35.000,22.000
1245.000,60.000,33.000,22.000
1258.000,65.000,28.000,22.000
1270.000,74.000,22.000,16.000
1270.000,74.000,22.000,16.000
1270.000,74.000,22.000,16.000
1270.000,74.000,22.000,16.000
1270.000,74.000,22.000,16.000
1228.000,99.000,21.000,12.000
1242.000,104.000,20.000,11.000
1256.000,109.000,18.000,9.000
1264.000,115.000,16.000,11.000
1248.000,105.000,16.000,14.000
1248.000,107.000,18.000,17.000
1258.000,111.000,20.000,18.000
1262.000,117.000,19.000,19.000
1273.000,125.000,17.000,16.000
1267.000,156.000,17.000,13.000
0.000,0.000,1280.000,720.000
0.000,0.000,1280.000,720.000
0.000,0.000,1280.000,720.000
0.000,0.000,1280.000,720.000
0.000,0.000,1280.000,720.000
1238.000,154.000,18.000,17.000
1257.000,158.000,20.000,19.000
1256.000,157.000,23.000,20.000
1261.000,166.000,20.000,18.000
1261.000,166.000,20.000,18.000
1261.000,166.000,20.000,18.000
1261.000,166.000,20.000,18.000
1261.000,123.000,18.000,17.000
1260.000,105.000,20.000,21.000
1242.000,127.000,24.000,17.000
1246.000,134.000,27.000,15.000
1247.000,139.000,30.000,14.000
1255.000,145.000,27.000,13.000
1262.000,151.000,24.000,13.000
1261.000,152.000,23.000,11.000
1239.000,145.000,22.000,9.000
1251.000,149.000,21.000,8.000
1262.000,152.000,18.000,8.000
1262.000,152.000,18.000,8.000
1262.000,152.000,18.000,8.000
0.000,0.000,1280.000,720.000
0.000,0.000,1280.000,720.000
1238.000,126.000,15.000,9.000
1248.000,132.000,15.000,7.000
1257.000,135.000,15.000,6.000
1266.000,138.000,13.000,6.000
1266.000,138.000,13.000,6.000
1273.000,143.000,11.000,7.000
1269.000,142.000,11.000,7.000
1269.000,142.000,11.000,7.000
1269.000,142.000,11.000,7.000
1269.000,142.000,11.000,7.000
1269.000,142.000,11.000,7.000
0.000,0.000,1280.000,720.000
1250.000,125.000,11.000,9.000
1231.000,142.000,13.000,12.000
1241.000,144.000,15.000,15.000
1250.000,148.000,16.000,18.000
1249.000,147.000,16.000,17.000
1259.000,151.000,18.000,19.000
1259.000,152.000,21.000,21.000
1249.000,124.000,20.000,17.000
1257.000,131.000,22.000,13.000
1259.000,134.000,22.000,12.000
1261.000,134.000,19.000,11.000
1253.000,136.000,19.000,12.000
1258.000,138.000,21.000,14.000
1258.000,139.000,21.000,12.000
1262.000,143.000,22.000,12.000
1266.000,146.000,19.000,13.000
1266.000,145.000,16.000,15.000
1246.000,171.000,17.000,15.000
1249.000,171.000,20.000,17.000
1255.000,172.000,22.000,19.000
1259.000,172.000,22.000,18.000
1259.000,146.000,19.000,13.000
1260.000,145.000,18.000,11.000
1265.000,144.000,16.000,12.000
1268.000,165.000,14.000,14.000
1268.000,165.000,14.000,14.000
0.000,0.000,1280.000,720.000
1260.000,154.000,13.000,14.000
1260.000,154.000,13.000,14.000
1267.000,153.000,12.000,16.000
1237.000,169.000,13.000,16.000
1244.000,170.000,12.000,15.000
1251.000,171.000,13.000,13.000
1254.000,166.000,15.000,14.000
1254.000,168.000,16.000,14.000
1258.000,166.000,15.000,14.000
1264.000,165.000,15.000,15.000
1264.000,165.000,15.000,15.000
1263.000,135.000,17.000,16.000
1263.000,135.000,17.000,16.000
1263.000,135.000,17.000,16.000
1252.000,138.000,19.000,20.000
1252.000,138.000,21.000,20.000
1252.000,135.000,22.000,23.000
1251.000,133.000,26.000,26.000
1248.000,130.000,29.000,28.000
1246.000,126.000,31.000,30.000
1246.000,121.000,34.000,36.000
1243.000,117.000,36.000,39.000
1244.000,113.000,36.000,45.000
1244.000,112.000,35.000,47.000
1242.000,106.000,39.000,54.000
1242.000,107.000,39.000,52.000
1240.000,103.000,40.000,55.000
1243.000,99.000,38.000,56.000
1241.000,99.000,41.000,53.000
1238.000,96.000,41.000,52.000
1243.000,92.000,36.000,56.000
1243.000,91.000,36.000,57.000
1240.000,85.000,39.000,59.000
1238.000,83.000,41.000,57.000
1237.000,82.000,40.000,56.000
1241.000,78.000,38.000,58.000
1241.000,75.000,38.000,59.000
1244.000,76.000,36.000,60.000
1245.000,69.000,35.000,57.000
1249.000,67.000,31.000,58.000
1254.000,63.000,26.000,63.000
1255.000,60.000,25.000,58.000
1255.000,54.000,24.000,51.000
1253.000,57.000,26.000,47.000
1255.000,53.000,24.000,46.000
1257.000,48.000,23.000,49.000
1258.000,44.000,22.000,47.000
1258.000,42.000,22.000,43.000
1259.000,39.000,22.000,42.000
1257.000,37.000,22.000,42.000
1259.000,32.000,21.000,43.000
1259.000,28.000,20.000,41.000
1240.000,62.000,26.000,35.000
1259.000,25.000,21.000,37.000
1261.000,20.000,19.000,41.000
1261.000,18.000,19.000,40.000
1266.000,20.000,16.000,34.000
1268.000,19.000,14.000,33.000
1271.000,19.000,9.000,30.000
1260.000,34.000,11.000,29.000
1259.000,29.000,14.000,27.000
1258.000,30.000,17.000,26.000
1260.000,28.000,20.000,25.000
1262.000,23.000,18.000,22.000
1270.000,18.000,12.000,19.000
1270.000,18.000,12.000,19.000
1270.000,18.000,12.000,19.000
0.000,0.000,1280.000,720.000
0.000,0.000,1280.000,720.000
0.000,0.000,1280.000,720.000
0.000,0.000,1280.000,720.000
0.000,0.000,1280.000,720.000
0.000,0.000,1280.000,720.000
0.000,0.000,1280.000,720.000
0.000,0.000,1280.000,720.000
0.000,0.000,1280.000,720.000
0.000,0.000,1280.000,720.000
0.000,0.000,1280.000,720.000
0.000,0.000,1280.000,720.000
0.000,0.000,1280.000,720.000
0.000,0.000,1280.000,720.000
0.000,0.000,1280.000,720.000
1265.000,57.000,15.000,18.000
1262.000,59.000,17.000,19.000
1262.000,73.000,19.000,20.000
1262.000,71.000,20.000,23.000
1264.000,70.000,21.000,28.000
1271.000,63.000,19.000,25.000
0.000,0.000,1280.000,720.000
0.000,0.000,1280.000,720.000
0.000,0.000,1280.000,720.000
0.000,0.000,1280.000,720.000
0.000,0.000,1280.000,720.000
0.000,0.000,1280.000,720.000
0.000,0.000,1280.000,720.000
0.000,0.000,1280.000,720.000
0.000,0.000,1280.000,720.000
0.000,0.000,1280.000,720.000
0.000,0.000,1280.000,720.000
1266.000,12.000,20.000,32.000
0.000,0.000,1280.000,720.000
0.000,0.000,1280.000,720.000
1253.000,8.000,25.000,40.000
1251.000,0.000,32.000,46.000
1255.000,1.000,27.000,48.000
1261.000,0.000,21.000,44.000
1250.000,0.000,27.000,48.000
1252.000,0.000,35.000,48.000
1253.000,0.000,33.000,47.000
0.000,0.000,1280.000,720.000
0.000,0.000,1280.000,720.000
0.000,0.000,1280.000,720.000
0.000,0.000,1280.000,720.000
0.000,0.000,1280.000,720.000
0.000,0.000,1280.000,720.000
0.000,0.000,1280.000,720.000
0.000,0.000,1280.000,720.000
0.000,0.000,1280.000,720.000
0.000,0.000,1280.000,720.000
0.000,0.000,1280.000,720.000
0.000,0.000,1280.000,720.000
0.000,0.000,1280.000,720.000
0.000,0.000,1280.000,720.000
0.000,0.000,1280.000,720.000
0.000,0.000,1280.000,720.000
0.000,0.000,1280.000,720.000
0.000,0.000,1280.000,720.000
0.000,0.000,1280.000,720.000
0.000,0.000,1280.000,720.000
0.000,0.000,1280.000,720.000
0.000,0.000,1280.000,720.000
0.000,0.000,1280.000,720.000
0.000,0.000,1280.000,720.000
0.000,0.000,1280.000,720.000
0.000,0.000,1280.000,720.000
0.000,0.000,1280.000,720.000
0.000,0.000,1280.000,720.000
0.000,0.000,1280.000,720.000
0.000,0.000,1280.000,720.000
0.000,0.000,1280.000,720.000
0.000,0.000,1280.000,720.000
0.000,0.000,1280.000,720.000
0.000,0.000,1280.000,720.000
0.000,0.000,1280.000,720.000
0.000,0.000,1280.000,720.000
0.000,0.000,1280.000,720.000
0.000,0.000,1280.000,720.000
0.000,0.000,1280.000,720.000
0.000,0.000,1280.000,720.000
0.000,0.000,1280.000,720.000
0.000,0.000,1280.000,720.000
0.000,0.000,1280.000,720.000
0.000,0.000,1280.000,720.000
0.000,0.000,1280.000,720.000
0.000,0.000,1280.000,720.000
0.000,0.000,1280.000,720.000
0.000,0.000,1280.000,720.000
0.000,0.000,1280.000,720.000
0.000,0.000,1280.000,720.000
0.000,0.000,1280.000,720.000
0.000,0.000,1280.000,720.000
0.000,0.000,1280.000,720.000
0.000,0.000,1280.000,720.000
0.000,0.000,1280.000,720.000
0.000,0.000,1280.000,720.000
0.000,0.000,1280.000,720.000
0.000,0.000,1280.000,720.000
1255.000,0.000,24.000,41.000
1255.000,0.000,24.000,41.000
0.000,0.000,1280.000,720.000
0.000,0.000,1280.000,720.000
0.000,0.000,1280.000,720.000
0.000,0.000,1280.000,720.000
0.000,0.000,1280.000,720.000
0.000,0.000,1280.000,720.000
0.000,0.000,1280.000,720.000
0.000,0.000,1280.000,720.000
0.000,0.000,1280.000,720.000
1196.000,35.000,26.000,28.000
1206.000,36.000,24.000,26.000
1214.000,37.000,26.000,27.000
1215.000,38.000,25.000,27.000
1225.000,40.000,26.000,25.000
1233.000,40.000,28.000,25.000
1242.000,40.000,28.000,26.000
1251.000,43.000,26.000,25.000
1262.000,43.000,20.000,25.000
1261.000,43.000,18.000,25.000
1268.000,45.000,14.000,27.000
1263.000,34.000,16.000,31.000
1216.000,70.000,16.000,33.000
1219.000,71.000,20.000,34.000
1256.000,36.000,24.000,31.000
1256.000,39.000,24.000,27.000
1263.000,38.000,20.000,27.000
1251.000,76.000,17.000,25.000
1257.000,115.000,21.000,28.000
1256.000,81.000,23.000,31.000
1259.000,82.000,16.000,37.000
1259.000,83.000,15.000,38.000
1266.000,84.000,13.000,38.000
1264.000,92.000,15.000,35.000
1265.000,43.000,13.000,32.000
1265.000,43.000,13.000,32.000
1265.000,43.000,13.000,32.000
1265.000,43.000,13.000,32.000
1265.000,43.000,13.000,32.000
1265.000,43.000,13.000,32.000
1265.000,43.000,13.000,32.000
1250.000,12.000,18.000,33.000
1255.000,14.000,24.000,31.000
1253.000,15.000,26.000,30.000
1255.000,20.000,24.000,28.000
1259.000,25.000,21.000,29.000
1262.000,36.000,18.000,32.000
1271.000,31.000,12.000,33.000
1257.000,69.000,14.000,29.000
1256.000,68.000,21.000,30.000
1255.000,74.000,25.000,27.000
1252.000,76.000,28.000,28.000
1254.000,40.000,25.000,30.000
1260.000,44.000,23.000,31.000
1262.000,49.000,20.000,34.000
1263.000,49.000,18.000,28.000
1266.000,55.000,14.000,27.000
1272.000,61.000,14.000,27.000
1272.000,69.000,13.000,28.000
1260.000,107.000,17.000,26.000
1262.000,109.000,18.000,25.000
1261.000,113.000,19.000,20.000
1264.000,119.000,19.000,19.000
1266.000,122.000,16.000,16.000
1271.000,128.000,14.000,16.000
1271.000,128.000,14.000,16.000
0.000,0.000,1280.000,720.000
0.000,0.000,1280.000,720.000
0.000,0.000,1280.000,720.000
1250.000,96.000,17.000,16.000
1250.000,96.000,17.000,16.000
1261.000,115.000,17.000,15.000
1261.000,115.000,17.000,15.000
1261.000,115.000,17.000,15.000
1262.000,122.000,16.000,16.000
1265.000,127.000,15.000,16.000
1266.000,130.000,14.000,19.000
1267.000,133.000,13.000,20.000
1269.000,141.000,12.000,22.000
1270.000,139.000,10.000,23.000
1270.000,139.000,10.000,23.000
0.000,0.000,1280.000,720.000
1270.000,139.000,10.000,23.000
0.000,0.000,1280.000,720.000
1270.000,139.000,10.000,23.000
1270.000,139.000,10.000,23.000
0.000,0.000,1280.000,720.000
0.000,0.000,1280.000,720.000
0.000,0.000,1280.000,720.000
0.000,0.000,1280.000,720.000
0.000,0.000,1280.000,720.000
0.000,0.000,1280.000,720.000
0.000,0.000,1280.000,720.000
0.000,0.000,1280.000,720.000
0.000,0.000,1280.000,720.000
1270.000,139.000,10.000,23.000
1270.000,139.000,10.000,23.000
0.000,0.000,1280.000,720.000
0.000,0.000,1280.000,720.000
0.000,0.000,1280.000,720.000
0.000,0.000,1280.000,720.000
0.000,0.000,1280.000,720.000
0.000,0.000,1280.000,720.000
0.000,0.000,1280.000,720.000
0.000,0.000,1280.000,720.000
0.000,0.000,1280.000,720.000
0.000,0.000,1280.000,720.000
0.000,0.000,1280.000,720.000
0.000,0.000,1280.000,720.000
0.000,0.000,1280.000,720.000
0.000,0.000,1280.000,720.000
0.000,0.000,1280.000,720.000
0.000,0.000,1280.000,720.000
0.000,0.000,1280.000,720.000
0.000,0.000,1280.000,720.000
0.000,0.000,1280.000,720.000
0.000,0.000,1280.000,720.000
0.000,0.000,1280.000,720.000
0.000,0.000,1280.000,720.000
0.000,0.000,1280.000,720.000
0.000,0.000,1280.000,720.000
0.000,0.000,1280.000,720.000
0.000,0.000,1280.000,720.000
0.000,0.000,1280.000,720.000
0.000,0.000,1280.000,720.000
0.000,0.000,1280.000,720.000
0.000,0.000,1280.000,720.000
0.000,0.000,1280.000,720.000
0.000,0.000,1280.000,720.000
0.000,0.000,1280.000,720.000
0.000,0.000,1280.000,720.000
0.000,0.000,1280.000,720.000
0.000,0.000,1280.000,720.000
0.000,0.000,1280.000,720.000
0.000,0.000,1280.000,720.000
0.000,0.000,1280.000,720.000
0.000,0.000,1280.000,720.000
0.000,0.000,1280.000,720.000
0.000,0.000,1280.000,720.000
0.000,0.000,1280.000,720.000
0.000,0.000,1280.000,720.000
1258.000,108.000,13.000,18.000
1252.000,112.000,12.000,17.000
1252.000,112.000,12.000,17.000
1235.000,117.000,15.000,19.000
1235.000,117.000,15.000,19.000
1235.000,117.000,15.000,19.000
1264.000,84.000,16.000,13.000
1260.000,86.000,15.000,15.000
1251.000,90.000,16.000,15.000
1263.000,79.000,16.000,18.000
1265.000,78.000,15.000,19.000
1263.000,83.000,17.000,18.000
1260.000,101.000,19.000,16.000
1248.000,104.000,21.000,14.000
1239.000,106.000,22.000,16.000
1263.000,105.000,18.000,13.000
1265.000,105.000,15.000,13.000
1264.000,79.000,16.000,12.000
1267.000,98.000,14.000,13.000
1259.000,100.000,17.000,16.000
1243.000,105.000,21.000,17.000
1228.000,110.000,24.000,17.000
1228.000,109.000,24.000,17.000
1214.000,115.000,23.000,18.000
1200.000,120.000,24.000,18.000
1188.000,126.000,23.000,17.000
1175.000,130.000,22.000,17.000
1164.000,135.000,22.000,17.000
1163.000,135.000,24.000,16.000
1151.000,141.000,25.000,17.000
1139.000,146.000,24.000,17.000
1127.000,152.000,23.000,16.000
1115.000,157.000,21.000,17.000
1102.000,162.000,23.000,16.000
