438.000,33.000,127.000,132.000
444.000,32.000,120.000,130.000
458.000,42.000,115.000,129.000
466.000,49.000,107.000,123.000
476.000,67.000,100.000,109.000
486.000,79.000,93.000,103.000
489.000,91.000,92.000,96.000
488.000,93.000,92.000,92.000
494.000,89.000,84.000,103.000
502.000,102.000,80.000,95.000
503.000,109.000,82.000,93.000
507.000,123.000,78.000,84.000
510.000,124.000,77.000,87.000
508.000,128.000,77.000,83.000
510.000,130.000,82.000,85.000
505.000,133.000,86.000,83.000
507.000,134.000,83.000,79.000
497.000,127.000,91.000,85.000
501.000,130.000,85.000,83.000
500.000,128.000,86.000,85.000
502.000,133.000,83.000,82.000
497.000,133.000,83.000,78.000
492.000,134.000,93.000,77.000
489.000,132.000,96.000,79.000
511.000,132.000,72.000,75.000
511.000,134.000,74.000,75.000
511.000,136.000,74.000,75.000
510.000,135.000,74.000,75.000
504.000,136.000,82.000,76.000
509.000,134.000,79.000,78.000
508.000,128.000,81.000,79.000
506.000,132.000,82.000,79.000
494.000,123.000,92.000,86.000
496.000,119.000,94.000,90.000
497.000,116.000,91.000,88.000
496.000,122.000,92.000,84.000
497.000,133.000,89.000,70.000
496.000,115.000,91.000,91.000
495.000,116.000,94.000,90.000
501.000,123.000,87.000,81.000
500.000,115.000,91.000,90.000
499.000,126.000,87.000,78.000
498.000,125.000,87.000,77.000
495.000,118.000,94.000,85.000
502.000,123.000,85.000,82.000
501.000,128.000,85.000,78.000
504.000,123.000,81.000,80.000
505.000,123.000,80.000,80.000
511.000,130.000,77.000,72.000
508.000,128.000,80.000,73.000
504.000,126.000,83.000,74.000
502.000,127.000,84.000,73.000
505.000,124.000,83.000,74.000
501.000,119.000,86.000,79.000
503.000,122.000,86.000,76.000
504.000,121.000,86.000,78.000
496.000,116.000,94.000,86.000
502.000,116.000,89.000,82.000
495.000,117.000,97.000,81.000
501.000,116.000,90.000,78.000
501.000,116.000,87.000,81.000
500.000,114.000,88.000,79.000
503.000,115.000,85.000,79.000
504.000,115.000,84.000,79.000
510.000,114.000,81.000,80.000
507.000,111.000,86.000,81.000
512.000,109.000,81.000,84.000
515.000,109.000,78.000,86.000
519.000,110.000,74.000,84.000
511.000,110.000,78.000,83.000
513.000,113.000,77.000,79.000
509.000,111.000,77.000,78.000
511.000,111.000,77.000,79.000
507.000,107.000,79.000,81.000
515.000,110.000,73.000,81.000
512.000,109.000,78.000,81.000
509.000,110.000,78.000,80.000
507.000,111.000,81.000,79.000
503.000,111.000,83.000,76.000
507.000,112.000,77.000,76.000
502.000,112.000,82.000,69.000
500.000,108.000,81.000,74.000
506.000,107.000,77.000,76.000
501.000,104.000,80.000,86.000
506.000,100.000,77.000,85.000
507.000,101.000,76.000,85.000
508.000,98.000,74.000,91.000
507.000,103.000,77.000,82.000
504.000,99.000,85.000,85.000
513.000,101.000,83.000,82.000
508.000,98.000,95.000,78.000
500.000,99.000,101.000,77.000
505.000,88.000,94.000,88.000
509.000,94.000,98.000,82.000
504.000,96.000,102.000,81.000
501.000,96.000,109.000,85.000
499.000,94.000,110.000,81.000
494.000,98.000,119.000,80.000
499.000,99.000,112.000,80.000
501.000,97.000,110.000,83.000
501.000,95.000,111.000,83.000
505.000,101.000,107.000,77.000
504.000,97.000,109.000,81.000
501.000,99.000,115.000,80.000
501.000,93.000,117.000,88.000
527.000,95.000,96.000,82.000
541.000,95.000,82.000,79.000
538.000,89.000,86.000,86.000
539.000,91.000,83.000,82.000
539.000,90.000,85.000,85.000
541.000,92.000,83.000,85.000
543.000,93.000,82.000,84.000
537.000,93.000,88.000,83.000
541.000,93.000,85.000,84.000
537.000,87.000,87.000,88.000
542.000,88.000,84.000,87.000
543.000,89.000,83.000,86.000
542.000,93.000,85.000,82.000
543.000,93.000,85.000,83.000
548.000,89.000,80.000,84.000
546.000,89.000,83.000,81.000
550.000,90.000,78.000,80.000
554.000,93.000,75.000,79.000
553.000,93.000,79.000,83.000
556.000,91.000,74.000,79.000
549.000,90.000,81.000,78.000
544.000,92.000,87.000,79.000
539.000,88.000,91.000,82.000
541.000,92.000,89.000,80.000
543.000,92.000,90.000,78.000
548.000,82.000,86.000,89.000
536.000,83.000,99.000,86.000
545.000,81.000,93.000,86.000
551.000,82.000,82.000,83.000
556.000,81.000,76.000,84.000
558.000,83.000,73.000,83.000
558.000,79.000,74.000,83.000
559.000,78.000,77.000,82.000
560.000,82.000,76.000,76.000
557.000,82.000,78.000,77.000
562.000,85.000,76.000,73.000
557.000,86.000,78.000,70.000
556.000,84.000,77.000,72.000
553.000,83.000,81.000,71.000
554.000,80.000,80.000,78.000
553.000,80.000,82.000,73.000
551.000,80.000,86.000,75.000
552.000,80.000,85.000,74.000
554.000,77.000,85.000,77.000
556.000,78.000,82.000,74.000
550.000,77.000,88.000,70.000
560.000,79.000,77.000,72.000
560.000,80.000,78.000,73.000
558.000,81.000,78.000,72.000
553.000,76.000,83.000,68.000
556.000,78.000,84.000,67.000
561.000,83.000,84.000,68.000
552.000,77.000,82.000,73.000
557.000,80.000,81.000,70.000
558.000,79.000,87.000,71.000
559.000,77.000,84.000,70.000
559.000,78.000,88.000,66.000
562.000,78.000,87.000,67.000
561.000,78.000,88.000,69.000
559.000,79.000,87.000,68.000
550.000,76.000,96.000,74.000
572.000,85.000,75.000,66.000
568.000,84.000,80.000,64.000
538.000,73.000,106.000,78.000
538.000,73.000,109.000,77.000
564.000,78.000,82.000,71.000
567.000,79.000,82.000,71.000
560.000,79.000,87.000,71.000
559.000,77.000,91.000,74.000
557.000,75.000,93.000,77.000
557.000,73.000,94.000,81.000
555.000,74.000,91.000,77.000
561.000,71.000,90.000,78.000
556.000,73.000,93.000,77.000
553.000,74.000,94.000,78.000
553.000,72.000,98.000,76.000
549.000,71.000,98.000,78.000
551.000,72.000,100.000,75.000
550.000,72.000,100.000,76.000
548.000,72.000,101.000,78.000
547.000,72.000,104.000,77.000
551.000,69.000,95.000,80.000
548.000,69.000,97.000,76.000
550.000,74.000,100.000,76.000
550.000,72.000,99.000,72.000
555.000,73.000,98.000,77.000
550.000,74.000,97.000,78.000
550.000,73.000,101.000,78.000
547.000,74.000,102.000,77.000
545.000,75.000,102.000,83.000
548.000,74.000,103.000,75.000
555.000,72.000,95.000,74.000
555.000,73.000,95.000,72.000
555.000,72.000,95.000,72.000
557.000,71.000,92.000,72.000
559.000,72.000,89.000,71.000
556.000,73.000,93.000,70.000
554.000,69.000,95.000,72.000
555.000,64.000,93.000,75.000
562.000,67.000,86.000,72.000
565.000,66.000,80.000,72.000
560.000,67.000,89.000,70.000
558.000,65.000,90.000,74.000
560.000,67.000,89.000,71.000
564.000,69.000,86.000,67.000
563.000,66.000,87.000,69.000
562.000,66.000,87.000,68.000
565.000,59.000,84.000,70.000
565.000,66.000,82.000,71.000
566.000,65.000,83.000,70.000
567.000,67.000,80.000,69.000
570.000,62.000,76.000,73.000
569.000,58.000,81.000,74.000
573.000,59.000,76.000,74.000
578.000,65.000,69.000,74.000
572.000,61.000,75.000,71.000
572.000,58.000,75.000,74.000
574.000,58.000,73.000,76.000
574.000,61.000,73.000,76.000
573.000,56.000,75.000,77.000
574.000,57.000,78.000,80.000
579.000,62.000,78.000,74.000
584.000,61.000,77.000,73.000
583.000,52.000,81.000,82.000
583.000,56.000,83.000,77.000
586.000,56.000,88.000,79.000
595.000,63.000,83.000,78.000
593.000,64.000,84.000,75.000
595.000,65.000,84.000,76.000
589.000,59.000,74.000,82.000
590.000,61.000,89.000,80.000
591.000,63.000,87.000,77.000
590.000,60.000,91.000,80.000
593.000,58.000,90.000,81.000
597.000,56.000,86.000,82.000
600.000,52.000,79.000,85.000
600.000,53.000,81.000,86.000
599.000,56.000,85.000,80.000
602.000,57.000,82.000,82.000
604.000,58.000,80.000,82.000
613.000,60.000,70.000,79.000
616.000,60.000,70.000,81.000
604.000,59.000,84.000,80.000
606.000,58.000,84.000,81.000
604.000,53.000,85.000,86.000
596.000,61.000,95.000,76.000
595.000,57.000,85.000,83.000
592.000,60.000,93.000,83.000
604.000,60.000,72.000,79.000
606.000,60.000,80.000,82.000
611.000,64.000,84.000,80.000
611.000,59.000,86.000,80.000
614.000,56.000,82.000,83.000
613.000,59.000,82.000,83.000
615.000,57.000,81.000,84.000
608.000,58.000,85.000,83.000
607.000,59.000,82.000,82.000
606.000,62.000,81.000,79.000
610.000,64.000,78.000,77.000
615.000,63.000,79.000,81.000
615.000,62.000,76.000,79.000
624.000,64.000,72.000,75.000
628.000,67.000,71.000,72.000
629.000,62.000,69.000,76.000
631.000,61.000,67.000,79.000
624.000,60.000,71.000,77.000
624.000,60.000,72.000,75.000
626.000,61.000,69.000,77.000
623.000,58.000,72.000,84.000
623.000,61.000,76.000,79.000
623.000,58.000,77.000,77.000
626.000,63.000,76.000,78.000
625.000,61.000,75.000,82.000
627.000,62.000,72.000,80.000
628.000,49.000,70.000,92.000
625.000,52.000,73.000,88.000
624.000,55.000,72.000,86.000
624.000,56.000,73.000,85.000
623.000,57.000,74.000,86.000
627.000,55.000,75.000,85.000
625.000,53.000,74.000,86.000
625.000,51.000,77.000,89.000
628.000,56.000,76.000,85.000
626.000,49.000,75.000,91.000
625.000,49.000,76.000,91.000
628.000,61.000,73.000,84.000
625.000,47.000,75.000,95.000
625.000,45.000,75.000,96.000
625.000,42.000,78.000,101.000
625.000,41.000,82.000,103.000
627.000,41.000,81.000,102.000
630.000,39.000,75.000,105.000
635.000,37.000,75.000,107.000
636.000,35.000,74.000,109.000
644.000,34.000,70.000,105.000
641.000,36.000,73.000,105.000
641.000,36.000,73.000,105.000
645.000,33.000,68.000,108.000
644.000,31.000,72.000,106.000
643.000,30.000,78.000,105.000
645.000,28.000,74.000,105.000
647.000,30.000,71.000,110.000
649.000,30.000,71.000,108.000
643.000,32.000,80.000,110.000
638.000,31.000,80.000,107.000
636.000,37.000,76.000,98.000
637.000,41.000,73.000,98.000
639.000,48.000,76.000,90.000
638.000,50.000,74.000,84.000
639.000,55.000,81.000,82.000
642.000,58.000,83.000,74.000
643.000,56.000,80.000,79.000
640.000,57.000,82.000,79.000
637.000,59.000,85.000,74.000
636.000,58.000,85.000,73.000
642.000,62.000,81.000,85.000
637.000,53.000,84.000,82.000
649.000,57.000,77.000,76.000
654.000,59.000,73.000,78.000
660.000,60.000,70.000,81.000
663.000,71.000,64.000,71.000
662.000,72.000,68.000,70.000
659.000,70.000,68.000,72.000
652.000,70.000,71.000,78.000
658.000,66.000,64.000,77.000
657.000,65.000,65.000,79.000
656.000,67.000,67.000,79.000
656.000,62.000,69.000,82.000
660.000,61.000,66.000,85.000
664.000,59.000,67.000,84.000
655.000,62.000,75.000,92.000
657.000,59.000,74.000,84.000
660.000,66.000,69.000,84.000
659.000,58.000,69.000,89.000
653.000,56.000,73.000,94.000
648.000,59.000,81.000,85.000
655.000,62.000,78.000,86.000
647.000,61.000,91.000,81.000
647.000,60.000,85.000,83.000
651.000,61.000,87.000,84.000
650.000,64.000,86.000,80.000
656.000,64.000,78.000,79.000
651.000,63.000,80.000,78.000
658.000,59.000,71.000,95.000
654.000,62.000,73.000,89.000
653.000,56.000,76.000,94.000
654.000,60.000,78.000,85.000
654.000,49.000,86.000,92.000
655.000,54.000,85.000,93.000
657.000,54.000,88.000,92.000
656.000,57.000,88.000,89.000
655.000,54.000,92.000,98.000
654.000,56.000,96.000,95.000
657.000,89.000,84.000,69.000
654.000,88.000,85.000,67.000
657.000,92.000,85.000,61.000
655.000,91.000,82.000,64.000
658.000,91.000,90.000,61.000
659.000,90.000,95.000,63.000
660.000,87.000,94.000,68.000
658.000,83.000,92.000,74.000
655.000,88.000,100.000,72.000
657.000,92.000,97.000,67.000
658.000,90.000,99.000,73.000
660.000,86.000,94.000,73.000
660.000,84.000,94.000,76.000
660.000,70.000,93.000,87.000
660.000,85.000,88.000,79.000
655.000,75.000,94.000,84.000
662.000,89.000,86.000,75.000
660.000,90.000,89.000,75.000
666.000,92.000,83.000,70.000
659.000,83.000,91.000,79.000
663.000,94.000,87.000,70.000
666.000,91.000,83.000,78.000
658.000,93.000,89.000,71.000
654.000,95.000,92.000,72.000
668.000,93.000,80.000,72.000
672.000,103.000,78.000,63.000
683.000,102.000,68.000,67.000
684.000,104.000,65.000,63.000
685.000,105.000,66.000,61.000
683.000,99.000,64.000,70.000
685.000,102.000,65.000,66.000
684.000,100.000,64.000,69.000
684.000,98.000,64.000,74.000
682.000,99.000,66.000,71.000
685.000,97.000,63.000,74.000
685.000,95.000,64.000,75.000
685.000,93.000,67.000,78.000
686.000,90.000,65.000,83.000
684.000,93.000,69.000,79.000
683.000,93.000,70.000,78.000
682.000,92.000,71.000,79.000
683.000,93.000,71.000,80.000
691.000,95.000,66.000,78.000
688.000,92.000,71.000,77.000
692.000,93.000,68.000,80.000
690.000,92.000,72.000,79.000
693.000,93.000,69.000,80.000
689.000,95.000,71.000,81.000
687.000,89.000,73.000,85.000
687.000,89.000,72.000,84.000
687.000,96.000,75.000,75.000
685.000,89.000,73.000,85.000
684.000,97.000,74.000,77.000
683.000,94.000,78.000,81.000
683.000,99.000,80.000,76.000
686.000,93.000,79.000,81.000
689.000,95.000,78.000,81.000
686.000,91.000,80.000,84.000
684.000,82.000,82.000,96.000
684.000,100.000,84.000,80.000
689.000,84.000,79.000,94.000
685.000,72.000,81.000,105.000
689.000,102.000,82.000,78.000
689.000,94.000,78.000,84.000
689.000,105.000,80.000,79.000
693.000,107.000,79.000,77.000
694.000,107.000,76.000,76.000
686.000,105.000,82.000,77.000
685.000,106.000,82.000,77.000
690.000,106.000,79.000,76.000
690.000,109.000,79.000,78.000
690.000,112.000,83.000,74.000
691.000,111.000,81.000,74.000
694.000,107.000,78.000,78.000
692.000,105.000,78.000,82.000
692.000,106.000,78.000,79.000
690.000,115.000,79.000,75.000
687.000,117.000,84.000,76.000
685.000,110.000,83.000,84.000
687.000,110.000,79.000,86.000
691.000,110.000,73.000,88.000
694.000,106.000,73.000,93.000
688.000,109.000,78.000,92.000
687.000,114.000,79.000,89.000
689.000,118.000,74.000,88.000
683.000,119.000,78.000,89.000
685.000,107.000,77.000,93.000
688.000,107.000,76.000,91.000
688.000,104.000,79.000,94.000
688.000,127.000,77.000,75.000
695.000,116.000,75.000,85.000
695.000,129.000,75.000,73.000
699.000,127.000,69.000,74.000
698.000,128.000,69.000,71.000
697.000,123.000,71.000,76.000
698.000,122.000,72.000,77.000
698.000,122.000,75.000,76.000
701.000,126.000,73.000,76.000
697.000,128.000,75.000,70.000
705.000,135.000,66.000,71.000
696.000,131.000,69.000,75.000
688.000,131.000,78.000,73.000
694.000,132.000,73.000,76.000
689.000,127.000,80.000,80.000
702.000,124.000,74.000,77.000
702.000,121.000,77.000,79.000
703.000,122.000,75.000,79.000
703.000,123.000,72.000,80.000
701.000,119.000,75.000,85.000
711.000,124.000,67.000,81.000
705.000,120.000,75.000,89.000
697.000,124.000,85.000,81.000
698.000,122.000,84.000,84.000
701.000,125.000,84.000,82.000
701.000,126.000,81.000,79.000
686.000,132.000,92.000,76.000
704.000,120.000,76.000,85.000
701.000,118.000,79.000,89.000
709.000,128.000,73.000,79.000
700.000,130.000,85.000,77.000
698.000,131.000,87.000,76.000
703.000,128.000,83.000,81.000
698.000,125.000,90.000,83.000
697.000,129.000,92.000,78.000
698.000,125.000,91.000,85.000
697.000,123.000,91.000,89.000
699.000,114.000,90.000,97.000
703.000,106.000,87.000,103.000
693.000,106.000,91.000,103.000
700.000,106.000,87.000,104.000
704.000,103.000,83.000,106.000
700.000,104.000,91.000,105.000
697.000,104.000,94.000,102.000
695.000,115.000,95.000,97.000
694.000,113.000,91.000,97.000
701.000,125.000,85.000,84.000
699.000,124.000,91.000,85.000
712.000,137.000,78.000,72.000
700.000,120.000,90.000,90.000
698.000,118.000,91.000,92.000
708.000,134.000,79.000,79.000
699.000,121.000,91.000,92.000
698.000,123.000,91.000,92.000
699.000,121.000,94.000,93.000
700.000,137.000,86.000,78.000
701.000,140.000,85.000,79.000
694.000,123.000,96.000,96.000
695.000,119.000,94.000,101.000
695.000,147.000,91.000,75.000
699.000,127.000,92.000,93.000
700.000,128.000,94.000,95.000
700.000,127.000,95.000,91.000
700.000,135.000,89.000,82.000
701.000,137.000,90.000,81.000
704.000,139.000,91.000,78.000
706.000,140.000,91.000,81.000
702.000,142.000,98.000,79.000
706.000,139.000,100.000,79.000
701.000,125.000,110.000,87.000
707.000,140.000,101.000,72.000
706.000,137.000,100.000,75.000
704.000,135.000,106.000,75.000
706.000,132.000,100.000,79.000
707.000,118.000,108.000,92.000
708.000,116.000,109.000,92.000
707.000,108.000,109.000,101.000
711.000,124.000,104.000,82.000
712.000,122.000,108.000,86.000
709.000,120.000,110.000,85.000
711.000,115.000,110.000,89.000
715.000,113.000,110.000,90.000
716.000,113.000,106.000,91.000
730.000,108.000,101.000,95.000
733.000,109.000,107.000,93.000
742.000,105.000,98.000,93.000
745.000,104.000,92.000,96.000
750.000,106.000,87.000,90.000
750.000,104.000,86.000,94.000
753.000,99.000,86.000,98.000
756.000,94.000,86.000,103.000
740.000,111.000,97.000,89.000
737.000,111.000,100.000,82.000
734.000,110.000,100.000,80.000
727.000,109.000,108.000,84.000
739.000,98.000,102.000,94.000
742.000,105.000,97.000,90.000
746.000,114.000,93.000,81.000
734.000,85.000,115.000,108.000
739.000,80.000,107.000,112.000
733.000,80.000,112.000,114.000
732.000,80.000,109.000,112.000
731.000,85.000,114.000,108.000
729.000,90.000,109.000,106.000
742.000,110.000,91.000,88.000
728.000,96.000,112.000,101.000
734.000,110.000,100.000,88.000
719.000,109.000,115.000,88.000
733.000,88.000,111.000,107.000
729.000,88.000,119.000,108.000
720.000,94.000,126.000,103.000
724.000,93.000,117.000,101.000
722.000,92.000,118.000,103.000
724.000,93.000,129.000,106.000
729.000,91.000,129.000,103.000
726.000,91.000,131.000,101.000
724.000,91.000,134.000,107.000
728.000,100.000,128.000,100.000
728.000,90.000,126.000,109.000
722.000,96.000,137.000,106.000
719.000,88.000,143.000,113.000
722.000,107.000,139.000,95.000
721.000,93.000,137.000,109.000
717.000,89.000,130.000,111.000
732.000,98.000,116.000,104.000
732.000,102.000,108.000,107.000
748.000,111.000,90.000,107.000
744.000,111.000,94.000,103.000
743.000,112.000,96.000,98.000
745.000,116.000,95.000,94.000
746.000,114.000,91.000,100.000
744.000,120.000,93.000,103.000
737.000,128.000,100.000,105.000
739.000,141.000,101.000,95.000
736.000,143.000,106.000,92.000
728.000,131.000,113.000,99.000
735.000,132.000,104.000,104.000
744.000,137.000,95.000,97.000
744.000,143.000,89.000,95.000
737.000,143.000,101.000,92.000
730.000,142.000,109.000,94.000
739.000,140.000,97.000,101.000
735.000,138.000,99.000,98.000
730.000,139.000,109.000,99.000
732.000,139.000,113.000,102.000
734.000,139.000,108.000,102.000
747.000,133.000,94.000,105.000
744.000,133.000,98.000,107.000
742.000,134.000,102.000,108.000
750.000,135.000,92.000,106.000
749.000,133.000,96.000,107.000
745.000,133.000,98.000,112.000
768.000,130.000,80.000,122.000
763.000,126.000,85.000,119.000
760.000,128.000,91.000,115.000
753.000,125.000,98.000,118.000
752.000,121.000,102.000,129.000
763.000,132.000,90.000,111.000
760.000,133.000,98.000,108.000
759.000,127.000,100.000,114.000
759.000,126.000,97.000,119.000
759.000,141.000,106.000,104.000
762.000,140.000,103.000,110.000
761.000,127.000,98.000,120.000
762.000,134.000,104.000,116.000
742.000,121.000,127.000,122.000
735.000,123.000,131.000,122.000
768.000,129.000,93.000,120.000
768.000,138.000,94.000,115.000
758.000,128.000,98.000,120.000
761.000,126.000,102.000,130.000
763.000,120.000,104.000,130.000
758.000,120.000,103.000,133.000
758.000,119.000,103.000,138.000
765.000,117.000,96.000,137.000
762.000,118.000,96.000,124.000
762.000,118.000,100.000,121.000
764.000,116.000,95.000,131.000
762.000,118.000,97.000,126.000
760.000,114.000,112.000,139.000
764.000,108.000,112.000,147.000
751.000,106.000,136.000,131.000
765.000,107.000,126.000,130.000
753.000,105.000,140.000,138.000
745.000,105.000,146.000,146.000
750.000,106.000,143.000,133.000
740.000,102.000,143.000,134.000
745.000,101.000,142.000,142.000
746.000,102.000,135.000,147.000
739.000,101.000,148.000,153.000
765.000,98.000,104.000,156.000
762.000,113.000,108.000,154.000
735.000,102.000,155.000,152.000
761.000,132.000,117.000,140.000
745.000,113.000,160.000,143.000
750.000,139.000,157.000,129.000
749.000,143.000,158.000,122.000
751.000,138.000,161.000,136.000
755.000,147.000,157.000,128.000
737.000,104.000,180.000,160.000
743.000,126.000,166.000,138.000
746.000,126.000,167.000,136.000
747.000,126.000,170.000,138.000
749.000,121.000,157.000,142.000
751.000,115.000,159.000,145.000
753.000,114.000,154.000,144.000
758.000,129.000,151.000,130.000
757.000,122.000,164.000,136.000
754.000,116.000,166.000,144.000
760.000,128.000,159.000,125.000
758.000,121.000,165.000,133.000
761.000,118.000,161.000,139.000
763.000,117.000,165.000,138.000
763.000,118.000,165.000,137.000
761.000,116.000,168.000,138.000
760.000,112.000,173.000,141.000
761.000,109.000,169.000,144.000
760.000,96.000,185.000,159.000
755.000,93.000,191.000,161.000
768.000,109.000,178.000,155.000
760.000,101.000,188.000,150.000
748.000,123.000,203.000,130.000
761.000,104.000,193.000,146.000
763.000,109.000,198.000,149.000
758.000,107.000,204.000,158.000
759.000,101.000,202.000,163.000
759.000,104.000,208.000,162.000
757.000,100.000,205.000,156.000
752.000,107.000,213.000,143.000
759.000,104.000,209.000,142.000
765.000,101.000,204.000,147.000
762.000,93.000,206.000,156.000
759.000,99.000,221.000,152.000
759.000,85.000,218.000,159.000
758.000,89.000,217.000,158.000
759.000,96.000,216.000,157.000
767.000,102.000,213.000,162.000
769.000,102.000,196.000,156.000
763.000,102.000,195.000,158.000
777.000,103.000,183.000,151.000
760.000,90.000,192.000,155.000
759.000,100.000,180.000,148.000
765.000,101.000,173.000,150.000
766.000,105.000,175.000,148.000
766.000,106.000,175.000,146.000
778.000,118.000,185.000,143.000
769.000,100.000,195.000,154.000
771.000,96.000,188.000,150.000
770.000,101.000,177.000,143.000
770.000,104.000,179.000,142.000
771.000,106.000,181.000,136.000
767.000,105.000,190.000,141.000
768.000,110.000,180.000,138.000
769.000,100.000,189.000,153.000
771.000,98.000,186.000,153.000
776.000,110.000,178.000,142.000
773.000,102.000,179.000,152.000
770.000,106.000,180.000,152.000
768.000,105.000,178.000,150.000
769.000,104.000,180.000,153.000
775.000,118.000,171.000,136.000
777.000,105.000,169.000,151.000
773.000,113.000,175.000,141.000
776.000,115.000,181.000,138.000
776.000,104.000,168.000,151.000
774.000,105.000,180.000,146.000
767.000,114.000,183.000,137.000
768.000,103.000,174.000,153.000
770.000,99.000,172.000,157.000
769.000,93.000,171.000,162.000
773.000,101.000,171.000,159.000
767.000,87.000,177.000,169.000
768.000,96.000,177.000,174.000
764.000,96.000,169.000,191.000
768.000,95.000,176.000,192.000
764.000,92.000,183.000,200.000
760.000,97.000,172.000,193.000
756.000,88.000,174.000,204.000
762.000,97.000,175.000,202.000
761.000,95.000,174.000,203.000
760.000,99.000,185.000,200.000
753.000,104.000,178.000,195.000
755.000,97.000,183.000,202.000
755.000,105.000,173.000,194.000
755.000,100.000,174.000,208.000
752.000,114.000,169.000,187.000
750.000,108.000,173.000,196.000
749.000,101.000,170.000,201.000
747.000,113.000,177.000,198.000
748.000,113.000,174.000,192.000
748.000,119.000,178.000,198.000
748.000,105.000,180.000,212.000
746.000,103.000,179.000,210.000
746.000,116.000,188.000,202.000
749.000,114.000,183.000,197.000
745.000,107.000,182.000,210.000
751.000,104.000,178.000,223.000
750.000,100.000,184.000,221.000
752.000,111.000,180.000,210.000
750.000,101.000,195.000,215.000
753.000,90.000,189.000,233.000
758.000,94.000,193.000,225.000
756.000,100.000,189.000,213.000
757.000,103.000,182.000,221.000
763.000,100.000,178.000,229.000
758.000,94.000,182.000,229.000
758.000,99.000,179.000,224.000
757.000,112.000,182.000,209.000
760.000,100.000,188.000,216.000
758.000,98.000,190.000,229.000
760.000,102.000,185.000,219.000
760.000,105.000,186.000,216.000
764.000,104.000,173.000,229.000
765.000,106.000,168.000,231.000
771.000,102.000,160.000,226.000
760.000,136.000,165.000,199.000
762.000,135.000,168.000,196.000
763.000,141.000,149.000,192.000
762.000,139.000,159.000,206.000
764.000,138.000,171.000,208.000
766.000,143.000,172.000,198.000
769.000,144.000,174.000,200.000
772.000,153.000,160.000,187.000
766.000,141.000,164.000,213.000
763.000,139.000,169.000,218.000
761.000,143.000,168.000,202.000
763.000,148.000,167.000,201.000
765.000,158.000,170.000,202.000
764.000,122.000,170.000,242.000
765.000,145.000,172.000,224.000
764.000,141.000,170.000,226.000
765.000,147.000,170.000,209.000
766.000,143.000,161.000,218.000
764.000,142.000,166.000,224.000
764.000,145.000,163.000,224.000
765.000,141.000,162.000,226.000
767.000,135.000,157.000,234.000
764.000,134.000,165.000,239.000
772.000,128.000,159.000,238.000
765.000,132.000,154.000,228.000
767.000,140.000,151.000,222.000
764.000,145.000,154.000,215.000
762.000,143.000,156.000,216.000
759.000,160.000,169.000,212.000
759.000,168.000,161.000,197.000
757.000,175.000,175.000,198.000
769.000,219.000,158.000,154.000
761.000,196.000,175.000,170.000
771.000,199.000,153.000,170.000
765.000,196.000,152.000,178.000
764.000,196.000,150.000,188.000
764.000,193.000,170.000,197.000
760.000,199.000,154.000,183.000
766.000,210.000,152.000,187.000
768.000,206.000,153.000,199.000
768.000,217.000,155.000,186.000
771.000,229.000,156.000,170.000
761.000,189.000,156.000,213.000
751.000,191.000,176.000,216.000
777.000,223.000,155.000,185.000
779.000,224.000,163.000,186.000
781.000,226.000,161.000,181.000
776.000,228.000,174.000,174.000
762.000,193.000,164.000,214.000
762.000,195.000,161.000,216.000
756.000,191.000,163.000,217.000
752.000,186.000,165.000,224.000
767.000,184.000,142.000,221.000
760.000,193.000,149.000,212.000
771.000,182.000,139.000,227.000
763.000,194.000,155.000,213.000
770.000,192.000,139.000,214.000
764.000,183.000,144.000,225.000
771.000,175.000,127.000,234.000
765.000,179.000,128.000,229.000
770.000,173.000,125.000,236.000
771.000,179.000,120.000,233.000
770.000,206.000,126.000,206.000
763.000,223.000,133.000,190.000
759.000,236.000,138.000,182.000
759.000,224.000,139.000,192.000
759.000,262.000,171.000,152.000
767.000,259.000,159.000,157.000
764.000,270.000,143.000,144.000
763.000,264.000,158.000,148.000
766.000,260.000,161.000,149.000
772.000,270.000,149.000,138.000
762.000,267.000,155.000,142.000
762.000,269.000,152.000,139.000
760.000,266.000,153.000,153.000
759.000,267.000,162.000,153.000
763.000,264.000,157.000,149.000
766.000,266.000,164.000,149.000
758.000,281.000,175.000,138.000
761.000,277.000,173.000,140.000
754.000,287.000,179.000,136.000
755.000,275.000,171.000,152.000
762.000,272.000,161.000,161.000
763.000,274.000,153.000,163.000
761.000,273.000,149.000,168.000
760.000,273.000,152.000,165.000
761.000,283.000,153.000,155.000
704.000,242.000,212.000,197.000
719.000,245.000,193.000,196.000
759.000,275.000,156.000,176.000
756.000,273.000,150.000,174.000
756.000,280.000,152.000,165.000
709.000,255.000,197.000,195.000
751.000,289.000,156.000,179.000
749.000,282.000,162.000,193.000
751.000,287.000,159.000,186.000
693.000,253.000,226.000,223.000
703.000,253.000,218.000,222.000
735.000,255.000,180.000,240.000
712.000,259.000,195.000,236.000
718.000,250.000,189.000,241.000
729.000,261.000,179.000,233.000
727.000,255.000,190.000,243.000
710.000,250.000,207.000,246.000
719.000,246.000,206.000,248.000
733.000,253.000,198.000,237.000
716.000,242.000,209.000,244.000
703.000,225.000,218.000,261.000
702.000,233.000,214.000,258.000
711.000,238.000,202.000,247.000
696.000,284.000,232.000,196.000
689.000,269.000,234.000,211.000
716.000,298.000,209.000,189.000
739.000,305.000,192.000,188.000
749.000,307.000,193.000,185.000
753.000,302.000,181.000,185.000
727.000,274.000,204.000,208.000
714.000,266.000,212.000,212.000
721.000,269.000,202.000,216.000
711.000,263.000,206.000,224.000
730.000,291.000,188.000,199.000
728.000,291.000,187.000,194.000
730.000,286.000,186.000,201.000
723.000,286.000,199.000,193.000
744.000,283.000,184.000,201.000
747.000,299.000,179.000,180.000
737.000,285.000,180.000,193.000
743.000,288.000,178.000,184.000
736.000,296.000,175.000,187.000
731.000,298.000,176.000,192.000
727.000,285.000,180.000,207.000
714.000,275.000,190.000,211.000
730.000,273.000,185.000,211.000
720.000,262.000,192.000,221.000
757.000,294.000,172.000,196.000
727.000,291.000,199.000,194.000
750.000,290.000,171.000,190.000
743.000,283.000,170.000,206.000
745.000,298.000,153.000,205.000
739.000,267.000,161.000,231.000
722.000,278.000,168.000,223.000
714.000,289.000,173.000,215.000
723.000,293.000,178.000,218.000
720.000,298.000,184.000,227.000
711.000,297.000,194.000,209.000
704.000,294.000,207.000,226.000
713.000,306.000,194.000,204.000
712.000,311.000,187.000,207.000
701.000,302.000,187.000,234.000
698.000,298.000,181.000,242.000
704.000,299.000,158.000,246.000
701.000,302.000,157.000,245.000
701.000,293.000,159.000,250.000
699.000,310.000,205.000,270.000
700.000,316.000,189.000,270.000
703.000,312.000,182.000,268.000
695.000,307.000,188.000,276.000
684.000,311.000,194.000,275.000
678.000,318.000,188.000,268.000
669.000,301.000,196.000,261.000
696.000,294.000,153.000,282.000
700.000,319.000,163.000,253.000
700.000,314.000,170.000,259.000
699.000,318.000,183.000,263.000
708.000,320.000,177.000,273.000
699.000,304.000,169.000,273.000
704.000,302.000,153.000,272.000
695.000,307.000,173.000,265.000
692.000,301.000,164.000,280.000
695.000,301.000,148.000,275.000
699.000,306.000,140.000,283.000
700.000,305.000,144.000,271.000
688.000,316.000,168.000,247.000
685.000,308.000,198.000,263.000
682.000,333.000,161.000,233.000
678.000,329.000,163.000,240.000
663.000,331.000,161.000,242.000
660.000,327.000,163.000,249.000
663.000,325.000,165.000,247.000
680.000,320.000,151.000,251.000
669.000,326.000,172.000,241.000
669.000,319.000,171.000,250.000
673.000,321.000,180.000,253.000
676.000,316.000,183.000,265.000
668.000,318.000,187.000,269.000
669.000,321.000,179.000,275.000
657.000,313.000,179.000,279.000
657.000,331.000,170.000,262.000
659.000,330.000,168.000,268.000
648.000,330.000,178.000,265.000
663.000,320.000,169.000,278.000
670.000,311.000,172.000,288.000
676.000,320.000,173.000,281.000
670.000,308.000,176.000,293.000
673.000,320.000,182.000,287.000
668.000,328.000,177.000,267.000
654.000,313.000,178.000,279.000
655.000,323.000,164.000,267.000
646.000,320.000,185.000,281.000
659.000,300.000,167.000,301.000
652.000,323.000,179.000,279.000
656.000,318.000,177.000,280.000
666.000,318.000,172.000,276.000
673.000,317.000,181.000,276.000
663.000,317.000,184.000,282.000
672.000,317.000,171.000,278.000
657.000,312.000,179.000,289.000
659.000,301.000,173.000,301.000
664.000,293.000,156.000,310.000
664.000,331.000,157.000,279.000
667.000,334.000,152.000,280.000
656.000,303.000,160.000,306.000
656.000,309.000,163.000,299.000
646.000,306.000,182.000,287.000
677.000,319.000,156.000,281.000
642.000,317.000,207.000,276.000
628.000,326.000,202.000,271.000
635.000,327.000,196.000,276.000
631.000,345.000,194.000,256.000
627.000,307.000,194.000,301.000
640.000,305.000,181.000,307.000
632.000,309.000,196.000,303.000
644.000,311.000,187.000,300.000
628.000,315.000,206.000,297.000
654.000,312.000,177.000,298.000
646.000,317.000,188.000,293.000
637.000,319.000,194.000,291.000
642.000,320.000,183.000,293.000
624.000,326.000,194.000,283.000
635.000,318.000,181.000,291.000
629.000,307.000,185.000,298.000
639.000,310.000,180.000,294.000
645.000,312.000,178.000,294.000
648.000,311.000,184.000,292.000
654.000,314.000,188.000,292.000
645.000,316.000,195.000,288.000
655.000,319.000,183.000,294.000
645.000,323.000,182.000,286.000
647.000,316.000,182.000,298.000
633.000,322.000,191.000,288.000
624.000,321.000,187.000,289.000
640.000,315.000,176.000,302.000
646.000,309.000,177.000,303.000
651.000,312.000,184.000,300.000
655.000,317.000,178.000,299.000
645.000,307.000,195.000,305.000
637.000,304.000,193.000,315.000
650.000,305.000,186.000,318.000
634.000,308.000,186.000,321.000
617.000,293.000,195.000,332.000
598.000,325.000,200.000,303.000
610.000,364.000,185.000,259.000
617.000,302.000,189.000,332.000
629.000,305.000,178.000,333.000
638.000,316.000,174.000,318.000
662.000,296.000,163.000,346.000
676.000,290.000,150.000,351.000
654.000,304.000,171.000,336.000
634.000,310.000,186.000,316.000
658.000,418.000,150.000,208.000
624.000,315.000,175.000,321.000
618.000,411.000,167.000,212.000
608.000,416.000,177.000,200.000
609.000,419.000,181.000,189.000
619.000,411.000,182.000,206.000
619.000,317.000,179.000,298.000
620.000,310.000,190.000,306.000
628.000,313.000,184.000,304.000
632.000,423.000,183.000,190.000
625.000,443.000,187.000,171.000
619.000,325.000,181.000,305.000
618.000,435.000,180.000,179.000
619.000,313.000,172.000,316.000
602.000,450.000,184.000,170.000
635.000,313.000,157.000,307.000
646.000,312.000,153.000,314.000
647.000,315.000,155.000,299.000
654.000,314.000,153.000,306.000
661.000,311.000,144.000,322.000
652.000,318.000,152.000,304.000
629.000,296.000,176.000,334.000
610.000,318.000,188.000,312.000
594.000,444.000,190.000,182.000
599.000,437.000,184.000,187.000
601.000,450.000,186.000,175.000
614.000,470.000,192.000,164.000
631.000,304.000,177.000,356.000
646.000,295.000,166.000,355.000
640.000,459.000,160.000,171.000
644.000,302.000,165.000,340.000
638.000,294.000,165.000,342.000
624.000,291.000,170.000,361.000
613.000,477.000,171.000,164.000
611.000,469.000,168.000,168.000
619.000,454.000,173.000,172.000
606.000,465.000,184.000,165.000
623.000,467.000,169.000,164.000
633.000,464.000,162.000,170.000
635.000,469.000,161.000,160.000
625.000,455.000,167.000,169.000
629.000,456.000,161.000,165.000
630.000,456.000,159.000,169.000
617.000,462.000,165.000,163.000
617.000,463.000,150.000,169.000
613.000,446.000,153.000,180.000
614.000,450.000,151.000,168.000
620.000,454.000,155.000,163.000
623.000,455.000,148.000,169.000
621.000,446.000,145.000,166.000
629.000,446.000,139.000,168.000
613.000,453.000,154.000,153.000
625.000,433.000,134.000,177.000
618.000,428.000,132.000,185.000
614.000,442.000,140.000,172.000
594.000,458.000,160.000,160.000
597.000,467.000,154.000,143.000
622.000,449.000,130.000,159.000
635.000,443.000,124.000,165.000
628.000,438.000,140.000,171.000
648.000,422.000,120.000,194.000
634.000,426.000,132.000,177.000
627.000,421.000,140.000,185.000
614.000,438.000,145.000,174.000
608.000,456.000,155.000,159.000
609.000,464.000,151.000,155.000
614.000,464.000,143.000,154.000
620.000,453.000,136.000,163.000
620.000,455.000,136.000,164.000
634.000,444.000,128.000,170.000
622.000,440.000,141.000,181.000
623.000,420.000,153.000,188.000
622.000,413.000,150.000,205.000
614.000,415.000,163.000,204.000
610.000,405.000,168.000,223.000
603.000,405.000,164.000,228.000
599.000,313.000,182.000,323.000
574.000,292.000,220.000,341.000
582.000,414.000,171.000,211.000
583.000,411.000,159.000,208.000
590.000,415.000,156.000,207.000
596.000,408.000,157.000,218.000
592.000,407.000,168.000,219.000
492.000,296.000,305.000,324.000
599.000,418.000,161.000,198.000
505.000,304.000,286.000,310.000
593.000,411.000,145.000,211.000
585.000,417.000,145.000,200.000
586.000,418.000,145.000,195.000
592.000,417.000,141.000,200.000
596.000,415.000,128.000,198.000
595.000,407.000,139.000,188.000
600.000,404.000,139.000,196.000
597.000,405.000,147.000,198.000
591.000,410.000,147.000,193.000
590.000,411.000,143.000,194.000
593.000,417.000,137.000,185.000
584.000,413.000,146.000,191.000
578.000,409.000,142.000,187.000
578.000,417.000,149.000,182.000
587.000,422.000,144.000,179.000
597.000,415.000,138.000,179.000
595.000,416.000,143.000,182.000
597.000,409.000,144.000,187.000
599.000,399.000,146.000,199.000
596.000,385.000,144.000,205.000
591.000,376.000,146.000,213.000
582.000,370.000,133.000,221.000
584.000,371.000,142.000,218.000
593.000,369.000,139.000,218.000
603.000,369.000,119.000,232.000
600.000,362.000,107.000,240.000
593.000,365.000,114.000,233.000
580.000,348.000,126.000,248.000
577.000,355.000,131.000,238.000
577.000,340.000,123.000,252.000
555.000,339.000,141.000,252.000
530.000,335.000,171.000,263.000
525.000,352.000,183.000,246.000
526.000,328.000,193.000,263.000
533.000,340.000,181.000,258.000
527.000,324.000,202.000,263.000
525.000,301.000,202.000,285.000
525.000,290.000,198.000,294.000
515.000,275.000,200.000,305.000
513.000,272.000,196.000,307.000
512.000,289.000,196.000,285.000
536.000,304.000,206.000,274.000
507.000,314.000,227.000,266.000
505.000,308.000,212.000,269.000
518.000,303.000,197.000,281.000
521.000,297.000,203.000,276.000
513.000,299.000,225.000,276.000
516.000,308.000,216.000,276.000
499.000,285.000,223.000,295.000
489.000,282.000,250.000,294.000
464.000,288.000,263.000,278.000
495.000,287.000,236.000,301.000
481.000,287.000,253.000,282.000
486.000,269.000,279.000,311.000
488.000,226.000,221.000,352.000
481.000,226.000,240.000,351.000
464.000,221.000,262.000,353.000
461.000,221.000,250.000,359.000
466.000,221.000,240.000,360.000
457.000,228.000,255.000,346.000
463.000,236.000,256.000,335.000
474.000,240.000,209.000,326.000
480.000,242.000,212.000,320.000
472.000,247.000,226.000,328.000
466.000,253.000,244.000,318.000
479.000,254.000,218.000,314.000
477.000,247.000,212.000,319.000
482.000,216.000,207.000,357.000
455.000,241.000,234.000,323.000
454.000,254.000,214.000,287.000
453.000,259.000,221.000,303.000
460.000,258.000,204.000,284.000
444.000,247.000,220.000,314.000
432.000,250.000,223.000,313.000
451.000,246.000,205.000,333.000
468.000,258.000,204.000,311.000
476.000,263.000,199.000,296.000
474.000,263.000,200.000,297.000
476.000,262.000,183.000,295.000
464.000,262.000,187.000,284.000
464.000,262.000,201.000,302.000
458.000,286.000,209.000,252.000
450.000,297.000,216.000,252.000
448.000,292.000,199.000,251.000
455.000,281.000,198.000,252.000
470.000,289.000,187.000,241.000
483.000,284.000,188.000,259.000
476.000,281.000,189.000,248.000
476.000,282.000,195.000,256.000
473.000,286.000,178.000,258.000
456.000,269.000,180.000,251.000
446.000,265.000,211.000,283.000
439.000,263.000,211.000,293.000
476.000,285.000,172.000,246.000
463.000,259.000,182.000,288.000
469.000,247.000,174.000,300.000
487.000,286.000,163.000,225.000
480.000,283.000,166.000,236.000
478.000,291.000,166.000,228.000
479.000,272.000,160.000,240.000
479.000,284.000,160.000,232.000
477.000,255.000,155.000,273.000
487.000,262.000,140.000,255.000
477.000,257.000,151.000,255.000
486.000,276.000,137.000,233.000
477.000,271.000,162.000,238.000
478.000,274.000,160.000,228.000
478.000,281.000,163.000,225.000
480.000,273.000,148.000,231.000
471.000,264.000,159.000,252.000
471.000,268.000,153.000,243.000
478.000,264.000,151.000,245.000
477.000,271.000,155.000,231.000
475.000,271.000,159.000,236.000
466.000,253.000,173.000,247.000
463.000,234.000,179.000,274.000
461.000,217.000,170.000,284.000
453.000,219.000,188.000,284.000
445.000,211.000,183.000,295.000
426.000,209.000,197.000,309.000
419.000,217.000,205.000,320.000
424.000,225.000,205.000,304.000
472.000,236.000,154.000,296.000
446.000,242.000,171.000,326.000
411.000,238.000,198.000,311.000
456.000,239.000,149.000,324.000
451.000,201.000,133.000,333.000
389.000,211.000,193.000,235.000
441.000,199.000,146.000,267.000
410.000,214.000,189.000,225.000
413.000,216.000,182.000,226.000
421.000,230.000,175.000,205.000
407.000,219.000,172.000,214.000
395.000,228.000,172.000,207.000
393.000,231.000,167.000,213.000
384.000,247.000,182.000,200.000
386.000,237.000,181.000,214.000
367.000,263.000,200.000,195.000
373.000,244.000,203.000,201.000
393.000,239.000,182.000,210.000
390.000,228.000,188.000,230.000
385.000,231.000,192.000,222.000
387.000,236.000,194.000,213.000
374.000,241.000,194.000,205.000
367.000,226.000,194.000,219.000
369.000,231.000,204.000,207.000
384.000,237.000,190.000,214.000
389.000,224.000,194.000,219.000
390.000,227.000,196.000,222.000
400.000,220.000,191.000,223.000
407.000,229.000,183.000,211.000
417.000,235.000,164.000,219.000
408.000,210.000,173.000,220.000
398.000,216.000,175.000,205.000
398.000,220.000,153.000,238.000
401.000,211.000,169.000,224.000
414.000,215.000,163.000,237.000
412.000,225.000,159.000,212.000
417.000,230.000,163.000,199.000
407.000,228.000,159.000,206.000
413.000,238.000,156.000,191.000
404.000,225.000,166.000,200.000
409.000,234.000,154.000,201.000
404.000,226.000,150.000,208.000
408.000,222.000,156.000,205.000
421.000,219.000,156.000,210.000
417.000,220.000,153.000,208.000
425.000,217.000,155.000,217.000
418.000,221.000,159.000,206.000
411.000,217.000,156.000,200.000
415.000,211.000,145.000,204.000
406.000,217.000,161.000,193.000
408.000,214.000,147.000,202.000
414.000,224.000,146.000,199.000
424.000,217.000,145.000,206.000
429.000,215.000,156.000,197.000
413.000,221.000,162.000,190.000
416.000,217.000,162.000,185.000
407.000,217.000,156.000,192.000
399.000,219.000,160.000,185.000
409.000,209.000,165.000,191.000
407.000,194.000,162.000,206.000
399.000,201.000,171.000,195.000
416.000,170.000,157.000,233.000
408.000,170.000,159.000,226.000
383.000,157.000,196.000,258.000
390.000,155.000,181.000,259.000
385.000,137.000,179.000,271.000
386.000,131.000,177.000,283.000
395.000,124.000,170.000,288.000
392.000,115.000,175.000,305.000
410.000,127.000,162.000,296.000
419.000,134.000,149.000,293.000
411.000,142.000,155.000,265.000
373.000,134.000,173.000,238.000
342.000,142.000,210.000,202.000
340.000,135.000,211.000,212.000
340.000,143.000,211.000,201.000
349.000,149.000,216.000,199.000
358.000,170.000,215.000,189.000
361.000,157.000,207.000,211.000
350.000,147.000,214.000,205.000
350.000,150.000,217.000,206.000
332.000,142.000,229.000,210.000
332.000,150.000,222.000,190.000
326.000,148.000,205.000,186.000
326.000,171.000,193.000,169.000
339.000,156.000,188.000,188.000
340.000,165.000,183.000,184.000
353.000,154.000,185.000,195.000
355.000,155.000,178.000,193.000
346.000,150.000,182.000,203.000
333.000,151.000,194.000,209.000
338.000,146.000,181.000,214.000
341.000,152.000,184.000,203.000
339.000,142.000,186.000,204.000
346.000,149.000,185.000,193.000
355.000,147.000,174.000,206.000
365.000,137.000,160.000,205.000
365.000,155.000,157.000,192.000
356.000,146.000,167.000,204.000
365.000,150.000,144.000,240.000
350.000,152.000,162.000,218.000
362.000,148.000,158.000,202.000
349.000,145.000,167.000,187.000
364.000,136.000,164.000,195.000
367.000,142.000,156.000,187.000
359.000,136.000,173.000,192.000
354.000,128.000,169.000,194.000
352.000,122.000,159.000,192.000
356.000,123.000,150.000,193.000
351.000,114.000,152.000,204.000
347.000,117.000,158.000,202.000
364.000,105.000,156.000,209.000
367.000,115.000,147.000,198.000
370.000,115.000,148.000,203.000
358.000,120.000,149.000,187.000
350.000,108.000,152.000,204.000
348.000,109.000,159.000,202.000
349.000,123.000,153.000,184.000
356.000,123.000,147.000,183.000
362.000,120.000,150.000,193.000
364.000,124.000,154.000,192.000
360.000,126.000,157.000,184.000
362.000,121.000,157.000,196.000
355.000,120.000,161.000,185.000
353.000,111.000,159.000,201.000
354.000,122.000,163.000,187.000
351.000,118.000,160.000,181.000
361.000,126.000,153.000,183.000
358.000,125.000,160.000,185.000
360.000,128.000,161.000,180.000
358.000,126.000,164.000,181.000
348.000,114.000,168.000,190.000
346.000,103.000,162.000,203.000
361.000,95.000,143.000,216.000
348.000,115.000,157.000,187.000
350.000,112.000,147.000,190.000
346.000,108.000,155.000,193.000
341.000,101.000,163.000,210.000
357.000,91.000,151.000,222.000
340.000,114.000,164.000,189.000
350.000,120.000,155.000,180.000
350.000,103.000,160.000,192.000
348.000,100.000,168.000,190.000
361.000,82.000,161.000,209.000
348.000,59.000,173.000,231.000
356.000,50.000,163.000,239.000
375.000,64.000,156.000,222.000
334.000,52.000,187.000,238.000
335.000,68.000,185.000,232.000
323.000,66.000,188.000,236.000
322.000,64.000,185.000,244.000
328.000,70.000,178.000,205.000
330.000,72.000,176.000,204.000
326.000,65.000,179.000,202.000
314.000,60.000,194.000,205.000
320.000,64.000,191.000,207.000
330.000,75.000,174.000,200.000
337.000,72.000,169.000,202.000
327.000,74.000,173.000,198.000
327.000,77.000,172.000,192.000
339.000,64.000,169.000,209.000
330.000,63.000,169.000,211.000
341.000,67.000,164.000,208.000
349.000,72.000,155.000,195.000
342.000,80.000,161.000,182.000
350.000,80.000,153.000,182.000
355.000,68.000,147.000,183.000
341.000,61.000,159.000,188.000
335.000,59.000,161.000,200.000
343.000,60.000,156.000,191.000
347.000,58.000,153.000,196.000
347.000,62.000,157.000,193.000
348.000,62.000,159.000,195.000
343.000,62.000,161.000,189.000
352.000,62.000,151.000,188.000
342.000,60.000,160.000,185.000
348.000,64.000,155.000,186.000
346.000,50.000,155.000,196.000
340.000,52.000,162.000,190.000
340.000,55.000,160.000,189.000
347.000,55.000,153.000,185.000
341.000,46.000,159.000,189.000
342.000,52.000,156.000,187.000
338.000,54.000,158.000,180.000
337.000,53.000,157.000,181.000
336.000,47.000,157.000,195.000
343.000,49.000,156.000,190.000
347.000,57.000,155.000,181.000
350.000,59.000,153.000,177.000
348.000,54.000,156.000,178.000
345.000,50.000,156.000,175.000
336.000,50.000,155.000,172.000
339.000,57.000,155.000,166.000
341.000,51.000,154.000,180.000
335.000,41.000,163.000,183.000
345.000,49.000,162.000,181.000
345.000,21.000,161.000,203.000
320.000,16.000,186.000,197.000
319.000,36.000,182.000,169.000
319.000,18.000,183.000,185.000
320.000,14.000,179.000,186.000
316.000,12.000,182.000,192.000
334.000,35.000,168.000,169.000
336.000,26.000,169.000,176.000
331.000,25.000,172.000,173.000
340.000,16.000,156.000,178.000
341.000,23.000,156.000,168.000
337.000,24.000,151.000,171.000
327.000,55.000,168.000,141.000
354.000,61.000,146.000,144.000
368.000,62.000,131.000,139.000
314.000,12.000,186.000,188.000
316.000,9.000,186.000,192.000
311.000,6.000,187.000,201.000
309.000,12.000,185.000,197.000
321.000,13.000,172.000,202.000
332.000,10.000,163.000,204.000
336.000,10.000,162.000,210.000
346.000,69.000,154.000,148.000
351.000,73.000,149.000,142.000
324.000,19.000,174.000,204.000
340.000,71.000,157.000,146.000
335.000,66.000,157.000,152.000
337.000,56.000,160.000,159.000
340.000,60.000,157.000,155.000
344.000,47.000,159.000,164.000
340.000,51.000,167.000,163.000
345.000,48.000,162.000,169.000
339.000,47.000,164.000,169.000
335.000,50.000,165.000,169.000
338.000,36.000,162.000,184.000
341.000,42.000,158.000,179.000
334.000,46.000,165.000,177.000
349.000,50.000,152.000,181.000
349.000,57.000,156.000,180.000
345.000,63.000,161.000,180.000
350.000,68.000,152.000,171.000
342.000,75.000,161.000,175.000
346.000,70.000,153.000,189.000
345.000,77.000,155.000,190.000
343.000,84.000,161.000,190.000
349.000,93.000,155.000,186.000
352.000,95.000,153.000,187.000
344.000,102.000,165.000,195.000
351.000,124.000,156.000,182.000
346.000,143.000,157.000,178.000
346.000,155.000,160.000,180.000
338.000,158.000,167.000,199.000
353.000,172.000,154.000,177.000
338.000,195.000,168.000,172.000
349.000,215.000,163.000,174.000
337.000,237.000,165.000,175.000
345.000,267.000,161.000,167.000
335.000,290.000,172.000,161.000
329.000,283.000,179.000,169.000
321.000,308.000,199.000,169.000
322.000,328.000,192.000,171.000
332.000,333.000,173.000,174.000
334.000,349.000,171.000,180.000
325.000,362.000,176.000,185.000
311.000,366.000,195.000,172.000
320.000,372.000,184.000,186.000
309.000,373.000,199.000,177.000
307.000,362.000,198.000,190.000
305.000,351.000,206.000,202.000
313.000,369.000,194.000,196.000
321.000,367.000,189.000,195.000
335.000,374.000,173.000,192.000
336.000,376.000,171.000,182.000
354.000,370.000,151.000,185.000
367.000,386.000,141.000,176.000
353.000,388.000,159.000,177.000
354.000,384.000,158.000,179.000
345.000,393.000,156.000,175.000
343.000,390.000,161.000,175.000
332.000,379.000,176.000,188.000
332.000,379.000,169.000,187.000
325.000,383.000,181.000,194.000
325.000,392.000,187.000,183.000
323.000,393.000,184.000,185.000
317.000,393.000,182.000,184.000
317.000,397.000,175.000,177.000
319.000,405.000,181.000,181.000
337.000,416.000,165.000,178.000
337.000,413.000,166.000,180.000
341.000,425.000,166.000,168.000
348.000,416.000,160.000,180.000
339.000,420.000,163.000,175.000
333.000,423.000,163.000,170.000
330.000,427.000,169.000,173.000
334.000,422.000,161.000,176.000
334.000,428.000,168.000,174.000
337.000,425.000,173.000,178.000
341.000,421.000,170.000,184.000
354.000,431.000,157.000,183.000
350.000,438.000,148.000,177.000
351.000,439.000,150.000,175.000
336.000,442.000,169.000,177.000
353.000,452.000,143.000,173.000
351.000,462.000,161.000,170.000
361.000,461.000,153.000,174.000
345.000,468.000,158.000,168.000
345.000,467.000,159.000,167.000
341.000,473.000,159.000,167.000
342.000,473.000,157.000,174.000
347.000,487.000,156.000,169.000
347.000,486.000,155.000,168.000
342.000,488.000,168.000,173.000
337.000,482.000,165.000,176.000
340.000,496.000,165.000,163.000
334.000,504.000,168.000,163.000
332.000,513.000,172.000,156.000
337.000,507.000,165.000,156.000
344.000,508.000,157.000,150.000
338.000,510.000,156.000,150.000
329.000,507.000,162.000,154.000
324.000,515.000,170.000,152.000
338.000,518.000,160.000,156.000
336.000,516.000,162.000,158.000
340.000,527.000,165.000,158.000
336.000,518.000,166.000,161.000
335.000,517.000,170.000,164.000
335.000,512.000,174.000,169.000
330.000,498.000,178.000,183.000
323.000,492.000,188.000,198.000
319.000,516.000,180.000,181.000
318.000,510.000,182.000,194.000
324.000,532.000,175.000,174.000
333.000,531.000,163.000,172.000
341.000,521.000,155.000,178.000
348.000,526.000,151.000,168.000
338.000,533.000,161.000,170.000
346.000,532.000,156.000,165.000
334.000,538.000,165.000,170.000
337.000,548.000,161.000,160.000
328.000,546.000,162.000,155.000
334.000,551.000,166.000,153.000
327.000,553.000,172.000,147.000
336.000,553.000,167.000,147.000
345.000,553.000,154.000,147.000
348.000,555.000,158.000,147.000
331.000,535.000,168.000,160.000
321.000,521.000,176.000,165.000
328.000,514.000,169.000,166.000
328.000,522.000,178.000,168.000
328.000,502.000,169.000,183.000
330.000,510.000,177.000,175.000
317.000,489.000,184.000,187.000
325.000,475.000,172.000,201.000
339.000,479.000,165.000,199.000
327.000,483.000,172.000,180.000
332.000,486.000,170.000,172.000
332.000,476.000,169.000,180.000
323.000,493.000,184.000,161.000
336.000,475.000,170.000,171.000
337.000,476.000,173.000,167.000
337.000,479.000,169.000,167.000
342.000,471.000,161.000,170.000
338.000,474.000,167.000,165.000
334.000,468.000,168.000,165.000
336.000,467.000,172.000,167.000
341.000,476.000,166.000,159.000
335.000,477.000,174.000,155.000
329.000,477.000,179.000,153.000
323.000,474.000,185.000,158.000
324.000,470.000,178.000,158.000
319.000,466.000,181.000,159.000
327.000,475.000,176.000,151.000
324.000,474.000,182.000,154.000
322.000,472.000,180.000,152.000
315.000,469.000,189.000,152.000
328.000,472.000,186.000,159.000
319.000,472.000,191.000,155.000
318.000,474.000,186.000,154.000
324.000,472.000,184.000,157.000
318.000,470.000,179.000,153.000
331.000,470.000,161.000,147.000
325.000,470.000,168.000,143.000
334.000,467.000,171.000,147.000
328.000,467.000,171.000,150.000
336.000,467.000,163.000,154.000
332.000,464.000,165.000,161.000
338.000,464.000,164.000,159.000
353.000,463.000,163.000,158.000
361.000,443.000,153.000,182.000
366.000,449.000,162.000,163.000
350.000,445.000,174.000,169.000
347.000,448.000,191.000,152.000
350.000,443.000,184.000,164.000
338.000,428.000,209.000,173.000
326.000,433.000,234.000,173.000
317.000,436.000,250.000,163.000
316.000,436.000,253.000,162.000
409.000,443.000,152.000,155.000
402.000,439.000,159.000,169.000
405.000,440.000,159.000,177.000
425.000,435.000,153.000,173.000
426.000,435.000,154.000,176.000
423.000,430.000,158.000,181.000
413.000,440.000,168.000,168.000
411.000,448.000,168.000,163.000
395.000,442.000,169.000,170.000
407.000,443.000,160.000,165.000
410.000,431.000,158.000,175.000
410.000,434.000,164.000,176.000
421.000,434.000,160.000,175.000
406.000,439.000,180.000,167.000
420.000,432.000,164.000,170.000
395.000,425.000,186.000,178.000
400.000,425.000,175.000,178.000
402.000,425.000,171.000,181.000
399.000,430.000,178.000,176.000
412.000,430.000,166.000,173.000
424.000,426.000,155.000,176.000
420.000,416.000,163.000,184.000
404.000,407.000,176.000,187.000
404.000,408.000,180.000,182.000
423.000,411.000,157.000,179.000
406.000,405.000,169.000,180.000
418.000,403.000,165.000,178.000
419.000,404.000,165.000,171.000
427.000,404.000,162.000,164.000
429.000,401.000,159.000,167.000
431.000,395.000,156.000,170.000
428.000,400.000,159.000,155.000
429.000,388.000,157.000,164.000
417.000,388.000,170.000,158.000
427.000,385.000,164.000,157.000
428.000,392.000,169.000,150.000
450.000,386.000,142.000,156.000
416.000,372.000,175.000,154.000
412.000,370.000,179.000,155.000
411.000,371.000,181.000,160.000
412.000,364.000,180.000,160.000
417.000,373.000,172.000,152.000
411.000,364.000,180.000,153.000
414.000,357.000,183.000,153.000
412.000,354.000,188.000,150.000
412.000,355.000,181.000,147.000
419.000,350.000,174.000,150.000
418.000,345.000,178.000,154.000
419.000,346.000,169.000,145.000
419.000,339.000,167.000,150.000
421.000,339.000,167.000,143.000
446.000,337.000,145.000,164.000
426.000,331.000,174.000,170.000
428.000,327.000,171.000,174.000
438.000,332.000,165.000,163.000
440.000,325.000,146.000,166.000
443.000,325.000,172.000,161.000
449.000,331.000,182.000,155.000
446.000,340.000,198.000,141.000
426.000,325.000,161.000,160.000
414.000,329.000,193.000,154.000
409.000,315.000,203.000,163.000
406.000,311.000,230.000,163.000
401.000,312.000,217.000,161.000
399.000,318.000,235.000,157.000
396.000,316.000,237.000,158.000
434.000,324.000,201.000,156.000
445.000,321.000,194.000,152.000
455.000,317.000,181.000,155.000
460.000,306.000,175.000,163.000
452.000,305.000,180.000,161.000
435.000,292.000,192.000,179.000
437.000,292.000,187.000,177.000
442.000,301.000,181.000,167.000
435.000,283.000,175.000,184.000
429.000,287.000,199.000,178.000
425.000,293.000,197.000,173.000
426.000,295.000,201.000,167.000
454.000,299.000,174.000,161.000
442.000,289.000,184.000,173.000
457.000,290.000,170.000,170.000
462.000,295.000,168.000,169.000
467.000,298.000,168.000,165.000
468.000,302.000,164.000,158.000
471.000,296.000,159.000,162.000
468.000,296.000,168.000,167.000
467.000,299.000,167.000,162.000
468.000,300.000,164.000,156.000
472.000,301.000,161.000,155.000
471.000,301.000,163.000,156.000
468.000,293.000,162.000,164.000
456.000,292.000,183.000,161.000
460.000,283.000,168.000,175.000
464.000,284.000,168.000,169.000
470.000,285.000,164.000,166.000
477.000,285.000,154.000,169.000
475.000,283.000,160.000,164.000
472.000,285.000,163.000,153.000
466.000,279.000,174.000,155.000
469.000,282.000,172.000,170.000
478.000,287.000,165.000,157.000
471.000,289.000,172.000,150.000
467.000,285.000,172.000,151.000
466.000,284.000,174.000,152.000
476.000,277.000,168.000,154.000
474.000,281.000,173.000,148.000
472.000,273.000,168.000,156.000
469.000,274.000,168.000,157.000
470.000,269.000,169.000,164.000
471.000,268.000,165.000,171.000
478.000,264.000,162.000,165.000
475.000,264.000,170.000,175.000
482.000,265.000,160.000,166.000
477.000,263.000,164.000,177.000
482.000,268.000,160.000,164.000
474.000,265.000,167.000,164.000
478.000,261.000,158.000,161.000
485.000,260.000,163.000,162.000
487.000,263.000,170.000,165.000
487.000,254.000,173.000,165.000
510.000,269.000,161.000,157.000
507.000,250.000,166.000,169.000
509.000,250.000,160.000,168.000
517.000,265.000,183.000,166.000
513.000,260.000,148.000,166.000
515.000,260.000,149.000,172.000
518.000,274.000,195.000,157.000
512.000,274.000,191.000,154.000
513.000,290.000,195.000,148.000
503.000,266.000,149.000,172.000
494.000,253.000,162.000,184.000
499.000,256.000,164.000,182.000
498.000,249.000,166.000,182.000
501.000,253.000,167.000,170.000
522.000,251.000,152.000,177.000
524.000,254.000,160.000,187.000
516.000,251.000,158.000,186.000
514.000,257.000,178.000,184.000
519.000,248.000,160.000,182.000
518.000,243.000,161.000,184.000
520.000,254.000,169.000,176.000
517.000,255.000,176.000,179.000
522.000,260.000,162.000,172.000
515.000,250.000,184.000,182.000
511.000,257.000,180.000,177.000
510.000,259.000,194.000,175.000
514.000,258.000,173.000,177.000
516.000,267.000,190.000,172.000
519.000,268.000,196.000,169.000
522.000,263.000,186.000,178.000
517.000,266.000,201.000,169.000
530.000,277.000,175.000,172.000
517.000,274.000,191.000,167.000
512.000,270.000,186.000,176.000
516.000,271.000,192.000,176.000
518.000,276.000,188.000,172.000
523.000,285.000,182.000,167.000
524.000,270.000,202.000,193.000
543.000,286.000,185.000,174.000
575.000,280.000,154.000,165.000
575.000,275.000,152.000,168.000
568.000,275.000,159.000,164.000
568.000,278.000,155.000,159.000
557.000,288.000,160.000,168.000
556.000,289.000,158.000,159.000
563.000,286.000,158.000,162.000
572.000,279.000,154.000,166.000
577.000,286.000,150.000,158.000
584.000,274.000,154.000,161.000
589.000,276.000,149.000,164.000
593.000,279.000,155.000,172.000
594.000,295.000,151.000,158.000
577.000,301.000,157.000,152.000
575.000,311.000,166.000,144.000
560.000,280.000,169.000,160.000
574.000,297.000,155.000,153.000
578.000,297.000,164.000,150.000
578.000,280.000,174.000,162.000
585.000,276.000,170.000,159.000
593.000,278.000,156.000,158.000
590.000,269.000,159.000,161.000
585.000,269.000,159.000,166.000
574.000,270.000,163.000,162.000
576.000,270.000,156.000,169.000
574.000,271.000,160.000,161.000
579.000,283.000,161.000,157.000
584.000,276.000,169.000,165.000
591.000,275.000,165.000,164.000
577.000,277.000,179.000,167.000
581.000,274.000,172.000,173.000
563.000,273.000,180.000,173.000
566.000,273.000,175.000,174.000
566.000,261.000,174.000,178.000
578.000,245.000,162.000,197.000
585.000,240.000,161.000,204.000
595.000,247.000,162.000,205.000
601.000,247.000,161.000,210.000
602.000,249.000,161.000,215.000
608.000,239.000,156.000,219.000
608.000,229.000,151.000,216.000
605.000,223.000,157.000,227.000
605.000,222.000,165.000,231.000
608.000,229.000,165.000,228.000
604.000,233.000,166.000,220.000
610.000,228.000,171.000,228.000
610.000,224.000,178.000,226.000
610.000,219.000,168.000,229.000
604.000,246.000,164.000,207.000
601.000,258.000,159.000,200.000
601.000,255.000,159.000,191.000
601.000,268.000,164.000,188.000
610.000,268.000,163.000,177.000
611.000,267.000,168.000,189.000
619.000,265.000,167.000,188.000
618.000,278.000,160.000,178.000
621.000,263.000,162.000,186.000
616.000,268.000,162.000,187.000
612.000,268.000,167.000,183.000
618.000,260.000,168.000,190.000
614.000,269.000,182.000,182.000
636.000,275.000,169.000,189.000
639.000,278.000,163.000,182.000
655.000,295.000,156.000,170.000
648.000,291.000,162.000,173.000
646.000,289.000,160.000,175.000
646.000,295.000,157.000,164.000
646.000,282.000,141.000,177.000
647.000,284.000,147.000,174.000
639.000,285.000,148.000,178.000
644.000,281.000,152.000,189.000
649.000,276.000,160.000,185.000
655.000,305.000,158.000,159.000
650.000,278.000,171.000,186.000
649.000,296.000,167.000,171.000
663.000,283.000,147.000,172.000
655.000,285.000,152.000,169.000
650.000,284.000,162.000,172.000
646.000,281.000,167.000,175.000
652.000,282.000,171.000,172.000
661.000,264.000,159.000,183.000
667.000,273.000,165.000,173.000
653.000,280.000,179.000,170.000
648.000,274.000,178.000,173.000
663.000,270.000,162.000,173.000
665.000,276.000,152.000,164.000
659.000,271.000,160.000,168.000
659.000,275.000,157.000,172.000
660.000,279.000,162.000,174.000
649.000,275.000,183.000,182.000
662.000,272.000,180.000,189.000
671.000,266.000,168.000,196.000
670.000,258.000,169.000,205.000
676.000,268.000,166.000,190.000
669.000,258.000,179.000,208.000
668.000,256.000,178.000,221.000
671.000,264.000,170.000,211.000
667.000,257.000,170.000,216.000
670.000,267.000,164.000,212.000
666.000,262.000,177.000,207.000
673.000,255.000,170.000,217.000
682.000,259.000,169.000,218.000
678.000,288.000,174.000,192.000
678.000,303.000,179.000,175.000
676.000,305.000,180.000,168.000
670.000,307.000,188.000,167.000
673.000,311.000,185.000,164.000
678.000,308.000,179.000,168.000
674.000,309.000,185.000,170.000
674.000,307.000,184.000,173.000
675.000,306.000,184.000,173.000
675.000,305.000,179.000,179.000
679.000,305.000,179.000,182.000
675.000,305.000,178.000,185.000
679.000,305.000,177.000,188.000
681.000,309.000,175.000,184.000
684.000,328.000,166.000,167.000
671.000,307.000,184.000,186.000
679.000,305.000,175.000,187.000
671.000,307.000,186.000,193.000
681.000,317.000,174.000,199.000
666.000,307.000,189.000,203.000
674.000,338.000,181.000,173.000
675.000,351.000,170.000,165.000
682.000,360.000,161.000,149.000
681.000,367.000,170.000,146.000
679.000,370.000,173.000,140.000
694.000,369.000,160.000,144.000
695.000,366.000,157.000,149.000
695.000,366.000,154.000,148.000
689.000,369.000,156.000,150.000
696.000,362.000,152.000,159.000
687.000,358.000,162.000,162.000
706.000,358.000,146.000,167.000
695.000,356.000,152.000,169.000
707.000,359.000,148.000,166.000
673.000,346.000,181.000,173.000
670.000,345.000,182.000,170.000
669.000,344.000,179.000,176.000
669.000,344.000,178.000,174.000
689.000,352.000,159.000,177.000
702.000,350.000,150.000,171.000
707.000,351.000,154.000,172.000
723.000,356.000,140.000,163.000
719.000,354.000,136.000,172.000
711.000,348.000,140.000,175.000
680.000,351.000,176.000,173.000
669.000,349.000,193.000,159.000
703.000,350.000,154.000,179.000
702.000,356.000,161.000,162.000
691.000,354.000,178.000,167.000
699.000,337.000,171.000,183.000
716.000,335.000,154.000,192.000
720.000,332.000,151.000,197.000
712.000,339.000,148.000,193.000
705.000,345.000,161.000,189.000
698.000,350.000,165.000,168.000
695.000,319.000,165.000,213.000
712.000,370.000,156.000,157.000
684.000,383.000,187.000,140.000
705.000,389.000,166.000,141.000
707.000,391.000,167.000,143.000
698.000,390.000,181.000,139.000
697.000,393.000,179.000,132.000
695.000,397.000,177.000,133.000
698.000,399.000,180.000,129.000
706.000,406.000,174.000,128.000
708.000,397.000,172.000,129.000
698.000,389.000,183.000,133.000
712.000,385.000,179.000,133.000
702.000,390.000,160.000,132.000
700.000,398.000,163.000,134.000
697.000,399.000,174.000,132.000
694.000,395.000,173.000,139.000
710.000,366.000,158.000,166.000
717.000,366.000,152.000,168.000
714.000,356.000,157.000,178.000
712.000,363.000,154.000,171.000
720.000,391.000,147.000,148.000
709.000,397.000,156.000,137.000
708.000,397.000,164.000,136.000
711.000,388.000,159.000,145.000
707.000,391.000,164.000,140.000
714.000,385.000,166.000,147.000
718.000,392.000,161.000,154.000
716.000,397.000,159.000,145.000
714.000,382.000,164.000,160.000
716.000,383.000,159.000,159.000
718.000,381.000,156.000,161.000
717.000,376.000,156.000,169.000
717.000,382.000,159.000,161.000
714.000,384.000,165.000,160.000
715.000,383.000,164.000,162.000
719.000,380.000,168.000,168.000
716.000,383.000,170.000,161.000
721.000,377.000,166.000,167.000
716.000,381.000,173.000,167.000
717.000,382.000,171.000,165.000
723.000,376.000,162.000,174.000
709.000,397.000,180.000,160.000
704.000,407.000,190.000,137.000
706.000,406.000,181.000,148.000
708.000,394.000,179.000,152.000
711.000,403.000,186.000,144.000
716.000,411.000,182.000,143.000
715.000,402.000,186.000,163.000
712.000,405.000,179.000,140.000
719.000,397.000,190.000,172.000
705.000,398.000,198.000,157.000
699.000,396.000,201.000,169.000
698.000,393.000,197.000,164.000
704.000,387.000,188.000,189.000
709.000,380.000,181.000,211.000
705.000,374.000,187.000,232.000
707.000,374.000,191.000,219.000
710.000,371.000,182.000,234.000
704.000,376.000,181.000,233.000
703.000,385.000,179.000,217.000
708.000,392.000,175.000,216.000
710.000,394.000,183.000,218.000
704.000,391.000,185.000,222.000
706.000,388.000,184.000,227.000
702.000,387.000,186.000,224.000
706.000,395.000,181.000,211.000
714.000,386.000,172.000,230.000
706.000,391.000,175.000,221.000
709.000,395.000,171.000,223.000
705.000,401.000,177.000,204.000
706.000,395.000,168.000,222.000
713.000,406.000,172.000,211.000
709.000,396.000,169.000,218.000
710.000,396.000,168.000,222.000
708.000,405.000,173.000,206.000
712.000,401.000,175.000,216.000
715.000,413.000,180.000,204.000
722.000,441.000,175.000,178.000
735.000,451.000,151.000,174.000
763.000,468.000,126.000,161.000
758.000,488.000,138.000,134.000
767.000,481.000,132.000,138.000
757.000,476.000,136.000,139.000
745.000,468.000,161.000,147.000
763.000,485.000,136.000,138.000
765.000,489.000,137.000,132.000
767.000,483.000,134.000,135.000
757.000,469.000,142.000,143.000
741.000,474.000,158.000,143.000
763.000,476.000,133.000,147.000
770.000,477.000,133.000,146.000
767.000,486.000,133.000,142.000
758.000,474.000,139.000,153.000
768.000,476.000,133.000,149.000
762.000,470.000,138.000,157.000
784.000,474.000,127.000,151.000
778.000,471.000,133.000,157.000
774.000,464.000,132.000,169.000
724.000,462.000,197.000,158.000
782.000,466.000,129.000,157.000
780.000,476.000,131.000,150.000
778.000,470.000,135.000,157.000
774.000,470.000,141.000,159.000
773.000,463.000,143.000,162.000
771.000,467.000,142.000,156.000
764.000,465.000,145.000,163.000
766.000,498.000,148.000,131.000
769.000,486.000,151.000,143.000
771.000,486.000,150.000,146.000
772.000,491.000,146.000,148.000
761.000,486.000,159.000,155.000
759.000,487.000,158.000,157.000
747.000,487.000,168.000,156.000
741.000,485.000,184.000,165.000
738.000,486.000,194.000,166.000
742.000,490.000,184.000,167.000
751.000,490.000,171.000,158.000
744.000,509.000,183.000,141.000
714.000,518.000,204.000,135.000
713.000,522.000,214.000,137.000
713.000,522.000,210.000,134.000
711.000,521.000,209.000,141.000
727.000,519.000,191.000,136.000
730.000,518.000,195.000,134.000
732.000,512.000,182.000,144.000
738.000,511.000,165.000,152.000
726.000,511.000,180.000,147.000
716.000,517.000,185.000,143.000
720.000,516.000,183.000,149.000
723.000,478.000,189.000,188.000
732.000,513.000,155.000,166.000
743.000,513.000,144.000,190.000
759.000,510.000,132.000,198.000
712.000,500.000,181.000,191.000
718.000,504.000,182.000,187.000
731.000,508.000,165.000,203.000
726.000,503.000,173.000,206.000
728.000,503.000,172.000,215.000
740.000,505.000,157.000,213.000
734.000,520.000,164.000,198.000
728.000,535.000,178.000,176.000
736.000,546.000,171.000,164.000
742.000,542.000,160.000,167.000
761.000,549.000,156.000,155.000
758.000,555.000,161.000,145.000
722.000,536.000,194.000,140.000
717.000,527.000,195.000,148.000
710.000,516.000,204.000,155.000
715.000,514.000,197.000,162.000
753.000,533.000,147.000,164.000
738.000,537.000,165.000,138.000
732.000,531.000,170.000,149.000
728.000,523.000,167.000,155.000
725.000,509.000,166.000,167.000
724.000,500.000,162.000,170.000
713.000,502.000,163.000,159.000
710.000,500.000,167.000,155.000
705.000,495.000,161.000,158.000
695.000,489.000,163.000,153.000
681.000,482.000,163.000,152.000
659.000,467.000,175.000,163.000
654.000,457.000,168.000,164.000
649.000,458.000,176.000,168.000
663.000,455.000,156.000,182.000
650.000,469.000,168.000,152.000
629.000,481.000,165.000,134.000
646.000,464.000,174.000,132.000
629.000,444.000,179.000,148.000
626.000,445.000,190.000,146.000
649.000,443.000,170.000,151.000
613.000,445.000,203.000,144.000
593.000,442.000,227.000,148.000
590.000,415.000,247.000,184.000
590.000,413.000,227.000,162.000
574.000,406.000,248.000,167.000
582.000,396.000,245.000,185.000
641.000,430.000,172.000,147.000
595.000,395.000,222.000,171.000
597.000,383.000,234.000,173.000
678.000,371.000,133.000,168.000
680.000,372.000,131.000,168.000
