594.000,158.000,22.000,67.000
593.000,157.000,21.000,68.000
594.000,158.000,19.000,69.000
597.000,156.000,18.000,71.000
598.000,159.000,20.000,69.000
599.000,160.000,19.000,68.000
602.000,160.000,22.000,69.000
605.000,159.000,20.000,72.000
607.000,160.000,20.000,72.000
609.000,162.000,20.000,70.000
610.000,164.000,19.000,70.000
611.000,164.000,21.000,75.000
614.000,163.000,20.000,77.000
616.000,156.000,21.000,83.000
616.000,158.000,22.000,82.000
621.000,166.000,20.000,73.000
624.000,171.000,20.000,70.000
628.000,171.000,20.000,70.000
631.000,173.000,21.000,69.000
636.000,174.000,23.000,68.000
643.000,174.000,23.000,66.000
648.000,174.000,23.000,69.000
653.000,174.000,23.000,69.000
657.000,171.000,26.000,74.000
662.000,177.000,27.000,71.000
669.000,180.000,25.000,69.000
673.000,185.000,25.000,66.000
678.000,190.000,27.000,63.000
680.000,192.000,27.000,67.000
687.000,197.000,23.000,69.000
689.000,203.000,30.000,64.000
687.000,210.000,25.000,57.000
687.000,210.000,25.000,57.000
695.000,212.000,33.000,57.000
696.000,223.000,32.000,44.000
695.000,226.000,33.000,39.000
700.000,235.000,34.000,34.000
702.000,236.000,32.000,31.000
712.000,218.000,27.000,58.000
708.000,225.000,31.000,52.000
708.000,225.000,31.000,52.000
726.000,216.000,25.000,44.000
734.000,215.000,25.000,42.000
736.000,213.000,27.000,44.000
742.000,202.000,31.000,52.000
742.000,205.000,28.000,48.000
748.000,194.000,25.000,54.000
749.000,202.000,37.000,47.000
756.000,189.000,31.000,52.000
754.000,183.000,29.000,57.000
759.000,180.000,28.000,58.000
762.000,180.000,34.000,51.000
760.000,174.000,30.000,63.000
762.000,172.000,32.000,62.000
764.000,171.000,32.000,64.000
760.000,173.000,35.000,61.000
755.000,174.000,38.000,58.000
758.000,177.000,41.000,56.000
760.000,167.000,40.000,65.000
765.000,168.000,40.000,64.000
768.000,163.000,39.000,69.000
774.000,161.000,39.000,68.000
783.000,165.000,40.000,64.000
786.000,164.000,37.000,61.000
790.000,163.000,39.000,61.000
794.000,170.000,45.000,54.000
800.000,170.000,43.000,55.000
808.000,172.000,39.000,51.000
813.000,164.000,37.000,55.000
819.000,168.000,36.000,54.000
823.000,164.000,35.000,57.000
820.000,166.000,39.000,56.000
821.000,163.000,69.000,71.000
821.000,175.000,80.000,74.000
818.000,173.000,82.000,68.000
811.000,157.000,78.000,70.000
818.000,168.000,74.000,73.000
815.000,181.000,82.000,69.000
809.000,176.000,74.000,63.000
816.000,168.000,67.000,60.000
798.000,184.000,78.000,53.000
806.000,191.000,72.000,59.000
792.000,181.000,71.000,61.000
802.000,187.000,57.000,57.000
796.000,196.000,53.000,50.000
792.000,203.000,53.000,44.000
783.000,188.000,52.000,54.000
780.000,207.000,39.000,30.000
772.000,211.000,38.000,31.000
764.000,212.000,38.000,35.000
753.000,213.000,37.000,37.000
749.000,199.000,30.000,56.000
737.000,202.000,30.000,53.000
724.000,200.000,32.000,59.000
714.000,200.000,29.000,59.000
701.000,200.000,27.000,54.000
681.000,209.000,37.000,53.000
671.000,213.000,31.000,55.000
665.000,203.000,29.000,54.000
652.000,210.000,34.000,46.000
647.000,208.000,33.000,31.000
637.000,199.000,29.000,40.000
629.000,199.000,33.000,42.000
626.000,198.000,25.000,45.000
624.000,178.000,23.000,46.000
623.000,176.000,21.000,44.000
619.000,171.000,23.000,43.000
619.000,171.000,23.000,39.000
620.000,176.000,18.000,32.000
620.000,173.000,19.000,29.000
623.000,170.000,17.000,29.000
627.000,166.000,17.000,31.000
631.000,169.000,22.000,31.000
639.000,161.000,22.000,34.000
647.000,169.000,18.000,28.000
658.000,162.000,21.000,34.000
668.000,164.000,21.000,33.000
678.000,167.000,22.000,29.000
688.000,169.000,20.000,29.000
694.000,173.000,23.000,27.000
701.000,174.000,24.000,29.000
703.000,175.000,26.000,30.000
706.000,176.000,25.000,29.000
710.000,178.000,24.000,28.000
710.000,183.000,22.000,23.000
711.000,175.000,24.000,34.000
709.000,176.000,23.000,34.000
708.000,177.000,18.000,32.000
703.000,178.000,19.000,31.000
698.000,178.000,18.000,29.000
694.000,179.000,17.000,25.000
688.000,179.000,17.000,22.000
683.000,179.000,16.000,21.000
677.000,177.000,16.000,22.000
674.000,175.000,15.000,25.000
671.000,175.000,16.000,25.000
672.000,175.000,16.000,25.000
670.000,173.000,17.000,23.000
670.000,174.000,17.000,27.000
670.000,169.000,17.000,30.000
671.000,171.000,16.000,30.000
670.000,168.000,16.000,31.000
671.000,170.000,17.000,32.000
671.000,167.000,17.000,33.000
667.000,168.000,17.000,34.000
667.000,166.000,17.000,33.000
665.000,168.000,19.000,29.000
665.000,162.000,21.000,33.000
666.000,164.000,21.000,31.000
668.000,167.000,20.000,27.000
668.000,169.000,17.000,25.000
665.000,166.000,16.000,20.000
662.000,165.000,15.000,19.000
661.000,167.000,16.000,18.000
659.000,165.000,15.000,17.000
659.000,166.000,15.000,17.000
661.000,169.000,16.000,16.000
665.000,170.000,15.000,17.000
668.000,170.000,24.000,28.000
673.000,172.000,25.000,25.000
684.000,176.000,14.000,12.000
691.000,176.000,13.000,12.000
701.000,180.000,14.000,14.000
712.000,183.000,15.000,13.000
720.000,181.000,16.000,14.000
729.000,183.000,22.000,16.000
740.000,184.000,16.000,16.000
750.000,189.000,16.000,18.000
760.000,185.000,16.000,15.000
760.000,185.000,16.000,15.000
780.000,182.000,23.000,22.000
791.000,181.000,24.000,23.000
801.000,182.000,22.000,22.000
810.000,178.000,24.000,21.000
818.000,177.000,18.000,21.000
813.000,188.000,16.000,22.000
813.000,188.000,16.000,22.000
833.000,171.000,28.000,20.000
836.000,171.000,30.000,19.000
838.000,169.000,30.000,19.000
840.000,168.000,31.000,19.000
842.000,166.000,21.000,25.000
842.000,165.000,23.000,26.000
841.000,164.000,26.000,25.000
839.000,162.000,28.000,22.000
837.000,163.000,26.000,22.000
835.000,160.000,26.000,24.000
833.000,158.000,25.000,22.000
834.000,155.000,22.000,23.000
837.000,154.000,25.000,22.000
838.000,151.000,27.000,20.000
841.000,148.000,25.000,22.000
842.000,147.000,25.000,22.000
847.000,145.000,25.000,19.000
853.000,142.000,24.000,20.000
856.000,138.000,24.000,19.000
861.000,137.000,26.000,19.000
869.000,136.000,25.000,23.000
875.000,132.000,27.000,24.000
879.000,131.000,31.000,25.000
884.000,131.000,35.000,13.000
889.000,130.000,35.000,14.000
892.000,126.000,36.000,13.000
897.000,125.000,36.000,14.000
901.000,124.000,37.000,17.000
904.000,122.000,37.000,15.000
909.000,117.000,32.000,27.000
913.000,115.000,30.000,26.000
918.000,116.000,35.000,23.000
919.000,112.000,27.000,25.000
918.000,114.000,26.000,24.000
918.000,116.000,36.000,17.000
917.000,115.000,32.000,23.000
915.000,117.000,28.000,26.000
913.000,118.000,31.000,26.000
911.000,119.000,30.000,28.000
908.000,123.000,34.000,26.000
905.000,127.000,31.000,23.000
903.000,130.000,33.000,17.000
901.000,132.000,31.000,23.000
897.000,134.000,32.000,26.000
893.000,137.000,33.000,18.000
890.000,141.000,29.000,25.000
883.000,144.000,28.000,22.000
877.000,146.000,26.000,24.000
868.000,148.000,27.000,27.000
858.000,148.000,29.000,27.000
848.000,152.000,31.000,24.000
835.000,155.000,30.000,26.000
823.000,158.000,28.000,27.000
809.000,160.000,28.000,23.000
796.000,161.000,27.000,25.000
796.000,161.000,27.000,25.000
752.000,169.000,25.000,25.000
756.000,159.000,21.000,27.000
743.000,159.000,23.000,25.000
735.000,158.000,19.000,27.000
724.000,153.000,26.000,28.000
712.000,151.000,24.000,25.000
705.000,147.000,24.000,29.000
699.000,148.000,21.000,27.000
693.000,141.000,24.000,28.000
686.000,142.000,29.000,27.000
687.000,143.000,26.000,26.000
690.000,138.000,16.000,21.000
688.000,136.000,16.000,19.000
690.000,134.000,16.000,19.000
691.000,128.000,26.000,33.000
696.000,124.000,25.000,36.000
702.000,123.000,25.000,36.000
710.000,125.000,25.000,31.000
722.000,124.000,24.000,30.000
732.000,127.000,23.000,24.000
742.000,122.000,19.000,30.000
749.000,121.000,22.000,30.000
756.000,123.000,22.000,29.000
756.000,125.000,24.000,27.000
759.000,121.000,23.000,27.000
761.000,125.000,22.000,25.000
760.000,114.000,25.000,32.000
760.000,121.000,20.000,27.000
763.000,109.000,21.000,36.000
760.000,117.000,19.000,35.000
757.000,110.000,21.000,32.000
750.000,118.000,21.000,29.000
746.000,119.000,22.000,28.000
743.000,117.000,17.000,28.000
735.000,112.000,18.000,30.000
729.000,111.000,18.000,30.000
725.000,112.000,18.000,29.000
719.000,112.000,18.000,31.000
714.000,110.000,19.000,32.000
711.000,111.000,19.000,34.000
709.000,109.000,20.000,40.000
708.000,108.000,21.000,45.000
711.000,105.000,18.000,50.000
709.000,108.000,21.000,52.000
708.000,107.000,24.000,59.000
707.000,102.000,28.000,69.000
707.000,102.000,33.000,75.000
715.000,98.000,26.000,84.000
715.000,99.000,28.000,82.000
718.000,100.000,25.000,80.000
722.000,101.000,22.000,80.000
719.000,101.000,23.000,80.000
721.000,96.000,23.000,84.000
723.000,101.000,24.000,80.000
721.000,105.000,25.000,72.000
720.000,106.000,26.000,69.000
718.000,105.000,25.000,69.000
715.000,106.000,23.000,68.000
715.000,105.000,22.000,70.000
714.000,105.000,24.000,67.000
712.000,104.000,28.000,66.000
715.000,103.000,24.000,69.000
718.000,105.000,24.000,70.000
721.000,105.000,27.000,72.000
730.000,108.000,26.000,67.000
733.000,109.000,31.000,70.000
741.000,113.000,32.000,66.000
751.000,113.000,29.000,71.000
762.000,115.000,28.000,71.000
775.000,115.000,29.000,68.000
787.000,121.000,25.000,64.000
798.000,122.000,24.000,64.000
808.000,122.000,28.000,68.000
817.000,130.000,32.000,64.000
834.000,133.000,23.000,39.000
847.000,136.000,25.000,39.000
858.000,134.000,27.000,42.000
869.000,133.000,27.000,44.000
878.000,130.000,25.000,49.000
874.000,145.000,29.000,45.000
895.000,137.000,29.000,40.000
901.000,129.000,28.000,41.000
906.000,130.000,31.000,45.000
909.000,137.000,34.000,42.000
913.000,125.000,31.000,43.000
914.000,121.000,31.000,52.000
898.000,135.000,45.000,47.000
898.000,132.000,45.000,45.000
898.000,133.000,44.000,42.000
894.000,133.000,46.000,41.000
892.000,134.000,45.000,41.000
885.000,133.000,46.000,45.000
883.000,136.000,50.000,42.000
884.000,135.000,48.000,44.000
885.000,133.000,49.000,44.000
884.000,134.000,51.000,44.000
891.000,127.000,45.000,54.000
889.000,127.000,47.000,56.000
890.000,120.000,46.000,63.000
894.000,114.000,44.000,66.000
899.000,113.000,44.000,66.000
900.000,109.000,47.000,68.000
904.000,104.000,49.000,74.000
921.000,113.000,84.000,103.000
926.000,108.000,72.000,101.000
924.000,117.000,85.000,95.000
916.000,111.000,46.000,54.000
915.000,105.000,46.000,62.000
911.000,105.000,49.000,58.000
914.000,115.000,51.000,49.000
921.000,110.000,116.000,100.000
926.000,116.000,108.000,94.000
929.000,118.000,102.000,93.000
929.000,119.000,98.000,94.000
915.000,98.000,107.000,112.000
928.000,110.000,86.000,105.000
926.000,123.000,97.000,101.000
924.000,100.000,87.000,125.000
901.000,127.000,57.000,50.000
898.000,131.000,56.000,51.000
891.000,134.000,55.000,53.000
892.000,144.000,95.000,98.000
890.000,145.000,99.000,114.000
880.000,128.000,79.000,126.000
873.000,153.000,86.000,112.000
847.000,152.000,56.000,58.000
850.000,134.000,75.000,118.000
850.000,142.000,69.000,137.000
838.000,155.000,60.000,133.000
822.000,169.000,72.000,132.000
810.000,147.000,65.000,150.000
796.000,149.000,62.000,158.000
779.000,158.000,64.000,148.000
764.000,167.000,68.000,142.000
747.000,174.000,71.000,141.000
734.000,190.000,72.000,137.000
713.000,177.000,76.000,137.000
701.000,156.000,59.000,157.000
692.000,164.000,51.000,158.000
674.000,176.000,64.000,175.000
660.000,156.000,61.000,188.000
646.000,168.000,77.000,213.000
635.000,187.000,76.000,201.000
620.000,135.000,71.000,183.000
614.000,145.000,67.000,183.000
602.000,168.000,71.000,167.000
598.000,182.000,61.000,160.000
594.000,188.000,41.000,168.000
587.000,192.000,46.000,161.000
589.000,188.000,38.000,152.000
592.000,194.000,33.000,142.000
596.000,192.000,36.000,145.000
604.000,192.000,31.000,143.000
613.000,199.000,29.000,144.000
623.000,201.000,28.000,148.000
632.000,180.000,26.000,150.000
633.000,192.000,32.000,156.000
635.000,198.000,32.000,148.000
637.000,194.000,32.000,150.000
642.000,201.000,30.000,144.000
643.000,194.000,29.000,143.000
642.000,213.000,33.000,73.000
639.000,210.000,38.000,79.000
642.000,206.000,38.000,82.000
650.000,203.000,30.000,86.000
649.000,203.000,29.000,82.000
644.000,201.000,27.000,82.000
636.000,205.000,30.000,76.000
633.000,205.000,26.000,70.000
627.000,205.000,28.000,62.000
623.000,212.000,25.000,50.000
623.000,199.000,21.000,82.000
619.000,199.000,20.000,78.000
617.000,198.000,19.000,78.000
613.000,198.000,19.000,75.000
609.000,200.000,19.000,71.000
606.000,201.000,19.000,69.000
603.000,201.000,22.000,68.000
602.000,202.000,23.000,68.000
603.000,203.000,22.000,63.000
603.000,202.000,22.000,66.000
576.000,195.000,59.000,87.000
576.000,196.000,62.000,99.000
581.000,193.000,59.000,109.000
581.000,191.000,67.000,119.000
585.000,201.000,63.000,112.000
590.000,198.000,55.000,111.000
594.000,200.000,54.000,108.000
610.000,196.000,47.000,120.000
609.000,191.000,51.000,132.000
609.000,198.000,55.000,132.000
611.000,202.000,56.000,126.000
621.000,207.000,48.000,123.000
625.000,198.000,49.000,130.000
628.000,202.000,58.000,117.000
631.000,200.000,57.000,125.000
643.000,201.000,49.000,128.000
651.000,209.000,47.000,124.000
663.000,212.000,45.000,121.000
675.000,210.000,45.000,132.000
684.000,216.000,45.000,131.000
701.000,215.000,45.000,135.000
712.000,217.000,47.000,140.000
725.000,215.000,48.000,142.000
741.000,222.000,48.000,140.000
757.000,211.000,47.000,155.000
773.000,224.000,42.000,142.000
791.000,228.000,41.000,142.000
807.000,235.000,50.000,139.000
816.000,244.000,44.000,131.000
832.000,234.000,52.000,138.000
843.000,242.000,49.000,142.000
856.000,234.000,44.000,141.000
861.000,242.000,49.000,138.000
873.000,243.000,44.000,135.000
882.000,238.000,38.000,140.000
880.000,235.000,51.000,139.000
879.000,238.000,57.000,120.000
885.000,227.000,53.000,135.000
883.000,230.000,56.000,128.000
896.000,232.000,47.000,141.000
898.000,227.000,53.000,144.000
897.000,229.000,68.000,140.000
900.000,233.000,73.000,133.000
906.000,232.000,76.000,134.000
907.000,236.000,86.000,130.000
912.000,231.000,89.000,132.000
920.000,231.000,85.000,130.000
932.000,236.000,96.000,125.000
940.000,228.000,92.000,134.000
947.000,235.000,94.000,129.000
957.000,224.000,95.000,132.000
969.000,230.000,91.000,124.000
972.000,233.000,97.000,112.000
969.000,239.000,111.000,97.000
977.000,236.000,114.000,105.000
984.000,232.000,113.000,102.000
990.000,229.000,116.000,104.000
996.000,227.000,113.000,99.000
1000.000,229.000,111.000,97.000
1002.000,227.000,119.000,87.000
1006.000,219.000,119.000,88.000
1012.000,203.000,110.000,103.000
1019.000,207.000,110.000,101.000
1022.000,200.000,98.000,101.000
1026.000,207.000,106.000,94.000
1023.000,196.000,116.000,106.000
1028.000,199.000,107.000,106.000
1032.000,199.000,109.000,104.000
1028.000,200.000,113.000,109.000
1030.000,197.000,108.000,110.000
1029.000,199.000,111.000,107.000
1029.000,209.000,117.000,100.000
1025.000,196.000,103.000,110.000
1019.000,208.000,108.000,107.000
1012.000,197.000,114.000,116.000
1004.000,212.000,117.000,118.000
996.000,204.000,131.000,127.000
981.000,201.000,137.000,140.000
973.000,216.000,134.000,150.000
964.000,222.000,126.000,169.000
956.000,223.000,124.000,179.000
942.000,223.000,130.000,208.000
924.000,226.000,125.000,215.000
907.000,238.000,111.000,213.000
886.000,239.000,101.000,211.000
865.000,247.000,108.000,218.000
833.000,259.000,124.000,199.000
821.000,267.000,110.000,190.000
800.000,276.000,115.000,190.000
786.000,274.000,114.000,195.000
770.000,272.000,108.000,200.000
753.000,283.000,109.000,193.000
897.000,360.000,122.000,167.000
722.000,279.000,108.000,187.000
701.000,280.000,104.000,171.000
694.000,285.000,91.000,174.000
683.000,276.000,89.000,174.000
672.000,268.000,98.000,205.000
660.000,273.000,100.000,193.000
666.000,282.000,78.000,178.000
659.000,272.000,74.000,192.000
658.000,260.000,65.000,203.000
658.000,247.000,60.000,225.000
659.000,246.000,63.000,221.000
656.000,267.000,64.000,203.000
659.000,260.000,58.000,201.000
665.000,259.000,56.000,201.000
669.000,246.000,64.000,189.000
678.000,266.000,49.000,180.000
686.000,238.000,44.000,186.000
689.000,229.000,46.000,196.000
692.000,217.000,45.000,193.000
690.000,215.000,45.000,199.000
685.000,202.000,47.000,204.000
681.000,196.000,50.000,205.000
676.000,203.000,52.000,192.000
673.000,209.000,51.000,176.000
664.000,203.000,54.000,174.000
657.000,211.000,54.000,160.000
641.000,209.000,66.000,151.000
638.000,210.000,61.000,140.000
647.000,225.000,24.000,69.000
635.000,221.000,22.000,65.000
627.000,217.000,18.000,69.000
616.000,216.000,18.000,69.000
579.000,212.000,95.000,104.000
573.000,203.000,93.000,108.000
563.000,212.000,98.000,97.000
560.000,210.000,95.000,93.000
549.000,209.000,99.000,93.000
546.000,214.000,94.000,83.000
540.000,206.000,92.000,90.000
557.000,194.000,20.000,70.000
552.000,186.000,21.000,64.000
546.000,187.000,23.000,63.000
542.000,187.000,23.000,66.000
539.000,187.000,27.000,70.000
537.000,184.000,26.000,73.000
512.000,187.000,71.000,140.000
516.000,192.000,66.000,138.000
517.000,191.000,65.000,135.000
521.000,185.000,63.000,146.000
527.000,187.000,61.000,126.000
534.000,186.000,58.000,129.000
539.000,188.000,56.000,129.000
551.000,194.000,46.000,130.000
554.000,193.000,49.000,127.000
563.000,197.000,45.000,125.000
570.000,194.000,42.000,127.000
571.000,194.000,46.000,127.000
569.000,191.000,55.000,129.000
573.000,196.000,49.000,127.000
582.000,198.000,45.000,124.000
588.000,203.000,45.000,120.000
591.000,205.000,45.000,119.000
598.000,211.000,44.000,116.000
598.000,212.000,46.000,115.000
608.000,213.000,41.000,122.000
615.000,209.000,39.000,117.000
617.000,208.000,40.000,118.000
625.000,215.000,36.000,120.000
629.000,218.000,35.000,115.000
635.000,228.000,32.000,118.000
637.000,229.000,33.000,117.000
642.000,222.000,31.000,121.000
644.000,225.000,32.000,123.000
640.000,230.000,38.000,131.000
643.000,225.000,45.000,138.000
645.000,232.000,46.000,137.000
651.000,220.000,42.000,145.000
654.000,228.000,42.000,135.000
657.000,229.000,42.000,134.000
658.000,227.000,36.000,135.000
663.000,230.000,38.000,128.000
663.000,230.000,38.000,128.000
668.000,213.000,39.000,139.000
668.000,212.000,43.000,142.000
665.000,206.000,50.000,143.000
663.000,210.000,58.000,139.000
666.000,211.000,57.000,138.000
670.000,211.000,61.000,139.000
668.000,217.000,66.000,134.000
675.000,207.000,63.000,139.000
675.000,217.000,66.000,132.000
677.000,215.000,76.000,127.000
671.000,228.000,90.000,119.000
674.000,226.000,90.000,116.000
675.000,215.000,94.000,124.000
678.000,226.000,96.000,112.000
681.000,230.000,96.000,102.000
685.000,227.000,93.000,102.000
685.000,227.000,102.000,104.000
686.000,225.000,104.000,102.000
691.000,224.000,103.000,101.000
702.000,205.000,95.000,106.000
704.000,201.000,94.000,106.000
704.000,205.000,97.000,104.000
706.000,204.000,101.000,102.000
710.000,207.000,104.000,101.000
710.000,201.000,102.000,98.000
712.000,203.000,103.000,100.000
713.000,196.000,108.000,102.000
713.000,201.000,106.000,94.000
712.000,195.000,112.000,100.000
716.000,197.000,105.000,95.000
717.000,197.000,100.000,94.000
718.000,195.000,105.000,97.000
718.000,193.000,104.000,98.000
718.000,198.000,105.000,93.000
717.000,195.000,104.000,100.000
716.000,197.000,105.000,99.000
716.000,193.000,107.000,102.000
712.000,197.000,107.000,108.000
714.000,195.000,101.000,110.000
713.000,212.000,88.000,101.000
712.000,197.000,92.000,112.000
712.000,197.000,86.000,119.000
704.000,204.000,90.000,116.000
702.000,209.000,95.000,111.000
690.000,221.000,92.000,108.000
690.000,227.000,71.000,100.000
682.000,218.000,73.000,106.000
668.000,224.000,74.000,103.000
667.000,233.000,68.000,96.000
657.000,239.000,64.000,95.000
645.000,238.000,66.000,101.000
639.000,240.000,60.000,98.000
636.000,230.000,53.000,108.000
624.000,237.000,56.000,103.000
627.000,245.000,44.000,93.000
627.000,245.000,44.000,93.000
603.000,244.000,39.000,85.000
605.000,241.000,42.000,96.000
592.000,230.000,48.000,104.000
593.000,230.000,45.000,98.000
586.000,226.000,47.000,97.000
583.000,223.000,46.000,101.000
584.000,221.000,43.000,97.000
585.000,214.000,43.000,93.000
594.000,221.000,33.000,81.000
599.000,219.000,29.000,79.000
606.000,213.000,32.000,81.000
619.000,214.000,26.000,75.000
628.000,215.000,28.000,70.000
640.000,207.000,27.000,71.000
655.000,210.000,26.000,71.000
669.000,200.000,28.000,72.000
681.000,208.000,30.000,67.000
691.000,203.000,30.000,62.000
690.000,207.000,35.000,59.000
694.000,197.000,32.000,58.000
694.000,196.000,31.000,58.000
696.000,183.000,27.000,66.000
698.000,180.000,22.000,69.000
695.000,178.000,25.000,73.000
697.000,177.000,23.000,73.000
698.000,177.000,23.000,72.000
696.000,177.000,25.000,70.000
688.000,176.000,29.000,72.000
682.000,186.000,34.000,69.000
676.000,174.000,32.000,72.000
667.000,181.000,38.000,61.000
658.000,172.000,43.000,63.000
652.000,171.000,42.000,65.000
653.000,169.000,36.000,67.000
642.000,177.000,32.000,61.000
645.000,169.000,25.000,58.000
647.000,164.000,20.000,56.000
645.000,165.000,20.000,53.000
643.000,164.000,21.000,53.000
643.000,169.000,22.000,50.000
638.000,174.000,25.000,47.000
639.000,177.000,27.000,47.000
640.000,173.000,29.000,52.000
653.000,186.000,17.000,13.000
654.000,186.000,17.000,14.000
654.000,188.000,17.000,12.000
642.000,179.000,31.000,56.000
643.000,173.000,30.000,60.000
648.000,162.000,30.000,69.000
657.000,163.000,26.000,70.000
660.000,163.000,26.000,71.000
670.000,166.000,20.000,71.000
674.000,167.000,20.000,71.000
679.000,169.000,20.000,72.000
681.000,168.000,21.000,71.000
683.000,170.000,21.000,71.000
687.000,167.000,22.000,74.000
692.000,172.000,20.000,72.000
699.000,175.000,18.000,71.000
704.000,178.000,18.000,71.000
712.000,183.000,19.000,70.000
722.000,188.000,20.000,68.000
733.000,194.000,20.000,71.000
745.000,202.000,20.000,67.000
759.000,205.000,21.000,68.000
767.000,212.000,22.000,68.000
780.000,212.000,22.000,73.000
792.000,216.000,24.000,74.000
803.000,223.000,27.000,68.000
814.000,228.000,26.000,68.000
826.000,240.000,26.000,60.000
836.000,251.000,25.000,28.000
850.000,249.000,28.000,31.000
849.000,249.000,29.000,29.000
859.000,254.000,25.000,26.000
855.000,240.000,31.000,66.000
849.000,233.000,37.000,61.000
854.000,249.000,33.000,61.000
844.000,247.000,34.000,62.000
839.000,250.000,44.000,61.000
839.000,250.000,44.000,61.000
843.000,226.000,34.000,57.000
840.000,241.000,29.000,17.000
822.000,235.000,45.000,59.000
811.000,234.000,51.000,65.000
803.000,231.000,52.000,65.000
802.000,235.000,54.000,66.000
793.000,232.000,57.000,65.000
789.000,228.000,60.000,71.000
784.000,228.000,67.000,86.000
779.000,222.000,81.000,96.000
778.000,224.000,76.000,108.000
776.000,220.000,84.000,114.000
770.000,217.000,93.000,113.000
764.000,209.000,98.000,115.000
760.000,214.000,111.000,111.000
749.000,214.000,108.000,108.000
748.000,209.000,104.000,110.000
740.000,208.000,112.000,111.000
741.000,198.000,108.000,115.000
736.000,194.000,112.000,114.000
738.000,187.000,106.000,118.000
743.000,191.000,105.000,112.000
746.000,189.000,100.000,110.000
741.000,193.000,105.000,102.000
747.000,189.000,109.000,104.000
746.000,185.000,127.000,108.000
745.000,185.000,120.000,106.000
747.000,180.000,118.000,108.000
749.000,186.000,101.000,99.000
743.000,182.000,119.000,99.000
746.000,178.000,127.000,101.000
742.000,175.000,137.000,107.000
733.000,179.000,140.000,98.000
740.000,169.000,139.000,107.000
734.000,173.000,134.000,104.000
743.000,169.000,132.000,111.000
745.000,170.000,125.000,110.000
742.000,169.000,129.000,109.000
747.000,175.000,119.000,109.000
739.000,178.000,131.000,110.000
737.000,182.000,112.000,111.000
729.000,192.000,93.000,99.000
735.000,192.000,93.000,109.000
720.000,192.000,104.000,120.000
716.000,195.000,110.000,122.000
708.000,194.000,109.000,131.000
696.000,217.000,106.000,119.000
688.000,216.000,108.000,128.000
674.000,222.000,106.000,128.000
661.000,223.000,96.000,126.000
649.000,233.000,95.000,123.000
637.000,224.000,72.000,135.000
631.000,237.000,73.000,129.000
615.000,227.000,62.000,128.000
605.000,233.000,58.000,125.000
594.000,231.000,60.000,108.000
595.000,246.000,45.000,109.000
577.000,251.000,47.000,110.000
566.000,245.000,48.000,101.000
554.000,244.000,52.000,95.000
552.000,242.000,49.000,94.000
553.000,219.000,44.000,105.000
554.000,237.000,46.000,96.000
558.000,225.000,46.000,97.000
569.000,228.000,43.000,88.000
576.000,227.000,39.000,89.000
589.000,222.000,38.000,88.000
598.000,217.000,33.000,89.000
608.000,215.000,34.000,81.000
620.000,203.000,34.000,81.000
635.000,202.000,32.000,76.000
646.000,199.000,33.000,76.000
660.000,191.000,29.000,76.000
679.000,207.000,22.000,30.000
687.000,209.000,23.000,28.000
695.000,183.000,25.000,69.000
701.000,181.000,25.000,70.000
702.000,184.000,30.000,67.000
709.000,180.000,26.000,69.000
709.000,178.000,24.000,71.000
711.000,178.000,25.000,71.000
716.000,176.000,23.000,72.000
719.000,177.000,19.000,72.000
719.000,175.000,21.000,73.000
709.000,170.000,28.000,80.000
700.000,172.000,35.000,82.000
696.000,167.000,34.000,81.000
687.000,175.000,37.000,75.000
682.000,170.000,32.000,78.000
676.000,166.000,28.000,74.000
671.000,169.000,25.000,74.000
663.000,171.000,25.000,74.000
659.000,164.000,25.000,80.000
657.000,162.000,25.000,82.000
647.000,163.000,31.000,81.000
642.000,168.000,33.000,73.000
646.000,160.000,29.000,82.000
634.000,167.000,38.000,75.000
629.000,165.000,43.000,76.000
638.000,164.000,37.000,81.000
639.000,164.000,36.000,78.000
639.000,164.000,38.000,80.000
639.000,174.000,36.000,73.000
638.000,174.000,36.000,75.000
640.000,173.000,36.000,83.000
640.000,170.000,37.000,93.000
636.000,165.000,46.000,104.000
634.000,175.000,53.000,101.000
637.000,178.000,53.000,107.000
640.000,181.000,52.000,117.000
644.000,184.000,51.000,118.000
657.000,180.000,39.000,130.000
662.000,181.000,38.000,130.000
659.000,186.000,38.000,134.000
664.000,187.000,36.000,132.000
669.000,191.000,33.000,133.000
672.000,191.000,31.000,133.000
675.000,191.000,36.000,130.000
672.000,198.000,46.000,125.000
675.000,202.000,54.000,111.000
678.000,204.000,55.000,112.000
687.000,203.000,49.000,107.000
698.000,209.000,39.000,112.000
704.000,211.000,39.000,113.000
709.000,210.000,40.000,120.000
719.000,206.000,38.000,121.000
727.000,205.000,37.000,127.000
737.000,207.000,34.000,130.000
743.000,204.000,34.000,127.000
748.000,214.000,35.000,116.000
751.000,220.000,43.000,114.000
758.000,208.000,41.000,122.000
764.000,209.000,40.000,111.000
772.000,216.000,37.000,112.000
776.000,210.000,36.000,117.000
780.000,211.000,37.000,121.000
778.000,228.000,41.000,113.000
785.000,216.000,46.000,109.000
796.000,208.000,27.000,48.000
784.000,216.000,50.000,97.000
785.000,197.000,47.000,92.000
780.000,209.000,51.000,79.000
773.000,208.000,51.000,80.000
768.000,205.000,54.000,85.000
760.000,206.000,62.000,91.000
749.000,200.000,76.000,107.000
744.000,191.000,86.000,108.000
738.000,185.000,93.000,117.000
736.000,192.000,100.000,111.000
736.000,191.000,101.000,107.000
732.000,187.000,102.000,115.000
731.000,188.000,104.000,111.000
735.000,189.000,101.000,111.000
735.000,191.000,103.000,106.000
743.000,185.000,95.000,109.000
752.000,195.000,85.000,77.000
752.000,184.000,79.000,81.000
752.000,184.000,85.000,92.000
750.000,169.000,88.000,98.000
754.000,179.000,81.000,91.000
752.000,168.000,88.000,105.000
758.000,168.000,83.000,97.000
752.000,173.000,92.000,97.000
749.000,173.000,97.000,94.000
761.000,180.000,94.000,87.000
761.000,181.000,92.000,90.000
762.000,186.000,100.000,88.000
763.000,188.000,101.000,92.000
759.000,195.000,116.000,90.000
762.000,200.000,118.000,91.000
763.000,208.000,123.000,90.000
761.000,207.000,123.000,99.000
762.000,210.000,124.000,114.000
763.000,205.000,113.000,109.000
760.000,213.000,117.000,104.000
757.000,219.000,113.000,98.000
742.000,212.000,92.000,95.000
743.000,213.000,91.000,106.000
742.000,216.000,93.000,108.000
737.000,230.000,113.000,95.000
727.000,235.000,103.000,92.000
727.000,234.000,98.000,99.000
722.000,234.000,100.000,107.000
703.000,214.000,84.000,113.000
696.000,225.000,75.000,121.000
686.000,240.000,72.000,115.000
670.000,240.000,73.000,112.000
662.000,241.000,67.000,101.000
646.000,251.000,64.000,97.000
637.000,251.000,62.000,98.000
623.000,262.000,62.000,95.000
604.000,259.000,65.000,104.000
592.000,268.000,63.000,102.000
581.000,279.000,61.000,105.000
571.000,266.000,48.000,113.000
570.000,297.000,45.000,110.000
542.000,296.000,44.000,122.000
532.000,301.000,46.000,120.000
520.000,282.000,46.000,124.000
510.000,295.000,45.000,126.000
497.000,296.000,51.000,128.000
488.000,294.000,61.000,140.000
487.000,304.000,61.000,137.000
487.000,294.000,52.000,137.000
484.000,306.000,50.000,135.000
484.000,322.000,44.000,120.000
497.000,311.000,45.000,133.000
506.000,292.000,60.000,127.000
506.000,318.000,37.000,107.000
520.000,329.000,36.000,106.000
530.000,330.000,41.000,111.000
542.000,330.000,40.000,114.000
553.000,336.000,40.000,107.000
563.000,304.000,34.000,119.000
569.000,302.000,35.000,122.000
575.000,298.000,35.000,122.000
575.000,294.000,37.000,126.000
573.000,298.000,43.000,120.000
573.000,298.000,41.000,119.000
571.000,298.000,42.000,117.000
564.000,291.000,51.000,122.000
563.000,293.000,51.000,113.000
555.000,299.000,62.000,98.000
553.000,306.000,63.000,86.000
572.000,305.000,26.000,75.000
567.000,302.000,27.000,72.000
542.000,298.000,75.000,83.000
539.000,297.000,75.000,91.000
554.000,302.000,23.000,66.000
554.000,298.000,18.000,70.000
551.000,292.000,19.000,72.000
547.000,290.000,20.000,72.000
545.000,288.000,19.000,70.000
544.000,285.000,17.000,68.000
543.000,283.000,18.000,67.000
540.000,281.000,21.000,66.000
544.000,279.000,18.000,67.000
545.000,277.000,18.000,65.000
544.000,274.000,19.000,63.000
544.000,274.000,20.000,63.000
515.000,270.000,73.000,142.000
518.000,272.000,71.000,143.000
524.000,273.000,64.000,145.000
528.000,280.000,63.000,148.000
537.000,285.000,58.000,145.000
544.000,289.000,57.000,146.000
555.000,294.000,51.000,135.000
564.000,300.000,49.000,117.000
573.000,305.000,46.000,114.000
579.000,310.000,48.000,110.000
585.000,314.000,47.000,111.000
588.000,317.000,55.000,110.000
596.000,323.000,48.000,107.000
600.000,321.000,49.000,115.000
607.000,325.000,45.000,112.000
616.000,319.000,40.000,124.000
622.000,317.000,42.000,127.000
618.000,325.000,53.000,118.000
629.000,327.000,49.000,115.000
639.000,332.000,45.000,109.000
648.000,325.000,41.000,111.000
655.000,326.000,40.000,116.000
662.000,328.000,38.000,117.000
670.000,329.000,37.000,119.000
678.000,321.000,35.000,124.000
683.000,315.000,34.000,130.000
691.000,317.000,33.000,132.000
693.000,316.000,37.000,141.000
700.000,317.000,41.000,144.000
707.000,324.000,43.000,145.000
714.000,326.000,39.000,140.000
717.000,332.000,41.000,135.000
722.000,339.000,43.000,130.000
726.000,339.000,38.000,130.000
724.000,342.000,45.000,129.000
731.000,327.000,35.000,140.000
728.000,350.000,35.000,122.000
726.000,319.000,47.000,118.000
734.000,325.000,44.000,121.000
728.000,327.000,53.000,128.000
728.000,330.000,54.000,123.000
728.000,334.000,62.000,116.000
730.000,303.000,63.000,130.000
729.000,319.000,65.000,113.000
729.000,312.000,71.000,104.000
727.000,307.000,70.000,122.000
724.000,309.000,72.000,111.000
730.000,284.000,64.000,127.000
722.000,286.000,69.000,125.000
716.000,289.000,80.000,117.000
711.000,296.000,86.000,114.000
703.000,291.000,93.000,114.000
701.000,287.000,98.000,114.000
689.000,291.000,109.000,104.000
696.000,279.000,99.000,103.000
692.000,278.000,102.000,106.000
691.000,271.000,101.000,107.000
696.000,271.000,94.000,105.000
701.000,260.000,93.000,111.000
696.000,265.000,98.000,100.000
703.000,260.000,91.000,91.000
708.000,249.000,91.000,89.000
712.000,241.000,92.000,90.000
710.000,231.000,95.000,92.000
716.000,219.000,96.000,100.000
726.000,214.000,90.000,101.000
728.000,204.000,92.000,106.000
726.000,205.000,98.000,98.000
720.000,205.000,105.000,92.000
727.000,196.000,99.000,95.000
731.000,194.000,97.000,95.000
729.000,192.000,101.000,97.000
731.000,190.000,101.000,102.000
735.000,183.000,97.000,111.000
735.000,188.000,99.000,103.000
727.000,195.000,95.000,102.000
727.000,199.000,91.000,93.000
726.000,202.000,87.000,93.000
723.000,201.000,94.000,109.000
722.000,201.000,104.000,119.000
703.000,212.000,90.000,107.000
701.000,217.000,81.000,108.000
694.000,224.000,78.000,102.000
678.000,221.000,88.000,110.000
677.000,221.000,90.000,121.000
677.000,219.000,88.000,129.000
664.000,239.000,80.000,122.000
662.000,238.000,75.000,123.000
655.000,248.000,70.000,115.000
649.000,245.000,67.000,109.000
643.000,251.000,62.000,100.000
638.000,239.000,55.000,112.000
633.000,234.000,52.000,121.000
624.000,231.000,51.000,121.000
615.000,235.000,50.000,121.000
615.000,235.000,50.000,121.000
597.000,257.000,45.000,112.000
594.000,251.000,42.000,108.000
581.000,246.000,50.000,101.000
581.000,238.000,47.000,105.000
574.000,233.000,48.000,114.000
575.000,227.000,40.000,111.000
574.000,226.000,47.000,118.000
576.000,235.000,48.000,119.000
576.000,222.000,53.000,128.000
582.000,231.000,53.000,126.000
594.000,220.000,49.000,130.000
604.000,205.000,45.000,138.000
615.000,206.000,43.000,135.000
624.000,205.000,47.000,131.000
637.000,204.000,42.000,129.000
648.000,194.000,41.000,129.000
654.000,192.000,41.000,126.000
660.000,192.000,41.000,117.000
659.000,192.000,47.000,112.000
657.000,203.000,46.000,101.000
657.000,196.000,44.000,105.000
657.000,187.000,41.000,112.000
656.000,180.000,41.000,117.000
650.000,180.000,49.000,111.000
642.000,176.000,57.000,112.000
639.000,183.000,61.000,97.000
641.000,187.000,49.000,110.000
642.000,171.000,44.000,119.000
622.000,164.000,58.000,121.000
612.000,169.000,64.000,119.000
604.000,162.000,71.000,118.000
593.000,166.000,79.000,106.000
586.000,163.000,81.000,100.000
577.000,168.000,90.000,90.000
569.000,158.000,91.000,95.000
560.000,152.000,96.000,96.000
557.000,137.000,93.000,107.000
545.000,139.000,100.000,100.000
539.000,144.000,100.000,91.000
543.000,141.000,91.000,94.000
540.000,136.000,90.000,104.000
535.000,136.000,89.000,107.000
534.000,133.000,82.000,113.000
534.000,132.000,77.000,121.000
532.000,126.000,76.000,131.000
534.000,128.000,70.000,137.000
537.000,132.000,65.000,138.000
539.000,133.000,62.000,140.000
541.000,133.000,65.000,138.000
545.000,143.000,63.000,132.000
551.000,143.000,59.000,152.000
561.000,150.000,53.000,147.000
568.000,151.000,54.000,142.000
574.000,156.000,55.000,139.000
580.000,161.000,55.000,125.000
587.000,166.000,59.000,116.000
598.000,172.000,51.000,124.000
610.000,169.000,49.000,120.000
618.000,178.000,45.000,128.000
630.000,186.000,41.000,121.000
645.000,178.000,34.000,128.000
641.000,190.000,45.000,126.000
649.000,199.000,47.000,119.000
657.000,201.000,46.000,124.000
668.000,201.000,45.000,122.000
675.000,203.000,43.000,125.000
680.000,207.000,43.000,125.000
686.000,218.000,42.000,117.000
687.000,211.000,49.000,124.000
701.000,201.000,39.000,130.000
707.000,207.000,37.000,123.000
716.000,203.000,32.000,126.000
717.000,214.000,35.000,124.000
718.000,221.000,46.000,123.000
718.000,224.000,49.000,127.000
717.000,224.000,54.000,130.000
723.000,232.000,56.000,139.000
725.000,229.000,54.000,133.000
727.000,236.000,42.000,124.000
725.000,239.000,46.000,121.000
727.000,222.000,52.000,115.000
730.000,227.000,49.000,119.000
735.000,218.000,47.000,125.000
725.000,224.000,54.000,118.000
724.000,220.000,57.000,120.000
732.000,204.000,54.000,128.000
736.000,198.000,57.000,122.000
735.000,216.000,65.000,112.000
734.000,210.000,74.000,105.000
732.000,206.000,76.000,99.000
736.000,208.000,70.000,96.000
733.000,200.000,76.000,89.000
736.000,203.000,73.000,79.000
733.000,204.000,80.000,92.000
730.000,198.000,84.000,95.000
727.000,193.000,91.000,100.000
734.000,174.000,93.000,114.000
732.000,173.000,96.000,117.000
732.000,173.000,99.000,110.000
733.000,168.000,100.000,112.000
733.000,174.000,105.000,102.000
744.000,163.000,103.000,105.000
741.000,163.000,108.000,103.000
747.000,159.000,105.000,104.000
749.000,152.000,104.000,103.000
751.000,147.000,104.000,101.000
747.000,155.000,119.000,93.000
752.000,149.000,132.000,105.000
763.000,141.000,133.000,120.000
762.000,141.000,155.000,131.000
759.000,131.000,162.000,148.000
770.000,139.000,172.000,142.000
768.000,138.000,153.000,146.000
765.000,139.000,155.000,141.000
769.000,139.000,155.000,149.000
768.000,143.000,150.000,148.000
764.000,141.000,144.000,152.000
767.000,148.000,143.000,143.000
765.000,146.000,145.000,156.000
765.000,151.000,143.000,159.000
761.000,150.000,141.000,168.000
758.000,162.000,140.000,164.000
761.000,165.000,127.000,167.000
756.000,176.000,122.000,165.000
752.000,179.000,124.000,174.000
753.000,188.000,120.000,171.000
736.000,184.000,130.000,187.000
731.000,187.000,136.000,194.000
724.000,194.000,137.000,198.000
717.000,192.000,137.000,205.000
707.000,192.000,134.000,216.000
698.000,201.000,134.000,217.000
682.000,211.000,137.000,217.000
663.000,210.000,135.000,223.000
650.000,219.000,127.000,198.000
637.000,225.000,122.000,192.000
627.000,226.000,124.000,196.000
617.000,238.000,135.000,187.000
595.000,244.000,140.000,188.000
585.000,243.000,108.000,198.000
576.000,235.000,100.000,194.000
562.000,227.000,78.000,188.000
556.000,224.000,77.000,209.000
540.000,200.000,66.000,187.000
538.000,215.000,65.000,197.000
528.000,221.000,72.000,208.000
522.000,220.000,66.000,205.000
518.000,226.000,66.000,200.000
521.000,208.000,53.000,219.000
523.000,190.000,54.000,230.000
529.000,167.000,54.000,246.000
532.000,161.000,55.000,249.000
536.000,173.000,60.000,229.000
543.000,169.000,64.000,238.000
543.000,155.000,75.000,253.000
545.000,175.000,75.000,249.000
539.000,168.000,90.000,236.000
531.000,173.000,106.000,225.000
524.000,180.000,116.000,211.000
526.000,187.000,115.000,176.000
517.000,195.000,127.000,156.000
523.000,188.000,125.000,155.000
544.000,172.000,115.000,159.000
428.000,154.000,99.000,158.000
429.000,138.000,105.000,160.000
575.000,150.000,100.000,163.000
581.000,147.000,90.000,155.000
575.000,162.000,84.000,131.000
579.000,152.000,67.000,128.000
581.000,151.000,63.000,119.000
573.000,141.000,71.000,125.000
573.000,140.000,78.000,119.000
569.000,146.000,86.000,110.000
577.000,149.000,80.000,98.000
578.000,140.000,83.000,98.000
571.000,133.000,91.000,100.000
568.000,132.000,95.000,97.000
570.000,133.000,93.000,92.000
570.000,129.000,92.000,94.000
572.000,128.000,91.000,94.000
572.000,121.000,84.000,107.000
569.000,122.000,84.000,108.000
570.000,119.000,84.000,115.000
568.000,119.000,81.000,119.000
567.000,127.000,83.000,115.000
569.000,127.000,76.000,122.000
569.000,124.000,74.000,127.000
574.000,124.000,65.000,129.000
578.000,119.000,60.000,141.000
582.000,123.000,64.000,151.000
585.000,127.000,65.000,150.000
596.000,132.000,62.000,149.000
596.000,138.000,66.000,152.000
604.000,144.000,65.000,154.000
609.000,150.000,68.000,154.000
616.000,154.000,68.000,156.000
627.000,162.000,65.000,148.000
649.000,159.000,53.000,146.000
659.000,159.000,48.000,134.000
665.000,164.000,46.000,134.000
673.000,160.000,44.000,133.000
680.000,166.000,43.000,128.000
691.000,176.000,39.000,119.000
698.000,170.000,40.000,124.000
705.000,170.000,43.000,126.000
713.000,181.000,41.000,121.000
720.000,176.000,41.000,123.000
728.000,181.000,38.000,125.000
732.000,176.000,42.000,132.000
732.000,181.000,48.000,137.000
742.000,186.000,47.000,130.000
754.000,188.000,40.000,130.000
760.000,202.000,38.000,124.000
765.000,202.000,42.000,129.000
771.000,204.000,43.000,129.000
778.000,207.000,45.000,129.000
783.000,205.000,43.000,127.000
784.000,204.000,50.000,126.000
793.000,220.000,36.000,116.000
802.000,211.000,42.000,118.000
808.000,216.000,40.000,113.000
808.000,194.000,43.000,117.000
806.000,187.000,45.000,110.000
809.000,201.000,51.000,106.000
804.000,195.000,55.000,103.000
799.000,187.000,68.000,101.000
803.000,194.000,70.000,108.000
803.000,192.000,71.000,88.000
808.000,178.000,73.000,95.000
806.000,180.000,74.000,94.000
804.000,177.000,82.000,99.000
803.000,172.000,84.000,102.000
803.000,170.000,86.000,97.000
804.000,173.000,87.000,98.000
806.000,158.000,86.000,105.000
801.000,157.000,91.000,111.000
800.000,157.000,95.000,102.000
796.000,156.000,98.000,100.000
803.000,152.000,91.000,99.000
792.000,151.000,105.000,101.000
793.000,152.000,113.000,96.000
789.000,148.000,113.000,94.000
795.000,148.000,104.000,89.000
801.000,142.000,107.000,102.000
790.000,137.000,120.000,98.000
790.000,133.000,114.000,91.000
792.000,140.000,108.000,86.000
792.000,135.000,104.000,83.000
789.000,136.000,112.000,86.000
790.000,124.000,118.000,100.000
789.000,134.000,135.000,91.000
792.000,135.000,159.000,113.000
815.000,145.000,39.000,16.000
814.000,146.000,41.000,16.000
813.000,147.000,39.000,16.000
810.000,148.000,35.000,14.000
808.000,150.000,35.000,14.000
804.000,152.000,35.000,14.000
799.000,155.000,35.000,15.000
775.000,134.000,138.000,159.000
772.000,139.000,133.000,154.000
760.000,140.000,142.000,152.000
764.000,144.000,135.000,162.000
759.000,150.000,131.000,166.000
749.000,146.000,141.000,176.000
748.000,159.000,135.000,174.000
734.000,156.000,143.000,190.000
727.000,168.000,138.000,192.000
716.000,171.000,139.000,197.000
705.000,178.000,140.000,199.000
687.000,169.000,141.000,213.000
678.000,176.000,135.000,224.000
664.000,191.000,132.000,211.000
644.000,194.000,123.000,202.000
632.000,206.000,99.000,197.000
609.000,212.000,116.000,187.000
596.000,212.000,121.000,197.000
578.000,216.000,117.000,188.000
562.000,221.000,96.000,185.000
554.000,233.000,87.000,173.000
528.000,214.000,93.000,195.000
511.000,220.000,69.000,174.000
499.000,208.000,69.000,182.000
481.000,195.000,78.000,174.000
466.000,195.000,70.000,167.000
458.000,207.000,82.000,197.000
453.000,206.000,62.000,208.000
443.000,207.000,72.000,202.000
441.000,199.000,65.000,198.000
440.000,186.000,61.000,213.000
436.000,180.000,64.000,211.000
433.000,170.000,63.000,217.000
430.000,172.000,67.000,219.000
428.000,177.000,75.000,203.000
424.000,164.000,82.000,203.000
419.000,172.000,94.000,190.000
410.000,185.000,103.000,183.000
410.000,181.000,115.000,188.000
460.000,151.000,79.000,180.000
475.000,154.000,60.000,166.000
476.000,143.000,57.000,168.000
476.000,148.000,57.000,159.000
479.000,140.000,55.000,156.000
480.000,143.000,50.000,154.000
481.000,145.000,61.000,146.000
487.000,147.000,56.000,139.000
487.000,145.000,61.000,136.000
491.000,143.000,59.000,129.000
490.000,139.000,61.000,120.000
519.000,144.000,23.000,74.000
519.000,143.000,22.000,74.000
520.000,139.000,21.000,71.000
525.000,139.000,16.000,66.000
525.000,137.000,15.000,60.000
493.000,130.000,97.000,108.000
498.000,139.000,96.000,101.000
502.000,135.000,95.000,101.000
504.000,142.000,101.000,97.000
511.000,136.000,96.000,102.000
512.000,139.000,96.000,103.000
522.000,135.000,88.000,110.000
522.000,136.000,89.000,112.000
525.000,137.000,87.000,118.000
527.000,136.000,83.000,121.000
532.000,134.000,76.000,131.000
537.000,132.000,69.000,137.000
540.000,131.000,69.000,146.000
549.000,133.000,65.000,146.000
559.000,137.000,61.000,143.000
563.000,141.000,62.000,146.000
572.000,146.000,62.000,142.000
580.000,147.000,61.000,145.000
585.000,160.000,64.000,144.000
596.000,164.000,64.000,133.000
607.000,166.000,63.000,133.000
621.000,171.000,58.000,126.000
634.000,168.000,55.000,141.000
646.000,170.000,54.000,148.000
658.000,171.000,63.000,144.000
670.000,171.000,53.000,143.000
684.000,176.000,50.000,131.000
697.000,174.000,51.000,128.000
706.000,181.000,59.000,120.000
718.000,189.000,50.000,119.000
730.000,190.000,51.000,119.000
741.000,194.000,46.000,117.000
750.000,194.000,44.000,122.000
761.000,198.000,40.000,124.000
770.000,195.000,37.000,128.000
775.000,196.000,38.000,134.000
782.000,199.000,34.000,138.000
787.000,206.000,37.000,139.000
790.000,213.000,34.000,131.000
792.000,216.000,44.000,138.000
791.000,224.000,49.000,140.000
794.000,240.000,50.000,126.000
798.000,232.000,45.000,128.000
804.000,241.000,46.000,129.000
805.000,239.000,41.000,128.000
807.000,239.000,50.000,124.000
812.000,234.000,55.000,122.000
820.000,221.000,48.000,122.000
817.000,241.000,50.000,118.000
817.000,224.000,54.000,128.000
813.000,221.000,72.000,126.000
811.000,230.000,72.000,119.000
816.000,219.000,66.000,103.000
814.000,226.000,75.000,112.000
812.000,220.000,86.000,111.000
816.000,219.000,79.000,115.000
819.000,208.000,81.000,123.000
813.000,212.000,91.000,113.000
802.000,209.000,97.000,110.000
798.000,206.000,106.000,118.000
795.000,197.000,105.000,115.000
786.000,198.000,108.000,103.000
797.000,199.000,96.000,105.000
780.000,196.000,112.000,97.000
786.000,195.000,107.000,98.000
790.000,181.000,100.000,108.000
786.000,181.000,106.000,102.000
781.000,177.000,112.000,109.000
773.000,175.000,115.000,101.000
775.000,170.000,108.000,99.000
775.000,178.000,105.000,95.000
779.000,170.000,99.000,99.000
770.000,173.000,107.000,93.000
767.000,177.000,108.000,82.000
764.000,183.000,104.000,73.000
761.000,178.000,104.000,78.000
758.000,183.000,106.000,78.000
758.000,178.000,104.000,83.000
755.000,184.000,102.000,76.000
752.000,179.000,101.000,84.000
747.000,186.000,108.000,83.000
746.000,181.000,111.000,88.000
745.000,186.000,122.000,102.000
742.000,183.000,147.000,121.000
737.000,183.000,152.000,127.000
735.000,182.000,151.000,138.000
726.000,184.000,159.000,137.000
745.000,208.000,41.000,16.000
717.000,193.000,131.000,145.000
705.000,197.000,141.000,142.000
706.000,202.000,141.000,145.000
707.000,205.000,123.000,160.000
697.000,205.000,127.000,172.000
690.000,217.000,128.000,181.000
682.000,221.000,129.000,188.000
673.000,223.000,126.000,199.000
655.000,216.000,132.000,212.000
633.000,231.000,129.000,205.000
623.000,238.000,124.000,201.000
604.000,259.000,124.000,191.000
591.000,259.000,127.000,193.000
574.000,256.000,135.000,205.000
562.000,269.000,124.000,187.000
551.000,270.000,117.000,180.000
545.000,278.000,108.000,181.000
539.000,270.000,94.000,189.000
518.000,277.000,103.000,187.000
503.000,278.000,100.000,181.000
496.000,273.000,90.000,178.000
499.000,269.000,91.000,196.000
502.000,238.000,75.000,195.000
504.000,254.000,79.000,195.000
516.000,245.000,76.000,205.000
518.000,244.000,73.000,206.000
530.000,243.000,68.000,199.000
543.000,233.000,62.000,193.000
556.000,230.000,62.000,189.000
569.000,212.000,59.000,193.000
580.000,209.000,66.000,198.000
595.000,199.000,67.000,198.000
617.000,200.000,62.000,185.000
645.000,159.000,50.000,198.000
661.000,159.000,48.000,195.000
671.000,161.000,47.000,190.000
677.000,154.000,49.000,192.000
681.000,159.000,53.000,185.000
685.000,177.000,45.000,165.000
686.000,175.000,42.000,167.000
683.000,179.000,43.000,161.000
668.000,184.000,54.000,153.000
672.000,180.000,45.000,154.000
666.000,180.000,51.000,146.000
663.000,176.000,51.000,140.000
661.000,180.000,51.000,129.000
659.000,176.000,57.000,118.000
654.000,173.000,57.000,119.000
650.000,171.000,57.000,106.000
638.000,165.000,68.000,106.000
631.000,166.000,74.000,104.000
624.000,161.000,78.000,107.000
610.000,153.000,85.000,114.000
598.000,164.000,97.000,104.000
592.000,171.000,103.000,94.000
590.000,159.000,100.000,105.000
579.000,167.000,103.000,100.000
580.000,166.000,100.000,103.000
574.000,162.000,103.000,111.000
571.000,167.000,98.000,113.000
576.000,169.000,89.000,114.000
575.000,172.000,83.000,113.000
577.000,174.000,75.000,119.000
575.000,175.000,73.000,123.000
579.000,174.000,66.000,131.000
580.000,176.000,64.000,137.000
580.000,177.000,63.000,139.000
582.000,187.000,61.000,138.000
588.000,196.000,61.000,133.000
593.000,204.000,60.000,132.000
599.000,199.000,68.000,142.000
612.000,206.000,59.000,141.000
620.000,209.000,55.000,142.000
626.000,217.000,54.000,137.000
632.000,221.000,55.000,143.000
641.000,227.000,52.000,147.000
649.000,235.000,49.000,143.000
657.000,234.000,44.000,153.000
666.000,237.000,45.000,155.000
676.000,236.000,43.000,162.000
683.000,247.000,45.000,149.000
695.000,253.000,44.000,125.000
699.000,266.000,49.000,112.000
706.000,264.000,47.000,118.000
717.000,263.000,41.000,123.000
724.000,263.000,41.000,127.000
733.000,267.000,38.000,120.000
733.000,265.000,41.000,120.000
740.000,263.000,33.000,121.000
744.000,261.000,30.000,124.000
747.000,256.000,30.000,128.000
750.000,258.000,31.000,119.000
752.000,265.000,38.000,114.000
752.000,260.000,42.000,121.000
757.000,258.000,42.000,116.000
760.000,249.000,43.000,119.000
766.000,246.000,36.000,123.000
762.000,262.000,47.000,115.000
781.000,231.000,34.000,112.000
778.000,228.000,36.000,114.000
775.000,230.000,42.000,111.000
778.000,231.000,44.000,108.000
778.000,223.000,45.000,110.000
775.000,224.000,53.000,104.000
771.000,240.000,68.000,109.000
768.000,236.000,74.000,101.000
769.000,234.000,73.000,86.000
776.000,230.000,67.000,88.000
775.000,226.000,76.000,90.000
776.000,226.000,83.000,91.000
778.000,225.000,81.000,97.000
779.000,216.000,82.000,105.000
776.000,220.000,89.000,106.000
769.000,213.000,93.000,106.000
774.000,202.000,89.000,111.000
776.000,196.000,99.000,121.000
770.000,197.000,95.000,107.000
768.000,194.000,102.000,110.000
764.000,197.000,106.000,91.000
763.000,193.000,105.000,92.000
755.000,189.000,119.000,92.000
776.000,193.000,91.000,72.000
777.000,190.000,93.000,74.000
778.000,186.000,94.000,76.000
779.000,184.000,95.000,73.000
778.000,181.000,100.000,73.000
778.000,179.000,100.000,74.000
780.000,174.000,105.000,75.000
782.000,171.000,115.000,83.000
786.000,166.000,124.000,99.000
786.000,162.000,126.000,117.000
788.000,162.000,134.000,118.000
788.000,160.000,126.000,122.000
792.000,162.000,126.000,121.000
794.000,160.000,112.000,127.000
796.000,163.000,116.000,125.000
797.000,164.000,110.000,133.000
794.000,166.000,119.000,134.000
786.000,160.000,143.000,158.000
782.000,166.000,147.000,150.000
776.000,169.000,153.000,143.000
772.000,170.000,151.000,155.000
762.000,170.000,152.000,163.000
762.000,178.000,148.000,158.000
757.000,181.000,143.000,170.000
745.000,190.000,146.000,174.000
745.000,199.000,138.000,181.000
735.000,211.000,141.000,181.000
728.000,208.000,139.000,197.000
714.000,209.000,137.000,222.000
696.000,221.000,134.000,203.000
678.000,209.000,128.000,211.000
665.000,225.000,127.000,215.000
654.000,234.000,123.000,207.000
645.000,235.000,117.000,204.000
624.000,238.000,109.000,204.000
613.000,243.000,113.000,213.000
603.000,255.000,121.000,202.000
591.000,264.000,135.000,196.000
576.000,266.000,159.000,217.000
553.000,265.000,174.000,224.000
543.000,255.000,179.000,238.000
520.000,260.000,181.000,234.000
511.000,240.000,139.000,243.000
516.000,249.000,112.000,242.000
514.000,239.000,88.000,254.000
511.000,229.000,101.000,291.000
510.000,239.000,85.000,291.000
510.000,227.000,73.000,296.000
512.000,217.000,67.000,301.000
508.000,206.000,74.000,297.000
499.000,212.000,90.000,273.000
509.000,215.000,89.000,248.000
514.000,189.000,95.000,249.000
520.000,192.000,98.000,239.000
517.000,195.000,112.000,218.000
511.000,203.000,134.000,195.000
509.000,202.000,126.000,182.000
501.000,202.000,141.000,166.000
527.000,187.000,128.000,162.000
552.000,193.000,90.000,150.000
563.000,182.000,67.000,149.000
564.000,173.000,65.000,156.000
561.000,175.000,61.000,146.000
560.000,179.000,56.000,134.000
555.000,164.000,63.000,138.000
556.000,164.000,60.000,138.000
555.000,163.000,64.000,122.000
550.000,168.000,68.000,107.000
547.000,162.000,70.000,113.000
546.000,157.000,72.000,115.000
545.000,153.000,75.000,115.000
542.000,152.000,80.000,112.000
538.000,148.000,82.000,111.000
533.000,153.000,86.000,105.000
532.000,145.000,84.000,109.000
567.000,146.000,15.000,55.000
565.000,144.000,17.000,56.000
565.000,143.000,18.000,55.000
525.000,136.000,81.000,121.000
524.000,131.000,75.000,128.000
529.000,129.000,66.000,136.000
530.000,128.000,64.000,135.000
530.000,129.000,65.000,134.000
531.000,133.000,64.000,126.000
528.000,137.000,68.000,121.000
537.000,143.000,67.000,127.000
537.000,150.000,69.000,116.000
543.000,156.000,74.000,99.000
544.000,161.000,72.000,105.000
543.000,174.000,75.000,107.000
556.000,170.000,67.000,130.000
556.000,173.000,71.000,145.000
564.000,174.000,68.000,149.000
578.000,172.000,57.000,155.000
580.000,180.000,59.000,153.000
588.000,187.000,55.000,145.000
597.000,196.000,55.000,131.000
610.000,198.000,50.000,142.000
619.000,210.000,53.000,133.000
633.000,221.000,48.000,134.000
647.000,217.000,53.000,133.000
658.000,238.000,49.000,133.000
676.000,227.000,45.000,130.000
682.000,240.000,52.000,122.000
689.000,248.000,59.000,116.000
708.000,239.000,52.000,115.000
710.000,259.000,58.000,107.000
723.000,264.000,51.000,105.000
726.000,266.000,59.000,102.000
735.000,262.000,66.000,106.000
742.000,248.000,55.000,117.000
748.000,239.000,54.000,121.000
743.000,246.000,51.000,117.000
743.000,244.000,48.000,119.000
741.000,236.000,42.000,126.000
731.000,238.000,50.000,130.000
730.000,235.000,45.000,128.000
728.000,237.000,38.000,122.000
725.000,236.000,50.000,112.000
725.000,236.000,50.000,112.000
734.000,212.000,50.000,126.000
732.000,204.000,58.000,125.000
731.000,209.000,70.000,113.000
730.000,204.000,82.000,128.000
738.000,209.000,85.000,123.000
745.000,214.000,87.000,116.000
755.000,205.000,86.000,114.000
762.000,198.000,92.000,114.000
772.000,202.000,85.000,103.000
780.000,180.000,91.000,117.000
785.000,183.000,90.000,104.000
798.000,180.000,93.000,102.000
797.000,172.000,101.000,101.000
801.000,155.000,119.000,112.000
807.000,147.000,112.000,117.000
810.000,148.000,110.000,101.000
809.000,137.000,120.000,95.000
811.000,132.000,123.000,91.000
817.000,124.000,115.000,89.000
822.000,119.000,108.000,84.000
882.000,149.000,85.000,97.000
828.000,109.000,77.000,86.000
830.000,107.000,78.000,83.000
835.000,100.000,73.000,89.000
831.000,111.000,82.000,81.000
828.000,107.000,90.000,87.000
830.000,110.000,86.000,85.000
825.000,113.000,92.000,81.000
829.000,113.000,85.000,80.000
853.000,136.000,39.000,15.000
824.000,113.000,108.000,83.000
822.000,130.000,126.000,71.000
823.000,131.000,122.000,72.000
825.000,134.000,115.000,71.000
823.000,133.000,118.000,77.000
822.000,148.000,128.000,64.000
821.000,148.000,118.000,61.000
820.000,150.000,116.000,63.000
817.000,153.000,118.000,67.000
815.000,152.000,109.000,77.000
818.000,141.000,111.000,89.000
811.000,149.000,113.000,86.000
810.000,152.000,105.000,90.000
803.000,152.000,111.000,99.000
800.000,161.000,104.000,96.000
782.000,166.000,116.000,106.000
775.000,174.000,122.000,120.000
767.000,184.000,127.000,128.000
742.000,189.000,127.000,129.000
722.000,193.000,109.000,146.000
707.000,201.000,122.000,158.000
684.000,216.000,126.000,159.000
671.000,230.000,139.000,183.000
653.000,222.000,130.000,196.000
633.000,230.000,138.000,188.000
623.000,240.000,129.000,179.000
604.000,242.000,118.000,179.000
595.000,246.000,112.000,182.000
729.000,328.000,116.000,150.000
556.000,257.000,117.000,167.000
528.000,249.000,109.000,148.000
522.000,251.000,89.000,143.000
517.000,248.000,76.000,131.000
512.000,224.000,63.000,131.000
510.000,226.000,53.000,136.000
512.000,215.000,56.000,142.000
510.000,223.000,58.000,132.000
517.000,225.000,56.000,131.000
527.000,221.000,57.000,130.000
528.000,237.000,65.000,114.000
540.000,237.000,60.000,109.000
558.000,232.000,52.000,110.000
573.000,226.000,47.000,104.000
582.000,218.000,45.000,107.000
591.000,206.000,49.000,104.000
597.000,196.000,47.000,109.000
604.000,183.000,48.000,111.000
605.000,181.000,52.000,112.000
605.000,180.000,57.000,107.000
599.000,183.000,67.000,99.000
600.000,169.000,72.000,111.000
606.000,170.000,72.000,112.000
605.000,176.000,66.000,97.000
604.000,176.000,64.000,96.000
601.000,170.000,65.000,98.000
612.000,165.000,50.000,119.000
609.000,159.000,48.000,122.000
601.000,154.000,50.000,117.000
597.000,149.000,55.000,113.000
594.000,140.000,56.000,122.000
585.000,139.000,75.000,116.000
577.000,134.000,88.000,115.000
576.000,142.000,90.000,105.000
565.000,145.000,105.000,96.000
572.000,143.000,98.000,94.000
570.000,143.000,99.000,92.000
569.000,140.000,97.000,92.000
566.000,133.000,96.000,96.000
568.000,133.000,91.000,96.000
571.000,126.000,81.000,105.000
566.000,125.000,80.000,107.000
560.000,119.000,78.000,116.000
556.000,111.000,76.000,135.000
557.000,107.000,73.000,138.000
560.000,107.000,60.000,142.000
560.000,104.000,65.000,146.000
559.000,112.000,66.000,139.000
562.000,122.000,65.000,135.000
562.000,130.000,68.000,128.000
568.000,138.000,69.000,129.000
566.000,147.000,79.000,115.000
571.000,155.000,83.000,109.000
569.000,164.000,90.000,113.000
578.000,163.000,86.000,118.000
590.000,163.000,78.000,122.000
598.000,176.000,67.000,114.000
607.000,176.000,61.000,118.000
615.000,185.000,52.000,116.000
620.000,187.000,52.000,117.000
630.000,200.000,49.000,116.000
641.000,204.000,47.000,123.000
651.000,207.000,49.000,129.000
663.000,212.000,48.000,133.000
675.000,222.000,45.000,133.000
686.000,233.000,47.000,118.000
690.000,241.000,53.000,113.000
692.000,247.000,59.000,112.000
704.000,257.000,54.000,104.000
708.000,255.000,55.000,101.000
705.000,264.000,59.000,106.000
710.000,265.000,56.000,104.000
714.000,263.000,51.000,102.000
722.000,249.000,46.000,102.000
717.000,243.000,42.000,116.000
717.000,236.000,43.000,127.000
714.000,244.000,43.000,136.000
709.000,247.000,45.000,135.000
708.000,261.000,46.000,124.000
704.000,256.000,43.000,122.000
704.000,278.000,28.000,35.000
717.000,235.000,41.000,135.000
708.000,229.000,57.000,139.000
710.000,234.000,54.000,126.000
716.000,232.000,59.000,131.000
717.000,239.000,71.000,125.000
723.000,243.000,74.000,115.000
730.000,246.000,87.000,104.000
735.000,237.000,91.000,109.000
742.000,243.000,96.000,102.000
747.000,222.000,105.000,117.000
764.000,225.000,105.000,106.000
768.000,210.000,99.000,105.000
789.000,208.000,100.000,105.000
784.000,195.000,96.000,111.000
785.000,188.000,108.000,110.000
790.000,178.000,111.000,102.000
797.000,176.000,105.000,89.000
808.000,171.000,89.000,83.000
813.000,173.000,108.000,70.000
815.000,158.000,107.000,70.000
818.000,152.000,111.000,72.000
821.000,142.000,107.000,77.000
821.000,135.000,120.000,84.000
821.000,130.000,121.000,81.000
822.000,131.000,121.000,77.000
823.000,126.000,122.000,78.000
821.000,132.000,123.000,67.000
821.000,128.000,120.000,66.000
819.000,126.000,116.000,63.000
817.000,124.000,121.000,63.000
815.000,124.000,117.000,62.000
814.000,123.000,119.000,63.000
816.000,123.000,121.000,65.000
814.000,122.000,121.000,67.000
810.000,126.000,127.000,65.000
815.000,136.000,117.000,57.000
812.000,137.000,114.000,60.000
810.000,140.000,111.000,61.000
813.000,148.000,115.000,62.000
809.000,149.000,111.000,70.000
811.000,151.000,95.000,77.000
810.000,161.000,104.000,68.000
803.000,164.000,112.000,71.000
806.000,166.000,103.000,76.000
802.000,166.000,101.000,89.000
801.000,164.000,114.000,100.000
798.000,169.000,111.000,110.000
785.000,177.000,108.000,113.000
771.000,187.000,107.000,119.000
751.000,208.000,100.000,104.000
742.000,221.000,99.000,107.000
726.000,224.000,92.000,116.000
700.000,238.000,85.000,113.000
682.000,233.000,83.000,129.000
669.000,241.000,77.000,131.000
653.000,249.000,76.000,126.000
631.000,259.000,74.000,121.000
612.000,262.000,76.000,114.000
594.000,266.000,70.000,103.000
580.000,254.000,59.000,115.000
567.000,270.000,57.000,109.000
544.000,279.000,60.000,103.000
527.000,276.000,53.000,107.000
526.000,273.000,56.000,98.000
520.000,266.000,48.000,103.000
523.000,258.000,47.000,114.000
526.000,242.000,46.000,131.000
535.000,234.000,56.000,142.000
546.000,236.000,50.000,137.000
559.000,238.000,53.000,129.000
573.000,244.000,56.000,125.000
574.000,250.000,55.000,119.000
590.000,235.000,53.000,125.000
605.000,235.000,52.000,120.000
623.000,233.000,49.000,116.000
633.000,234.000,49.000,113.000
651.000,222.000,44.000,120.000
660.000,229.000,41.000,114.000
670.000,211.000,43.000,124.000
675.000,203.000,49.000,122.000
672.000,206.000,59.000,106.000
676.000,205.000,60.000,107.000
668.000,199.000,66.000,104.000
666.000,194.000,62.000,107.000
656.000,189.000,58.000,105.000
650.000,181.000,54.000,105.000
642.000,168.000,58.000,109.000
640.000,164.000,50.000,115.000
636.000,155.000,51.000,119.000
634.000,152.000,56.000,125.000
629.000,147.000,57.000,123.000
630.000,143.000,56.000,118.000
624.000,134.000,57.000,116.000
615.000,126.000,61.000,117.000
606.000,120.000,68.000,110.000
598.000,115.000,75.000,110.000
580.000,105.000,89.000,114.000
569.000,105.000,104.000,108.000
570.000,99.000,102.000,112.000
568.000,100.000,101.000,105.000
569.000,98.000,94.000,102.000
565.000,98.000,91.000,104.000
562.000,99.000,87.000,101.000
562.000,100.000,83.000,105.000
560.000,89.000,78.000,118.000
554.000,91.000,81.000,118.000
558.000,87.000,71.000,126.000
556.000,85.000,70.000,130.000
560.000,80.000,65.000,130.000
562.000,83.000,70.000,115.000
562.000,89.000,69.000,131.000
560.000,97.000,73.000,125.000
563.000,103.000,79.000,120.000
562.000,107.000,84.000,130.000
561.000,119.000,93.000,123.000
571.000,126.000,88.000,114.000
581.000,125.000,87.000,114.000
589.000,134.000,81.000,106.000
601.000,135.000,72.000,110.000
612.000,140.000,59.000,116.000
619.000,150.000,54.000,113.000
625.000,157.000,59.000,113.000
642.000,168.000,54.000,116.000
653.000,180.000,56.000,110.000
669.000,182.000,55.000,117.000
690.000,189.000,47.000,124.000
716.000,190.000,38.000,128.000
723.000,202.000,39.000,119.000
731.000,210.000,45.000,116.000
739.000,212.000,48.000,120.000
746.000,229.000,45.000,109.000
748.000,236.000,49.000,104.000
753.000,227.000,46.000,115.000
748.000,239.000,53.000,111.000
752.000,243.000,49.000,108.000
755.000,242.000,46.000,111.000
756.000,233.000,52.000,123.000
757.000,228.000,43.000,130.000
757.000,223.000,40.000,133.000
755.000,231.000,44.000,133.000
752.000,235.000,45.000,130.000
752.000,230.000,46.000,134.000
751.000,231.000,42.000,129.000
751.000,231.000,42.000,129.000
767.000,216.000,50.000,137.000
766.000,210.000,63.000,143.000
769.000,223.000,73.000,127.000
775.000,227.000,80.000,120.000
780.000,225.000,88.000,111.000
787.000,228.000,90.000,108.000
795.000,222.000,94.000,109.000
797.000,225.000,100.000,100.000
802.000,203.000,97.000,109.000
814.000,201.000,98.000,106.000
818.000,198.000,103.000,99.000
828.000,187.000,89.000,98.000
831.000,178.000,99.000,102.000
832.000,173.000,114.000,90.000
837.000,160.000,111.000,91.000
846.000,155.000,99.000,89.000
843.000,151.000,101.000,82.000
839.000,136.000,92.000,84.000
845.000,140.000,114.000,71.000
838.000,127.000,123.000,85.000
834.000,120.000,123.000,83.000
830.000,122.000,126.000,72.000
826.000,122.000,124.000,65.000
828.000,121.000,125.000,62.000
824.000,118.000,128.000,63.000
823.000,119.000,127.000,60.000
822.000,114.000,126.000,66.000
824.000,114.000,121.000,64.000
819.000,111.000,127.000,67.000
816.000,112.000,127.000,65.000
821.000,117.000,120.000,63.000
820.000,116.000,119.000,65.000
819.000,120.000,120.000,63.000
821.000,123.000,118.000,64.000
821.000,128.000,118.000,65.000
820.000,132.000,121.000,61.000
820.000,137.000,116.000,59.000
824.000,142.000,119.000,59.000
825.000,144.000,119.000,59.000
826.000,144.000,110.000,63.000
824.000,146.000,107.000,68.000
820.000,150.000,103.000,72.000
822.000,139.000,110.000,88.000
815.000,148.000,116.000,92.000
814.000,148.000,109.000,100.000
806.000,155.000,100.000,100.000
804.000,167.000,97.000,98.000
795.000,176.000,95.000,97.000
784.000,188.000,101.000,98.000
762.000,194.000,117.000,108.000
741.000,205.000,107.000,104.000
732.000,224.000,101.000,106.000
704.000,231.000,98.000,109.000
694.000,244.000,91.000,109.000
673.000,233.000,96.000,118.000
661.000,258.000,88.000,114.000
646.000,257.000,85.000,105.000
625.000,256.000,75.000,109.000
601.000,259.000,79.000,103.000
585.000,275.000,65.000,91.000
570.000,274.000,64.000,96.000
557.000,283.000,68.000,96.000
532.000,272.000,52.000,102.000
520.000,268.000,52.000,100.000
508.000,266.000,51.000,109.000
499.000,256.000,56.000,101.000
498.000,244.000,42.000,111.000
494.000,241.000,47.000,122.000
490.000,255.000,63.000,111.000
495.000,250.000,58.000,109.000
501.000,245.000,58.000,110.000
515.000,239.000,52.000,104.000
518.000,236.000,51.000,104.000
523.000,234.000,53.000,103.000
526.000,221.000,53.000,102.000
528.000,215.000,47.000,110.000
527.000,198.000,50.000,109.000
528.000,198.000,52.000,101.000
526.000,194.000,54.000,101.000
521.000,199.000,61.000,89.000
522.000,188.000,57.000,98.000
521.000,177.000,58.000,103.000
512.000,167.000,65.000,106.000
509.000,162.000,60.000,104.000
503.000,152.000,62.000,105.000
497.000,153.000,64.000,96.000
496.000,139.000,62.000,100.000
495.000,133.000,62.000,100.000
491.000,124.000,69.000,106.000
489.000,123.000,72.000,120.000
493.000,119.000,71.000,117.000
498.000,110.000,69.000,114.000
489.000,105.000,79.000,108.000
483.000,97.000,78.000,106.000
476.000,83.000,81.000,110.000
470.000,75.000,85.000,107.000
471.000,67.000,84.000,110.000
467.000,63.000,89.000,106.000
464.000,53.000,90.000,108.000
462.000,50.000,92.000,106.000
460.000,42.000,90.000,111.000
461.000,40.000,87.000,113.000
458.000,31.000,85.000,124.000
448.000,39.000,89.000,116.000
453.000,24.000,80.000,133.000
458.000,17.000,72.000,141.000
457.000,20.000,66.000,144.000
462.000,14.000,64.000,151.000
457.000,29.000,69.000,144.000
461.000,36.000,71.000,134.000
455.000,44.000,84.000,143.000
464.000,64.000,80.000,125.000
463.000,69.000,90.000,136.000
461.000,84.000,102.000,134.000
473.000,96.000,99.000,122.000
480.000,104.000,95.000,125.000
496.000,115.000,80.000,118.000
504.000,116.000,81.000,127.000
514.000,125.000,73.000,135.000
527.000,133.000,64.000,141.000
538.000,138.000,66.000,145.000
550.000,151.000,70.000,147.000
567.000,167.000,69.000,141.000
581.000,178.000,70.000,148.000
602.000,180.000,70.000,155.000
621.000,186.000,71.000,145.000
629.000,206.000,68.000,138.000
653.000,203.000,55.000,158.000
663.000,207.000,52.000,141.000
686.000,209.000,45.000,128.000
682.000,234.000,53.000,112.000
690.000,241.000,52.000,107.000
700.000,248.000,48.000,111.000
707.000,249.000,47.000,102.000
702.000,253.000,52.000,112.000
706.000,252.000,49.000,112.000
703.000,254.000,46.000,111.000
705.000,239.000,43.000,118.000
702.000,239.000,43.000,116.000
700.000,226.000,41.000,131.000
699.000,229.000,49.000,135.000
703.000,225.000,40.000,133.000
711.000,242.000,44.000,117.000
714.000,242.000,55.000,105.000
714.000,224.000,62.000,116.000
720.000,217.000,66.000,127.000
728.000,211.000,68.000,127.000
731.000,213.000,79.000,117.000
736.000,223.000,93.000,110.000
748.000,219.000,88.000,105.000
757.000,195.000,99.000,114.000
779.000,197.000,96.000,112.000
789.000,187.000,100.000,108.000
790.000,175.000,107.000,106.000
798.000,160.000,117.000,117.000
801.000,149.000,113.000,113.000
812.000,143.000,102.000,99.000
818.000,136.000,97.000,97.000
820.000,139.000,105.000,82.000
819.000,134.000,110.000,81.000
818.000,115.000,114.000,86.000
822.000,114.000,113.000,86.000
819.000,111.000,128.000,81.000
823.000,112.000,121.000,76.000
816.000,103.000,118.000,71.000
817.000,107.000,126.000,65.000
813.000,101.000,131.000,66.000
817.000,100.000,131.000,65.000
816.000,99.000,133.000,67.000
823.000,95.000,126.000,71.000
822.000,96.000,131.000,68.000
821.000,94.000,132.000,71.000
826.000,93.000,133.000,70.000
830.000,93.000,129.000,72.000
832.000,95.000,124.000,71.000
834.000,94.000,128.000,72.000
838.000,96.000,121.000,74.000
838.000,98.000,127.000,75.000
831.000,99.000,133.000,74.000
837.000,103.000,124.000,69.000
834.000,106.000,125.000,68.000
839.000,109.000,118.000,67.000
838.000,116.000,112.000,64.000
838.000,125.000,111.000,57.000
842.000,128.000,108.000,63.000
841.000,132.000,104.000,68.000
836.000,137.000,111.000,65.000
835.000,138.000,109.000,70.000
829.000,139.000,117.000,83.000
824.000,144.000,126.000,92.000
829.000,149.000,119.000,103.000
825.000,161.000,127.000,119.000
809.000,171.000,138.000,120.000
789.000,183.000,149.000,127.000
767.000,194.000,152.000,136.000
763.000,210.000,137.000,137.000
730.000,218.000,166.000,146.000
708.000,222.000,165.000,161.000
691.000,226.000,156.000,182.000
678.000,239.000,144.000,181.000
662.000,232.000,137.000,192.000
636.000,249.000,147.000,182.000
613.000,251.000,136.000,185.000
596.000,260.000,129.000,178.000
583.000,258.000,114.000,186.000
569.000,265.000,105.000,185.000
550.000,267.000,103.000,188.000
521.000,245.000,106.000,201.000
521.000,255.000,79.000,212.000
514.000,255.000,77.000,202.000
509.000,238.000,69.000,197.000
517.000,234.000,62.000,216.000
515.000,234.000,61.000,226.000
522.000,224.000,62.000,221.000
514.000,240.000,75.000,214.000
524.000,234.000,66.000,195.000
528.000,223.000,65.000,197.000
528.000,209.000,66.000,191.000
542.000,203.000,57.000,178.000
550.000,169.000,55.000,179.000
551.000,175.000,51.000,159.000
541.000,171.000,61.000,138.000
539.000,176.000,54.000,150.000
531.000,170.000,57.000,152.000
527.000,162.000,58.000,141.000
521.000,152.000,57.000,147.000
514.000,145.000,59.000,147.000
513.000,134.000,61.000,137.000
513.000,131.000,58.000,142.000
513.000,126.000,61.000,146.000
511.000,124.000,66.000,138.000
517.000,123.000,64.000,131.000
520.000,117.000,68.000,129.000
514.000,121.000,73.000,114.000
513.000,121.000,77.000,108.000
511.000,114.000,78.000,105.000
518.000,113.000,70.000,95.000
515.000,100.000,71.000,110.000
508.000,95.000,75.000,108.000
505.000,84.000,78.000,107.000
506.000,81.000,73.000,106.000
505.000,68.000,77.000,115.000
508.000,64.000,73.000,117.000
509.000,59.000,68.000,119.000
507.000,55.000,69.000,120.000
510.000,52.000,67.000,119.000
512.000,48.000,66.000,126.000
512.000,43.000,69.000,132.000
518.000,44.000,64.000,118.000
520.000,48.000,65.000,105.000
522.000,47.000,68.000,107.000
530.000,53.000,65.000,110.000
522.000,53.000,75.000,121.000
522.000,65.000,85.000,119.000
520.000,75.000,84.000,124.000
524.000,82.000,93.000,126.000
522.000,93.000,99.000,116.000
525.000,103.000,94.000,122.000
539.000,110.000,89.000,115.000
543.000,121.000,86.000,121.000
555.000,131.000,75.000,114.000
566.000,136.000,76.000,112.000
570.000,154.000,77.000,113.000
580.000,159.000,73.000,111.000
591.000,173.000,74.000,114.000
604.000,182.000,72.000,118.000
613.000,192.000,73.000,120.000
624.000,197.000,73.000,121.000
633.000,212.000,76.000,114.000
650.000,222.000,78.000,111.000
664.000,223.000,79.000,116.000
678.000,242.000,70.000,103.000
697.000,235.000,65.000,111.000
709.000,250.000,60.000,108.000
716.000,256.000,64.000,105.000
734.000,250.000,58.000,111.000
742.000,256.000,59.000,110.000
749.000,264.000,62.000,112.000
757.000,269.000,57.000,108.000
764.000,279.000,52.000,112.000
776.000,268.000,44.000,108.000
785.000,266.000,40.000,104.000
786.000,256.000,38.000,117.000
790.000,254.000,42.000,122.000
801.000,248.000,42.000,116.000
811.000,249.000,42.000,122.000
811.000,249.000,42.000,122.000
840.000,242.000,56.000,120.000
856.000,229.000,61.000,127.000
872.000,225.000,68.000,123.000
898.000,223.000,48.000,98.000
898.000,223.000,88.000,115.000
910.000,214.000,87.000,115.000
926.000,199.000,91.000,120.000
934.000,190.000,99.000,121.000
946.000,185.000,93.000,112.000
956.000,180.000,92.000,102.000
968.000,166.000,98.000,96.000
967.000,157.000,111.000,98.000
978.000,140.000,109.000,102.000
990.000,145.000,112.000,70.000
990.000,131.000,110.000,70.000
979.000,118.000,109.000,75.000
984.000,109.000,116.000,69.000
995.000,104.000,125.000,56.000
987.000,96.000,116.000,63.000
988.000,96.000,131.000,50.000
968.000,83.000,148.000,61.000
965.000,77.000,152.000,62.000
963.000,67.000,140.000,70.000
962.000,64.000,137.000,72.000
963.000,58.000,133.000,75.000
961.000,58.000,133.000,72.000
958.000,59.000,139.000,74.000
953.000,55.000,132.000,78.000
954.000,51.000,135.000,80.000
952.000,50.000,127.000,81.000
951.000,50.000,121.000,85.000
948.000,55.000,135.000,82.000
945.000,56.000,137.000,83.000
945.000,56.000,132.000,84.000
944.000,65.000,128.000,90.000
940.000,69.000,121.000,94.000
938.000,81.000,116.000,86.000
939.000,94.000,123.000,79.000
935.000,99.000,122.000,82.000
930.000,107.000,124.000,81.000
926.000,118.000,124.000,74.000
917.000,129.000,127.000,72.000
912.000,145.000,132.000,60.000
912.000,156.000,119.000,59.000
906.000,165.000,118.000,57.000
909.000,173.000,106.000,63.000
911.000,177.000,107.000,65.000
907.000,187.000,119.000,76.000
897.000,189.000,102.000,85.000
896.000,198.000,86.000,86.000
889.000,209.000,82.000,84.000
874.000,220.000,86.000,81.000
857.000,228.000,86.000,90.000
837.000,240.000,85.000,102.000
808.000,245.000,140.000,161.000
791.000,253.000,150.000,174.000
765.000,249.000,154.000,187.000
743.000,266.000,167.000,177.000
724.000,273.000,157.000,168.000
716.000,272.000,137.000,170.000
698.000,277.000,137.000,172.000
684.000,276.000,129.000,177.000
664.000,269.000,124.000,188.000
654.000,275.000,116.000,184.000
642.000,286.000,107.000,179.000
614.000,246.000,101.000,187.000
618.000,252.000,73.000,197.000
605.000,252.000,79.000,213.000
603.000,240.000,69.000,234.000
602.000,239.000,67.000,228.000
602.000,245.000,64.000,231.000
614.000,262.000,44.000,119.000
613.000,232.000,88.000,219.000
602.000,243.000,79.000,220.000
596.000,248.000,90.000,221.000
595.000,247.000,96.000,212.000
599.000,247.000,106.000,198.000
603.000,245.000,108.000,194.000
608.000,249.000,117.000,179.000
599.000,246.000,126.000,165.000
626.000,227.000,115.000,168.000
639.000,226.000,95.000,161.000
637.000,227.000,90.000,141.000
637.000,222.000,69.000,147.000
629.000,216.000,69.000,146.000
626.000,210.000,61.000,143.000
618.000,201.000,59.000,150.000
615.000,190.000,61.000,152.000
615.000,185.000,63.000,146.000
612.000,185.000,67.000,135.000
612.000,183.000,71.000,130.000
609.000,180.000,78.000,128.000
609.000,182.000,80.000,120.000
616.000,179.000,81.000,115.000
616.000,179.000,85.000,104.000
616.000,174.000,81.000,103.000
619.000,169.000,73.000,104.000
612.000,167.000,75.000,101.000
613.000,165.000,72.000,98.000
609.000,156.000,77.000,102.000
609.000,151.000,75.000,115.000
610.000,149.000,69.000,115.000
611.000,146.000,66.000,116.000
613.000,144.000,65.000,115.000
612.000,145.000,64.000,114.000
615.000,145.000,65.000,117.000
616.000,146.000,65.000,122.000
615.000,147.000,68.000,125.000
620.000,147.000,66.000,118.000
626.000,151.000,61.000,113.000
620.000,154.000,68.000,121.000
622.000,159.000,69.000,122.000
625.000,164.000,71.000,121.000
631.000,170.000,72.000,116.000
633.000,179.000,72.000,109.000
630.000,186.000,85.000,121.000
636.000,203.000,86.000,115.000
639.000,213.000,89.000,110.000
650.000,223.000,87.000,120.000
657.000,232.000,91.000,120.000
670.000,240.000,87.000,112.000
681.000,250.000,77.000,123.000
696.000,252.000,73.000,127.000
705.000,269.000,70.000,128.000
721.000,276.000,68.000,123.000
736.000,285.000,67.000,121.000
746.000,301.000,70.000,115.000
760.000,310.000,70.000,118.000
778.000,320.000,84.000,106.000
793.000,334.000,79.000,110.000
811.000,334.000,71.000,113.000
830.000,343.000,60.000,110.000
854.000,337.000,42.000,121.000
862.000,324.000,38.000,132.000
864.000,326.000,37.000,131.000
862.000,336.000,38.000,127.000
858.000,334.000,41.000,123.000
848.000,349.000,48.000,117.000
846.000,346.000,41.000,113.000
837.000,338.000,38.000,121.000
826.000,325.000,38.000,130.000
816.000,309.000,43.000,141.000
808.000,308.000,48.000,141.000
804.000,308.000,41.000,142.000
792.000,306.000,46.000,135.000
792.000,306.000,46.000,135.000
792.000,296.000,57.000,139.000
786.000,309.000,67.000,125.000
786.000,304.000,77.000,131.000
784.000,316.000,79.000,116.000
795.000,308.000,66.000,99.000
795.000,320.000,71.000,100.000
790.000,323.000,88.000,91.000
792.000,317.000,91.000,93.000
792.000,306.000,99.000,97.000
790.000,304.000,107.000,98.000
791.000,299.000,96.000,102.000
788.000,287.000,99.000,90.000
788.000,284.000,98.000,76.000
787.000,276.000,99.000,75.000
784.000,272.000,106.000,69.000
781.000,264.000,118.000,68.000
783.000,260.000,112.000,66.000
783.000,256.000,106.000,56.000
782.000,255.000,103.000,51.000
778.000,254.000,101.000,47.000
769.000,253.000,106.000,42.000
748.000,247.000,120.000,56.000
747.000,244.000,113.000,58.000
740.000,245.000,114.000,58.000
735.000,245.000,115.000,54.000
726.000,244.000,118.000,56.000
730.000,247.000,114.000,50.000
725.000,245.000,105.000,53.000
722.000,243.000,108.000,55.000
715.000,245.000,111.000,58.000
712.000,243.000,104.000,62.000
713.000,252.000,113.000,56.000
706.000,250.000,101.000,63.000
704.000,249.000,102.000,66.000
709.000,245.000,97.000,71.000
706.000,256.000,93.000,69.000
701.000,257.000,100.000,68.000
702.000,256.000,111.000,71.000
697.000,265.000,104.000,73.000
698.000,270.000,98.000,69.000
711.000,276.000,113.000,55.000
699.000,285.000,99.000,65.000
696.000,294.000,104.000,62.000
686.000,305.000,112.000,57.000
687.000,314.000,107.000,55.000
688.000,318.000,103.000,59.000
691.000,327.000,99.000,63.000
698.000,338.000,92.000,59.000
701.000,344.000,87.000,70.000
700.000,347.000,85.000,78.000
696.000,360.000,91.000,80.000
684.000,357.000,94.000,94.000
685.000,382.000,89.000,88.000
671.000,387.000,84.000,97.000
657.000,389.000,90.000,113.000
641.000,401.000,86.000,114.000
628.000,406.000,93.000,118.000
625.000,423.000,77.000,113.000
609.000,420.000,85.000,120.000
612.000,417.000,80.000,116.000
617.000,411.000,70.000,122.000
616.000,393.000,73.000,134.000
617.000,395.000,68.000,131.000
618.000,378.000,60.000,137.000
619.000,371.000,54.000,139.000
619.000,371.000,54.000,139.000
619.000,349.000,54.000,153.000
623.000,364.000,49.000,128.000
635.000,356.000,44.000,125.000
634.000,354.000,51.000,117.000
651.000,333.000,35.000,123.000
644.000,327.000,55.000,132.000
664.000,312.000,36.000,132.000
667.000,322.000,41.000,122.000
687.000,291.000,31.000,125.000
699.000,292.000,28.000,120.000
711.000,293.000,27.000,109.000
721.000,282.000,28.000,103.000
726.000,288.000,26.000,104.000
731.000,280.000,23.000,94.000
713.000,291.000,45.000,114.000
714.000,281.000,46.000,121.000
708.000,275.000,48.000,119.000
707.000,263.000,46.000,123.000
691.000,261.000,56.000,114.000
691.000,251.000,54.000,112.000
682.000,242.000,59.000,104.000
672.000,231.000,67.000,115.000
665.000,221.000,72.000,123.000
649.000,218.000,83.000,104.000
644.000,209.000,79.000,103.000
642.000,196.000,77.000,110.000
643.000,184.000,74.000,112.000
639.000,177.000,76.000,112.000
636.000,170.000,78.000,105.000
635.000,162.000,74.000,124.000
629.000,156.000,82.000,122.000
618.000,149.000,92.000,127.000
615.000,142.000,101.000,126.000
677.000,137.000,26.000,76.000
674.000,129.000,31.000,77.000
674.000,126.000,30.000,76.000
674.000,125.000,31.000,77.000
674.000,120.000,31.000,78.000
673.000,118.000,30.000,80.000
671.000,116.000,29.000,81.000
670.000,116.000,31.000,81.000
669.000,115.000,31.000,82.000
669.000,114.000,31.000,84.000
667.000,115.000,33.000,84.000
611.000,113.000,99.000,149.000
592.000,116.000,114.000,165.000
585.000,131.000,123.000,159.000
589.000,144.000,123.000,147.000
603.000,149.000,113.000,152.000
612.000,165.000,106.000,138.000
625.000,175.000,99.000,131.000
627.000,181.000,105.000,133.000
637.000,189.000,106.000,127.000
645.000,206.000,97.000,133.000
659.000,208.000,91.000,143.000
666.000,226.000,90.000,136.000
677.000,233.000,89.000,131.000
687.000,242.000,88.000,143.000
693.000,251.000,88.000,147.000
710.000,258.000,84.000,123.000
719.000,274.000,81.000,101.000
732.000,280.000,81.000,102.000
741.000,285.000,76.000,107.000
746.000,299.000,69.000,99.000
760.000,298.000,59.000,103.000
764.000,296.000,54.000,104.000
755.000,308.000,58.000,102.000
758.000,310.000,53.000,105.000
756.000,306.000,49.000,106.000
750.000,306.000,48.000,109.000
742.000,308.000,49.000,107.000
734.000,300.000,45.000,108.000
740.000,282.000,24.000,65.000
722.000,274.000,43.000,120.000
714.000,259.000,44.000,135.000
711.000,258.000,42.000,138.000
707.000,258.000,45.000,140.000
701.000,258.000,41.000,139.000
694.000,244.000,48.000,129.000
701.000,254.000,54.000,137.000
693.000,240.000,60.000,147.000
692.000,253.000,71.000,133.000
689.000,250.000,76.000,140.000
693.000,258.000,78.000,131.000
692.000,259.000,86.000,119.000
695.000,257.000,84.000,110.000
705.000,250.000,80.000,110.000
708.000,238.000,85.000,110.000
712.000,229.000,87.000,110.000
716.000,229.000,90.000,100.000
711.000,220.000,98.000,96.000
707.000,205.000,110.000,103.000
709.000,203.000,107.000,95.000
708.000,199.000,108.000,92.000
713.000,195.000,107.000,86.000
716.000,190.000,108.000,81.000
719.000,184.000,100.000,82.000
717.000,188.000,103.000,74.000
719.000,191.000,105.000,68.000
728.000,190.000,100.000,63.000
727.000,197.000,106.000,49.000
726.000,195.000,110.000,49.000
729.000,193.000,103.000,48.000
728.000,194.000,99.000,48.000
731.000,194.000,96.000,46.000
727.000,195.000,99.000,46.000
724.000,194.000,100.000,44.000
727.000,196.000,98.000,46.000
726.000,197.000,99.000,44.000
720.000,198.000,103.000,45.000
728.000,199.000,102.000,47.000
723.000,203.000,93.000,45.000
719.000,205.000,99.000,45.000
715.000,207.000,98.000,44.000
711.000,214.000,98.000,43.000
708.000,218.000,99.000,45.000
709.000,223.000,94.000,48.000
703.000,229.000,97.000,44.000
701.000,236.000,99.000,46.000
700.000,243.000,101.000,45.000
700.000,248.000,93.000,47.000
699.000,250.000,95.000,50.000
700.000,253.000,88.000,55.000
695.000,258.000,94.000,61.000
693.000,260.000,95.000,66.000
694.000,264.000,91.000,72.000
691.000,266.000,101.000,80.000
688.000,273.000,102.000,79.000
689.000,274.000,98.000,82.000
689.000,277.000,93.000,88.000
685.000,280.000,99.000,111.000
665.000,266.000,105.000,112.000
670.000,276.000,96.000,108.000
671.000,291.000,126.000,133.000
661.000,290.000,127.000,145.000
656.000,287.000,134.000,167.000
650.000,293.000,141.000,171.000
642.000,294.000,134.000,180.000
638.000,296.000,128.000,188.000
630.000,286.000,127.000,198.000
624.000,294.000,113.000,204.000
620.000,279.000,102.000,214.000
614.000,293.000,68.000,127.000
612.000,291.000,62.000,129.000
615.000,279.000,53.000,142.000
615.000,279.000,53.000,142.000
610.000,267.000,37.000,137.000
605.000,272.000,43.000,134.000
600.000,254.000,47.000,140.000
596.000,252.000,49.000,134.000
597.000,259.000,52.000,121.000
593.000,265.000,49.000,111.000
590.000,261.000,50.000,103.000
610.000,227.000,29.000,118.000
614.000,212.000,29.000,112.000
616.000,203.000,25.000,107.000
615.000,197.000,26.000,105.000
617.000,189.000,26.000,98.000
617.000,182.000,24.000,88.000
594.000,179.000,50.000,120.000
579.000,182.000,61.000,111.000
582.000,175.000,56.000,110.000
581.000,165.000,58.000,114.000
581.000,156.000,60.000,116.000
571.000,151.000,70.000,110.000
569.000,146.000,71.000,111.000
568.000,138.000,75.000,110.000
563.000,134.000,74.000,104.000
549.000,127.000,85.000,101.000
559.000,111.000,82.000,112.000
556.000,105.000,89.000,117.000
549.000,104.000,95.000,110.000
552.000,96.000,97.000,115.000
549.000,96.000,102.000,117.000
550.000,91.000,106.000,121.000
543.000,95.000,110.000,111.000
548.000,89.000,111.000,111.000
544.000,93.000,111.000,99.000
545.000,88.000,114.000,104.000
545.000,88.000,106.000,98.000
550.000,84.000,107.000,100.000
550.000,80.000,98.000,107.000
552.000,67.000,98.000,118.000
554.000,62.000,95.000,110.000
564.000,55.000,76.000,106.000
569.000,45.000,65.000,113.000
563.000,36.000,70.000,123.000
557.000,65.000,59.000,112.000
550.000,69.000,63.000,108.000
535.000,77.000,54.000,95.000
516.000,91.000,66.000,84.000
498.000,94.000,79.000,97.000
488.000,133.000,87.000,89.000
484.000,162.000,83.000,59.000
474.000,187.000,98.000,67.000
457.000,225.000,88.000,78.000
374.000,258.000,97.000,61.000
374.000,258.000,97.000,61.000
374.000,258.000,97.000,61.000
363.000,300.000,98.000,54.000
358.000,312.000,109.000,63.000
354.000,328.000,108.000,59.000
359.000,348.000,102.000,54.000
367.000,364.000,90.000,62.000
365.000,387.000,91.000,67.000
364.000,410.000,79.000,58.000
364.000,434.000,75.000,64.000
362.000,461.000,82.000,68.000
363.000,490.000,82.000,75.000
363.000,519.000,95.000,84.000
361.000,547.000,100.000,95.000
