480.000,231.000,170.000,68.000
481.000,227.000,164.000,70.000
475.000,218.000,161.000,92.000
484.000,223.000,157.000,69.000
480.000,219.000,157.000,73.000
483.000,214.000,154.000,81.000
480.000,208.000,151.000,91.000
482.000,211.000,162.000,75.000
485.000,211.000,159.000,69.000
489.000,208.000,157.000,75.000
489.000,201.000,154.000,92.000
486.000,198.000,157.000,93.000
482.000,194.000,156.000,92.000
485.000,196.000,154.000,87.000
477.000,197.000,161.000,85.000
473.000,197.000,160.000,79.000
473.000,200.000,164.000,69.000
470.000,201.000,165.000,64.000
467.000,197.000,164.000,73.000
463.000,196.000,166.000,69.000
463.000,198.000,160.000,67.000
459.000,196.000,164.000,70.000
455.000,194.000,167.000,63.000
454.000,191.000,165.000,64.000
455.000,189.000,160.000,60.000
453.000,186.000,161.000,56.000
454.000,185.000,161.000,61.000
450.000,183.000,167.000,62.000
447.000,185.000,167.000,55.000
450.000,189.000,161.000,57.000
446.000,191.000,165.000,55.000
449.000,197.000,161.000,54.000
449.000,198.000,161.000,54.000
447.000,203.000,165.000,51.000
447.000,206.000,166.000,53.000
448.000,205.000,162.000,54.000
449.000,206.000,164.000,55.000
450.000,208.000,165.000,57.000
449.000,212.000,166.000,53.000
452.000,218.000,162.000,50.000
448.000,220.000,166.000,50.000
452.000,217.000,161.000,58.000
451.000,218.000,163.000,60.000
452.000,223.000,159.000,57.000
449.000,226.000,164.000,58.000
451.000,227.000,164.000,61.000
453.000,232.000,159.000,59.000
452.000,235.000,158.000,61.000
452.000,239.000,161.000,60.000
455.000,240.000,160.000,63.000
455.000,246.000,158.000,60.000
451.000,248.000,156.000,60.000
452.000,252.000,161.000,60.000
454.000,254.000,160.000,62.000
449.000,255.000,161.000,64.000
452.000,258.000,160.000,62.000
457.000,260.000,157.000,64.000
456.000,264.000,157.000,63.000
456.000,264.000,156.000,63.000
455.000,265.000,157.000,63.000
456.000,266.000,159.000,56.000
456.000,267.000,155.000,60.000
455.000,269.000,158.000,59.000
455.000,275.000,160.000,50.000
459.000,276.000,159.000,51.000
458.000,275.000,161.000,52.000
460.000,276.000,156.000,53.000
460.000,281.000,160.000,50.000
463.000,286.000,160.000,50.000
463.000,290.000,159.000,49.000
465.000,288.000,153.000,58.000
469.000,292.000,155.000,59.000
468.000,300.000,155.000,56.000
471.000,305.000,157.000,54.000
471.000,305.000,154.000,59.000
477.000,304.000,148.000,57.000
475.000,300.000,151.000,57.000
479.000,295.000,148.000,59.000
476.000,288.000,152.000,59.000
478.000,276.000,153.000,61.000
479.000,265.000,149.000,63.000
480.000,250.000,146.000,69.000
479.000,241.000,148.000,72.000
481.000,232.000,142.000,81.000
484.000,224.000,139.000,80.000
491.000,219.000,129.000,88.000
493.000,215.000,129.000,94.000
497.000,212.000,128.000,98.000
500.000,208.000,123.000,104.000
508.000,207.000,117.000,109.000
513.000,207.000,110.000,117.000
516.000,214.000,104.000,121.000
527.000,218.000,93.000,130.000
526.000,228.000,89.000,133.000
530.000,240.000,77.000,139.000
530.000,251.000,79.000,135.000
526.000,260.000,79.000,130.000
514.000,275.000,93.000,113.000
505.000,291.000,103.000,104.000
496.000,303.000,110.000,99.000
484.000,323.000,115.000,85.000
474.000,335.000,126.000,78.000
470.000,366.000,126.000,55.000
458.000,377.000,130.000,48.000
455.000,376.000,126.000,58.000
447.000,372.000,127.000,67.000
449.000,365.000,114.000,79.000
451.000,359.000,100.000,98.000
451.000,358.000,91.000,109.000
451.000,355.000,88.000,118.000
452.000,359.000,79.000,126.000
453.000,362.000,76.000,128.000
453.000,373.000,78.000,126.000
450.000,382.000,84.000,123.000
447.000,397.000,90.000,114.000
445.000,403.000,96.000,113.000
444.000,404.000,94.000,116.000
443.000,405.000,92.000,121.000
443.000,410.000,92.000,122.000
441.000,418.000,85.000,122.000
442.000,426.000,77.000,125.000
441.000,434.000,70.000,127.000
438.000,439.000,62.000,132.000
441.000,451.000,55.000,131.000
441.000,463.000,54.000,133.000
445.000,471.000,58.000,140.000
450.000,485.000,63.000,132.000
449.000,499.000,71.000,120.000
447.000,502.000,91.000,124.000
447.000,505.000,100.000,114.000
443.000,501.000,102.000,102.000
440.000,487.000,95.000,109.000
438.000,464.000,75.000,116.000
432.000,442.000,65.000,123.000
434.000,417.000,50.000,129.000
434.000,392.000,56.000,119.000
440.000,368.000,60.000,123.000
441.000,346.000,71.000,122.000
443.000,329.000,76.000,116.000
445.000,318.000,87.000,109.000
445.000,314.000,103.000,93.000
450.000,310.000,114.000,79.000
448.000,300.000,119.000,76.000
451.000,298.000,128.000,62.000
458.000,291.000,126.000,64.000
465.000,285.000,127.000,71.000
472.000,279.000,121.000,78.000
482.000,271.000,113.000,92.000
496.000,266.000,101.000,100.000
503.000,263.000,95.000,111.000
509.000,262.000,89.000,122.000
529.000,263.000,72.000,125.000
541.000,267.000,60.000,132.000
545.000,277.000,57.000,130.000
543.000,283.000,59.000,132.000
532.000,298.000,74.000,123.000
522.000,310.000,89.000,115.000
512.000,325.000,98.000,102.000
499.000,337.000,115.000,94.000
486.000,346.000,123.000,88.000
472.000,381.000,139.000,53.000
466.000,379.000,140.000,60.000
463.000,374.000,142.000,69.000
462.000,361.000,134.000,87.000
464.000,356.000,123.000,98.000
462.000,351.000,103.000,113.000
465.000,346.000,92.000,126.000
469.000,344.000,75.000,131.000
467.000,345.000,62.000,135.000
470.000,346.000,53.000,144.000
469.000,346.000,51.000,149.000
468.000,350.000,50.000,146.000
466.000,358.000,48.000,148.000
466.000,369.000,47.000,144.000
466.000,377.000,46.000,148.000
468.000,392.000,51.000,142.000
470.000,402.000,54.000,145.000
472.000,410.000,62.000,150.000
477.000,422.000,74.000,144.000
480.000,437.000,89.000,136.000
480.000,446.000,108.000,126.000
479.000,456.000,104.000,103.000
471.000,441.000,113.000,110.000
471.000,418.000,100.000,126.000
467.000,391.000,89.000,139.000
459.000,374.000,69.000,126.000
460.000,340.000,60.000,136.000
459.000,306.000,60.000,136.000
465.000,287.000,64.000,132.000
463.000,260.000,82.000,131.000
465.000,248.000,94.000,116.000
463.000,238.000,113.000,102.000
459.000,229.000,121.000,88.000
460.000,226.000,135.000,69.000
463.000,218.000,142.000,63.000
467.000,209.000,144.000,70.000
480.000,206.000,138.000,68.000
489.000,197.000,135.000,87.000
496.000,190.000,124.000,101.000
506.000,183.000,114.000,110.000
513.000,178.000,105.000,124.000
524.000,175.000,96.000,135.000
526.000,180.000,95.000,139.000
549.000,187.000,75.000,139.000
552.000,194.000,74.000,142.000
549.000,207.000,81.000,138.000
533.000,224.000,98.000,128.000
521.000,241.000,112.000,116.000
511.000,260.000,123.000,99.000
506.000,270.000,121.000,88.000
491.000,314.000,135.000,53.000
483.000,315.000,139.000,56.000
479.000,307.000,135.000,70.000
479.000,298.000,126.000,86.000
483.000,294.000,108.000,99.000
486.000,286.000,93.000,118.000
484.000,283.000,87.000,130.000
490.000,280.000,71.000,144.000
489.000,282.000,70.000,146.000
488.000,286.000,70.000,148.000
488.000,285.000,71.000,152.000
490.000,288.000,69.000,150.000
493.000,289.000,66.000,145.000
495.000,290.000,65.000,143.000
495.000,287.000,72.000,135.000
491.000,282.000,85.000,133.000
493.000,278.000,91.000,122.000
490.000,276.000,100.000,110.000
489.000,268.000,107.000,104.000
490.000,265.000,116.000,95.000
487.000,260.000,124.000,91.000
487.000,264.000,129.000,82.000
487.000,266.000,135.000,80.000
488.000,276.000,137.000,72.000
491.000,289.000,133.000,63.000
494.000,302.000,141.000,59.000
501.000,309.000,140.000,64.000
503.000,325.000,145.000,57.000
514.000,330.000,136.000,60.000
518.000,340.000,134.000,61.000
526.000,351.000,135.000,56.000
534.000,360.000,127.000,59.000
535.000,366.000,130.000,50.000
546.000,360.000,121.000,54.000
548.000,349.000,112.000,59.000
551.000,338.000,105.000,47.000
554.000,309.000,100.000,61.000
550.000,287.000,100.000,60.000
543.000,269.000,98.000,58.000
538.000,256.000,101.000,59.000
533.000,243.000,101.000,59.000
529.000,229.000,105.000,60.000
525.000,215.000,103.000,60.000
525.000,204.000,102.000,57.000
517.000,192.000,104.000,54.000
514.000,179.000,107.000,59.000
506.000,168.000,106.000,60.000
504.000,155.000,103.000,61.000
502.000,140.000,101.000,67.000
498.000,127.000,100.000,71.000
495.000,109.000,95.000,81.000
495.000,97.000,97.000,85.000
493.000,84.000,93.000,93.000
494.000,68.000,88.000,100.000
488.000,58.000,86.000,102.000
490.000,47.000,76.000,113.000
489.000,39.000,73.000,115.000
485.000,34.000,75.000,116.000
479.000,32.000,79.000,107.000
477.000,33.000,85.000,97.000
473.000,31.000,94.000,89.000
470.000,36.000,101.000,74.000
470.000,40.000,102.000,60.000
469.000,43.000,112.000,45.000
470.000,39.000,114.000,43.000
475.000,25.000,110.000,49.000
480.000,9.000,107.000,58.000
486.000,3.000,104.000,58.000
487.000,2.000,96.000,57.000
496.000,1.000,88.000,57.000
501.000,0.000,79.000,59.000
509.000,0.000,72.000,55.000
508.000,0.000,70.000,58.000
512.000,0.000,64.000,57.000
513.000,0.000,61.000,56.000
512.000,0.000,64.000,54.000
509.000,0.000,67.000,54.000
513.000,0.000,68.000,55.000
509.000,0.000,70.000,54.000
506.000,0.000,81.000,53.000
508.000,0.000,84.000,59.000
509.000,0.000,88.000,64.000
511.000,0.000,90.000,66.000
508.000,0.000,101.000,70.000
514.000,0.000,100.000,77.000
516.000,3.000,104.000,82.000
521.000,14.000,101.000,71.000
527.000,22.000,103.000,69.000
530.000,28.000,107.000,69.000
533.000,38.000,109.000,67.000
540.000,45.000,113.000,63.000
540.000,54.000,111.000,64.000
549.000,63.000,110.000,62.000
554.000,69.000,111.000,65.000
558.000,77.000,111.000,73.000
560.000,85.000,111.000,66.000
566.000,92.000,112.000,67.000
568.000,95.000,111.000,73.000
572.000,100.000,109.000,78.000
573.000,104.000,114.000,79.000
578.000,115.000,112.000,81.000
584.000,116.000,112.000,90.000
588.000,124.000,113.000,96.000
590.000,130.000,111.000,103.000
595.000,137.000,112.000,109.000
598.000,144.000,110.000,112.000
603.000,155.000,107.000,115.000
601.000,177.000,111.000,105.000
603.000,191.000,111.000,97.000
605.000,208.000,110.000,86.000
603.000,219.000,109.000,82.000
613.000,240.000,107.000,69.000
608.000,254.000,106.000,58.000
614.000,268.000,102.000,50.000
609.000,266.000,108.000,57.000
611.000,262.000,106.000,67.000
614.000,253.000,106.000,88.000
611.000,246.000,107.000,102.000
613.000,250.000,106.000,107.000
614.000,251.000,112.000,108.000
612.000,255.000,110.000,109.000
618.000,262.000,108.000,105.000
616.000,272.000,105.000,96.000
620.000,283.000,106.000,94.000
617.000,297.000,109.000,85.000
616.000,306.000,111.000,80.000
616.000,315.000,107.000,76.000
619.000,326.000,105.000,64.000
615.000,337.000,106.000,54.000
618.000,344.000,102.000,49.000
616.000,352.000,103.000,45.000
612.000,358.000,104.000,41.000
611.000,367.000,107.000,36.000
610.000,371.000,105.000,37.000
609.000,378.000,106.000,37.000
606.000,382.000,106.000,41.000
602.000,386.000,107.000,43.000
603.000,389.000,102.000,48.000
603.000,393.000,102.000,53.000
598.000,398.000,105.000,58.000
597.000,404.000,108.000,55.000
599.000,414.000,104.000,48.000
603.000,415.000,103.000,58.000
598.000,423.000,105.000,53.000
597.000,426.000,107.000,60.000
599.000,432.000,110.000,60.000
603.000,437.000,105.000,61.000
603.000,442.000,104.000,62.000
601.000,445.000,107.000,62.000
600.000,449.000,110.000,66.000
601.000,451.000,107.000,72.000
603.000,453.000,109.000,83.000
601.000,460.000,106.000,79.000
602.000,461.000,108.000,85.000
598.000,463.000,108.000,91.000
601.000,463.000,110.000,91.000
600.000,464.000,105.000,97.000
610.000,465.000,108.000,96.000
612.000,463.000,101.000,103.000
618.000,466.000,105.000,101.000
619.000,459.000,103.000,119.000
624.000,457.000,105.000,123.000
631.000,454.000,104.000,133.000
627.000,453.000,106.000,141.000
633.000,449.000,98.000,148.000
628.000,451.000,104.000,146.000
629.000,453.000,105.000,146.000
627.000,453.000,99.000,156.000
626.000,460.000,96.000,149.000
622.000,458.000,111.000,154.000
616.000,468.000,109.000,145.000
609.000,468.000,112.000,150.000
602.000,466.000,114.000,159.000
594.000,459.000,121.000,165.000
587.000,462.000,128.000,163.000
581.000,471.000,134.000,153.000
567.000,467.000,151.000,154.000
561.000,456.000,166.000,167.000
555.000,454.000,179.000,168.000
557.000,445.000,151.000,171.000
558.000,442.000,150.000,173.000
556.000,438.000,152.000,172.000
557.000,440.000,153.000,156.000
553.000,429.000,158.000,163.000
548.000,430.000,157.000,163.000
547.000,426.000,156.000,167.000
550.000,424.000,144.000,165.000
553.000,418.000,136.000,163.000
556.000,416.000,130.000,172.000
560.000,405.000,126.000,174.000
568.000,402.000,117.000,174.000
574.000,392.000,109.000,179.000
580.000,385.000,99.000,181.000
590.000,379.000,90.000,179.000
597.000,371.000,90.000,183.000
600.000,366.000,93.000,179.000
607.000,360.000,86.000,174.000
609.000,357.000,75.000,181.000
608.000,346.000,69.000,191.000
611.000,335.000,62.000,199.000
583.000,326.000,250.000,211.000
571.000,325.000,261.000,230.000
612.000,305.000,215.000,215.000
615.000,307.000,205.000,205.000
613.000,300.000,202.000,201.000
613.000,294.000,193.000,199.000
613.000,282.000,184.000,215.000
608.000,274.000,186.000,206.000
613.000,270.000,180.000,194.000
622.000,258.000,167.000,201.000
623.000,246.000,170.000,210.000
637.000,232.000,167.000,209.000
640.000,229.000,181.000,211.000
675.000,220.000,164.000,204.000
678.000,214.000,174.000,211.000
676.000,205.000,196.000,196.000
684.000,197.000,206.000,180.000
713.000,197.000,186.000,154.000
709.000,192.000,201.000,151.000
725.000,190.000,203.000,151.000
709.000,184.000,243.000,188.000
709.000,184.000,245.000,168.000
720.000,182.000,241.000,163.000
705.000,179.000,272.000,206.000
737.000,177.000,257.000,217.000
726.000,180.000,274.000,197.000
740.000,181.000,240.000,206.000
761.000,184.000,239.000,202.000
756.000,183.000,248.000,199.000
746.000,186.000,258.000,196.000
748.000,184.000,240.000,203.000
757.000,187.000,248.000,201.000
751.000,196.000,251.000,198.000
747.000,200.000,236.000,204.000
727.000,204.000,257.000,204.000
729.000,212.000,239.000,214.000
729.000,218.000,222.000,203.000
713.000,228.000,236.000,210.000
699.000,234.000,244.000,221.000
666.000,242.000,257.000,231.000
620.000,253.000,272.000,243.000
614.000,264.000,274.000,222.000
604.000,271.000,260.000,209.000
570.000,276.000,263.000,211.000
527.000,289.000,269.000,228.000
473.000,296.000,303.000,245.000
471.000,308.000,301.000,246.000
439.000,319.000,292.000,249.000
409.000,338.000,334.000,237.000
380.000,349.000,333.000,251.000
355.000,356.000,275.000,249.000
333.000,360.000,233.000,257.000
297.000,372.000,219.000,249.000
291.000,373.000,188.000,276.000
285.000,383.000,143.000,269.000
282.000,376.000,117.000,288.000
289.000,382.000,84.000,280.000
297.000,375.000,106.000,282.000
316.000,371.000,124.000,283.000
329.000,360.000,152.000,295.000
361.000,354.000,163.000,273.000
385.000,341.000,181.000,273.000
411.000,333.000,213.000,254.000
441.000,305.000,233.000,270.000
464.000,280.000,250.000,296.000
482.000,276.000,273.000,274.000
470.000,272.000,319.000,264.000
517.000,249.000,302.000,273.000
562.000,231.000,296.000,272.000
583.000,219.000,288.000,267.000
602.000,209.000,290.000,266.000
611.000,190.000,292.000,260.000
617.000,185.000,295.000,249.000
625.000,169.000,284.000,258.000
626.000,168.000,287.000,245.000
622.000,149.000,298.000,259.000
615.000,142.000,292.000,254.000
603.000,141.000,301.000,250.000
640.000,132.000,253.000,249.000
645.000,125.000,237.000,239.000
638.000,114.000,214.000,242.000
641.000,116.000,203.000,235.000
638.000,114.000,187.000,221.000
631.000,111.000,174.000,206.000
621.000,109.000,173.000,203.000
605.000,113.000,175.000,196.000
596.000,112.000,165.000,188.000
579.000,104.000,185.000,209.000
555.000,110.000,198.000,201.000
541.000,107.000,197.000,196.000
524.000,106.000,213.000,204.000
503.000,107.000,231.000,188.000
492.000,106.000,235.000,201.000
484.000,114.000,237.000,190.000
472.000,111.000,251.000,183.000
461.000,109.000,260.000,204.000
449.000,111.000,268.000,204.000
444.000,114.000,259.000,175.000
439.000,112.000,263.000,183.000
440.000,111.000,277.000,183.000
433.000,109.000,273.000,175.000
437.000,106.000,268.000,192.000
439.000,122.000,267.000,152.000
437.000,112.000,274.000,177.000
434.000,114.000,284.000,172.000
435.000,115.000,286.000,169.000
429.000,118.000,283.000,143.000
434.000,121.000,281.000,140.000
436.000,128.000,279.000,135.000
442.000,128.000,275.000,125.000
444.000,134.000,281.000,124.000
440.000,137.000,276.000,117.000
454.000,139.000,279.000,117.000
448.000,137.000,274.000,129.000
457.000,135.000,279.000,123.000
452.000,146.000,282.000,117.000
462.000,149.000,275.000,114.000
461.000,152.000,276.000,112.000
466.000,153.000,275.000,119.000
466.000,156.000,273.000,117.000
466.000,162.000,276.000,115.000
467.000,165.000,278.000,109.000
463.000,170.000,279.000,106.000
467.000,174.000,278.000,100.000
467.000,178.000,277.000,108.000
466.000,178.000,275.000,101.000
465.000,188.000,283.000,101.000
472.000,189.000,283.000,94.000
467.000,189.000,276.000,101.000
475.000,193.000,274.000,99.000
470.000,193.000,274.000,103.000
471.000,196.000,284.000,107.000
470.000,201.000,278.000,98.000
467.000,207.000,286.000,95.000
468.000,202.000,279.000,108.000
469.000,209.000,285.000,102.000
471.000,213.000,293.000,104.000
466.000,211.000,283.000,111.000
468.000,216.000,291.000,97.000
469.000,219.000,283.000,102.000
464.000,219.000,290.000,102.000
464.000,220.000,280.000,106.000
459.000,219.000,285.000,111.000
461.000,218.000,289.000,118.000
463.000,220.000,282.000,116.000
455.000,227.000,291.000,111.000
447.000,230.000,290.000,111.000
448.000,229.000,290.000,114.000
451.000,230.000,287.000,120.000
452.000,232.000,295.000,121.000
451.000,238.000,293.000,115.000
450.000,238.000,288.000,124.000
453.000,238.000,288.000,125.000
457.000,241.000,285.000,125.000
454.000,247.000,284.000,121.000
452.000,249.000,291.000,125.000
456.000,246.000,284.000,136.000
454.000,265.000,290.000,115.000
452.000,253.000,296.000,131.000
460.000,255.000,291.000,132.000
457.000,256.000,299.000,134.000
462.000,252.000,293.000,140.000
465.000,252.000,298.000,140.000
467.000,253.000,300.000,136.000
468.000,250.000,299.000,137.000
478.000,247.000,295.000,139.000
484.000,256.000,297.000,123.000
489.000,250.000,306.000,128.000
502.000,233.000,301.000,139.000
512.000,241.000,307.000,131.000
522.000,225.000,305.000,133.000
544.000,216.000,292.000,138.000
548.000,205.000,301.000,140.000
557.000,195.000,302.000,139.000
567.000,181.000,306.000,147.000
576.000,171.000,298.000,140.000
583.000,156.000,293.000,147.000
590.000,140.000,298.000,147.000
582.000,123.000,301.000,138.000
578.000,107.000,295.000,132.000
569.000,94.000,302.000,131.000
551.000,78.000,308.000,131.000
531.000,67.000,304.000,128.000
516.000,65.000,306.000,112.000
505.000,61.000,302.000,111.000
498.000,58.000,297.000,108.000
485.000,56.000,303.000,111.000
477.000,55.000,298.000,102.000
470.000,62.000,296.000,100.000
461.000,60.000,297.000,106.000
453.000,57.000,292.000,112.000
447.000,66.000,295.000,95.000
446.000,66.000,290.000,98.000
443.000,49.000,290.000,107.000
439.000,42.000,298.000,109.000
445.000,35.000,286.000,104.000
443.000,24.000,291.000,108.000
441.000,24.000,300.000,102.000
447.000,22.000,299.000,96.000
453.000,18.000,299.000,97.000
458.000,16.000,296.000,98.000
467.000,14.000,290.000,95.000
469.000,13.000,298.000,98.000
470.000,21.000,303.000,87.000
479.000,12.000,296.000,92.000
488.000,11.000,289.000,102.000
485.000,22.000,301.000,89.000
497.000,13.000,295.000,101.000
508.000,11.000,289.000,107.000
513.000,19.000,293.000,92.000
516.000,8.000,301.000,101.000
522.000,14.000,303.000,92.000
531.000,10.000,296.000,100.000
534.000,11.000,297.000,95.000
538.000,11.000,294.000,94.000
539.000,11.000,291.000,93.000
538.000,10.000,297.000,93.000
538.000,12.000,289.000,93.000
540.000,12.000,291.000,93.000
540.000,20.000,283.000,88.000
536.000,25.000,282.000,86.000
534.000,22.000,279.000,92.000
530.000,28.000,277.000,90.000
529.000,32.000,270.000,90.000
530.000,39.000,270.000,89.000
530.000,45.000,267.000,88.000
522.000,48.000,264.000,85.000
522.000,51.000,261.000,86.000
521.000,57.000,258.000,81.000
520.000,59.000,257.000,82.000
510.000,55.000,261.000,94.000
511.000,65.000,252.000,83.000
510.000,54.000,251.000,93.000
512.000,58.000,248.000,92.000
504.000,61.000,251.000,83.000
503.000,64.000,247.000,81.000
513.000,65.000,239.000,78.000
504.000,57.000,246.000,84.000
503.000,64.000,243.000,76.000
495.000,65.000,248.000,73.000
492.000,58.000,250.000,79.000
496.000,55.000,244.000,76.000
485.000,61.000,247.000,73.000
489.000,60.000,243.000,74.000
492.000,61.000,243.000,72.000
488.000,63.000,244.000,73.000
485.000,60.000,241.000,74.000
492.000,62.000,238.000,73.000
485.000,65.000,238.000,74.000
487.000,65.000,235.000,76.000
495.000,65.000,233.000,73.000
493.000,61.000,233.000,80.000
495.000,70.000,228.000,69.000
494.000,70.000,230.000,74.000
498.000,76.000,223.000,68.000
501.000,76.000,221.000,67.000
503.000,77.000,219.000,72.000
505.000,73.000,219.000,78.000
505.000,76.000,221.000,79.000
508.000,77.000,215.000,81.000
509.000,76.000,214.000,78.000
507.000,77.000,219.000,76.000
509.000,79.000,223.000,74.000
508.000,79.000,221.000,75.000
512.000,79.000,220.000,76.000
514.000,79.000,222.000,76.000
515.000,84.000,222.000,69.000
514.000,83.000,223.000,73.000
513.000,87.000,223.000,68.000
517.000,85.000,220.000,72.000
519.000,84.000,221.000,73.000
517.000,84.000,226.000,72.000
519.000,83.000,222.000,75.000
518.000,84.000,221.000,76.000
522.000,83.000,219.000,79.000
521.000,84.000,224.000,76.000
523.000,86.000,221.000,75.000
516.000,85.000,223.000,79.000
516.000,90.000,224.000,74.000
524.000,94.000,222.000,66.000
525.000,95.000,219.000,66.000
520.000,94.000,223.000,70.000
524.000,90.000,216.000,78.000
524.000,92.000,219.000,77.000
524.000,92.000,222.000,77.000
522.000,94.000,222.000,76.000
525.000,94.000,221.000,78.000
521.000,94.000,225.000,74.000
523.000,99.000,227.000,74.000
523.000,97.000,219.000,78.000
528.000,97.000,216.000,83.000
526.000,98.000,217.000,81.000
525.000,101.000,219.000,78.000
527.000,101.000,217.000,78.000
523.000,101.000,218.000,79.000
525.000,102.000,217.000,83.000
526.000,104.000,218.000,78.000
525.000,106.000,217.000,77.000
524.000,108.000,223.000,76.000
525.000,108.000,224.000,76.000
522.000,108.000,221.000,82.000
526.000,110.000,219.000,80.000
525.000,110.000,218.000,81.000
529.000,113.000,219.000,79.000
529.000,112.000,219.000,80.000
530.000,116.000,221.000,82.000
526.000,114.000,220.000,85.000
527.000,124.000,226.000,81.000
533.000,126.000,218.000,79.000
531.000,127.000,221.000,80.000
533.000,133.000,223.000,81.000
529.000,134.000,224.000,81.000
534.000,141.000,223.000,78.000
533.000,145.000,222.000,78.000
532.000,153.000,226.000,77.000
536.000,153.000,222.000,80.000
541.000,157.000,215.000,80.000
542.000,164.000,218.000,76.000
539.000,169.000,219.000,77.000
542.000,178.000,224.000,74.000
543.000,179.000,217.000,78.000
550.000,186.000,219.000,73.000
548.000,189.000,223.000,73.000
551.000,192.000,220.000,74.000
553.000,189.000,222.000,70.000
552.000,186.000,225.000,68.000
561.000,174.000,215.000,75.000
557.000,159.000,212.000,83.000
561.000,140.000,210.000,89.000
561.000,120.000,211.000,93.000
559.000,91.000,209.000,100.000
556.000,64.000,211.000,104.000
545.000,36.000,210.000,109.000
543.000,17.000,210.000,104.000
541.000,0.000,217.000,104.000
533.000,5.000,203.000,80.000
526.000,0.000,192.000,79.000
525.000,0.000,184.000,78.000
521.000,0.000,184.000,76.000
516.000,0.000,179.000,74.000
522.000,0.000,171.000,74.000
514.000,0.000,178.000,72.000
507.000,0.000,184.000,84.000
510.000,0.000,182.000,94.000
516.000,1.000,171.000,105.000
516.000,0.000,176.000,129.000
519.000,10.000,169.000,115.000
519.000,3.000,175.000,127.000
524.000,0.000,180.000,134.000
520.000,9.000,180.000,126.000
533.000,19.000,172.000,120.000
539.000,35.000,168.000,112.000
540.000,75.000,164.000,76.000
546.000,91.000,161.000,63.000
552.000,85.000,156.000,64.000
556.000,74.000,155.000,82.000
558.000,61.000,151.000,94.000
562.000,42.000,152.000,115.000
566.000,36.000,147.000,124.000
563.000,24.000,149.000,143.000
564.000,25.000,159.000,148.000
575.000,22.000,152.000,153.000
560.000,25.000,148.000,154.000
567.000,23.000,149.000,171.000
563.000,33.000,151.000,165.000
564.000,42.000,158.000,153.000
556.000,52.000,158.000,158.000
566.000,65.000,160.000,138.000
567.000,82.000,158.000,127.000
565.000,97.000,160.000,118.000
567.000,114.000,161.000,123.000
570.000,129.000,160.000,112.000
569.000,141.000,155.000,122.000
575.000,160.000,150.000,94.000
579.000,171.000,157.000,91.000
577.000,185.000,154.000,77.000
585.000,195.000,150.000,70.000
585.000,208.000,149.000,65.000
587.000,217.000,149.000,55.000
590.000,227.000,150.000,57.000
586.000,237.000,158.000,58.000
588.000,243.000,158.000,60.000
590.000,249.000,157.000,68.000
589.000,252.000,154.000,74.000
595.000,256.000,150.000,74.000
594.000,259.000,147.000,74.000
591.000,265.000,153.000,69.000
590.000,268.000,157.000,68.000
591.000,271.000,151.000,64.000
590.000,273.000,152.000,61.000
587.000,269.000,154.000,67.000
586.000,270.000,150.000,63.000
588.000,272.000,151.000,62.000
588.000,269.000,150.000,63.000
583.000,268.000,150.000,64.000
584.000,266.000,149.000,65.000
581.000,266.000,153.000,64.000
583.000,266.000,149.000,62.000
578.000,267.000,153.000,60.000
574.000,265.000,154.000,59.000
573.000,263.000,153.000,59.000
570.000,261.000,150.000,60.000
575.000,260.000,150.000,59.000
573.000,261.000,153.000,56.000
568.000,260.000,157.000,52.000
569.000,255.000,153.000,56.000
567.000,252.000,151.000,58.000
563.000,252.000,152.000,55.000
563.000,250.000,157.000,56.000
562.000,249.000,153.000,57.000
562.000,248.000,152.000,55.000
563.000,248.000,151.000,53.000
560.000,251.000,155.000,48.000
560.000,252.000,155.000,48.000
561.000,250.000,153.000,47.000
564.000,250.000,148.000,48.000
562.000,252.000,153.000,49.000
562.000,249.000,155.000,48.000
561.000,248.000,156.000,47.000
564.000,248.000,154.000,53.000
562.000,247.000,155.000,49.000
563.000,250.000,156.000,50.000
564.000,251.000,154.000,46.000
564.000,252.000,155.000,45.000
564.000,253.000,157.000,46.000
564.000,244.000,158.000,53.000
565.000,244.000,161.000,52.000
563.000,240.000,164.000,53.000
562.000,241.000,164.000,51.000
563.000,237.000,163.000,52.000
566.000,235.000,158.000,50.000
564.000,232.000,164.000,51.000
563.000,230.000,166.000,52.000
565.000,228.000,167.000,54.000
563.000,226.000,168.000,51.000
562.000,227.000,167.000,54.000
563.000,228.000,172.000,52.000
563.000,223.000,173.000,56.000
562.000,227.000,175.000,51.000
568.000,221.000,170.000,57.000
565.000,218.000,174.000,58.000
568.000,218.000,175.000,57.000
565.000,222.000,179.000,54.000
570.000,221.000,175.000,55.000
564.000,221.000,177.000,53.000
566.000,215.000,181.000,59.000
565.000,216.000,177.000,54.000
566.000,212.000,179.000,60.000
566.000,216.000,180.000,54.000
566.000,212.000,183.000,56.000
561.000,211.000,186.000,55.000
563.000,207.000,185.000,59.000
559.000,206.000,190.000,58.000
561.000,203.000,186.000,59.000
561.000,194.000,189.000,60.000
564.000,198.000,183.000,58.000
556.000,194.000,192.000,59.000
558.000,190.000,193.000,59.000
554.000,185.000,194.000,62.000
555.000,177.000,199.000,60.000
557.000,169.000,197.000,68.000
552.000,165.000,203.000,68.000
553.000,163.000,203.000,69.000
553.000,156.000,203.000,72.000
551.000,152.000,208.000,72.000
555.000,150.000,206.000,68.000
552.000,147.000,208.000,69.000
552.000,142.000,212.000,69.000
548.000,137.000,217.000,70.000
543.000,132.000,220.000,72.000
545.000,129.000,215.000,71.000
545.000,128.000,220.000,76.000
544.000,123.000,216.000,73.000
541.000,117.000,220.000,80.000
544.000,114.000,219.000,77.000
540.000,112.000,223.000,74.000
542.000,106.000,225.000,85.000
535.000,104.000,235.000,77.000
534.000,101.000,235.000,79.000
534.000,97.000,235.000,78.000
530.000,92.000,241.000,83.000
530.000,91.000,244.000,78.000
533.000,91.000,243.000,78.000
531.000,88.000,246.000,83.000
531.000,85.000,245.000,78.000
535.000,81.000,244.000,84.000
532.000,87.000,244.000,76.000
533.000,83.000,245.000,76.000
537.000,82.000,246.000,76.000
532.000,79.000,249.000,79.000
534.000,80.000,251.000,77.000
538.000,77.000,245.000,76.000
537.000,77.000,238.000,76.000
540.000,76.000,242.000,74.000
545.000,74.000,241.000,76.000
536.000,67.000,252.000,75.000
543.000,73.000,243.000,77.000
546.000,72.000,241.000,74.000
541.000,69.000,244.000,76.000
559.000,66.000,233.000,81.000
540.000,67.000,243.000,77.000
544.000,63.000,244.000,80.000
544.000,62.000,243.000,77.000
536.000,60.000,252.000,83.000
546.000,66.000,238.000,75.000
544.000,59.000,243.000,82.000
542.000,61.000,245.000,81.000
541.000,61.000,249.000,79.000
541.000,59.000,246.000,79.000
552.000,61.000,235.000,79.000
545.000,60.000,244.000,83.000
546.000,61.000,239.000,80.000
538.000,59.000,249.000,76.000
546.000,62.000,242.000,77.000
540.000,59.000,242.000,80.000
560.000,60.000,217.000,77.000
561.000,63.000,217.000,76.000
568.000,61.000,211.000,79.000
575.000,66.000,203.000,74.000
536.000,61.000,248.000,77.000
545.000,60.000,235.000,80.000
538.000,60.000,242.000,79.000
540.000,61.000,236.000,80.000
535.000,61.000,242.000,83.000
544.000,59.000,234.000,83.000
543.000,60.000,233.000,84.000
546.000,66.000,232.000,77.000
548.000,63.000,229.000,79.000
552.000,64.000,222.000,81.000
544.000,68.000,230.000,78.000
542.000,66.000,233.000,81.000
548.000,72.000,231.000,77.000
579.000,70.000,191.000,76.000
546.000,74.000,229.000,83.000
532.000,75.000,234.000,72.000
541.000,72.000,226.000,78.000
536.000,76.000,236.000,77.000
537.000,76.000,235.000,79.000
530.000,78.000,240.000,78.000
530.000,79.000,240.000,77.000
527.000,72.000,242.000,84.000
522.000,82.000,245.000,72.000
527.000,79.000,242.000,78.000
527.000,79.000,242.000,83.000
530.000,79.000,241.000,75.000
532.000,83.000,235.000,72.000
526.000,84.000,241.000,71.000
530.000,86.000,242.000,73.000
516.000,81.000,253.000,76.000
516.000,87.000,250.000,67.000
531.000,84.000,231.000,67.000
517.000,88.000,245.000,64.000
528.000,86.000,232.000,72.000
526.000,86.000,229.000,67.000
518.000,81.000,240.000,71.000
512.000,84.000,249.000,68.000
524.000,85.000,241.000,74.000
523.000,82.000,238.000,72.000
525.000,83.000,237.000,73.000
527.000,84.000,233.000,73.000
522.000,85.000,229.000,68.000
508.000,86.000,255.000,66.000
510.000,86.000,256.000,66.000
522.000,88.000,235.000,70.000
511.000,88.000,252.000,65.000
521.000,85.000,235.000,72.000
523.000,88.000,233.000,69.000
523.000,84.000,231.000,71.000
526.000,88.000,231.000,66.000
517.000,80.000,243.000,72.000
518.000,88.000,243.000,67.000
523.000,84.000,239.000,76.000
519.000,84.000,239.000,76.000
513.000,86.000,255.000,73.000
524.000,86.000,241.000,77.000
525.000,83.000,236.000,73.000
524.000,86.000,239.000,74.000
525.000,89.000,240.000,72.000
524.000,88.000,233.000,69.000
515.000,85.000,250.000,77.000
514.000,76.000,252.000,85.000
512.000,82.000,251.000,79.000
530.000,97.000,227.000,64.000
524.000,75.000,237.000,88.000
518.000,88.000,247.000,74.000
517.000,89.000,251.000,75.000
519.000,91.000,251.000,70.000
526.000,93.000,236.000,67.000
521.000,80.000,244.000,78.000
522.000,87.000,246.000,73.000
517.000,89.000,247.000,75.000
