306.000,365.000,204.000,121.000
297.000,358.000,208.000,126.000
297.000,359.000,205.000,124.000
300.000,365.000,206.000,123.000
304.000,366.000,203.000,128.000
301.000,364.000,205.000,129.000
302.000,362.000,212.000,134.000
310.000,358.000,208.000,140.000
308.000,356.000,208.000,138.000
317.000,355.000,204.000,144.000
314.000,357.000,213.000,141.000
319.000,354.000,200.000,144.000
320.000,358.000,202.000,131.000
326.000,363.000,192.000,136.000
336.000,370.000,194.000,116.000
339.000,365.000,190.000,120.000
344.000,365.000,190.000,125.000
346.000,362.000,186.000,121.000
350.000,366.000,177.000,123.000
348.000,363.000,179.000,128.000
347.000,362.000,176.000,134.000
348.000,368.000,188.000,118.000
356.000,358.000,180.000,131.000
363.000,353.000,181.000,141.000
358.000,345.000,191.000,139.000
361.000,343.000,186.000,139.000
361.000,343.000,188.000,135.000
365.000,344.000,196.000,140.000
362.000,353.000,190.000,124.000
356.000,350.000,200.000,121.000
356.000,349.000,197.000,121.000
356.000,360.000,190.000,106.000
355.000,368.000,198.000,116.000
348.000,371.000,196.000,117.000
350.000,373.000,188.000,112.000
352.000,372.000,186.000,114.000
351.000,373.000,186.000,118.000
351.000,371.000,184.000,112.000
344.000,378.000,196.000,103.000
340.000,374.000,195.000,113.000
348.000,375.000,196.000,114.000
352.000,374.000,191.000,118.000
354.000,380.000,208.000,104.000
367.000,383.000,200.000,104.000
371.000,387.000,194.000,100.000
369.000,390.000,197.000,94.000
369.000,389.000,196.000,96.000
366.000,386.000,195.000,108.000
366.000,390.000,197.000,103.000
367.000,386.000,195.000,105.000
370.000,389.000,189.000,105.000
373.000,385.000,198.000,115.000
383.000,384.000,193.000,117.000
387.000,388.000,196.000,115.000
392.000,390.000,197.000,119.000
391.000,388.000,199.000,118.000
393.000,393.000,221.000,113.000
399.000,397.000,228.000,115.000
398.000,392.000,224.000,114.000
394.000,385.000,225.000,116.000
396.000,388.000,226.000,115.000
385.000,382.000,218.000,118.000
394.000,378.000,204.000,116.000
388.000,371.000,209.000,120.000
383.000,370.000,199.000,122.000
390.000,370.000,204.000,122.000
382.000,370.000,207.000,110.000
391.000,373.000,197.000,114.000
384.000,371.000,200.000,122.000
381.000,372.000,201.000,116.000
382.000,371.000,204.000,114.000
375.000,374.000,213.000,116.000
370.000,384.000,212.000,101.000
369.000,386.000,209.000,100.000
370.000,379.000,197.000,108.000
367.000,379.000,201.000,108.000
365.000,379.000,198.000,107.000
357.000,380.000,198.000,105.000
351.000,375.000,201.000,108.000
354.000,375.000,195.000,104.000
352.000,380.000,195.000,98.000
347.000,377.000,192.000,96.000
343.000,379.000,203.000,102.000
342.000,373.000,206.000,107.000
341.000,373.000,203.000,106.000
342.000,376.000,205.000,100.000
342.000,374.000,211.000,106.000
339.000,378.000,207.000,99.000
337.000,372.000,212.000,101.000
333.000,373.000,218.000,94.000
341.000,377.000,204.000,86.000
335.000,376.000,206.000,86.000
335.000,371.000,203.000,102.000
333.000,368.000,203.000,104.000
335.000,371.000,209.000,99.000
336.000,367.000,200.000,107.000
340.000,363.000,194.000,102.000
335.000,369.000,204.000,103.000
338.000,371.000,192.000,109.000
335.000,367.000,197.000,105.000
334.000,368.000,198.000,108.000
333.000,364.000,203.000,110.000
341.000,364.000,194.000,112.000
336.000,365.000,198.000,102.000
333.000,365.000,205.000,112.000
330.000,365.000,206.000,114.000
339.000,374.000,198.000,92.000
336.000,372.000,201.000,98.000
334.000,372.000,204.000,99.000
334.000,367.000,202.000,104.000
329.000,362.000,202.000,109.000
335.000,367.000,204.000,99.000
333.000,368.000,206.000,97.000
331.000,363.000,205.000,103.000
332.000,366.000,206.000,100.000
334.000,366.000,198.000,101.000
330.000,363.000,192.000,110.000
332.000,357.000,196.000,114.000
332.000,358.000,191.000,100.000
327.000,359.000,199.000,98.000
329.000,352.000,191.000,104.000
325.000,360.000,196.000,99.000
328.000,363.000,199.000,94.000
328.000,364.000,198.000,94.000
326.000,362.000,197.000,97.000
324.000,361.000,196.000,98.000
321.000,358.000,202.000,106.000
324.000,361.000,192.000,101.000
322.000,363.000,196.000,81.000
320.000,360.000,192.000,83.000
319.000,362.000,196.000,82.000
321.000,365.000,193.000,83.000
319.000,366.000,191.000,80.000
316.000,359.000,191.000,89.000
311.000,361.000,196.000,83.000
313.000,357.000,190.000,86.000
311.000,356.000,191.000,96.000
316.000,358.000,186.000,90.000
313.000,365.000,189.000,79.000
313.000,369.000,188.000,76.000
311.000,367.000,190.000,76.000
313.000,365.000,184.000,73.000
316.000,360.000,181.000,80.000
317.000,359.000,178.000,84.000
315.000,362.000,186.000,80.000
316.000,353.000,180.000,92.000
313.000,361.000,196.000,78.000
325.000,351.000,176.000,86.000
325.000,353.000,184.000,85.000
326.000,349.000,191.000,85.000
324.000,351.000,186.000,85.000
328.000,354.000,191.000,92.000
330.000,357.000,194.000,79.000
334.000,356.000,188.000,78.000
339.000,356.000,184.000,79.000
341.000,355.000,182.000,76.000
348.000,352.000,180.000,80.000
346.000,346.000,197.000,76.000
350.000,345.000,208.000,69.000
358.000,345.000,195.000,73.000
361.000,349.000,186.000,71.000
367.000,352.000,193.000,69.000
373.000,352.000,187.000,68.000
381.000,354.000,192.000,72.000
387.000,351.000,183.000,66.000
384.000,352.000,190.000,73.000
391.000,349.000,183.000,73.000
396.000,347.000,190.000,76.000
408.000,350.000,187.000,69.000
414.000,349.000,179.000,74.000
413.000,349.000,183.000,80.000
417.000,348.000,179.000,78.000
427.000,347.000,178.000,78.000
432.000,348.000,181.000,76.000
430.000,346.000,188.000,73.000
434.000,353.000,181.000,64.000
435.000,346.000,191.000,75.000
446.000,351.000,183.000,70.000
450.000,351.000,176.000,67.000
457.000,352.000,178.000,67.000
457.000,350.000,184.000,72.000
463.000,350.000,164.000,60.000
467.000,352.000,165.000,60.000
473.000,350.000,166.000,63.000
481.000,351.000,170.000,64.000
480.000,348.000,171.000,61.000
489.000,349.000,173.000,63.000
494.000,347.000,171.000,71.000
502.000,348.000,159.000,68.000
508.000,349.000,160.000,65.000
512.000,349.000,169.000,65.000
506.000,347.000,166.000,65.000
515.000,346.000,169.000,67.000
530.000,350.000,155.000,65.000
545.000,350.000,137.000,57.000
545.000,350.000,138.000,54.000
545.000,350.000,138.000,54.000
545.000,350.000,138.000,54.000
545.000,350.000,138.000,54.000
545.000,350.000,138.000,54.000
545.000,350.000,138.000,54.000
545.000,350.000,138.000,54.000
545.000,350.000,138.000,54.000
545.000,350.000,138.000,54.000
545.000,350.000,138.000,54.000
645.000,359.000,113.000,55.000
646.000,360.000,100.000,44.000
646.000,360.000,100.000,44.000
545.000,350.000,138.000,54.000
545.000,350.000,138.000,54.000
545.000,350.000,138.000,54.000
545.000,350.000,138.000,54.000
545.000,350.000,138.000,54.000
545.000,350.000,138.000,54.000
685.000,361.000,74.000,47.000
684.000,359.000,75.000,56.000
684.000,359.000,75.000,56.000
684.000,359.000,75.000,56.000
700.000,340.000,79.000,68.000
696.000,348.000,87.000,70.000
692.000,366.000,92.000,50.000
687.000,341.000,148.000,85.000
682.000,345.000,149.000,79.000
677.000,344.000,146.000,77.000
687.000,344.000,132.000,83.000
687.000,343.000,132.000,88.000
680.000,346.000,143.000,82.000
683.000,349.000,148.000,78.000
686.000,350.000,155.000,82.000
681.000,344.000,174.000,86.000
668.000,354.000,192.000,74.000
667.000,354.000,198.000,78.000
664.000,337.000,199.000,95.000
656.000,313.000,199.000,119.000
659.000,301.000,192.000,124.000
654.000,305.000,196.000,133.000
639.000,311.000,211.000,119.000
621.000,306.000,217.000,126.000
606.000,309.000,222.000,124.000
603.000,332.000,213.000,103.000
601.000,336.000,208.000,100.000
595.000,338.000,221.000,97.000
588.000,343.000,213.000,91.000
564.000,345.000,224.000,89.000
517.000,351.000,151.000,83.000
524.000,354.000,137.000,81.000
517.000,356.000,139.000,76.000
515.000,358.000,147.000,75.000
522.000,361.000,155.000,71.000
609.000,356.000,154.000,73.000
532.000,357.000,165.000,74.000
612.000,348.000,152.000,83.000
600.000,356.000,154.000,74.000
629.000,361.000,128.000,69.000
580.000,356.000,166.000,85.000
606.000,353.000,145.000,87.000
600.000,344.000,139.000,98.000
624.000,339.000,111.000,98.000
548.000,364.000,93.000,66.000
626.000,328.000,93.000,109.000
626.000,326.000,94.000,115.000
619.000,325.000,89.000,107.000
612.000,319.000,81.000,114.000
604.000,319.000,83.000,115.000
586.000,323.000,90.000,113.000
576.000,324.000,103.000,110.000
530.000,328.000,127.000,108.000
510.000,325.000,132.000,109.000
497.000,325.000,134.000,111.000
551.000,311.000,114.000,114.000
561.000,312.000,103.000,114.000
553.000,313.000,98.000,107.000
488.000,333.000,111.000,100.000
540.000,318.000,92.000,109.000
514.000,318.000,82.000,116.000
511.000,321.000,88.000,111.000
529.000,334.000,81.000,105.000
523.000,329.000,86.000,106.000
490.000,331.000,84.000,111.000
488.000,331.000,83.000,113.000
493.000,329.000,78.000,116.000
484.000,330.000,84.000,114.000
487.000,330.000,83.000,113.000
484.000,329.000,80.000,113.000
477.000,332.000,87.000,109.000
478.000,335.000,86.000,105.000
482.000,328.000,82.000,108.000
477.000,337.000,80.000,104.000
480.000,343.000,74.000,94.000
468.000,340.000,73.000,99.000
478.000,344.000,67.000,94.000
466.000,349.000,72.000,92.000
461.000,347.000,86.000,90.000
463.000,344.000,92.000,85.000
466.000,340.000,84.000,86.000
463.000,338.000,85.000,89.000
489.000,341.000,79.000,84.000
543.000,351.000,105.000,87.000
517.000,334.000,91.000,94.000
527.000,341.000,70.000,88.000
527.000,338.000,68.000,92.000
539.000,348.000,73.000,85.000
538.000,347.000,71.000,87.000
544.000,344.000,76.000,91.000
543.000,340.000,75.000,92.000
551.000,348.000,65.000,79.000
546.000,336.000,76.000,86.000
551.000,340.000,62.000,80.000
546.000,336.000,61.000,83.000
537.000,334.000,64.000,88.000
534.000,330.000,71.000,89.000
529.000,328.000,64.000,82.000
519.000,328.000,63.000,72.000
508.000,336.000,63.000,73.000
493.000,329.000,72.000,85.000
494.000,329.000,71.000,85.000
352.000,331.000,57.000,85.000
473.000,329.000,62.000,88.000
349.000,327.000,56.000,91.000
345.000,325.000,61.000,92.000
345.000,329.000,64.000,86.000
339.000,323.000,71.000,90.000
384.000,328.000,93.000,88.000
347.000,321.000,117.000,93.000
333.000,325.000,77.000,91.000
333.000,325.000,83.000,93.000
335.000,331.000,96.000,86.000
337.000,323.000,89.000,100.000
332.000,325.000,81.000,96.000
322.000,326.000,99.000,99.000
321.000,325.000,97.000,102.000
313.000,329.000,96.000,100.000
312.000,329.000,101.000,93.000
302.000,341.000,108.000,79.000
307.000,337.000,98.000,86.000
301.000,337.000,103.000,85.000
298.000,339.000,102.000,88.000
294.000,337.000,100.000,95.000
293.000,336.000,96.000,103.000
310.000,332.000,86.000,109.000
304.000,334.000,87.000,104.000
316.000,334.000,89.000,102.000
339.000,331.000,85.000,101.000
357.000,339.000,90.000,77.000
370.000,346.000,86.000,66.000
369.000,347.000,89.000,65.000
371.000,347.000,82.000,69.000
390.000,345.000,85.000,70.000
399.000,340.000,77.000,74.000
416.000,336.000,82.000,78.000
412.000,338.000,88.000,79.000
416.000,339.000,84.000,85.000
427.000,337.000,95.000,87.000
424.000,338.000,106.000,90.000
421.000,339.000,115.000,87.000
417.000,340.000,86.000,86.000
413.000,343.000,96.000,92.000
227.000,381.000,105.000,84.000
398.000,350.000,97.000,84.000
394.000,349.000,94.000,85.000
392.000,349.000,98.000,87.000
389.000,348.000,95.000,88.000
155.000,362.000,167.000,95.000
154.000,360.000,167.000,97.000
148.000,364.000,172.000,107.000
152.000,359.000,169.000,113.000
147.000,359.000,169.000,119.000
147.000,361.000,182.000,119.000
157.000,367.000,186.000,120.000
162.000,370.000,191.000,103.000
166.000,375.000,194.000,107.000
176.000,381.000,214.000,103.000
195.000,384.000,204.000,107.000
219.000,380.000,186.000,113.000
247.000,379.000,175.000,112.000
248.000,372.000,175.000,124.000
282.000,372.000,167.000,119.000
310.000,379.000,168.000,111.000
335.000,384.000,163.000,107.000
354.000,377.000,178.000,109.000
354.000,389.000,181.000,99.000
373.000,384.000,165.000,102.000
382.000,385.000,182.000,112.000
396.000,391.000,182.000,109.000
403.000,397.000,169.000,106.000
406.000,389.000,162.000,114.000
421.000,384.000,152.000,117.000
435.000,379.000,133.000,122.000
440.000,389.000,141.000,114.000
442.000,385.000,163.000,121.000
441.000,388.000,157.000,120.000
444.000,389.000,167.000,118.000
451.000,387.000,148.000,127.000
453.000,391.000,156.000,125.000
458.000,396.000,163.000,115.000
457.000,389.000,157.000,124.000
459.000,394.000,155.000,117.000
466.000,397.000,146.000,114.000
483.000,393.000,135.000,121.000
478.000,393.000,138.000,123.000
484.000,388.000,132.000,126.000
489.000,392.000,135.000,120.000
501.000,386.000,143.000,124.000
507.000,385.000,139.000,124.000
512.000,387.000,152.000,127.000
509.000,387.000,143.000,126.000
513.000,390.000,147.000,128.000
513.000,399.000,154.000,120.000
513.000,401.000,145.000,114.000
514.000,409.000,156.000,109.000
511.000,403.000,138.000,116.000
519.000,413.000,129.000,110.000
528.000,411.000,121.000,109.000
528.000,410.000,119.000,110.000
534.000,408.000,111.000,111.000
534.000,410.000,111.000,114.000
529.000,415.000,115.000,103.000
528.000,424.000,115.000,111.000
527.000,420.000,106.000,120.000
527.000,424.000,112.000,111.000
525.000,423.000,114.000,114.000
530.000,426.000,109.000,114.000
538.000,428.000,110.000,115.000
542.000,415.000,124.000,123.000
547.000,409.000,111.000,122.000
550.000,412.000,90.000,118.000
553.000,416.000,97.000,118.000
569.000,396.000,121.000,139.000
598.000,402.000,168.000,130.000
583.000,398.000,170.000,145.000
574.000,395.000,181.000,148.000
567.000,401.000,192.000,144.000
562.000,401.000,196.000,144.000
549.000,398.000,201.000,141.000
550.000,404.000,186.000,126.000
550.000,401.000,192.000,132.000
549.000,401.000,178.000,125.000
548.000,398.000,182.000,124.000
548.000,394.000,168.000,133.000
544.000,396.000,166.000,133.000
537.000,396.000,166.000,134.000
535.000,393.000,157.000,137.000
523.000,391.000,156.000,147.000
513.000,396.000,159.000,137.000
731.000,401.000,153.000,127.000
502.000,398.000,166.000,127.000
719.000,401.000,167.000,126.000
496.000,410.000,175.000,112.000
495.000,406.000,157.000,111.000
499.000,400.000,148.000,114.000
499.000,402.000,147.000,121.000
500.000,400.000,134.000,116.000
505.000,402.000,129.000,114.000
500.000,399.000,129.000,119.000
501.000,396.000,120.000,118.000
502.000,394.000,120.000,122.000
500.000,402.000,119.000,111.000
500.000,407.000,121.000,103.000
494.000,404.000,126.000,107.000
497.000,405.000,123.000,104.000
502.000,406.000,119.000,101.000
504.000,404.000,120.000,92.000
502.000,402.000,117.000,93.000
502.000,396.000,101.000,108.000
504.000,395.000,86.000,104.000
507.000,394.000,83.000,104.000
501.000,393.000,82.000,109.000
494.000,392.000,82.000,110.000
484.000,393.000,81.000,113.000
477.000,399.000,82.000,106.000
480.000,397.000,79.000,109.000
476.000,400.000,76.000,102.000
477.000,402.000,72.000,94.000
475.000,404.000,75.000,91.000
474.000,400.000,74.000,88.000
479.000,398.000,73.000,87.000
473.000,399.000,78.000,88.000
470.000,406.000,77.000,88.000
467.000,409.000,79.000,82.000
463.000,407.000,86.000,83.000
465.000,407.000,84.000,82.000
471.000,404.000,85.000,85.000
469.000,403.000,88.000,88.000
471.000,399.000,93.000,93.000
473.000,399.000,94.000,100.000
471.000,397.000,96.000,101.000
469.000,394.000,99.000,98.000
463.000,391.000,102.000,104.000
455.000,395.000,113.000,102.000
446.000,394.000,119.000,102.000
448.000,393.000,113.000,107.000
437.000,395.000,122.000,99.000
415.000,392.000,139.000,96.000
404.000,392.000,143.000,93.000
386.000,391.000,146.000,92.000
389.000,392.000,142.000,88.000
363.000,388.000,152.000,92.000
337.000,390.000,156.000,84.000
309.000,385.000,158.000,85.000
282.000,389.000,168.000,93.000
284.000,384.000,165.000,99.000
264.000,385.000,162.000,99.000
247.000,386.000,164.000,104.000
233.000,383.000,162.000,97.000
204.000,384.000,182.000,93.000
206.000,384.000,181.000,90.000
183.000,377.000,196.000,104.000
149.000,379.000,201.000,101.000
143.000,377.000,198.000,113.000
128.000,375.000,201.000,98.000
130.000,375.000,198.000,100.000
116.000,373.000,204.000,105.000
104.000,374.000,208.000,105.000
91.000,374.000,212.000,109.000
81.000,378.000,211.000,111.000
75.000,376.000,223.000,113.000
77.000,378.000,211.000,114.000
79.000,383.000,208.000,104.000
75.000,382.000,210.000,107.000
67.000,385.000,213.000,111.000
66.000,387.000,212.000,105.000
57.000,389.000,215.000,106.000
43.000,387.000,208.000,109.000
40.000,388.000,188.000,107.000
138.000,385.000,193.000,136.000
137.000,389.000,223.000,132.000
84.000,384.000,228.000,136.000
18.000,388.000,251.000,135.000
6.000,384.000,221.000,135.000
6.000,382.000,180.000,134.000
233.000,338.000,270.000,179.000
214.000,334.000,255.000,188.000
183.000,339.000,258.000,177.000
135.000,337.000,264.000,178.000
91.000,336.000,269.000,181.000
89.000,335.000,273.000,181.000
64.000,337.000,262.000,182.000
9.000,339.000,265.000,186.000
0.000,356.000,261.000,161.000
0.000,348.000,242.000,175.000
0.000,341.000,229.000,185.000
0.000,357.000,212.000,160.000
0.000,368.000,195.000,148.000
0.000,368.000,171.000,151.000
238.000,363.000,200.000,159.000
5.000,374.000,131.000,136.000
3.000,370.000,115.000,140.000
0.000,373.000,97.000,139.000
0.000,377.000,80.000,134.000
114.000,354.000,276.000,178.000
114.000,361.000,274.000,170.000
87.000,356.000,301.000,174.000
61.000,351.000,297.000,180.000
33.000,350.000,303.000,179.000
12.000,356.000,303.000,177.000
18.000,357.000,290.000,181.000
9.000,349.000,276.000,186.000
5.000,354.000,256.000,186.000
10.000,354.000,228.000,177.000
9.000,355.000,205.000,177.000
9.000,355.000,206.000,171.000
0.000,358.000,199.000,174.000
4.000,357.000,174.000,183.000
0.000,356.000,160.000,176.000
0.000,355.000,148.000,185.000
0.000,362.000,144.000,172.000
0.000,360.000,133.000,174.000
0.000,353.000,128.000,177.000
0.000,363.000,71.000,144.000
1.000,359.000,52.000,135.000
0.000,358.000,55.000,131.000
0.000,359.000,42.000,116.000
0.000,362.000,41.000,100.000
0.000,362.000,41.000,100.000
0.000,362.000,41.000,100.000
0.000,362.000,41.000,100.000
0.000,362.000,41.000,100.000
0.000,362.000,41.000,100.000
0.000,362.000,41.000,100.000
0.000,362.000,41.000,100.000
0.000,362.000,41.000,100.000
0.000,362.000,41.000,100.000
0.000,362.000,41.000,100.000
0.000,362.000,41.000,100.000
0.000,362.000,41.000,100.000
0.000,362.000,41.000,100.000
0.000,362.000,41.000,100.000
0.000,362.000,41.000,100.000
0.000,362.000,41.000,100.000
0.000,362.000,41.000,100.000
0.000,362.000,41.000,100.000
0.000,362.000,41.000,100.000
0.000,362.000,41.000,100.000
0.000,362.000,41.000,100.000
0.000,362.000,41.000,100.000
0.000,362.000,41.000,100.000
0.000,362.000,41.000,100.000
0.000,362.000,41.000,100.000
32.000,395.000,44.000,84.000
14.000,398.000,55.000,71.000
7.000,399.000,62.000,59.000
2.000,401.000,59.000,53.000
2.000,401.000,59.000,53.000
2.000,401.000,59.000,53.000
2.000,401.000,59.000,53.000
2.000,401.000,59.000,53.000
2.000,401.000,59.000,53.000
2.000,401.000,59.000,53.000
2.000,401.000,59.000,53.000
2.000,401.000,59.000,53.000
2.000,401.000,59.000,53.000
2.000,401.000,59.000,53.000
2.000,401.000,59.000,53.000
0.000,398.000,61.000,51.000
46.000,356.000,65.000,58.000
46.000,356.000,65.000,58.000
42.000,365.000,76.000,57.000
5.000,400.000,65.000,49.000
47.000,360.000,78.000,58.000
54.000,350.000,74.000,67.000
54.000,350.000,74.000,67.000
54.000,350.000,74.000,67.000
54.000,350.000,74.000,67.000
54.000,350.000,74.000,67.000
54.000,350.000,74.000,67.000
54.000,350.000,74.000,67.000
54.000,350.000,74.000,67.000
54.000,350.000,74.000,67.000
54.000,350.000,74.000,67.000
54.000,350.000,74.000,67.000
54.000,350.000,74.000,67.000
0.000,387.000,67.000,75.000
0.000,394.000,49.000,64.000
0.000,394.000,39.000,63.000
0.000,386.000,39.000,71.000
0.000,382.000,37.000,77.000
0.000,375.000,42.000,85.000
0.000,372.000,47.000,88.000
0.000,366.000,55.000,97.000
0.000,363.000,58.000,97.000
0.000,363.000,58.000,98.000
0.000,357.000,64.000,108.000
1.000,360.000,66.000,103.000
3.000,355.000,70.000,112.000
9.000,352.000,71.000,105.000
8.000,353.000,76.000,102.000
14.000,354.000,75.000,122.000
18.000,360.000,81.000,131.000
17.000,351.000,91.000,154.000
8.000,353.000,112.000,168.000
4.000,354.000,119.000,178.000
4.000,352.000,129.000,179.000
4.000,348.000,141.000,179.000
0.000,352.000,155.000,156.000
0.000,350.000,165.000,159.000
0.000,351.000,165.000,159.000
5.000,347.000,167.000,162.000
2.000,344.000,184.000,154.000
8.000,343.000,185.000,152.000
1.000,339.000,211.000,162.000
0.000,331.000,212.000,169.000
0.000,337.000,224.000,161.000
3.000,328.000,229.000,174.000
1.000,325.000,241.000,178.000
0.000,326.000,242.000,170.000
0.000,321.000,237.000,181.000
0.000,324.000,249.000,172.000
4.000,325.000,246.000,171.000
4.000,328.000,247.000,169.000
0.000,322.000,256.000,173.000
0.000,321.000,262.000,173.000
4.000,315.000,252.000,180.000
0.000,318.000,265.000,172.000
0.000,316.000,263.000,178.000
0.000,315.000,271.000,184.000
0.000,315.000,276.000,182.000
0.000,311.000,282.000,179.000
3.000,303.000,277.000,193.000
0.000,305.000,287.000,189.000
0.000,310.000,290.000,183.000
0.000,314.000,303.000,177.000
7.000,294.000,306.000,195.000
0.000,290.000,316.000,196.000
0.000,306.000,304.000,191.000
4.000,296.000,294.000,199.000
5.000,295.000,298.000,202.000
3.000,292.000,301.000,202.000
6.000,285.000,314.000,202.000
0.000,289.000,316.000,198.000
12.000,281.000,304.000,206.000
14.000,282.000,317.000,196.000
5.000,294.000,319.000,187.000
22.000,270.000,318.000,206.000
25.000,263.000,318.000,211.000
30.000,272.000,312.000,202.000
31.000,262.000,312.000,209.000
14.000,276.000,328.000,186.000
57.000,274.000,283.000,202.000
76.000,282.000,254.000,182.000
80.000,272.000,264.000,193.000
83.000,274.000,262.000,200.000
87.000,272.000,261.000,196.000
94.000,272.000,276.000,192.000
86.000,270.000,265.000,202.000
108.000,262.000,271.000,203.000
103.000,273.000,253.000,198.000
96.000,265.000,272.000,203.000
101.000,271.000,272.000,201.000
111.000,276.000,259.000,191.000
107.000,271.000,265.000,207.000
107.000,269.000,262.000,205.000
103.000,269.000,279.000,210.000
101.000,265.000,283.000,215.000
108.000,273.000,282.000,203.000
107.000,270.000,282.000,207.000
111.000,275.000,280.000,205.000
108.000,272.000,286.000,202.000
116.000,274.000,283.000,206.000
116.000,264.000,289.000,215.000
135.000,273.000,285.000,202.000
141.000,257.000,273.000,220.000
145.000,267.000,273.000,212.000
143.000,273.000,277.000,198.000
140.000,274.000,279.000,201.000
134.000,270.000,285.000,203.000
141.000,272.000,281.000,207.000
148.000,265.000,267.000,217.000
162.000,272.000,251.000,205.000
160.000,278.000,266.000,200.000
170.000,274.000,255.000,204.000
151.000,267.000,266.000,209.000
156.000,281.000,256.000,198.000
171.000,271.000,254.000,202.000
179.000,280.000,246.000,204.000
177.000,278.000,236.000,205.000
182.000,282.000,229.000,204.000
188.000,279.000,238.000,202.000
195.000,273.000,230.000,205.000
193.000,284.000,221.000,194.000
198.000,277.000,225.000,199.000
207.000,285.000,206.000,188.000
216.000,280.000,210.000,193.000
220.000,283.000,204.000,187.000
224.000,286.000,215.000,184.000
223.000,285.000,219.000,195.000
226.000,287.000,216.000,185.000
240.000,294.000,214.000,191.000
248.000,285.000,228.000,186.000
265.000,288.000,220.000,186.000
260.000,284.000,234.000,191.000
270.000,289.000,223.000,187.000
278.000,289.000,226.000,192.000
276.000,298.000,238.000,184.000
291.000,287.000,232.000,193.000
294.000,286.000,239.000,189.000
293.000,285.000,232.000,190.000
300.000,285.000,251.000,195.000
305.000,293.000,252.000,188.000
311.000,286.000,261.000,196.000
327.000,285.000,316.000,195.000
320.000,282.000,388.000,207.000
309.000,289.000,418.000,190.000
314.000,292.000,412.000,187.000
307.000,298.000,419.000,184.000
313.000,294.000,414.000,188.000
318.000,290.000,422.000,192.000
324.000,289.000,421.000,191.000
342.000,290.000,397.000,195.000
337.000,292.000,405.000,192.000
353.000,287.000,393.000,195.000
343.000,298.000,400.000,179.000
357.000,288.000,386.000,185.000
366.000,293.000,380.000,188.000
383.000,292.000,364.000,186.000
367.000,284.000,373.000,194.000
400.000,297.000,349.000,189.000
352.000,280.000,393.000,205.000
386.000,292.000,365.000,184.000
426.000,291.000,329.000,190.000
421.000,284.000,333.000,198.000
411.000,280.000,338.000,198.000
423.000,285.000,333.000,193.000
439.000,282.000,315.000,196.000
444.000,285.000,313.000,195.000
443.000,280.000,308.000,195.000
454.000,283.000,300.000,200.000
458.000,289.000,300.000,191.000
460.000,279.000,297.000,200.000
465.000,279.000,286.000,210.000
479.000,283.000,274.000,203.000
474.000,289.000,277.000,196.000
473.000,281.000,281.000,199.000
475.000,287.000,290.000,194.000
482.000,282.000,287.000,205.000
471.000,281.000,293.000,203.000
485.000,286.000,283.000,197.000
489.000,285.000,277.000,203.000
493.000,295.000,274.000,191.000
495.000,309.000,275.000,179.000
497.000,301.000,272.000,184.000
476.000,298.000,290.000,186.000
488.000,307.000,289.000,180.000
484.000,314.000,292.000,175.000
483.000,314.000,297.000,180.000
476.000,315.000,302.000,175.000
483.000,304.000,294.000,180.000
475.000,307.000,306.000,180.000
470.000,315.000,317.000,171.000
468.000,306.000,322.000,179.000
466.000,290.000,313.000,204.000
467.000,298.000,310.000,187.000
450.000,310.000,341.000,185.000
442.000,304.000,352.000,183.000
443.000,288.000,338.000,203.000
429.000,285.000,349.000,201.000
443.000,290.000,346.000,197.000
426.000,282.000,356.000,207.000
417.000,284.000,356.000,199.000
403.000,288.000,384.000,199.000
406.000,285.000,378.000,207.000
402.000,281.000,381.000,205.000
399.000,287.000,374.000,200.000
396.000,282.000,375.000,202.000
389.000,286.000,385.000,198.000
385.000,288.000,385.000,192.000
385.000,286.000,385.000,198.000
387.000,281.000,388.000,205.000
384.000,286.000,392.000,196.000
382.000,281.000,386.000,201.000
377.000,282.000,379.000,202.000
371.000,285.000,397.000,194.000
366.000,279.000,402.000,205.000
363.000,288.000,390.000,197.000
362.000,287.000,408.000,195.000
357.000,285.000,407.000,198.000
358.000,286.000,406.000,197.000
352.000,289.000,410.000,200.000
348.000,288.000,412.000,204.000
343.000,289.000,425.000,208.000
348.000,291.000,425.000,203.000
341.000,290.000,423.000,203.000
341.000,291.000,431.000,201.000
342.000,301.000,435.000,198.000
333.000,300.000,417.000,206.000
349.000,305.000,422.000,200.000
343.000,296.000,414.000,206.000
335.000,294.000,372.000,203.000
344.000,307.000,434.000,187.000
337.000,304.000,436.000,193.000
333.000,298.000,441.000,207.000
337.000,295.000,448.000,204.000
326.000,293.000,455.000,206.000
319.000,296.000,334.000,206.000
320.000,296.000,304.000,202.000
344.000,296.000,290.000,208.000
322.000,297.000,296.000,203.000
348.000,285.000,277.000,226.000
336.000,295.000,266.000,205.000
334.000,300.000,267.000,197.000
339.000,292.000,264.000,208.000
334.000,289.000,270.000,216.000
351.000,284.000,254.000,215.000
341.000,275.000,272.000,228.000
343.000,268.000,268.000,231.000
344.000,265.000,266.000,235.000
344.000,269.000,271.000,229.000
333.000,263.000,281.000,234.000
336.000,253.000,278.000,237.000
330.000,253.000,283.000,238.000
326.000,273.000,285.000,220.000
328.000,276.000,286.000,213.000
322.000,273.000,297.000,218.000
327.000,279.000,297.000,211.000
319.000,272.000,308.000,219.000
313.000,274.000,313.000,214.000
304.000,276.000,319.000,211.000
298.000,290.000,331.000,203.000
291.000,280.000,334.000,205.000
343.000,287.000,320.000,204.000
311.000,288.000,317.000,202.000
281.000,281.000,356.000,215.000
279.000,287.000,353.000,214.000
284.000,290.000,354.000,198.000
278.000,293.000,356.000,213.000
293.000,284.000,341.000,208.000
280.000,293.000,359.000,209.000
294.000,293.000,345.000,204.000
284.000,267.000,467.000,225.000
275.000,284.000,483.000,203.000
277.000,289.000,358.000,198.000
270.000,293.000,382.000,209.000
279.000,258.000,471.000,232.000
274.000,271.000,472.000,219.000
273.000,262.000,478.000,219.000
274.000,284.000,475.000,207.000
270.000,267.000,478.000,225.000
267.000,267.000,476.000,223.000
261.000,271.000,486.000,216.000
254.000,277.000,493.000,217.000
273.000,275.000,481.000,215.000
274.000,271.000,484.000,225.000
459.000,290.000,201.000,215.000
504.000,299.000,220.000,208.000
505.000,300.000,194.000,209.000
510.000,294.000,163.000,214.000
512.000,280.000,162.000,231.000
513.000,291.000,159.000,217.000
520.000,289.000,155.000,219.000
525.000,282.000,149.000,225.000
528.000,289.000,151.000,215.000
530.000,295.000,157.000,214.000
533.000,290.000,164.000,212.000
537.000,287.000,159.000,216.000
546.000,286.000,144.000,217.000
554.000,278.000,150.000,225.000
557.000,283.000,148.000,219.000
567.000,287.000,140.000,218.000
573.000,280.000,140.000,216.000
582.000,286.000,135.000,215.000
592.000,274.000,135.000,224.000
595.000,280.000,137.000,220.000
601.000,279.000,147.000,215.000
610.000,279.000,157.000,218.000
619.000,278.000,148.000,219.000
627.000,273.000,148.000,223.000
633.000,280.000,136.000,219.000
636.000,279.000,151.000,218.000
645.000,277.000,138.000,218.000
656.000,283.000,128.000,213.000
659.000,289.000,132.000,206.000
657.000,286.000,133.000,210.000
665.000,279.000,129.000,216.000
664.000,281.000,131.000,215.000
672.000,289.000,118.000,206.000
667.000,291.000,126.000,212.000
663.000,285.000,131.000,215.000
661.000,288.000,130.000,209.000
672.000,294.000,118.000,199.000
661.000,278.000,132.000,220.000
662.000,284.000,130.000,212.000
666.000,291.000,126.000,203.000
668.000,292.000,125.000,207.000
665.000,282.000,125.000,216.000
671.000,294.000,122.000,204.000
674.000,286.000,118.000,214.000
426.000,288.000,480.000,221.000
674.000,291.000,115.000,214.000
674.000,284.000,114.000,218.000
676.000,305.000,112.000,201.000
672.000,308.000,114.000,196.000
675.000,303.000,114.000,204.000
678.000,305.000,110.000,197.000
670.000,300.000,117.000,205.000
668.000,307.000,117.000,201.000
663.000,309.000,123.000,202.000
428.000,293.000,469.000,209.000
667.000,307.000,121.000,201.000
673.000,310.000,115.000,194.000
673.000,313.000,115.000,190.000
674.000,305.000,116.000,198.000
671.000,303.000,119.000,200.000
679.000,306.000,109.000,200.000
674.000,310.000,113.000,192.000
674.000,306.000,116.000,196.000
677.000,309.000,111.000,195.000
673.000,309.000,117.000,192.000
678.000,312.000,108.000,195.000
675.000,315.000,115.000,191.000
673.000,310.000,115.000,196.000
672.000,312.000,117.000,192.000
672.000,316.000,116.000,191.000
665.000,309.000,124.000,198.000
667.000,310.000,120.000,196.000
670.000,315.000,119.000,194.000
670.000,316.000,118.000,190.000
669.000,318.000,120.000,190.000
672.000,319.000,117.000,188.000
673.000,314.000,113.000,193.000
675.000,311.000,111.000,198.000
678.000,306.000,107.000,201.000
677.000,311.000,109.000,197.000
674.000,313.000,113.000,197.000
678.000,316.000,105.000,194.000
663.000,319.000,122.000,193.000
598.000,298.000,289.000,206.000
585.000,295.000,299.000,209.000
588.000,305.000,301.000,196.000
586.000,300.000,301.000,199.000
589.000,302.000,296.000,200.000
597.000,309.000,287.000,196.000
594.000,306.000,295.000,196.000
597.000,294.000,188.000,210.000
607.000,297.000,183.000,213.000
602.000,292.000,188.000,215.000
597.000,289.000,188.000,219.000
604.000,307.000,189.000,201.000
599.000,295.000,188.000,211.000
595.000,289.000,191.000,216.000
655.000,308.000,162.000,206.000
643.000,320.000,137.000,190.000
652.000,311.000,132.000,201.000
656.000,319.000,122.000,194.000
656.000,313.000,127.000,197.000
662.000,310.000,121.000,199.000
663.000,310.000,118.000,200.000
662.000,311.000,118.000,198.000
662.000,312.000,117.000,199.000
658.000,317.000,121.000,195.000
669.000,314.000,111.000,198.000
667.000,314.000,114.000,203.000
666.000,315.000,117.000,198.000
670.000,303.000,111.000,214.000
662.000,311.000,119.000,202.000
666.000,309.000,115.000,203.000
663.000,306.000,118.000,205.000
663.000,305.000,118.000,208.000
657.000,316.000,123.000,196.000
653.000,316.000,134.000,197.000
658.000,312.000,130.000,203.000
663.000,298.000,122.000,217.000
663.000,313.000,125.000,205.000
651.000,313.000,143.000,200.000
657.000,310.000,141.000,206.000
663.000,305.000,131.000,210.000
652.000,301.000,150.000,215.000
644.000,308.000,159.000,207.000
654.000,315.000,141.000,206.000
660.000,309.000,140.000,209.000
654.000,315.000,152.000,201.000
658.000,310.000,142.000,205.000
662.000,313.000,134.000,203.000
659.000,304.000,145.000,209.000
657.000,304.000,147.000,211.000
653.000,308.000,149.000,208.000
647.000,313.000,158.000,204.000
649.000,302.000,151.000,213.000
651.000,299.000,151.000,215.000
654.000,300.000,158.000,213.000
651.000,306.000,157.000,205.000
653.000,312.000,162.000,197.000
659.000,318.000,144.000,197.000
666.000,317.000,146.000,198.000
662.000,313.000,155.000,199.000
670.000,310.000,151.000,200.000
663.000,324.000,196.000,187.000
657.000,312.000,214.000,195.000
619.000,320.000,267.000,192.000
638.000,322.000,241.000,191.000
648.000,325.000,235.000,182.000
622.000,317.000,259.000,194.000
653.000,328.000,229.000,188.000
639.000,327.000,243.000,182.000
649.000,335.000,228.000,178.000
659.000,314.000,210.000,197.000
656.000,315.000,222.000,194.000
658.000,318.000,220.000,196.000
656.000,314.000,221.000,195.000
646.000,325.000,229.000,188.000
654.000,319.000,223.000,191.000
654.000,317.000,227.000,193.000
647.000,321.000,227.000,190.000
655.000,326.000,212.000,185.000
651.000,329.000,221.000,187.000
645.000,324.000,218.000,188.000
646.000,320.000,224.000,193.000
651.000,320.000,214.000,195.000
646.000,320.000,221.000,194.000
648.000,322.000,218.000,191.000
649.000,324.000,211.000,193.000
644.000,320.000,222.000,191.000
650.000,324.000,216.000,188.000
648.000,326.000,211.000,186.000
639.000,321.000,224.000,195.000
633.000,327.000,231.000,182.000
641.000,327.000,228.000,186.000
635.000,325.000,230.000,189.000
641.000,317.000,219.000,196.000
644.000,324.000,198.000,188.000
654.000,316.000,229.000,194.000
658.000,325.000,224.000,188.000
648.000,322.000,209.000,197.000
657.000,330.000,217.000,188.000
653.000,317.000,228.000,197.000
646.000,316.000,233.000,196.000
645.000,327.000,226.000,187.000
647.000,322.000,228.000,194.000
651.000,330.000,231.000,186.000
650.000,329.000,219.000,182.000
654.000,337.000,229.000,174.000
644.000,327.000,219.000,181.000
649.000,326.000,224.000,185.000
645.000,323.000,220.000,187.000
655.000,334.000,217.000,174.000
649.000,332.000,226.000,180.000
653.000,329.000,222.000,181.000
651.000,323.000,212.000,189.000
654.000,326.000,216.000,181.000
653.000,326.000,210.000,183.000
649.000,326.000,199.000,188.000
650.000,323.000,216.000,188.000
648.000,334.000,220.000,177.000
646.000,321.000,222.000,191.000
645.000,326.000,219.000,184.000
644.000,329.000,215.000,182.000
643.000,331.000,219.000,179.000
645.000,319.000,219.000,197.000
641.000,336.000,220.000,175.000
651.000,313.000,170.000,203.000
648.000,323.000,190.000,194.000
650.000,320.000,169.000,195.000
653.000,319.000,204.000,193.000
649.000,346.000,217.000,167.000
646.000,324.000,223.000,192.000
654.000,331.000,203.000,184.000
653.000,336.000,212.000,177.000
647.000,330.000,210.000,179.000
639.000,311.000,222.000,201.000
641.000,322.000,219.000,194.000
644.000,316.000,216.000,196.000
647.000,329.000,214.000,184.000
649.000,325.000,225.000,189.000
646.000,341.000,218.000,174.000
640.000,325.000,219.000,187.000
642.000,324.000,216.000,188.000
641.000,317.000,215.000,192.000
647.000,336.000,212.000,173.000
639.000,331.000,224.000,174.000
643.000,339.000,220.000,174.000
643.000,327.000,214.000,178.000
645.000,323.000,215.000,185.000
646.000,327.000,209.000,185.000
652.000,331.000,209.000,179.000
653.000,349.000,207.000,167.000
644.000,321.000,207.000,194.000
647.000,335.000,203.000,179.000
642.000,327.000,208.000,185.000
646.000,323.000,202.000,189.000
640.000,340.000,207.000,173.000
642.000,329.000,203.000,184.000
642.000,334.000,195.000,182.000
640.000,334.000,199.000,178.000
647.000,333.000,193.000,182.000
650.000,337.000,188.000,177.000
643.000,334.000,192.000,177.000
652.000,320.000,181.000,192.000
651.000,340.000,183.000,172.000
652.000,327.000,175.000,188.000
645.000,334.000,178.000,172.000
651.000,329.000,176.000,179.000
649.000,330.000,177.000,183.000
651.000,323.000,178.000,191.000
652.000,319.000,175.000,188.000
653.000,339.000,173.000,174.000
648.000,330.000,176.000,178.000
649.000,333.000,170.000,180.000
649.000,330.000,169.000,181.000
650.000,333.000,171.000,177.000
648.000,329.000,170.000,183.000
653.000,336.000,168.000,177.000
653.000,324.000,158.000,188.000
655.000,325.000,162.000,193.000
655.000,316.000,166.000,198.000
652.000,329.000,170.000,188.000
649.000,323.000,175.000,190.000
656.000,321.000,167.000,190.000
653.000,329.000,169.000,182.000
651.000,371.000,169.000,144.000
654.000,326.000,160.000,189.000
655.000,378.000,158.000,135.000
655.000,385.000,157.000,131.000
653.000,390.000,165.000,125.000
645.000,386.000,164.000,126.000
643.000,386.000,171.000,130.000
638.000,385.000,173.000,127.000
636.000,383.000,173.000,133.000
633.000,381.000,180.000,135.000
631.000,380.000,184.000,142.000
629.000,386.000,182.000,134.000
625.000,387.000,184.000,138.000
622.000,383.000,195.000,137.000
623.000,388.000,197.000,136.000
616.000,384.000,199.000,134.000
612.000,383.000,195.000,138.000
612.000,381.000,199.000,140.000
607.000,382.000,196.000,136.000
609.000,392.000,197.000,124.000
606.000,384.000,198.000,139.000
605.000,380.000,194.000,142.000
605.000,386.000,198.000,136.000
597.000,380.000,197.000,144.000
600.000,383.000,199.000,142.000
593.000,384.000,201.000,138.000
587.000,379.000,203.000,144.000
592.000,377.000,195.000,150.000
592.000,371.000,197.000,158.000
585.000,371.000,202.000,157.000
592.000,387.000,194.000,140.000
581.000,393.000,205.000,130.000
580.000,384.000,192.000,140.000
583.000,383.000,192.000,138.000
575.000,377.000,207.000,148.000
574.000,384.000,201.000,134.000
561.000,378.000,217.000,141.000
560.000,384.000,209.000,137.000
559.000,384.000,214.000,136.000
550.000,382.000,221.000,139.000
550.000,381.000,222.000,140.000
549.000,377.000,224.000,143.000
546.000,379.000,224.000,142.000
538.000,380.000,235.000,139.000
547.000,377.000,223.000,144.000
541.000,382.000,228.000,139.000
549.000,380.000,220.000,139.000
548.000,381.000,222.000,141.000
550.000,376.000,215.000,144.000
554.000,380.000,218.000,143.000
558.000,378.000,202.000,149.000
550.000,372.000,217.000,151.000
543.000,374.000,220.000,147.000
547.000,370.000,219.000,153.000
539.000,362.000,230.000,159.000
546.000,369.000,208.000,155.000
547.000,370.000,205.000,149.000
548.000,375.000,204.000,151.000
535.000,355.000,226.000,170.000
557.000,377.000,203.000,147.000
536.000,355.000,226.000,166.000
540.000,360.000,225.000,159.000
541.000,355.000,219.000,167.000
555.000,353.000,216.000,169.000
542.000,356.000,222.000,163.000
549.000,357.000,219.000,161.000
554.000,353.000,212.000,171.000
541.000,351.000,221.000,167.000
554.000,359.000,214.000,161.000
544.000,352.000,222.000,168.000
539.000,357.000,225.000,162.000
543.000,348.000,225.000,173.000
540.000,354.000,225.000,162.000
549.000,358.000,220.000,165.000
549.000,353.000,215.000,171.000
560.000,354.000,208.000,166.000
552.000,360.000,209.000,158.000
545.000,350.000,223.000,167.000
546.000,351.000,221.000,168.000
545.000,351.000,223.000,168.000
545.000,357.000,221.000,160.000
552.000,355.000,216.000,165.000
570.000,378.000,196.000,139.000
561.000,360.000,203.000,161.000
563.000,357.000,201.000,164.000
561.000,360.000,207.000,163.000
556.000,365.000,207.000,155.000
561.000,373.000,204.000,149.000
549.000,363.000,213.000,157.000
554.000,367.000,208.000,150.000
545.000,376.000,219.000,145.000
541.000,361.000,218.000,158.000
541.000,359.000,217.000,164.000
546.000,367.000,215.000,159.000
551.000,374.000,205.000,149.000
542.000,366.000,216.000,160.000
536.000,363.000,222.000,161.000
552.000,374.000,211.000,152.000
566.000,378.000,188.000,146.000
548.000,370.000,209.000,158.000
566.000,376.000,194.000,152.000
538.000,372.000,220.000,156.000
556.000,380.000,201.000,145.000
544.000,381.000,211.000,143.000
545.000,370.000,209.000,155.000
537.000,375.000,221.000,149.000
543.000,372.000,212.000,153.000
557.000,384.000,198.000,146.000
546.000,369.000,210.000,158.000
560.000,379.000,196.000,150.000
551.000,384.000,207.000,145.000
538.000,369.000,220.000,157.000
542.000,385.000,217.000,141.000
553.000,367.000,210.000,163.000
574.000,369.000,190.000,161.000
571.000,396.000,190.000,139.000
