0.00423741
0.01465940
0.01419449
0.01429248
0.01388431
0.01398349
0.01389241
0.01408553
0.01403308
0.01400614
0.01418352
0.01856256
0.01841021
0.01867366
0.01821685
0.01956940
0.01843262
0.01825690
0.01830745
0.01961350
0.01874089
0.01952386
0.01739407
0.01758170
0.01724052
0.01732039
0.01801705
0.01749372
0.01732993
0.01731825
0.01734233
0.01733351
0.01735592
0.01606369
0.01430511
0.01381850
0.01410532
0.01377892
0.01382542
0.01381373
0.01378989
0.01385927
0.01373935
0.01388717
0.01374030
0.01388144
0.01382041
0.01379204
0.01379442
0.01380062
0.01377988
0.01394963
0.01429248
0.01398969
0.01389623
0.01371932
0.01378846
0.01392412
0.01403737
0.01389241
0.01391101
0.01373196
0.01382732
0.01380181
0.01407218
0.01371431
0.01374674
0.01373696
0.01449370
0.01718569
0.01716828
0.01719213
0.01715779
0.01716685
0.01709604
0.01713085
0.01714373
0.01715636
0.01713037
0.01716828
0.01716709
0.01715946
0.01719975
0.01716042
0.01735783
0.01715851
0.01720285
0.01677680
0.01709700
0.01711702
0.01728487
0.01753879
0.01710463
0.01712775
0.01706481
0.01709056
0.01674652
0.01373339
0.01369214
0.01369643
0.01367640
0.01370096
0.01369023
0.01373982
0.01372480
0.01370144
0.01373482
0.01372528
0.01367640
0.01365018
0.01368380
0.01369762
0.01369596
0.01367426
0.01365376
0.01367092
0.01372838
0.01354313
0.01373076
0.01354122
0.01351500
0.01353717
0.01353121
0.01341963
0.01346898
0.01351905
0.01352334
0.01353216
0.01354265
0.01840329
0.02068162
0.02103972
0.01908398
0.02073765
0.02078032
0.02069449
0.01398706
0.01340795
0.01343036
0.01337409
0.01331353
0.01330519
0.01333714
0.01332998
0.01358271
0.01338673
0.01337314
0.01337695
0.01332140
0.01327586
0.01335669
0.01323557
0.01330352
0.01436996
0.01861382
0.01478434
0.01361895
0.01344657
0.01443386
0.01349950
0.01357007
0.01352692
0.01333928
0.01329374
0.01340628
0.01336694
0.01357198
0.01359773
0.01365876
0.01360893
0.01357770
0.01349187
0.01378036
0.01366448
0.01342726
0.01342964
0.01344919
0.01357365
0.01341605
0.01341009
0.01337337
0.01334500
0.01344132
0.01340127
0.01343632
0.01349163
0.01372957
0.01373053
0.01363468
0.01360726
0.01363921
0.01359558
0.01368618
0.01370430
0.01375008
0.01361227
0.01379824
0.01368761
0.01372671
0.01382089
0.01377988
0.01375389
0.01376963
0.01372719
0.01367188
0.01376057
0.01385164
0.01375961
0.01387620
0.01378226
0.01379132
0.01389265
0.01388454
0.01378870
0.01382327
0.01382732
0.01399136
0.01418805
0.01389623
0.01379895
0.01387787
0.01374340
0.01391912
0.01387310
0.01396728
0.01377654
0.01379228
0.01390958
0.01380777
0.01378822
0.01384640
0.01490378
0.01378632
0.01396894
0.01377416
0.01388764
0.01382160
0.01395488
0.01384139
0.01401496
0.01379418
0.01382637
0.01379061
0.01390553
0.01385164
0.01386786
0.01383400
0.01379633
0.01391196
0.01412964
0.01407695
0.01385522
0.01396036
0.01383710
0.01377392
0.01392603
0.01399565
0.01384139
0.01396561
0.01419926
0.01395321
0.01386571
0.01394534
0.01391435
0.01384330
0.01388979
0.01387572
0.01382923
0.01392245
0.01394320
0.01382899
0.01393652
0.01400089
0.01380634
0.01396465
0.01392651
0.01385927
0.01384830
0.01382542
0.01382542
0.01976585
0.02150297
0.02156925
0.01546431
0.01441693
0.01425052
0.01445460
0.01512647
0.01393938
0.01382732
0.01393938
0.01403785
0.01401711
0.01395416
0.01383567
0.01407766
0.01384854
0.01391220
0.01384735
0.01385784
0.01530862
0.01398897
0.01380825
0.01397562
0.01389933
0.01386595
0.01392817
0.01388025
0.01384330
0.01385999
0.01394725
0.01385236
0.01388383
0.01394773
0.01377630
0.01382852
0.01391792
0.01392150
0.01386118
0.01397943
0.01391268
0.01381016
0.01385117
0.01394415
0.01381040
0.01389933
0.01382732
0.01388979
0.01397491
0.01394916
0.01384854
0.01389074
0.01376700
0.01385188
0.01380754
0.01390028
0.01379251
0.01384497
0.01378560
0.01387978
0.01380253
0.01383710
0.01403451
0.01403713
0.01374149
0.01374269
0.01377010
0.01382303
0.01373339
0.01381135
0.01368403
0.01372504
0.01378632
0.01370907
0.01368427
0.01370358
0.01368523
0.01371956
0.01380324
0.01383209
0.01373315
0.01370168
0.01370025
0.01388502
0.01374412
0.01381016
0.01371908
0.01383448
0.01369524
0.01372695
0.01370287
0.01379013
0.01492214
0.01373410
0.01377010
0.01529980
0.01582170
0.01377010
0.01383042
0.01377225
0.01378584
0.01375866
0.01368189
0.01371098
0.01388526
0.01405811
0.01403236
0.01378655
0.01370382
0.01376462
0.01372457
0.01381159
0.01371145
0.01376462
0.01370502
0.01371384
0.01376724
0.01380539
0.01367998
0.01376796
0.01392937
0.01369405
0.01380873
0.01380801
0.01373887
0.01375699
0.01373029
0.01392293
