0.00241923
0.01290870
0.01161003
0.01270461
0.01221013
0.01169324
0.01157808
0.01159930
0.01151633
0.01156187
0.01153660
0.01166010
0.01178265
0.01166129
0.01167727
0.01167083
0.01173306
0.01177740
0.01263762
0.01165104
0.01169991
0.01173043
0.01179409
0.01165843
0.01223540
0.01229501
0.01199079
0.01229286
0.01263881
0.01158929
0.01156974
0.01167107
0.01174021
0.01157570
0.01181531
0.01157689
0.01176739
0.01367736
0.01179004
0.01179123
0.01156831
0.01149750
0.01148415
0.01153111
0.01145411
0.01152229
0.01153183
0.01165915
0.01148224
0.01150036
0.01160002
0.01161289
0.01239705
0.01168895
0.01136184
0.01154900
0.01144958
0.01156640
0.01145029
0.01159525
0.01167464
0.01157093
0.01148629
0.01145720
0.01159000
0.01148057
0.01148677
0.01143456
0.01162291
0.01147151
0.01145697
0.01149702
0.01170039
0.01171088
0.01159835
0.01152205
0.01148105
0.01139784
0.01140308
0.01157165
0.01148200
0.01142550
0.01139760
0.01145411
0.01144433
0.01140666
0.01162648
0.01152253
0.01147914
0.01148915
0.01155114
0.01157904
0.01157451
0.01145387
0.01148462
0.01146126
0.01154375
0.01161289
0.01152325
0.01190042
0.01221323
0.01168323
0.01154852
0.01323032
0.01374173
0.01360726
0.01361203
0.01355338
0.01352262
0.01429033
0.01365495
0.01366210
0.01357889
0.01371098
0.01365829
0.01358199
0.01351118
0.01356936
0.01354790
0.01345897
0.01349330
0.01348281
0.01358676
0.01352453
0.01345873
0.01354527
0.01349974
0.01347446
0.01361036
0.01348090
0.01346588
0.01349282
0.01359344
0.01355839
0.01353598
0.01348400
0.01382089
0.01398230
0.01396823
0.01401854
0.01398611
0.01422215
0.01408529
0.01423120
0.01382828
0.01356792
0.01351833
0.01365805
0.01355672
0.01349473
0.01362276
0.01355815
0.01355839
0.01360440
0.01355171
0.01351762
0.01351500
0.01357198
0.01394057
0.01475644
0.01443100
0.01368713
0.01355648
0.01351905
0.01327372
0.01354575
0.01355338
0.01352930
0.01350927
0.01355743
0.01362896
0.01355362
0.01362348
0.01359034
0.01355839
0.01352096
0.01348495
0.01350784
0.01408172
0.01339769
0.01363015
0.01361156
0.01362419
0.01394725
0.01365232
0.01357555
0.01359105
0.01355767
0.01351619
0.01449156
0.01182508
0.01133370
0.01138258
0.01132679
0.01133251
0.01126242
0.01135802
0.01141000
0.01126528
0.01127267
0.01143312
0.01317120
0.01313114
0.01309133
0.01311517
0.01312137
0.01313853
0.01317167
0.01321578
0.01305509
0.01305151
0.01307631
0.01306176
0.01301026
0.01304579
0.01306272
0.01306820
0.01310492
0.01324439
0.01330924
0.01310897
0.01302481
0.01298976
0.01321530
0.01343966
0.01132870
0.01131368
0.01137829
0.01159072
0.01125479
0.01128554
0.01127911
0.01128268
0.01123405
0.01145673
0.01312804
0.01309991
0.01310396
0.01304507
0.01307464
0.01308846
0.01307392
0.01306486
0.01304579
0.01317596
0.01308203
0.01354408
0.01168203
0.01131248
0.01125646
0.01126361
0.01122499
0.01125336
0.01191664
0.01157475
0.01130319
0.01140475
0.01127839
0.01122451
0.01123762
0.01131344
0.01131225
0.01126337
0.01133895
0.01127815
0.01127648
0.01123643
0.01133370
0.01128078
0.01126742
0.01126122
0.01128268
0.01123571
0.01128244
0.01132011
0.01129246
0.01147199
0.01136661
0.01147342
0.01128101
0.01126337
0.01128101
0.01126575
0.01122975
0.01128125
0.01144028
0.01134062
0.01132298
0.01137686
0.01130319
0.01125288
0.01127768
0.01132894
0.01129150
0.01120973
0.01130152
0.01656294
0.01680303
0.01688933
0.01542830
0.01162267
0.01158190
0.01162267
0.01167655
0.01205802
0.01134706
0.01129246
0.01126075
0.01134038
0.01121211
0.01132345
0.01123548
0.01123977
0.01130414
0.01135659
0.01131082
0.01127982
0.01137209
0.01130724
0.01125073
0.01136065
0.01129150
0.01124978
0.01123691
0.01134443
0.01159048
0.01137590
0.01131129
0.01125979
0.01120806
0.01122499
0.01132679
0.01129150
0.01127219
0.01127648
0.01129913
0.01252961
0.01130939
0.01131892
0.01123524
0.01124835
0.01129293
0.01130605
0.01133466
0.01127172
0.01141071
0.01132417
0.01127577
0.01129603
0.01128840
0.01127052
0.01130128
0.01144862
0.01133132
0.01127481
0.01123834
0.01128650
0.01126981
0.01124239
0.01124859
0.01130342
0.01124406
0.01134181
0.01126361
0.01123595
0.01125193
0.01126814
0.01140308
0.01125741
0.01146412
0.01132798
0.01131105
0.01133347
0.01128078
0.01127791
0.01125407
0.01171041
0.01139355
0.01131582
0.01131558
0.01132083
0.01124859
0.01130700
0.01151085
0.01145291
0.01123881
0.01121402
0.01125288
0.01122856
0.01132417
0.01133180
0.01138616
0.01129651
0.01131678
0.01126480
0.01127338
0.01138258
0.01136279
0.01146698
0.01132131
0.01132178
0.01135087
0.01124525
0.01183176
0.01172662
0.01137710
0.01133800
0.01130700
0.01132464
0.01130271
0.01136875
0.01139474
0.01133275
0.01137185
0.01129842
0.01130843
0.01138520
0.01131201
0.01130152
0.01144981
0.01225185
0.01158404
0.01139903
0.01126838
0.01129270
0.01137543
0.01159334
0.01164460
0.01134396
0.01137829
0.01129460
0.01131058
0.01139951
0.01135755
0.01130700
0.01141524
0.01129174
0.01122475
0.01131034
0.01139951
0.01134801
0.01132393
0.01130438
0.01130152
0.01129103
0.01126313
0.01138210
0.01134300
0.01136613
0.01137853
0.01133490
0.01129007
0.01129103
0.01150656
0.01143384
0.01129246
0.01129174
0.01132655
0.01124716
0.01130438
0.01132417
0.01134443
0.01125574
0.01128197
0.01127529
0.01122022
0.01134467
0.01131749
0.01134515
0.01122499
0.01132560
0.01129293
0.01127028
0.01668668
0.01674199
0.01699209
0.01541710
0.01167154
0.01165485
0.01163149
0.01179361
0.01241541
0.01148534
0.01131558
0.01125646
0.01128840
0.01128507
0.01127076
0.01130986
0.01138210
0.01130605
0.01123977
0.01137424
0.01126218
0.01124787
0.01126313
0.01140308
0.01135755
0.01127553
0.01128674
0.01129961
0.01130366
0.01259923
0.01177049
0.01252294
0.01269507
0.01154685
0.01139259
0.01144624
0.01163626
0.01135921
0.01145935
0.01150203
0.01210785
0.01136923
0.01131749
0.01130915
0.01130056
0.01134396
0.01138139
0.01133037
0.01132727
0.01140380
0.01200533
0.01166582
0.01173377
0.01147723
0.01132154
0.01132226
0.01137257
0.01134443
0.01132321
0.01136899
0.01133180
0.01126194
0.01144958
0.01131296
0.01129770
0.01132178
0.01133990
0.01129341
0.01127052
0.01130128
0.01133490
0.01136303
0.01128697
0.01129150
0.01126003
0.01140690
0.01134706
0.01129580
0.01129150
0.01128864
0.01132965
0.01130486
0.01127076
0.01127028
0.01133752
0.01130033
0.01188231
0.01153016
0.01137209
0.01133966
0.01151800
0.01132441
0.01134944
0.01129556
0.01129842
0.01126766
0.01131535
0.01127386
0.01149535
0.01137853
0.01131368
0.01133275
0.01169443
0.01182127
0.01141834
0.01136041
0.01132655
0.01131129
0.01132655
0.01137757
0.01129365
0.01127481
0.01131701
0.01247692
0.01139665
0.01134801
0.01132107
0.01127911
0.01136804
0.01125932
0.01158452
0.01138544
0.01138735
0.01135087
0.01133275
0.01122856
0.01132488
0.01131678
0.01134634
0.01138067
0.01134038
0.01131821
0.01146436
0.01143336
0.01135945
0.01143503
0.01137376
0.01130176
0.01134777
0.01135087
0.01139927
0.01134586
0.01135063
0.01142764
0.01134539
0.01148677
0.01157045
0.01143050
0.01137877
0.01135325
0.01149416
0.01135349
0.01138043
0.01192117
0.01166821
0.01135015
0.01136541
0.01143026
0.01204157
0.01189852
0.01143265
0.01138973
0.01139092
0.01136208
0.01141667
0.01149726
0.01139379
0.01147175
0.01140475
0.01138473
0.01137757
0.01139235
0.01148772
0.01142144
0.01139927
0.01146626
0.01171207
0.01181054
0.01173162
0.01178432
0.01181078
0.01173425
0.01179194
0.01185513
0.01195216
0.01152682
