0.00274134
0.01529002
0.01220512
0.01275110
0.01235628
0.01216388
0.01220393
0.01230121
0.01629090
0.01466060
0.01312375
0.01468182
0.01237774
0.01248121
0.01252842
0.01236963
0.01235485
0.01239729
0.01346445
0.01290321
0.01248097
0.01252794
0.01252413
0.01273513
0.01320767
0.01289082
0.01283121
0.01302576
0.01245284
0.01254010
0.01245642
0.01242900
0.01255608
0.01278543
0.01270509
0.01281595
0.01361823
0.01434684
0.01266909
0.01238179
0.01242042
0.01241589
0.01243925
0.01228881
0.01227951
0.01229763
0.01234269
0.01225972
0.01233959
0.01242089
0.01241350
0.01226306
0.01222038
0.01223421
0.01236629
0.01246953
0.01224828
0.01224756
0.01232958
0.01307869
0.01430416
0.01500416
0.01504707
0.01484799
0.01494408
0.01474833
0.01485610
0.01476645
0.01475048
0.01484179
0.01486397
0.01486611
0.01486397
0.01491165
0.01496315
0.01503325
0.01493454
0.01507354
0.01492167
0.01458144
0.01492310
0.01504803
0.01503634
0.01513720
0.01515603
0.01508498
0.01507521
0.01499867
0.01502872
0.01504230
0.01502991
0.01574850
0.01514077
0.01510549
0.01493359
0.01461053
0.01488686
0.01474357
0.01484346
0.01538348
0.01510358
0.01507902
0.01506090
0.01496553
0.01483226
0.01478171
0.01480794
0.01487637
0.01477933
0.01477242
0.01480055
0.01477599
0.01473212
0.01479030
0.01485896
0.01531601
0.01546884
0.01542974
0.01552629
0.01532269
0.01535273
0.01551175
0.01513648
0.01488471
0.01483655
0.01492453
0.01482487
0.01486897
0.01505113
0.01493216
0.01497221
0.01484323
0.01483321
0.01480317
0.01482916
0.01482630
0.01481485
0.01481891
0.01476669
0.01484418
0.01482224
0.01484680
0.01218987
0.01226902
0.01225424
0.01218510
0.01215506
0.01215911
0.01216269
0.01211739
0.01217794
0.01229429
0.01216698
0.01212192
0.01214862
0.01231885
0.01215935
0.01212788
0.01210117
0.01266766
0.01240659
0.01350522
0.01223898
0.01223755
0.01220584
0.01216483
0.01218486
0.01221561
0.01215219
0.01234055
0.01230001
0.01228142
0.01223850
0.01220584
0.01218677
0.01221991
0.01224566
0.01223874
0.01220226
0.01226974
0.01228619
0.01224375
0.01222515
0.01223660
0.01220870
0.01218653
0.01219249
0.01213956
0.01208663
0.01208544
0.01253724
0.01220298
0.01221323
0.01256323
0.01239038
0.01215291
0.01212955
0.01213193
0.01218653
0.01212311
0.01217270
0.01215267
0.01218653
0.01214743
0.01213455
0.01222587
0.01224971
0.01217461
0.01265264
0.01241827
0.01218224
0.01210117
0.01215076
0.01225924
0.01220655
0.01221108
0.01227522
0.01222444
0.01222420
0.01222849
0.01222920
0.01222777
0.01226687
0.01224995
0.01230383
0.01220775
0.01227760
0.01228309
0.01234221
0.01233268
0.01233625
0.01251125
0.01244450
0.01233077
0.01232815
0.01231670
0.01223302
0.01226163
0.01219130
0.01235723
0.01225615
0.01218200
0.01444411
0.01231313
0.01232791
0.01222920
0.01224446
0.01220155
0.01213193
0.01213789
0.01234341
0.01224351
0.01222491
0.01214051
0.01206756
0.01215816
0.01261306
0.01227474
0.01215148
0.01208282
0.01219559
0.01212120
0.01203775
0.01208162
0.01213741
0.01212549
0.01214361
0.01216102
0.01208735
0.01207733
0.01209307
0.01218367
0.01205683
0.01209426
0.01234388
0.01220798
0.01206541
0.01208067
0.01206446
0.01233768
0.01246190
0.01243615
0.01239848
0.01285172
0.01255751
0.01255059
0.01280236
0.01266074
0.01256680
0.01216483
0.01208901
0.01220155
0.01213026
0.01208043
0.01218486
0.01229072
0.01215482
0.01209593
0.01214170
0.01212192
0.01261234
0.01220679
0.01212144
0.01221895
0.01224375
0.01249146
0.01228642
0.01216102
0.01214576
0.01219368
0.01225162
0.01216912
0.01212597
0.01232290
0.01225233
0.01220703
0.01210332
0.01218128
0.01253700
0.01223207
0.01217031
0.01221108
0.01246309
0.01327014
0.01224828
0.01215601
0.01225424
0.01221061
0.01216888
0.01216269
0.01216483
0.01232815
0.01216292
0.01212025
0.01211619
0.01221704
0.01213050
0.01216435
0.01206374
0.01210856
0.01211953
0.01223588
0.01212120
0.01209903
0.01207924
0.01220942
0.01220918
0.01209497
0.01207399
0.01209641
0.01213193
0.01205850
0.01222491
0.01208568
0.01244998
0.01217556
0.01215911
0.01208091
0.01200914
0.01201487
0.01218295
0.01211023
0.01207638
0.01211953
0.01209712
0.01213646
0.01203251
0.01222682
0.01213884
0.01201963
0.01209736
0.01221490
0.01211214
0.01207185
0.01210809
0.01220369
0.01218534
0.01214671
0.01211238
0.01219392
0.01225114
0.01226068
0.01217580
0.01211095
0.01224923
0.01211667
0.01223135
0.01218247
0.01215148
0.01212263
0.01221943
0.01220250
0.01215816
0.01219153
0.01249170
0.01229286
0.01216745
0.01219535
0.01221037
0.01226592
0.01218867
0.01216841
0.01216745
0.01272225
0.01312494
0.01223612
0.01220083
0.01219153
0.01218462
0.01216817
0.01213813
0.01221657
0.01222992
0.01238775
0.01215577
0.01214886
0.01223183
0.01219749
0.01211071
0.01204658
0.01219440
0.01226878
0.01223350
0.01214504
0.01210523
0.01220870
0.01219034
0.01222110
0.01219940
0.01218414
0.01225090
0.01212478
0.01220083
0.01208806
0.01212478
0.01213336
0.01232266
0.01216602
0.01209116
0.01217270
0.01230288
0.01220226
0.01206827
0.01213217
0.01222706
0.01219249
0.01211119
0.01211119
0.01220274
0.01237607
0.01219916
0.01250362
0.01337743
0.01257443
0.01265192
0.01265764
0.01251984
0.01246762
0.01256728
0.01286864
0.01228595
0.01249957
0.01218271
0.01214170
0.01222849
0.01216364
0.01212311
0.01213264
0.01216483
0.01213002
0.01216125
0.01214504
