0.00760007
0.01942492
0.01881170
0.01911235
0.01897812
0.01893234
0.01895094
0.01895523
0.02021503
0.01947570
0.01936507
0.01924419
0.01931286
0.01920033
0.01942277
0.01940608
0.02017045
0.02007055
0.01976418
0.01919651
0.01918459
0.01920676
0.01916552
0.01906848
0.01971984
0.01926994
0.01906443
0.01906538
0.01916504
0.01911235
0.01900983
0.01903343
0.01926684
0.01914668
0.01911926
0.01930594
0.01914263
0.01933384
0.01911998
0.01924372
0.01921463
0.01916051
0.01909351
0.01912522
0.01919913
0.01921058
0.01897001
0.01918292
0.01919436
0.01953101
0.01923323
0.01921463
0.01933098
0.01919746
0.01937675
0.01916575
0.01922011
0.01922321
0.01928616
0.01924634
0.02007818
0.01929140
0.01923752
0.01925778
0.01937795
0.01909781
0.01499033
0.01776052
0.01497793
0.01508760
0.01491404
0.01495028
0.01487565
0.01509285
0.01503444
0.01484466
0.01483703
0.01505184
0.01497531
0.01486874
0.01495552
0.01493788
0.01506805
0.01517224
0.01527762
0.01511002
0.01497746
0.01490688
0.01498103
0.01495314
0.01491642
0.01496696
0.01539946
0.01492977
0.01488185
0.01510620
0.01512957
0.01491761
0.01524758
0.01509118
0.01492143
0.01485825
0.01484776
0.01865220
0.02295566
0.02322555
0.01765060
0.01521254
0.01537251
0.01555133
0.01596498
0.01506138
0.01516700
0.01486230
0.01502633
0.01511931
0.01499772
0.01493621
0.01509070
0.01494813
0.01513076
0.01512074
0.01557612
0.01627493
0.01508594
0.01496816
0.01480961
0.01490974
0.01511931
0.01491952
0.01516557
0.01500797
0.01493788
0.01498985
0.01604605
0.01511216
0.01508355
0.01492858
0.01491332
0.01514244
0.01491404
0.01496530
0.01502395
0.01493979
0.01506901
0.01504540
0.01504779
0.01497555
0.01502013
0.01495337
0.01511216
0.01504850
0.01486516
0.01562357
0.01496124
0.01506352
0.01506591
0.01500607
0.01501489
0.01515198
0.01494670
0.01499844
0.01478982
0.01483345
0.01492238
0.01493049
0.01494956
0.01503325
0.01503158
0.01484394
0.01486802
0.01500487
0.01508522
0.01494026
0.01492882
0.01492858
0.01504254
0.01510119
0.01499963
0.01508570
0.01492548
0.01490068
0.01501560
0.01489067
0.01478505
0.01502013
0.01490855
0.01495695
0.01601362
0.01660180
0.01526785
0.01500344
0.01493645
0.01491857
0.01497245
0.01509380
0.01494646
0.01488423
0.01486230
0.01496482
0.01501513
0.01492739
0.01491594
0.01481819
0.01489758
0.01494074
0.01480484
0.01483703
0.01493955
0.01491761
0.01491451
0.01497197
0.01493120
0.01480269
0.01482439
0.01495194
0.01476121
0.01481414
0.01496363
0.01488161
0.01488948
0.01493120
0.01492357
0.01486778
0.01490951
0.01517558
0.01480722
0.01481271
0.01496077
0.01492500
0.01496029
0.01496196
0.01498747
0.01487875
0.01488543
0.01494193
0.01484632
0.01484942
0.01486325
0.01489353
0.01496267
0.01493430
0.01523495
0.01529694
0.01520824
0.01550651
0.01546025
0.01553679
0.01524377
0.01535439
0.01492620
0.01492476
0.01495433
0.01491356
0.01537156
0.01584125
0.01964736
0.01967669
0.01491904
0.01494145
0.01486349
0.01519418
0.01482153
0.01490140
0.01483464
0.01485085
0.01503396
0.01490617
0.01489305
0.01497793
0.01494551
0.01487350
0.01486158
0.01484346
0.01494193
0.01489878
0.01492405
0.01488161
0.01492381
0.01484323
0.01510525
0.01494503
0.01496172
0.01486516
0.01497269
0.01488566
0.01491022
0.01487255
0.01491904
0.01488614
0.01487756
