0.00138402
0.01217055
0.01141047
0.01159024
0.01145482
0.01126385
0.01164007
0.01128006
0.01120758
0.01125646
0.01130652
0.01122761
0.01118875
0.01349306
0.01382446
0.01334095
0.01136637
0.01131153
0.01137638
0.01174283
0.01146913
0.01149344
0.01131964
0.01138401
0.01140237
0.01145267
0.01179123
0.01191378
0.01156282
0.01166654
0.01159501
0.01154876
0.01140785
0.01134324
0.01123357
0.01132035
0.01145816
0.01157451
0.01131606
0.01142836
0.01166987
0.01232409
0.01129270
0.01139212
0.01120496
0.01114941
0.01124167
0.01141620
0.01133895
0.01115799
0.01132846
0.01128578
0.01118779
0.01120925
0.01122665
0.01119328
0.01124358
0.01131845
0.01132655
0.01120234
0.01132298
0.01129198
0.01126075
0.01132822
0.01136160
0.01129818
0.01137209
0.01133657
0.01133919
0.01114321
0.01121068
0.01174068
0.01130652
0.01113749
0.01151872
0.01125908
0.01124787
0.01133800
0.01117086
0.01113439
0.01123118
0.01128769
0.01139188
0.01127219
0.01128578
0.01124215
0.01112771
0.01111817
0.01110506
0.01120615
0.01113605
0.01123238
0.01116896
0.01133561
0.01718903
0.01668119
0.01662040
0.01571274
0.01158905
0.01161218
0.01156378
0.01136088
0.01190305
0.01144505
0.01123285
0.01109552
0.01307940
0.01249480
0.01403832
0.01448441
0.01357412
0.01801753
0.02174950
0.01671934
0.01340485
0.01448798
0.01461864
0.01596856
0.01526952
0.01632714
0.01940274
0.01443887
0.01773739
0.01631570
0.01304460
0.01593280
0.01770210
0.01705265
0.01377487
0.01374221
0.01314640
0.01134515
0.01150227
0.01133537
0.01112056
0.01127672
0.01224923
0.01330256
0.01493454
0.01772571
0.01785350
0.01332068
0.01440191
0.01617813
0.01969457
0.01521111
0.01724124
0.01560998
0.01474428
0.01452351
0.01686883
0.01882291
0.01732635
0.01715088
0.01452422
0.01631856
0.01678395
0.01473522
0.01417112
0.01541781
0.01312566
0.01180387
0.01125836
0.01333594
0.01124048
0.01113272
0.01113820
0.01116872
0.01123047
0.01106858
0.01122475
0.01126432
0.01116037
0.01138425
0.01141715
0.01132560
0.01133037
0.01233578
0.01131082
0.01119637
0.01118088
0.01114202
0.01113725
0.01111436
0.01128292
0.01121140
0.01110721
0.01115561
0.01133251
0.01116157
0.01125216
0.01117301
0.01122403
0.01114058
0.01131320
0.01129103
0.01129079
0.01121688
0.01117897
0.01113033
0.01114035
0.01113725
0.01114631
0.01115608
0.01127434
0.01117539
0.01121521
0.01116562
0.01112819
0.01121593
0.01121163
0.01124644
0.01118112
0.01111865
0.01120138
0.01209235
0.01152873
0.01449132
0.01515913
0.01583171
0.01589537
0.01454616
0.01534367
0.01408219
0.01644850
0.01579189
0.01486039
0.01883316
0.01529717
0.01512504
0.01445627
0.01454902
0.01768184
0.01373792
0.01278901
0.01168847
0.01123643
0.01141334
0.01114154
0.01113462
0.01127720
0.01355529
0.01151013
0.01286459
0.01708698
0.01321530
0.01283574
0.01320291
0.01162982
0.01205015
0.01152754
0.01149392
0.01153255
0.01171732
0.01309705
0.01144767
0.01127481
0.01119351
0.01128793
0.01122069
0.01127434
0.01410818
0.01388979
0.01361752
0.01435947
0.01668406
0.01606488
0.01800942
0.01443362
0.01438093
0.01443219
0.01449347
0.01218367
0.01334143
0.01878309
0.01414943
0.01509190
0.01363111
0.01524734
0.01599646
0.01595211
0.01302123
0.01169801
