0.00237012
0.01362824
0.01244330
0.01301789
0.01282024
0.01249766
0.01243377
0.01241326
0.01243997
0.01237988
0.01241183
0.01234794
0.01253438
0.01257014
0.01249719
0.01257205
0.01278543
0.01244760
0.01272535
0.01248622
0.01248622
0.01329494
0.01273894
0.01276708
0.01278663
0.01330233
0.01280904
0.01297617
0.01241755
0.01244020
0.01244783
0.01240897
0.01277065
0.01233983
0.01231408
0.01245642
0.01234698
0.01255655
0.01267695
0.01240849
0.01255131
0.01221299
0.01217532
0.01229811
0.01219320
0.01220584
0.01218486
0.01237750
0.01237655
0.01217031
0.01219749
0.01231289
0.01223683
0.01226878
0.01225162
0.01220798
0.01225281
0.01221919
0.01224160
0.01220560
0.01226139
0.01242089
0.01291919
0.01208615
0.01238441
0.01220131
0.01222563
0.01217103
0.01219559
0.01233459
0.01222658
0.01348996
0.01255393
0.01229024
0.01222324
0.01216817
0.01216793
0.01235008
0.01219845
0.01210546
0.01216316
0.01217866
0.01215553
0.01224661
0.01216793
0.01215196
0.01218104
0.01218724
0.01258969
0.01216626
0.01221085
0.01223087
0.01227212
0.01221752
0.01212645
0.01219106
0.01263809
0.01220989
0.01214266
0.01216817
0.01240349
0.01229453
0.01208067
0.01227784
0.01231766
0.01227903
0.01219010
0.01216912
0.01221275
0.01230407
0.01225853
0.01222301
0.01224208
0.01218820
0.01217246
0.01225305
0.01220083
0.01208711
0.01211524
0.01221132
0.01232743
0.01225758
0.01218510
0.01230121
0.01284313
0.01226115
0.01217699
0.01225019
0.01229429
0.01249957
0.01213503
0.01230621
0.01227093
0.01214433
0.01212168
0.01218033
0.01220536
0.01249695
0.01217532
0.01213360
0.01207757
0.01217794
0.01282287
0.01228809
0.01216602
0.01234913
0.01245213
0.01251388
0.01243114
0.01241779
0.01270247
0.01244378
0.01422048
0.01294565
0.01271939
0.01258254
0.01224232
0.01213908
0.01214075
0.01223636
0.01221538
0.01254320
0.01213074
0.01220179
0.01216602
0.01291704
0.01238608
0.01231480
0.01220345
0.01243639
0.01214552
0.01218915
0.01216102
0.01213861
0.01208520
0.01210856
0.01207495
0.01236582
0.01215720
0.01221323
0.01215506
0.01216483
0.01215124
0.01216364
0.01232982
0.01211452
0.01224160
0.01221728
0.01211166
0.01208353
0.01204419
0.01231694
0.01226497
0.01236463
0.01212907
0.01211691
0.01220179
0.01228857
0.01214767
0.01211476
0.01214504
0.01256943
0.01218390
0.01215124
0.01210856
0.01223350
0.01222444
0.01214337
0.01213503
0.01222396
0.01224804
0.01218867
0.01212621
0.01220012
0.01213455
0.01210570
0.01218200
0.01221967
0.01212311
0.01217484
0.01218295
0.01210380
0.01212573
0.01300669
0.01239252
0.01232910
0.01231575
0.01212263
0.01224899
0.01222682
0.01210761
0.01213980
0.01210976
0.01425314
0.01260042
0.01253700
0.01281762
0.01224709
0.01219702
0.01214433
0.01227236
0.01241636
0.01215744
0.01216316
0.01223755
0.01212549
0.01211524
0.01252103
0.01242495
0.01224947
