0.00807762
0.01606989
0.01555419
0.01561022
0.01587558
0.01551008
0.01564908
0.01557112
0.01565742
0.01592636
0.01588559
0.01587200
0.01585197
0.01589108
0.01579642
0.01584101
0.01574850
0.01606607
0.01596189
0.01656675
0.01651907
0.01620746
0.01566148
0.01561785
0.01567817
0.01567650
0.01568723
0.01668310
0.01569080
0.01609898
0.01578665
0.01555085
0.01565814
0.01560426
0.01568222
0.01563931
0.01562023
0.01566911
0.01560950
0.01560140
0.01568460
0.01560235
0.01558924
0.01551652
0.01555991
0.01565099
0.01556444
0.01556492
0.01563263
0.01559806
0.01572680
0.01569629
0.01574874
0.01568317
0.01563191
0.01564455
0.01568627
0.01566362
0.01565838
0.01577878
0.01601911
0.01577067
0.01570773
0.01567888
0.01569319
0.01557517
0.01562738
0.01569796
0.01567817
0.01565289
0.01554203
0.01563072
0.01563787
0.01578140
0.01571774
0.01571631
0.01571941
0.01576686
0.01575398
0.01576090
0.01569676
0.01569605
0.01577663
0.01573205
0.01572442
0.01568270
0.01566148
0.01570845
0.01579928
0.01569796
0.01693940
0.01569796
0.01575661
0.01571107
0.01573610
0.01578546
0.01589012
0.01584411
0.01575637
0.01575422
0.01573586
0.01570463
0.01576614
0.01579976
0.01568985
0.01564741
0.01570630
0.01569343
0.01570272
0.01578736
0.01574087
0.01562238
0.01563025
0.01575208
0.01570964
0.01597142
0.01568222
0.01574206
0.01571941
0.01581955
0.01571751
0.01579690
0.01557684
0.01570392
0.01565289
0.01604033
0.01608944
0.01608849
0.01646090
0.01598072
0.01633358
0.01602530
0.01599216
0.01569629
0.01566386
0.01563907
0.01557684
0.01567364
0.01574969
0.01567197
0.01566052
0.01577735
0.01567960
0.01567364
0.01566482
0.01574516
0.01568294
0.01568413
0.01565719
0.01569343
0.01571894
0.01571035
0.01567578
0.01662278
0.01565933
0.01564813
0.01569796
0.01567841
0.01557660
0.01555443
0.01562071
0.01576924
0.01576781
0.01581955
0.01574922
0.01561928
0.01569009
0.01568270
0.01564240
0.01563907
0.01572347
0.01563501
0.01565981
0.01567388
0.01560903
0.01575541
0.01566362
0.01568794
0.01587057
0.01570463
0.01570749
0.01565242
0.01574254
0.01569843
0.01572561
0.01566529
0.01564908
0.01566505
0.01576161
0.01565599
0.01564097
0.01568866
0.01571083
0.01587105
0.01556802
0.01560283
0.01560211
0.01565123
0.01567984
0.01566601
0.01566911
0.01567674
0.01571012
0.01562142
0.01567531
0.01568866
0.01565957
0.02072692
0.01820588
0.01638699
0.01604819
0.01574206
0.01572871
0.01560187
0.01569939
0.01597571
0.01585722
0.01557779
0.01572013
0.01577401
0.01568246
0.01562953
0.01562881
0.01572609
0.01568985
0.01558208
0.01564169
0.01550770
0.01573610
0.01578283
0.01568460
0.01574039
0.01570988
0.01566553
0.01569319
0.01569724
0.01553655
0.01572037
0.01568532
0.01564312
0.01575398
0.01563573
0.01554585
0.01568127
0.01564074
0.01573277
0.01571679
0.01570177
0.01550245
0.01570606
0.01577997
0.01578712
0.01566386
0.01561379
0.01561618
0.01566553
0.01576638
0.01573682
0.01602983
0.01602077
0.01621914
0.02381945
0.02372456
0.02409101
0.01738667
0.01577449
0.01575923
0.01576638
0.01595998
0.01592493
0.01579833
0.01573086
0.01576471
0.01567245
0.01572251
0.01582789
0.01566029
0.01691961
0.01570296
0.01570177
0.01572943
0.01573706
0.01580000
0.01571107
0.01594234
0.01610899
0.01589513
0.01607943
0.01613569
0.01585340
0.01580358
0.01578021
0.01561332
0.01565981
0.01554132
0.01546454
0.01575065
0.01575780
0.01573944
0.01558566
0.01569796
0.01559067
0.01587677
0.01575756
0.01583838
0.01559567
0.01580000
0.01587415
0.01583004
0.01563478
0.01578975
0.01588750
0.01586676
0.01576853
0.01626134
0.01610661
0.01627350
0.01621413
0.01576567
0.01592112
0.01574039
0.01593637
0.01593351
0.01584101
0.01594019
0.01586699
0.01588702
0.01592088
0.01601529
0.01592898
0.01597095
0.01596475
0.01647329
0.01604581
0.01653934
0.01620221
0.01688457
0.01629472
0.01614690
0.01709628
0.01607990
0.01598406
0.01593423
0.01625538
0.01610613
0.01615405
0.01612639
0.01614738
0.01611066
0.01611638
0.01616907
0.01597404
0.01574826
0.01562572
0.01585364
0.01576972
0.01611519
0.01778340
0.01575327
0.01613140
0.01624346
0.01624131
0.01642227
0.01622462
0.01627707
0.01627326
0.01618695
0.01605320
0.01605058
0.01572537
0.01621127
0.01606274
0.01610684
0.01615906
0.01611543
0.01618075
0.01606393
0.01601911
0.01819110
0.01679826
0.01750159
0.01778388
0.01644111
0.01717234
0.01750994
0.01660895
0.01724172
0.01812768
0.01737690
0.01741838
0.01750278
0.01788378
0.01786399
0.01732206
0.01693296
0.01679397
0.01695943
0.01639938
0.01676893
0.01749659
0.01612401
0.01593328
0.01583433
0.01591468
0.01580739
0.01572871
0.01583123
0.01578856
0.01569843
0.01571679
0.01565695
0.01570725
0.01568389
0.01587462
0.01598263
0.01634502
0.01605201
0.01583266
0.01573253
0.01583219
0.01578879
0.01581192
0.01588202
0.01589847
0.01632714
0.01646972
0.01626682
0.01681852
0.01664042
0.01612115
0.01609612
0.01604176
0.01599360
0.01607227
0.01593995
0.01608014
0.01608443
0.01604247
0.01563883
0.01602101
0.01575422
0.01573968
0.01562762
0.01578116
0.01578522
0.01578379
0.01582217
0.01569510
0.01576090
0.01565981
0.01576018
0.01576042
0.01579714
0.01596332
0.01594090
0.01585293
0.01562333
0.01572227
0.01573133
0.01575327
0.01577830
0.01620150
0.01821947
0.01573348
0.01578045
0.01578712
0.01569963
0.01571798
0.01571536
0.01574087
0.01574183
0.01565981
0.01540351
0.01571679
0.01575494
0.01578593
0.01577926
0.01573443
0.01582956
0.01577044
0.01580667
0.01574540
0.01572013
0.01566482
0.01567173
0.01578283
0.01582980
0.01577997
0.01569295
0.01574039
0.01586199
0.01571918
0.01569605
0.01568079
0.01579356
0.01575232
0.01585841
0.01585937
0.01578832
0.01587820
0.01577115
0.01685357
0.01709676
0.01701951
0.01662302
0.01661754
0.01658773
0.01658320
0.01655674
0.01678300
0.01665211
0.01659751
0.01686740
0.01658607
0.01647711
0.01654840
0.01733971
0.01640463
0.01709223
0.01683974
0.01722288
0.01631403
0.01695871
0.01793432
0.01649094
0.01590347
0.01577902
0.01575541
0.01585674
0.01584983
0.01578736
0.01581025
0.01578379
0.01587844
0.01597071
0.01574445
0.01577401
0.01576209
0.01572728
0.01574612
0.01587582
0.01582336
0.01581025
0.01575923
0.01582551
0.01568007
0.01572227
0.01573849
0.01614094
0.01571798
0.01574802
0.01576805
0.01573563
0.01553917
0.01583552
0.01576090
0.01566911
0.01572132
0.01702905
0.01649308
0.01623416
0.01619554
0.01624393
0.01633883
0.01626062
0.01624155
0.01625228
0.01624894
0.01614141
0.01574683
0.01575994
0.01562166
0.01565623
0.01570058
0.01577640
0.01558328
0.01579094
0.01583862
0.01595378
0.01566172
0.01583838
0.01594138
0.01581788
0.01583481
0.01582646
0.01707816
0.01602244
0.01591921
0.01584363
0.01586127
0.01587319
0.01581478
0.01595950
0.01576805
0.01572704
0.01578355
0.01578093
0.01573133
0.01593971
0.01581621
0.01583791
0.01573634
0.01580095
0.01575661
0.01579762
0.01663399
0.01586890
0.01592088
0.01595545
0.01607418
0.01605129
0.01589489
0.01591253
0.01579046
0.01574564
0.01577687
0.01582551
0.01580238
0.01574206
0.01588535
0.01595640
0.01576376
0.01575541
0.01574373
0.01582050
0.01583457
0.01617599
0.01589704
0.01582813
0.01582742
0.01584768
0.01578021
0.01572943
0.01587653
0.01582479
0.01575184
0.01574516
0.01574683
0.01577353
0.01575661
0.01599360
0.01570058
0.01580858
0.01568651
0.01580930
0.01616120
0.01566410
0.01567960
0.01783061
0.01643109
0.01622152
0.01633048
0.01632571
0.01619697
0.01623940
0.01622534
0.01609850
0.01568913
0.01568747
0.01574564
0.01576853
0.01587296
0.01585197
0.01576042
0.01580715
0.01580024
0.01574111
0.01581001
0.01587963
0.01579785
0.01584840
0.01592040
0.01588631
0.01589632
0.01564074
0.01569223
0.01570630
0.01564908
0.01562333
0.01569867
0.01579762
0.01576567
0.01583004
0.01579165
0.01576686
0.01580811
0.01582837
0.01588774
0.01594520
0.01592588
0.01589727
0.01736546
0.01752138
0.01696420
0.01686764
0.01739311
0.01643109
0.01666474
0.01697493
0.01670051
0.01841593
0.01721191
0.01702762
0.01678205
0.01712632
0.01693654
0.01669383
0.01700234
0.01750970
0.01844525
0.01687407
0.01699638
0.01679897
0.01689863
0.01686311
0.01730657
0.01697326
0.01767993
0.01738572
0.01672125
0.01696563
0.01672745
0.01658201
0.01629114
0.01595759
0.01584840
0.01614881
0.01617432
0.01611924
0.01612496
0.01611090
0.01595092
0.01621532
0.01595020
0.01597166
0.01598310
0.01595831
0.01602697
0.01611233
0.01617289
0.01606274
0.01600242
0.01606202
0.01598215
0.01607466
0.01602435
0.01580405
0.01580906
0.01573992
0.01589322
0.01585770
0.01584911
0.01584125
0.01577497
0.01579070
0.01566577
0.01584268
0.01570129
0.01575327
0.01575065
0.01575112
0.01574779
0.01583314
0.01586509
0.01583290
0.01571321
0.01578379
0.01575089
0.01587510
0.01596308
0.01644850
0.01580596
0.01582742
0.01580644
0.01581335
0.01588011
0.01595426
0.01614642
0.01821136
0.02430129
0.02404284
0.01976371
0.01628065
0.01627874
0.01637006
0.01603866
0.01619959
0.01612139
0.01597214
0.01584482
0.01585150
0.01582336
0.01590085
0.01585984
0.01571655
0.01552749
0.01573920
0.01572537
0.01578689
0.01579309
0.01588440
0.01570654
0.01569462
0.01590490
0.01592207
0.01584458
0.01583719
0.01581454
0.01584530
0.01588511
0.01610637
0.01582360
0.01574206
0.01585054
0.01578116
0.01586986
0.01569772
0.01570010
0.01573467
0.01570821
0.01578283
0.01580644
0.01587653
0.01585841
0.01590204
0.01577640
0.01582551
0.01580310
0.01585650
0.01583862
0.01580381
0.01670814
0.01602626
0.01585007
0.01583886
0.01575851
0.01587367
0.01585007
0.01580834
0.01579237
0.01585650
0.01575470
0.01583004
0.01562285
0.01569247
0.01582289
0.01579738
0.01585627
0.01572800
0.01576352
0.01573586
0.01579547
0.01584625
0.01586843
0.01592326
0.01589036
0.01597786
0.01589274
0.01578999
0.01580596
0.01585507
0.01584983
0.01589561
0.01583099
0.01581550
0.01576328
0.01580787
0.01576352
0.01576781
0.01574087
0.01579976
0.01570177
0.01573825
0.01576352
0.01575828
0.01575089
0.01572895
0.01576591
0.01572704
0.01578951
0.01570058
0.01566267
0.01566386
0.01568866
0.01565456
0.01570678
0.01565504
0.01570487
0.01564074
0.01568222
0.01565123
0.01542950
0.01565218
0.01546168
0.01635265
0.01556921
0.01572418
0.01568127
0.01566625
0.01563859
0.01570749
0.01566291
0.01584458
0.01591206
0.01602578
0.01602054
0.01571870
0.01563072
0.01563215
0.01573205
0.01590586
0.01599646
0.01585579
0.01590419
0.01723909
0.01667190
0.01711750
0.01747155
0.01697636
0.01651263
0.01648855
0.01648617
0.01642346
0.01681757
0.01635885
0.01669002
0.01670694
0.01648927
0.01685166
0.01662588
0.01656270
0.01643038
0.01651573
0.01654577
0.01625395
0.01625466
0.01604486
0.01586533
0.01583695
0.01565766
0.01571894
0.01590061
0.01578999
0.01583624
0.01586127
0.01588559
0.01582980
0.01588511
0.01591420
0.01605773
0.01593685
0.01586199
0.01583958
0.01593423
0.01579285
0.01614881
0.01665807
0.01582170
0.01575494
0.01581240
0.01580524
0.01561546
0.01581860
0.01574039
0.01576638
0.01582241
0.01579046
0.01584578
0.01588678
0.01584935
0.01592970
0.01582098
0.01594138
0.01577091
0.01576352
0.01589727
0.01588082
0.01591015
0.01582742
0.01567101
0.01599503
0.01566792
0.01565933
0.01574826
0.01578307
0.01580787
0.01566839
0.01580262
0.01562643
0.01568580
0.01582193
0.01586127
0.01582575
0.01574874
0.01583815
0.01576114
0.01579762
0.01600170
0.01580906
0.01576591
0.01584458
0.01572800
0.01597095
0.01655626
0.01597381
0.01605535
0.01599693
0.01606202
0.01864767
0.02213931
0.02232981
0.01605916
0.01638579
0.01638865
0.01637411
0.01630402
0.01627350
0.01821375
0.01604080
0.01577878
0.01580262
0.01574659
0.01582956
0.01578426
0.01612782
0.01585841
0.01582289
0.01577091
0.01580238
0.01567984
0.01585937
0.01591778
0.01574755
0.01574039
0.01562834
0.01553726
0.01579356
0.01593804
0.01569462
0.01583004
0.02051473
0.01897931
0.01660705
0.01648283
0.01627326
0.01631951
0.01648068
0.01586342
0.01579309
0.01575279
0.01580524
0.01597500
0.01580119
0.01581907
0.01553226
0.01573467
0.01578903
0.01572704
0.01599622
0.01579928
0.01586270
0.01616836
0.01575637
0.01585102
0.01571369
0.01557136
0.01579499
0.01609921
0.01565266
0.01587200
0.01589894
0.01647639
0.01589036
0.01608515
0.01578355
0.01581883
0.01587677
0.01661539
0.01669550
0.01799107
0.01673579
0.01750851
0.01586652
0.01578641
0.01589370
0.01612926
0.01582241
0.01606727
0.01591182
0.01581407
0.01567912
0.01616502
0.01592207
0.01594472
0.01585245
0.01575065
0.01588464
0.01583529
0.01628923
0.01574969
0.01573753
0.01578522
0.01577020
0.01593041
0.01604652
0.01574755
0.01575780
0.01578593
0.01575160
0.01574898
0.01617050
0.01586461
0.01736879
0.01590586
0.01570058
0.01596832
0.01673245
0.01659584
0.01668382
0.01669765
0.01634622
0.01574326
0.01573086
0.01573253
0.01573491
0.01578617
0.01582956
0.01575875
0.01578569
0.01618314
0.01577258
0.01577091
0.01574850
0.01619530
0.01575947
0.01599836
0.01574707
0.01566982
0.01547384
0.01558971
0.01564288
0.01802254
0.01572084
0.01574302
0.01572943
0.01576281
0.01569295
0.01576662
0.01576686
0.01572633
0.01574707
0.01787210
0.01594996
0.01578617
0.01608133
0.01574397
0.01575184
0.01581430
0.01567483
0.01571202
0.01594758
0.01567435
0.01554775
0.01565361
0.01560545
0.01578784
0.01589060
0.01570392
0.01571536
0.01542473
0.01567435
0.01603746
0.01645184
0.01609182
0.01630354
0.01603484
0.01636171
0.01644778
0.01598144
0.01613903
0.01575160
0.01574397
0.01592970
0.01572776
0.01580691
0.01608801
0.01691461
0.01554370
0.01555061
0.01568842
0.01561165
0.01582789
0.01545429
0.01560402
0.01569176
0.01588130
0.01620507
0.01561952
0.01564932
0.01564717
0.01567984
0.01551175
0.01580620
0.02016902
0.02614856
0.02505684
0.01597929
0.01567125
0.01570749
0.01578164
0.01569605
0.01547718
0.01572251
0.01654243
0.01583672
0.01569176
0.01572871
0.01570082
0.01585650
0.01573920
0.01575565
0.01566720
0.01566052
0.01567125
0.01733232
0.01622748
0.01586556
0.01574278
0.01571321
0.01570415
0.01576996
0.01568556
0.01568675
0.01574421
0.01647902
0.01573610
0.01577544
0.01577997
0.01581573
0.01581430
0.01576924
0.01579785
0.01572371
0.01598167
0.01595426
0.01571918
0.01571584
0.01570153
0.01577234
0.01580095
0.01577115
0.01582623
0.01559806
0.01559830
0.01584601
0.01564026
0.01584744
0.01656795
0.01581955
0.01579094
0.01581955
0.01581931
0.01576853
0.01574945
0.01726627
0.02372456
0.01905274
0.01634526
0.01579952
0.01584315
0.01596761
0.01577711
0.01572990
0.01571345
0.01577616
0.01578712
0.01562834
0.01572680
0.01574373
0.01579571
0.01582217
0.01570153
0.01578689
0.01571059
0.01575685
0.01570201
0.01581860
0.01680422
0.01588345
0.01570225
0.01573634
0.01572824
0.01572943
0.01565289
0.01548457
0.01568055
0.01553226
0.01570511
0.01579762
0.01579094
0.01578522
0.01608634
0.01617098
0.01647234
0.02309966
0.02384210
0.02410007
0.01767945
0.01565433
0.01570177
0.01567602
0.01548362
0.01575422
0.01575375
0.01573443
0.01555514
0.01555085
0.01640344
0.01579881
0.01556063
0.01565814
0.01538801
0.01565194
0.01570868
0.01573515
0.01673722
0.01575994
0.01568890
0.01568294
0.01570868
0.01573968
0.01582551
0.01582313
0.01585197
0.01577282
0.01576304
0.01571560
0.01579261
0.01578712
0.01577282
0.01585746
0.01572323
0.01573634
0.01573157
0.01578617
0.01572824
0.01572490
0.01577306
0.01574469
0.01589370
0.01628733
0.01572847
0.01574206
0.01576424
0.01575804
0.01577139
0.01580215
0.01580834
0.01580739
0.01582336
0.01583147
0.01579571
0.01576805
0.01565814
0.01565695
0.01565814
0.01571131
0.01580310
0.01571131
0.01577163
0.01567793
0.01564193
0.01567173
0.01573896
0.01570392
0.01572418
0.01591754
0.01574397
0.01576662
0.01578641
0.01590061
0.01575208
0.01581645
0.01577377
0.01571584
0.01567101
0.01570797
0.01571107
0.01668024
0.01582694
0.01594949
0.01576996
0.01568675
0.01572466
0.01570177
0.01582241
0.01577568
0.01583433
0.01579523
0.01580954
0.01579428
0.01565886
0.01579452
0.01582050
0.01584935
0.01581693
0.01574349
0.01574993
0.01575303
0.01571012
0.01572514
0.01580215
0.01583171
0.01593637
0.01578164
0.01580071
0.01579976
0.01577973
0.01581526
0.01582479
0.01580715
0.01670671
0.01621962
0.01598001
0.01583290
0.01576734
0.01579499
0.01579595
0.01604342
0.01584935
0.01592350
0.01571512
0.01587272
0.02417278
0.02438402
0.02168727
0.01626611
0.01628542
0.01624322
0.01708126
0.01582336
0.01640105
0.01576138
0.01583362
0.01582146
0.01573324
0.01570010
0.01576686
0.01577973
0.01670337
0.01581955
0.01576614
0.01574016
0.01572061
0.01571298
0.01583147
0.01587725
0.01578617
0.01574206
0.01578808
0.01572347
0.01571608
0.01578903
0.01573944
0.01580882
0.01572800
0.01570439
0.01570153
0.01573682
0.01586580
0.01580882
0.01578474
0.01582456
0.01574206
0.01575637
0.01569200
0.01570463
0.01578355
0.01573086
0.01578760
0.01581502
0.01574588
0.01582766
0.01576734
0.01579618
0.01578331
0.01582050
0.01582646
0.01572633
0.01577020
0.01573467
0.01594114
0.01592588
0.01579118
0.01581097
0.01577854
0.01577973
0.01567554
0.01568270
0.01574349
0.01583743
0.01573396
0.01572204
0.01581001
0.01678181
0.01579356
0.01582861
0.01582170
0.01582003
0.01579976
0.01584435
0.01627421
0.01632500
0.01570964
0.01603603
0.01569605
0.01567674
0.01574349
0.01581216
0.01597714
0.01635361
0.01621604
0.01763868
0.01601195
0.01586199
0.01573801
0.01572633
0.01572585
0.01575279
0.01580691
0.01568532
0.01577020
0.01578689
0.01584005
0.01581001
0.01657748
0.01625037
0.01584268
0.01581120
0.01585603
0.01593304
0.01576972
0.01570916
0.01572800
0.01578403
0.01576543
0.01609802
0.01583982
0.01590133
0.01581860
0.01574636
0.01573968
0.01576471
0.01577997
0.01610065
0.01598716
0.01585031
0.01588321
0.01588535
0.01582193
0.01587129
0.01586795
0.01630759
0.01605368
0.01619196
0.01644278
0.01745605
0.02068377
0.02435088
0.02469063
0.02001572
0.01590872
0.01660061
0.01581097
0.01583052
0.01582170
0.01588130
0.01578021
0.01583290
0.01583815
0.01583505
0.01580191
0.01579213
0.01577830
0.01583290
0.01578164
0.01582861
0.01582241
0.01578045
0.01577616
0.01579785
0.01575661
0.01574302
0.01576734
0.01569438
0.01579380
0.01577401
0.01590824
0.01575828
0.01576805
0.01580358
0.01578355
0.01573324
0.01578212
0.01576567
0.01575947
0.01568699
0.01585746
0.01574445
0.01568723
0.01579332
0.01557398
0.01576376
0.01575875
0.01571894
0.01583409
0.01581240
0.01576495
0.01577210
0.01575017
0.01629806
0.01592016
0.01580000
0.01581097
0.01581335
0.01578426
0.01578593
0.01567960
0.01557469
0.01579952
0.01574779
0.01579094
0.01583624
0.01572299
0.01571512
0.01731801
0.01575899
0.01570702
0.01573730
0.01575541
0.01575160
0.01576614
0.01585007
0.01576138
0.01578832
0.01585174
0.01578355
0.01579380
0.01582265
0.01578712
0.01580048
0.01583290
0.01575875
0.01574683
0.01576591
0.01572919
0.01576757
0.01575446
0.01576591
0.01575470
0.01583695
0.01574206
0.01570249
0.01571369
0.01579714
0.01571107
0.01578021
0.01572776
0.01583815
0.01589870
0.01584148
0.01589346
0.01584220
0.01577640
0.01575518
0.01575565
0.01573825
0.01579976
0.01584458
0.01575541
0.01580453
0.01575994
0.01575613
0.01579356
0.01576495
0.01578856
0.01577139
0.01576638
0.01575875
0.01580667
0.01588035
0.01581120
0.01582098
0.01588202
0.01585698
0.01580667
0.01612067
0.01655936
0.01711965
0.01661229
0.01617670
0.01655579
0.01634169
0.01610160
0.01596856
0.01579642
0.01581359
0.01581883
0.01584268
0.01591754
0.01589108
0.01580310
0.01589918
0.01584482
0.01586819
0.01582718
0.01584482
0.01579094
0.01586008
0.01584220
0.01597643
0.01584554
0.01587868
0.01586509
0.01581168
0.01587915
0.01579976
0.01574969
0.01565361
0.01578116
0.01559687
0.01579046
0.01596403
0.01579547
0.01579809
0.01586413
0.01562309
0.01580977
0.01583481
0.01579857
0.01589608
0.01582861
0.01565385
0.01578283
0.01588655
0.01582575
0.01577401
0.01584268
0.01580143
0.01591134
0.01577902
0.01571441
0.01581669
0.01591516
0.01576114
0.01580453
0.01576328
0.01574993
0.01572895
0.01578116
0.01660824
0.01584482
0.01578736
0.01575375
0.01581883
0.01576924
0.01581979
0.01586819
0.01583409
0.01577735
0.01584268
0.01598740
0.01583242
0.01578116
0.01572800
0.01575017
0.01583695
0.01587868
0.01568532
0.01582098
0.01582336
0.01552796
0.01702309
0.01587486
0.01580620
0.01597190
0.01595449
0.01590419
0.01588297
0.01609349
0.01585865
0.01593208
0.01594305
0.01585197
0.01586795
0.01586366
0.01590824
0.01583195
0.01572990
0.01579356
0.01553202
0.01567841
0.01576948
0.01592064
0.01581812
0.01577663
0.01571155
0.01567078
0.01572847
0.01571822
0.01568055
0.01575351
0.01579499
0.01568913
0.01581454
0.01583505
0.01575804
0.01577115
0.01575732
0.01566863
0.01569057
0.01568532
0.01567316
0.01678610
0.01576543
0.01571584
0.01570058
0.01562357
0.01585388
0.01612616
0.01620770
0.01666760
0.01610398
0.01608300
0.01626182
0.01635242
0.01589775
0.01569939
0.01571202
0.01566172
0.01568222
0.01562738
0.01565194
0.01566482
0.01566577
0.01575565
0.01576471
0.01587629
0.01574302
0.01572514
0.01570272
0.01573229
0.01567650
0.01571536
0.01575780
0.01580596
0.01588440
0.01579189
0.01588655
0.01583862
0.01585126
0.01586008
0.01579690
0.01586461
0.01583409
0.01588631
0.01601648
0.01573968
0.01551390
0.01572251
0.01558137
0.01579785
0.01584029
0.01591063
0.01572847
0.01570654
0.01573133
0.01558685
0.01600361
0.01577878
0.01584435
0.01584697
0.01568294
0.01591635
0.01565504
0.01657724
0.01818776
0.01637506
0.01580834
0.01588655
0.01588464
0.01567936
0.01576543
0.01577544
0.01571631
0.01570272
0.01570249
0.01556540
0.01585793
0.01592469
0.01550078
0.01574445
0.01554728
0.01573396
0.01584911
0.01552868
0.01565933
0.01579094
0.01602507
0.01590157
0.01592517
0.01579118
0.01567554
0.01589727
0.01579571
0.01576734
0.01573610
0.01568818
0.01571465
0.01584554
0.01616073
0.01592708
0.01604462
0.01602817
0.01587510
0.01575255
0.01575184
0.01583099
0.01583886
0.01581597
0.01592278
0.01586056
0.01587796
0.01589656
0.01594019
0.01596594
0.01598287
0.01594400
0.01594639
0.01603365
0.01586223
0.01583672
0.01590610
0.01586676
0.01594186
0.01603508
0.01603913
0.01607299
0.01733518
0.01614070
0.01622224
0.01623106
0.01635504
0.01627088
0.01631618
0.01621747
0.01618743
0.01614404
0.01611114
0.01619959
0.02319145
0.02499485
0.02343249
0.01650786
0.01648569
0.01647949
0.01738572
0.01608992
0.01615644
0.01611876
0.01612067
0.01619983
0.01602888
0.01601839
0.01601958
0.01604581
0.01601529
0.01611781
0.01607919
0.01607490
0.01617146
0.01608419
0.01611161
0.01632524
0.01630259
0.01630306
0.01638174
0.01634717
0.01675987
0.01642585
0.01644945
0.01644230
0.01637554
0.01635242
0.01651573
0.01645041
0.01647544
