0.00315714
0.01409984
0.01324821
0.01359129
0.01355743
0.01352143
0.01343083
0.01342559
0.01351762
0.01338148
0.01341295
0.01336002
0.01362443
0.01363301
0.01445580
0.01397824
0.01359868
0.01359487
0.01357579
0.01368070
0.01365066
0.01384377
0.01381445
0.01424265
0.01402497
0.01397324
0.01369309
0.01350236
0.01358724
0.01349163
0.01345015
0.01357174
0.01367307
0.01347423
0.01348829
0.01399684
0.01355648
0.01353192
0.01342940
0.01352167
0.01340294
0.01338577
0.01358199
0.01359153
0.01383638
0.01352930
0.01338434
0.01344538
0.01355839
0.01343727
0.01351285
0.01340985
0.01335144
0.01354957
0.01363087
0.01345539
0.01343870
0.01349640
0.01338768
0.01350164
0.01339889
0.01353741
0.01337266
0.01339793
0.01381207
0.02037954
0.02013326
0.02032542
0.01521087
0.01369596
0.01380134
0.01389289
0.01493311
0.01345944
0.01348472
0.01336193
0.01343155
0.01358604
0.01352811
0.01334906
0.01352334
