227.000,207.000,122.000,99.000
232.188,207.099,136.408,107.380
249.042,208.759,136.824,108.890
255.992,216.796,134.126,110.245
254.920,228.115,136.169,111.131
254.000,238.000,137.000,104.000
238.659,243.994,140.025,110.518
238.193,245.756,138.382,111.682
243.749,247.554,140.742,111.627
259.817,253.895,140.542,111.841
253.000,267.000,131.000,104.000
242.709,262.467,140.968,115.079
247.000,268.000,136.000,105.000
251.921,269.389,139.618,113.768
258.489,283.143,139.309,111.268
271.000,301.000,134.000,102.000
269.832,302.503,145.181,115.952
248.748,304.925,149.732,115.768
225.268,295.300,155.426,115.434
230.852,279.522,143.113,112.908
236.279,261.524,145.964,115.253
251.484,248.889,150.964,115.579
269.000,260.000,137.000,108.000
245.554,262.202,153.889,116.099
224.000,296.000,143.000,113.000
202.080,297.415,146.653,119.061
225.816,274.942,151.944,112.249
247.735,254.095,161.481,110.572
267.685,244.463,149.837,115.800
277.147,255.147,150.384,114.575
267.190,259.978,153.166,120.950
228.200,257.081,164.863,122.172
197.154,253.397,161.126,117.276
194.547,248.306,152.586,114.820
201.256,245.155,148.226,115.179
207.163,247.155,145.618,114.286
213.532,247.019,144.238,115.436
212.767,252.127,143.939,117.696
197.933,254.573,152.671,119.350
204.258,249.375,144.403,120.930
192.439,235.976,147.802,120.565
198.391,219.427,146.431,118.312
207.950,202.498,158.053,115.217
222.962,198.080,150.478,123.423
207.170,211.849,154.838,125.634
211.000,251.000,136.000,108.000
224.000,263.000,135.000,106.000
222.091,266.095,153.420,120.363
226.000,284.000,135.000,105.000
207.055,279.508,157.732,125.603
215.877,266.447,142.773,122.622
187.687,242.764,155.076,123.128
193.628,221.637,146.550,124.151
201.237,208.718,153.318,123.817
215.000,221.000,145.000,111.000
220.726,216.178,155.969,123.959
230.850,208.002,150.960,128.597
236.417,197.841,151.585,127.601
220.704,196.467,157.016,127.528
198.046,205.966,162.311,133.628
180.361,217.941,162.626,138.742
192.000,245.000,138.000,113.000
196.116,238.111,165.945,123.479
225.878,224.694,154.081,124.087
239.192,216.975,147.720,121.264
243.495,198.930,150.090,122.496
226.756,192.587,152.768,128.627
205.016,196.386,163.398,129.828
177.771,204.459,164.298,132.958
168.193,205.557,157.396,129.891
171.005,187.373,150.992,131.431
167.370,158.009,153.070,131.042
169.839,147.642,153.368,137.653
158.787,161.135,163.467,134.268
190.325,165.821,161.745,132.244
228.360,160.396,160.402,134.666
225.801,173.286,156.587,138.604
204.794,211.747,161.437,153.400
220.989,245.762,166.135,164.493
272.000,325.000,148.000,123.000
289.872,314.048,164.348,133.963
275.295,272.976,169.053,132.883
222.593,234.544,168.699,135.403
192.074,210.480,164.425,136.295
169.209,202.926,159.971,138.653
180.207,218.976,164.252,135.762
190.000,245.000,153.000,117.000
187.947,239.773,166.391,138.155
196.486,224.585,158.184,134.609
198.457,200.192,163.386,135.962
205.966,182.015,156.825,134.322
198.000,190.000,155.000,118.000
187.168,197.129,166.370,130.795
204.000,218.000,156.000,122.000
222.664,211.561,164.877,137.901
248.225,201.269,165.622,138.268
260.374,200.671,160.610,131.461
298.000,223.000,150.000,121.000
324.850,228.626,162.869,131.194
346.264,227.110,164.286,138.474
350.876,214.264,157.364,134.079
317.196,200.533,170.048,132.483
294.347,191.905,168.944,132.661
276.773,197.005,168.077,132.218
282.107,198.571,160.103,129.087
283.312,199.769,160.880,127.285
270.484,207.500,165.852,130.763
263.416,219.998,165.991,130.956
257.366,232.035,164.104,130.224
269.244,231.383,160.792,130.908
273.829,231.181,157.824,131.731
250.000,247.000,161.000,122.000
214.515,251.543,170.312,131.089
198.958,247.883,163.506,134.858
215.674,227.719,167.030,129.327
246.406,203.547,168.847,127.336
264.320,190.013,160.071,133.611
241.517,198.175,172.865,133.974
230.529,211.798,170.275,136.636
228.000,238.000,161.000,117.000
233.553,234.727,167.433,134.475
256.694,233.610,162.976,133.080
270.495,228.131,159.871,134.326
255.331,221.005,169.393,133.739
251.906,216.095,161.115,135.263
251.098,221.613,166.174,127.600
276.606,223.129,160.618,132.845
276.002,210.852,165.754,134.187
261.000,205.000,163.000,117.000
243.000,190.000,166.000,127.000
248.479,181.172,163.221,133.090
252.023,180.646,159.994,130.546
226.925,181.944,170.185,136.838
199.910,173.571,177.499,140.063
185.394,171.640,173.434,137.205
205.450,169.523,158.922,130.572
211.276,167.963,166.342,135.233
184.418,168.105,171.853,134.687
140.554,167.087,183.944,144.264
120.503,175.332,178.608,142.069
169.662,179.936,177.408,139.813
236.360,182.205,197.776,133.990
263.176,183.814,178.733,139.349
282.404,185.381,162.736,133.438
260.055,188.224,174.330,139.758
250.398,177.548,173.653,140.055
203.830,167.879,180.387,145.079
176.831,169.044,179.434,140.123
185.524,170.499,159.174,139.954
195.549,170.992,165.727,141.410
201.759,169.690,160.785,136.306
183.098,166.345,167.166,139.860
191.808,164.724,159.935,135.066
189.966,163.495,162.873,136.401
212.119,159.335,165.416,137.994
237.915,149.613,168.906,139.129
257.051,135.864,162.680,137.885
234.943,134.517,168.057,136.979
234.317,134.930,162.477,143.515
241.343,139.634,167.026,139.354
277.244,132.763,158.534,137.555
287.884,134.022,158.610,138.180
273.933,144.595,165.151,141.319
263.804,159.405,171.542,166.422
258.000,233.000,158.000,123.000
250.049,221.926,160.356,136.303
252.498,190.084,161.036,134.329
238.056,179.418,160.677,139.892
218.404,175.115,162.591,135.528
211.867,176.265,162.288,142.955
206.511,181.187,162.183,138.694
210.519,175.743,161.082,136.005
231.841,168.913,164.742,138.726
254.472,160.567,163.236,134.625
263.794,158.167,157.031,136.387
258.116,164.297,159.397,137.370
264.347,172.609,158.714,137.392
265.684,183.348,156.750,139.777
259.872,195.526,155.982,144.231
251.596,209.900,159.038,145.307
256.433,214.969,153.383,138.220
255.972,204.495,157.334,137.807
270.000,196.000,150.000,126.000
255.224,177.457,165.373,130.376
242.726,166.137,155.547,130.690
232.496,163.151,157.755,132.140
225.120,167.856,155.177,136.036
209.418,178.356,157.521,138.934
213.033,193.578,155.062,145.512
232.804,205.908,165.607,150.764
265.013,205.237,168.149,139.948
292.005,194.960,165.679,134.616
302.407,178.889,149.520,129.786
295.235,171.344,150.597,131.003
310.093,170.389,158.369,129.783
334.000,175.000,143.000,116.000
346.000,166.000,146.000,119.000
338.414,158.682,151.004,122.467
309.081,160.016,158.192,130.317
295.867,169.684,160.460,134.380
318.783,174.103,157.286,134.463
355.385,169.741,188.820,131.998
393.453,168.453,163.715,130.997
409.000,176.000,142.000,120.000
409.682,180.281,156.055,129.360
420.162,181.713,154.052,132.747
434.008,172.980,154.232,132.539
439.623,162.879,149.496,127.477
397.132,163.591,165.424,131.813
359.698,170.128,168.752,130.959
318.897,175.265,170.086,133.685
307.029,181.656,164.253,134.036
317.481,182.275,151.838,127.286
328.191,176.665,153.528,128.974
345.315,167.553,148.989,125.911
361.000,167.000,139.000,117.000
346.617,167.452,144.727,123.904
344.000,189.000,137.000,114.000
327.554,192.375,148.380,120.797
306.835,191.505,152.504,128.740
246.017,184.435,169.209,117.752
206.265,179.019,172.833,114.638
190.134,180.444,166.760,121.973
207.093,182.022,148.010,122.616
222.000,185.000,140.000,114.000
225.000,182.000,138.000,110.000
208.000,179.000,132.000,117.000
196.000,193.000,137.000,118.000
216.000,215.000,133.000,114.000
246.000,222.000,137.000,115.000
270.000,229.000,130.000,112.000
244.000,225.000,141.000,115.000
207.000,216.000,134.000,116.000
187.000,210.000,132.000,115.000
181.000,208.000,129.000,114.000
209.000,206.000,136.000,114.000
223.052,203.869,196.099,113.519
288.000,213.000,133.000,108.000
284.000,207.000,132.000,119.000
243.000,206.000,141.000,121.000
190.000,209.000,133.000,118.000
148.000,206.000,130.000,116.000
140.000,202.000,124.000,114.000
146.000,192.000,137.000,114.000
174.000,183.000,137.000,112.000
189.000,180.000,135.000,113.000
196.169,181.148,131.072,115.721
216.000,181.000,127.000,115.000
226.379,180.677,143.731,116.244
252.000,184.000,131.000,116.000
253.326,184.894,133.572,121.150
241.823,189.263,131.744,123.151
230.345,194.826,133.691,124.116
230.329,200.584,129.172,125.869
237.000,230.000,130.000,111.000
229.036,229.653,129.662,115.964
243.284,210.314,126.538,114.129
245.361,190.074,130.701,115.028
245.396,185.776,128.750,113.691
239.624,187.690,129.503,123.557
235.000,226.000,125.000,113.000
229.000,237.000,120.000,112.000
212.000,235.000,121.000,106.000
200.146,224.411,133.598,114.481
216.000,203.000,123.000,107.000
221.000,186.000,127.000,104.000
226.000,196.000,129.000,107.000
241.000,219.000,132.000,104.000
258.000,230.000,126.000,106.000
252.000,235.000,127.000,108.000
247.000,227.000,125.000,106.000
246.000,210.000,124.000,106.000
257.000,200.000,119.000,103.000
259.000,199.000,126.000,105.000
262.000,206.000,121.000,104.000
264.000,204.000,124.000,100.000
267.000,197.000,122.000,101.000
277.000,188.000,118.000,107.000
289.000,192.000,119.000,103.000
293.000,183.000,126.000,106.000
292.000,172.000,119.000,103.000
278.000,170.000,124.000,97.000
270.000,177.000,121.000,103.000
279.000,204.000,123.000,102.000
301.000,229.000,121.000,98.000
311.000,222.000,121.000,97.000
302.000,194.000,120.000,97.000
279.000,174.000,119.000,103.000
254.989,178.969,125.434,109.071
263.900,189.458,123.785,112.751
273.497,199.362,128.801,115.148
283.997,203.324,121.880,112.082
286.000,208.000,119.000,100.000
270.466,185.958,124.672,104.103
271.854,160.260,123.277,103.215
271.595,164.148,126.145,105.745
294.688,169.099,130.270,105.372
304.527,174.181,126.101,110.434
288.000,182.000,123.000,95.000
233.956,181.104,146.245,90.692
213.272,176.328,136.094,95.384
230.000,171.000,118.000,97.000
249.000,166.000,121.000,95.000
265.000,162.000,118.000,96.000
270.000,155.000,118.000,95.000
248.000,151.000,120.000,102.000
217.000,163.000,116.000,93.000
192.312,166.366,121.015,96.729
196.000,181.000,120.000,100.000
179.000,191.000,123.000,92.000
159.000,203.000,122.000,92.000
156.000,213.000,115.000,92.000
168.000,210.000,119.000,93.000
191.000,193.000,117.000,90.000
203.000,183.000,115.000,94.000
191.000,185.000,122.000,95.000
173.000,195.000,118.000,98.000
180.000,205.000,116.000,96.000
195.000,200.000,118.000,92.000
206.000,180.000,116.000,93.000
214.806,161.831,117.573,94.479
231.438,158.582,120.390,91.511
247.709,154.892,116.949,96.646
249.310,156.942,115.120,103.395
244.000,192.000,120.000,97.000
237.000,193.000,123.000,91.000
234.000,170.000,116.000,92.000
224.000,145.000,121.000,90.000
207.000,140.000,121.000,92.000
219.000,154.000,117.000,94.000
230.000,179.000,122.000,89.000
244.000,189.000,113.000,89.000
253.000,178.000,116.000,88.000
268.000,160.000,115.000,92.000
284.000,156.000,112.000,91.000
287.000,166.000,118.000,93.000
281.000,186.000,116.000,89.000
249.000,181.000,118.000,94.000
203.000,179.000,115.000,89.000
173.000,166.000,113.000,91.000
158.000,164.000,124.000,88.000
158.000,171.000,119.000,90.000
158.738,175.694,119.270,92.450
176.000,178.000,116.000,88.000
196.000,176.000,114.000,81.000
228.000,163.000,118.000,88.000
245.000,161.000,120.000,90.000
247.000,159.000,121.000,87.000
246.000,157.000,121.000,87.000
243.000,165.000,113.000,90.000
221.863,168.920,123.846,94.129
224.000,193.000,117.000,89.000
192.272,200.409,121.704,93.306
171.000,201.000,119.000,92.000
138.000,200.000,119.000,92.000
117.000,196.000,118.000,91.000
116.000,191.000,114.000,88.000
133.000,190.000,112.000,91.000
155.000,188.000,119.000,90.000
178.000,185.000,114.000,84.000
195.000,176.000,119.000,86.000
214.000,173.000,118.000,87.000
234.000,173.000,112.000,87.000
242.000,164.000,106.000,86.000
230.000,147.000,106.000,88.000
209.000,149.000,110.000,87.000
194.000,157.000,112.000,87.000
209.000,155.000,109.000,89.000
232.000,160.000,107.000,85.000
242.000,156.000,109.000,86.000
254.000,140.000,116.000,89.000
264.000,138.000,113.000,88.000
262.000,146.000,102.000,83.000
255.000,154.000,106.000,85.000
243.000,174.000,110.000,87.000
244.000,187.000,104.000,86.000
242.000,191.000,106.000,83.000
253.000,188.000,101.000,86.000
257.000,180.000,106.000,88.000
262.000,171.000,112.000,85.000
284.000,159.000,105.000,87.000
304.000,166.000,110.000,86.000
328.000,185.000,106.000,85.000
328.000,203.000,108.000,88.000
330.334,198.993,112.163,99.261
274.000,236.000,103.000,84.000
256.000,218.000,103.000,89.000
259.000,189.000,107.000,90.000
250.000,171.000,107.000,90.000
243.000,174.000,101.000,89.000
249.000,196.000,109.000,83.000
274.000,216.000,105.000,84.000
268.000,219.000,101.000,85.000
265.000,202.000,108.000,87.000
272.000,176.000,105.000,85.000
269.000,177.000,105.000,86.000
277.000,206.000,103.000,85.000
280.000,222.000,107.000,88.000
285.000,209.000,109.000,88.000
294.000,187.000,110.000,85.000
294.000,189.000,109.000,85.000
292.000,206.000,106.000,85.000
295.000,217.000,104.000,82.000
291.000,206.000,104.000,85.000
268.000,191.000,109.000,85.000
246.000,180.000,106.000,87.000
244.000,193.000,105.000,81.000
263.000,211.000,102.000,84.000
272.000,221.000,103.000,83.000
280.000,209.000,104.000,85.000
286.000,192.000,102.000,86.000
290.000,182.000,105.000,83.000
311.000,200.000,104.000,81.000
322.000,203.000,99.000,84.000
296.000,204.000,108.000,78.000
257.000,185.000,109.000,86.000
233.247,183.043,123.820,79.130
231.000,174.000,105.000,86.000
225.000,182.000,102.000,89.000
205.000,193.000,106.000,85.000
214.000,191.000,107.000,88.000
247.000,188.000,108.000,89.000
260.000,192.000,105.000,84.000
242.000,194.000,105.000,86.000
216.000,203.000,109.000,86.000
217.000,205.000,105.000,86.000
257.000,202.000,108.000,82.000
280.000,190.000,112.000,86.000
273.000,183.000,112.000,84.000
258.000,183.000,109.000,84.000
245.000,188.000,106.000,85.000
246.000,196.000,110.000,81.000
296.000,200.000,118.000,82.000
345.000,194.000,110.000,82.000
352.000,187.000,109.000,84.000
334.000,176.000,112.000,87.000
304.000,170.000,113.000,85.000
259.000,180.000,112.000,85.000
236.000,191.000,108.000,88.000
254.000,210.000,110.000,80.000
288.000,210.000,111.000,90.000
306.000,207.000,110.000,86.000
289.000,196.000,113.000,85.000
258.000,191.000,107.000,82.000
237.000,201.000,105.000,87.000
244.000,217.000,109.000,89.000
262.000,214.000,110.000,85.000
272.000,196.000,109.000,87.000
263.483,190.219,113.912,88.551
251.952,187.592,113.574,89.555
249.147,194.795,115.109,94.053
275.000,209.000,106.000,87.000
292.000,199.000,107.000,86.000
304.050,184.085,114.993,88.072
326.000,179.000,109.000,84.000
344.000,198.000,108.000,88.000
352.000,216.000,112.000,88.000
357.000,213.000,110.000,87.000
354.000,192.000,112.000,92.000
349.000,175.000,112.000,91.000
352.000,166.000,107.000,90.000
359.000,175.000,113.000,88.000
355.000,176.000,111.000,89.000
339.000,178.000,116.000,92.000
309.000,191.000,116.000,88.000
274.000,195.000,113.000,91.000
262.000,193.000,113.000,88.000
244.000,179.000,115.000,91.000
216.000,160.000,122.000,97.000
183.000,153.000,116.000,93.000
161.000,168.000,119.000,94.000
173.000,187.000,115.000,91.000
213.000,182.000,117.000,92.000
255.000,166.000,117.000,90.000
275.000,144.000,118.000,95.000
272.000,143.000,117.000,89.000
269.000,158.000,118.000,95.000
281.000,183.000,122.000,93.000
301.000,176.000,122.000,94.000
302.000,167.000,118.000,94.000
256.454,174.942,135.499,99.273
218.000,193.000,127.000,97.000
196.000,218.000,122.000,94.000
209.000,222.000,121.000,97.000
225.000,216.000,122.000,99.000
219.000,201.000,125.000,98.000
201.000,196.000,123.000,99.000
186.000,216.000,131.000,101.000
198.000,241.000,128.000,102.000
213.000,267.000,129.000,99.000
228.000,264.000,128.000,102.000
238.000,246.000,127.000,104.000
253.000,220.000,126.000,103.000
269.000,206.000,133.000,102.000
267.000,216.000,135.000,100.000
278.000,232.000,129.000,102.000
316.000,228.000,129.000,103.000
342.000,214.000,130.000,107.000
333.000,187.000,129.000,106.000
286.000,172.000,139.000,106.000
234.000,189.000,141.000,108.000
218.000,224.000,135.000,110.000
227.000,240.000,136.000,105.000
250.000,214.000,136.000,113.000
263.000,192.000,137.000,108.000
264.000,193.000,143.000,107.000
273.000,201.000,140.000,107.000
307.000,195.000,147.000,110.000
348.000,190.000,143.000,107.000
357.000,199.000,145.000,109.000
327.000,208.000,143.000,111.000
268.000,210.000,148.000,114.000
191.139,212.836,189.375,116.568
207.208,201.036,160.422,108.710
187.642,175.857,167.337,112.653
204.980,170.531,157.811,117.041
222.039,170.706,164.025,116.591
239.772,173.776,163.956,120.193
259.613,175.368,169.045,118.191
283.569,173.489,168.930,120.261
294.946,170.839,167.048,120.104
268.939,167.111,172.794,119.953
247.435,166.825,171.545,118.982
232.778,168.803,172.080,121.137
225.411,171.218,169.874,123.220
226.858,171.419,172.665,123.133
244.078,166.732,169.615,122.687
235.028,168.370,179.955,123.565
230.853,171.665,174.901,127.324
232.154,180.854,182.222,131.634
271.858,186.937,194.148,138.206
315.985,191.829,183.876,137.821
309.391,192.784,188.196,137.027
269.571,186.403,193.763,136.652
228.387,182.444,196.867,137.282
200.143,182.788,200.013,133.326
189.564,185.245,193.142,135.446
194.864,186.740,186.927,133.929
210.245,183.484,190.072,135.927
222.291,177.019,185.964,136.866
228.487,167.631,192.079,135.789
241.841,163.007,187.661,137.044
229.725,161.039,193.711,136.379
227.349,161.730,195.556,134.761
227.996,168.494,190.958,131.349
219.180,165.173,191.047,133.110
189.140,160.707,200.880,134.714
162.332,164.780,205.295,139.196
162.144,167.560,201.133,145.240
169.422,175.502,203.970,146.129
181.562,171.104,205.336,143.985
155.466,165.924,208.883,144.639
136.387,169.178,212.738,149.736
123.809,177.575,210.297,158.141
123.000,213.000,195.000,145.000
114.145,214.185,215.614,148.446
117.416,210.788,210.294,150.431
120.563,200.659,214.655,150.247
138.909,192.889,214.165,149.024
149.049,191.469,220.541,148.426
160.409,194.632,220.317,153.351
160.531,196.138,225.764,152.512
172.805,190.791,225.371,153.187
160.673,183.736,230.652,158.326
145.348,184.884,234.078,158.110
131.568,191.298,236.393,160.293
132.878,193.019,238.510,162.681
122.806,187.290,245.649,166.388
115.274,182.210,241.137,164.074
108.111,183.559,248.134,167.460
118.485,189.260,250.115,170.189
117.489,203.237,252.606,173.201
117.806,207.432,254.562,169.904
98.577,206.748,262.138,171.163
98.556,198.589,255.365,168.517
90.746,194.685,268.342,171.658
105.073,199.691,255.235,169.420
93.035,208.173,270.139,174.175
94.631,212.810,269.894,175.165
85.504,212.708,274.266,173.855
96.677,207.894,272.227,170.032
79.140,200.310,284.480,179.849
70.659,196.565,290.622,174.948
26.091,192.734,293.471,182.954
32.318,196.481,290.646,186.523
