336.000,165.000,26.000,61.000
326.329,166.114,33.812,63.180
330.000,165.000,35.000,62.000
326.000,165.000,43.000,65.000
327.138,162.436,42.086,68.262
321.273,156.768,45.317,71.678
317.805,150.730,49.075,75.167
317.848,150.306,45.087,76.055
324.000,153.000,34.000,81.000
318.474,151.010,42.449,83.569
310.753,152.551,43.785,84.816
303.498,150.550,50.264,84.535
296.770,149.182,49.016,84.894
318.000,165.000,38.000,75.000
320.000,159.000,37.000,82.000
328.000,155.000,30.000,83.000
320.997,152.300,34.929,85.861
314.975,150.702,39.081,83.460
316.499,149.763,40.599,84.687
316.978,148.466,41.472,88.390
315.360,146.812,41.356,88.118
320.855,151.415,39.198,84.691
323.210,153.103,39.090,78.711
322.759,155.853,38.931,74.274
318.557,157.312,39.096,73.074
316.652,157.442,39.784,71.812
321.157,156.488,36.479,75.528
323.220,156.275,35.285,73.018
319.272,153.874,37.319,73.804
321.060,154.387,37.919,71.049
323.406,155.563,35.882,71.293
322.960,155.340,35.180,69.158
324.728,155.717,33.705,68.933
325.041,154.052,36.171,69.906
325.597,150.161,37.311,70.604
325.239,151.014,38.278,71.715
328.364,152.091,35.442,73.376
326.845,151.773,34.097,73.535
325.337,154.484,34.697,72.917
322.379,151.685,38.209,73.134
325.115,151.243,39.708,71.553
328.995,152.418,35.713,72.192
330.988,150.742,32.611,73.548
329.716,152.280,34.234,71.254
328.618,150.724,35.701,74.502
325.562,150.379,36.506,72.875
327.741,152.233,33.579,73.609
328.484,152.963,31.903,75.948
329.058,151.804,30.404,75.673
325.355,153.042,34.527,73.547
321.793,151.065,38.503,74.843
328.671,151.198,37.482,75.248
329.508,150.879,36.922,77.542
330.031,150.667,35.852,78.359
332.460,150.408,35.316,78.809
330.933,150.561,36.825,76.377
332.296,152.096,36.180,76.154
333.817,151.200,33.998,78.846
335.763,151.283,31.105,80.735
327.120,147.971,37.332,79.939
324.826,149.692,39.949,73.919
323.819,148.554,43.890,74.688
331.630,149.334,40.376,75.970
330.859,149.110,37.407,76.713
325.904,148.466,33.155,72.793
323.830,148.391,34.955,75.132
321.691,147.315,36.710,77.608
320.359,148.900,38.206,80.662
321.624,147.716,35.260,83.255
321.251,146.421,37.523,84.104
314.272,147.608,42.817,83.956
311.516,144.557,50.563,82.626
316.140,147.868,46.898,81.726
320.132,147.871,42.271,84.336
318.749,150.321,37.784,82.456
317.055,149.218,38.298,77.956
315.189,146.123,38.211,78.870
317.290,146.927,36.320,81.250
322.375,145.705,32.396,85.292
321.847,145.748,33.547,80.829
318.538,143.124,41.250,84.715
312.665,141.368,44.782,83.869
315.794,148.279,42.995,85.728
320.865,147.456,37.242,84.995
322.073,147.177,44.799,82.131
324.171,148.606,39.936,85.617
311.208,148.229,43.318,80.706
315.113,146.747,40.976,82.469
316.877,147.384,39.281,84.557
322.546,145.340,34.043,90.348
325.076,147.538,33.369,89.845
319.613,148.978,41.090,87.644
319.118,147.453,43.065,83.970
320.566,147.263,44.328,81.924
330.079,145.940,38.170,82.073
332.149,145.929,37.486,85.270
331.267,148.962,35.661,82.823
329.303,145.402,35.959,84.527
331.811,146.325,36.735,83.783
332.132,145.866,38.703,91.825
335.962,143.575,34.514,94.063
330.865,143.987,40.245,92.448
327.458,144.483,43.665,89.098
329.732,142.953,44.991,85.309
336.035,138.626,44.721,88.486
339.853,138.709,39.073,90.465
333.926,140.932,42.476,86.896
334.171,140.556,44.950,90.051
330.711,142.597,48.589,85.665
336.075,142.003,47.394,88.641
341.740,141.995,39.554,93.589
344.765,139.787,34.205,98.148
342.727,145.595,46.831,92.932
341.083,142.144,51.159,90.628
346.134,142.253,50.387,89.645
351.728,141.508,44.667,96.952
351.817,140.697,41.964,101.187
353.185,142.423,44.237,95.131
354.893,143.160,42.434,92.998
357.422,142.800,42.412,94.022
358.776,143.517,42.547,98.255
359.605,142.783,38.078,100.074
359.530,141.364,42.010,97.259
361.196,142.087,46.968,90.793
363.110,137.731,49.002,98.814
356.000,142.000,55.000,99.000
360.484,137.727,48.881,101.476
356.000,137.000,53.000,105.000
356.953,137.781,45.322,99.958
353.000,136.000,58.000,104.000
355.000,132.000,54.000,113.000
354.000,133.000,52.000,119.000
368.000,125.000,43.000,127.000
377.000,124.000,37.000,118.000
380.000,126.000,36.000,118.000
383.000,133.000,35.000,113.000
373.890,133.853,48.686,111.463
379.971,135.063,41.981,112.353
373.535,137.259,49.099,110.284
371.238,138.562,52.504,113.577
368.044,136.841,58.331,116.253
377.240,136.818,56.219,114.301
377.126,133.908,50.455,120.951
385.826,138.578,52.207,115.378
384.656,142.977,55.803,112.743
382.230,143.681,69.746,111.831
388.173,142.086,62.770,113.142
401.000,162.000,37.000,97.000
405.000,165.000,30.000,96.000
405.000,163.000,36.000,91.000
411.000,156.000,39.000,96.000
411.000,157.000,42.000,94.000
411.000,157.000,38.000,96.000
414.000,152.000,28.000,94.000
414.000,153.000,27.000,81.000
414.000,155.000,24.000,83.000
413.000,155.000,20.000,72.000
412.000,157.000,25.000,69.000
411.000,159.000,27.000,72.000
414.000,163.000,23.000,73.000
408.352,167.030,33.544,73.622
399.239,171.308,51.844,78.645
396.457,164.066,61.711,81.483
404.238,162.557,52.554,87.864
409.573,160.508,44.119,92.325
414.383,164.500,43.544,89.973
406.933,163.980,59.581,91.750
409.065,159.303,64.427,89.446
425.445,164.612,57.789,88.596
436.943,159.884,47.044,92.094
435.601,163.558,48.369,93.132
435.443,163.494,51.078,91.499
438.942,159.425,60.953,90.996
444.122,159.120,59.092,92.402
445.861,158.044,58.757,97.334
452.689,157.476,50.173,97.169
445.954,157.285,56.807,98.126
444.747,153.462,64.378,91.740
449.902,153.950,66.025,85.053
456.784,149.820,56.881,92.065
461.209,149.697,46.903,92.043
456.356,150.960,48.300,86.680
448.355,156.483,58.418,89.550
448.009,152.510,64.248,90.008
442.326,156.737,71.343,90.155
449.779,153.579,65.305,94.717
459.790,153.148,53.392,93.203
457.358,159.167,55.070,85.313
448.405,163.927,66.446,85.955
447.390,159.490,71.693,84.773
454.878,158.838,61.442,88.306
458.791,162.290,50.887,85.977
451.157,162.600,49.233,83.338
441.581,165.449,55.752,83.337
437.929,163.986,65.904,81.490
442.203,160.946,56.107,81.102
444.776,166.340,48.543,76.811
448.165,162.742,39.452,74.134
447.784,163.285,46.164,72.281
441.836,162.593,57.244,77.043
441.513,162.043,60.055,82.170
439.012,158.656,56.756,82.978
445.389,160.564,46.690,81.863
440.007,160.085,48.511,83.794
431.017,158.649,58.195,87.303
432.991,157.437,67.493,79.546
433.444,154.507,66.923,80.449
437.735,156.427,59.130,83.093
440.912,153.588,51.439,84.468
437.976,155.967,51.120,80.966
429.182,153.570,56.858,81.446
426.031,155.644,64.345,77.012
427.202,153.274,64.894,77.105
443.826,151.820,51.727,78.111
441.646,154.393,49.103,76.741
431.835,150.987,56.712,80.763
428.048,151.144,62.541,79.179
435.251,152.266,65.294,78.236
435.512,150.789,63.736,82.467
434.750,155.780,57.950,79.282
431.950,158.653,67.298,85.223
428.178,157.442,71.338,87.833
423.833,155.711,67.913,87.985
424.749,150.850,70.080,81.657
437.464,150.054,55.532,79.867
444.676,146.726,43.574,82.098
442.334,150.057,47.070,80.870
435.069,148.338,53.765,82.417
430.083,145.115,69.616,80.361
438.151,144.253,66.823,76.482
446.020,141.577,57.545,78.075
444.884,142.756,53.173,81.974
445.183,142.417,47.357,82.457
446.801,141.595,48.750,84.052
444.853,141.797,56.464,83.043
449.806,143.580,61.837,78.533
459.298,145.877,58.395,74.382
464.948,146.314,52.999,77.651
475.609,143.978,45.175,77.342
479.274,137.744,58.035,77.858
477.422,139.510,76.665,77.612
473.871,135.035,83.356,72.577
476.900,137.608,77.960,77.725
478.881,135.699,75.166,81.443
479.122,131.018,73.412,86.139
474.476,130.742,78.139,90.523
471.545,131.663,84.115,93.388
475.512,130.498,85.919,93.555
485.528,128.342,75.253,91.291
490.793,130.156,67.843,97.892
493.242,130.958,71.314,90.633
491.568,128.698,69.478,93.736
489.743,124.097,72.906,99.792
490.420,120.825,74.246,104.881
494.241,118.723,68.917,104.880
496.873,117.494,66.102,110.481
528.000,117.000,21.000,72.000
527.000,117.000,21.000,74.000
524.000,116.000,23.000,68.000
521.000,116.000,27.000,72.000
512.000,119.000,33.000,73.000
514.000,119.000,28.000,64.000
514.000,116.000,29.000,68.000
510.000,115.000,36.000,68.000
507.000,114.000,38.000,68.000
507.000,117.000,38.000,67.000
503.000,114.000,30.000,73.000
503.000,111.000,25.000,72.000
502.000,109.000,26.000,69.000
499.000,107.000,25.000,69.000
496.000,104.000,28.000,70.000
494.000,101.000,27.000,73.000
493.000,99.000,24.000,73.000
491.000,98.000,28.000,62.000
491.000,98.000,26.000,62.000
489.000,95.000,29.000,63.000
488.000,91.000,32.000,67.000
487.000,91.000,35.000,67.000
489.000,90.000,25.000,71.000
489.000,89.000,21.000,70.000
490.000,90.000,20.000,68.000
491.000,89.000,20.000,70.000
492.000,87.000,20.000,71.000
489.000,87.000,24.000,72.000
488.000,86.000,31.000,71.000
491.000,86.000,26.000,73.000
488.461,89.790,30.267,71.649
488.952,87.062,32.566,73.959
496.000,84.000,28.000,63.000
495.000,81.000,34.000,65.000
493.000,80.000,34.000,66.000
493.000,82.000,34.000,69.000
494.000,81.000,30.000,72.000
488.000,85.000,33.000,80.000
488.000,83.000,28.000,87.000
488.000,83.000,27.000,77.000
487.000,83.000,34.000,74.000
484.000,84.000,34.000,74.000
483.000,87.000,29.000,74.000
482.000,85.000,25.000,77.000
481.000,78.000,26.000,71.000
478.000,81.000,30.000,73.000
469.000,82.000,36.000,73.000
463.000,85.000,40.000,68.000
460.000,87.000,38.000,71.000
456.000,90.000,32.000,71.000
451.000,91.000,28.000,78.000
446.000,89.000,28.000,85.000
439.000,92.000,36.000,77.000
438.000,91.000,33.000,73.000
438.000,94.000,33.000,71.000
437.000,96.000,33.000,71.000
436.000,96.000,29.000,71.000
433.000,97.000,35.000,72.000
430.000,97.000,42.000,72.000
429.000,94.000,42.000,66.000
428.000,95.000,38.000,66.000
429.000,97.000,34.000,67.000
429.000,96.000,33.000,69.000
430.000,97.000,28.000,70.000
426.847,96.451,29.942,72.586
426.000,98.000,28.000,67.000
426.000,99.000,27.000,64.000
427.000,101.000,31.000,64.000
426.076,100.246,30.698,66.603
426.894,94.790,29.470,68.294
424.692,93.442,28.677,67.882
426.000,94.000,27.000,62.000
423.000,95.000,28.000,59.000
422.000,96.000,27.000,60.000
420.000,95.000,27.000,66.000
414.000,94.000,28.000,66.000
412.320,94.699,26.224,66.310
411.000,94.000,23.000,60.000
410.000,95.000,22.000,65.000
408.000,96.000,24.000,65.000
407.000,91.000,25.000,69.000
404.000,91.000,27.000,69.000
399.000,88.000,31.000,63.000
398.000,89.000,31.000,65.000
396.000,91.000,29.000,66.000
395.000,92.000,28.000,69.000
392.000,93.000,29.000,62.000
391.000,93.000,29.000,60.000
382.000,94.000,27.000,60.000
379.689,96.783,26.665,61.418
375.000,95.000,30.000,63.000
372.000,96.000,29.000,59.000
372.000,95.000,28.000,60.000
372.000,95.000,30.000,60.000
