197.000,203.000,170.000,149.000
180.986,201.843,187.523,156.187
184.441,208.057,191.378,156.455
191.615,213.376,197.423,156.131
205.181,211.720,207.308,157.022
218.289,209.803,207.473,159.148
227.478,207.386,210.438,160.211
244.172,202.317,206.363,160.711
245.386,196.022,203.511,160.351
197.488,191.733,221.501,152.228
179.417,191.818,227.922,141.004
135.944,194.980,233.410,143.402
134.343,187.045,211.831,148.322
138.253,182.051,211.207,149.266
158.361,184.988,220.792,149.963
196.434,192.488,237.673,148.263
246.590,194.531,252.205,150.094
268.494,192.784,238.326,160.112
259.622,200.350,237.679,153.466
200.714,206.181,267.883,149.854
158.071,210.684,276.085,149.785
129.611,200.361,256.512,157.779
153.006,184.681,205.951,159.130
142.993,177.742,205.329,155.516
155.129,181.256,202.761,150.456
169.580,179.436,201.423,153.423
183.087,180.293,196.196,152.104
192.859,182.583,202.062,155.611
206.696,188.181,196.102,161.142
213.595,198.350,187.562,170.745
222.875,225.335,187.692,181.352
233.607,246.524,183.917,173.795
229.513,249.011,170.616,162.937
208.539,247.564,184.708,156.600
190.816,235.760,190.023,155.109
180.356,201.734,185.788,153.692
183.973,175.474,179.283,159.522
189.617,176.995,186.049,162.004
205.902,201.256,192.626,164.553
226.011,226.876,194.880,166.958
244.401,239.315,184.659,163.090
247.059,228.490,181.019,163.728
232.306,198.063,183.334,165.759
191.774,186.880,201.249,143.022
148.679,184.887,212.527,139.941
122.163,188.257,214.762,143.302
113.852,189.726,202.187,150.153
120.774,196.690,193.113,154.820
128.772,203.645,191.626,154.101
145.177,209.713,198.245,149.641
167.857,210.798,205.872,150.008
188.113,212.782,208.041,150.559
204.624,220.376,211.900,151.433
232.902,232.508,213.266,156.015
252.555,244.449,205.226,156.981
273.924,242.942,191.490,159.368
256.166,235.906,215.242,155.343
205.332,221.369,239.053,147.812
149.243,202.776,234.864,146.887
141.052,201.443,229.957,145.460
173.162,195.831,227.731,150.324
209.636,192.864,211.335,150.816
229.937,196.691,207.720,151.123
246.989,199.943,197.879,157.135
267.418,209.811,169.532,158.476
258.308,232.535,171.370,161.100
245.072,260.846,176.103,155.920
240.233,264.263,174.946,153.508
241.138,251.130,170.088,159.203
226.192,250.886,185.357,150.481
195.583,250.979,193.518,146.121
195.226,237.195,178.805,149.827
197.914,224.400,173.540,153.844
206.530,219.013,185.094,154.236
216.412,199.770,174.683,160.081
223.178,161.258,165.041,166.672
225.710,152.011,176.253,161.551
232.379,160.432,190.638,154.962
255.509,170.039,182.405,158.412
266.726,185.222,171.878,168.385
262.634,210.830,170.215,180.479
246.722,243.520,183.191,176.773
200.733,251.667,198.113,168.744
174.903,234.852,211.375,163.093
149.552,204.680,211.134,164.471
153.386,167.897,194.747,169.341
150.889,161.428,189.176,165.356
155.020,171.321,190.729,157.735
180.290,184.879,184.515,163.574
193.392,200.915,175.640,178.270
191.840,228.516,170.650,180.328
181.758,239.523,169.170,176.365
184.772,242.709,172.476,166.369
197.776,218.780,175.101,163.801
207.757,208.582,173.244,161.537
210.822,209.896,177.191,156.431
214.098,217.514,162.090,149.455
203.418,213.583,161.644,151.340
192.842,200.439,167.686,150.590
164.229,196.013,182.978,139.706
154.065,187.359,177.396,141.713
153.366,191.739,185.140,141.206
192.800,205.636,193.341,144.135
211.338,211.722,191.684,146.083
221.752,216.119,180.428,153.540
211.379,231.302,184.657,159.698
153.613,247.210,207.222,155.580
101.116,243.446,208.704,150.294
119.453,199.302,184.199,155.800
112.611,184.631,181.334,159.128
126.364,193.138,204.745,145.999
173.800,203.089,217.903,143.994
198.097,210.885,210.880,142.725
219.041,197.654,191.782,154.906
219.051,183.049,182.635,154.565
193.845,177.414,185.965,145.990
162.362,173.251,198.741,138.974
142.019,168.668,201.069,145.703
151.717,157.878,181.191,156.500
147.549,145.503,193.873,155.485
177.284,144.715,225.099,148.237
231.735,136.083,242.106,146.301
251.405,131.649,211.220,153.407
250.897,134.003,208.960,147.625
217.034,140.039,218.514,145.645
186.250,150.091,221.955,150.967
169.648,174.936,214.257,156.794
174.996,195.141,189.288,159.042
176.309,202.501,171.758,156.664
185.309,190.771,164.876,158.090
193.986,170.242,175.752,156.627
204.428,163.248,181.279,152.518
211.442,157.431,179.541,152.828
219.444,161.400,169.927,154.529
203.903,173.827,179.148,155.134
170.983,175.267,193.032,147.314
150.119,159.419,194.730,139.083
130.101,147.227,203.114,136.574
108.365,142.105,201.423,143.331
102.335,149.742,194.037,151.231
113.665,169.462,198.331,149.784
128.203,177.819,218.972,143.567
166.511,177.522,223.516,141.748
209.836,180.501,227.351,138.920
234.465,178.204,213.324,148.409
239.363,179.502,204.334,155.798
221.184,195.601,207.646,150.671
202.052,205.926,206.887,139.099
176.907,209.815,214.922,135.492
129.005,215.436,224.076,131.305
116.112,212.524,207.476,137.007
120.643,207.149,210.222,139.169
154.141,193.614,212.809,136.097
176.400,159.062,201.326,139.222
190.408,119.474,189.498,147.852
199.554,118.177,194.938,145.757
213.175,124.520,209.813,142.330
231.788,131.411,195.986,149.302
243.916,147.949,186.625,152.684
250.404,159.477,182.717,151.521
261.442,163.215,169.809,148.227
255.120,169.016,177.022,147.471
240.563,173.525,181.067,151.969
223.503,191.363,183.347,151.932
202.967,207.309,183.315,154.017
197.808,215.866,180.725,153.477
202.855,204.660,177.558,155.615
220.617,176.234,169.267,156.948
223.640,160.013,166.986,161.533
225.537,159.235,190.842,153.779
228.484,164.211,190.265,150.535
237.711,171.402,187.529,153.440
228.776,182.627,188.654,159.823
202.412,200.995,198.200,155.608
188.311,211.100,196.103,157.790
180.123,216.586,191.069,151.570
173.044,220.615,190.319,149.043
170.579,215.988,183.541,153.085
182.904,190.663,188.924,156.979
205.518,182.381,209.825,149.700
245.400,180.262,222.996,138.321
271.987,173.858,199.635,140.946
261.669,173.691,208.885,142.814
239.563,178.257,215.200,142.436
167.473,186.533,238.952,139.085
130.403,189.346,258.347,144.661
110.894,192.965,243.938,151.058
126.834,195.437,227.922,157.983
124.668,194.064,236.951,155.731
162.982,173.770,228.548,153.237
181.269,165.949,231.713,151.865
212.668,168.597,236.085,145.655
245.364,174.506,227.256,142.701
286.094,170.992,209.237,150.406
276.466,177.368,213.132,152.999
278.793,186.759,294.482,135.779
251.495,179.858,326.861,135.572
251.152,175.571,321.664,141.692
268.474,168.258,299.916,148.808
271.158,161.217,291.679,148.630
264.982,151.907,278.202,147.667
231.704,142.723,280.287,155.106
181.254,150.093,293.925,172.630
147.443,157.944,281.961,189.908
167.732,181.159,275.833,213.196
194.253,222.604,280.965,230.598
204.499,228.590,266.586,214.227
205.838,222.239,245.506,200.526
194.247,205.308,231.661,176.339
191.647,191.483,215.079,172.161
174.414,186.084,213.263,154.922
184.474,190.219,230.687,150.383
217.878,193.500,243.348,149.177
247.731,186.582,228.221,158.100
261.604,182.660,214.699,167.815
258.706,195.561,211.846,163.964
241.687,211.207,214.704,159.056
225.559,218.355,218.036,156.230
232.906,211.738,197.614,159.026
212.928,200.101,197.597,159.583
201.848,189.736,199.529,156.378
192.961,166.451,194.546,158.736
186.036,150.448,184.148,157.890
184.324,153.501,196.833,154.313
211.355,165.002,204.227,151.981
232.685,170.797,192.108,155.371
251.047,186.094,181.370,160.100
264.050,209.824,177.384,161.199
257.767,232.954,183.241,162.768
239.137,250.672,200.643,161.553
205.445,258.685,209.997,155.458
183.933,254.537,206.142,156.804
179.161,234.433,191.152,158.833
189.861,205.362,170.835,156.855
190.796,172.348,172.746,157.740
203.983,132.011,176.956,159.074
213.816,120.364,197.365,158.782
239.136,124.540,211.398,150.181
254.789,120.722,204.004,154.911
260.546,120.452,201.552,165.796
271.931,132.982,196.635,164.711
273.022,150.208,194.387,166.771
262.236,169.315,196.390,170.862
241.368,190.084,203.230,172.719
214.021,212.840,214.627,166.282
187.814,225.514,214.706,157.689
163.654,227.765,216.221,152.143
124.515,212.673,223.440,144.990
118.052,194.406,217.594,147.691
139.800,174.598,226.965,152.430
159.826,166.337,235.025,146.491
182.712,157.445,229.620,150.843
202.853,152.464,224.805,159.045
212.278,158.371,224.624,164.420
203.930,171.084,224.979,162.993
181.758,183.151,230.054,159.636
181.686,190.313,219.357,155.799
189.210,202.625,234.717,150.819
205.543,199.683,231.608,149.108
247.455,176.911,214.710,148.909
247.611,161.552,214.999,153.836
257.489,160.076,224.316,147.836
278.003,154.645,208.578,147.029
269.341,157.530,212.361,150.581
255.232,170.318,228.812,151.229
220.890,180.499,240.932,154.427
217.255,184.460,229.842,159.281
204.520,191.495,232.252,157.925
192.207,192.873,247.270,153.760
175.716,198.069,244.344,154.359
172.463,205.572,242.233,153.115
181.383,206.109,278.028,148.481
218.568,202.875,329.301,144.476
266.243,197.496,362.615,145.030
302.542,194.640,306.881,146.308
303.855,196.264,309.822,148.169
274.400,201.807,334.317,150.109
245.804,203.051,346.675,148.465
194.456,204.306,365.508,150.165
175.686,204.824,349.689,153.586
169.588,203.473,330.147,155.824
163.735,200.873,304.787,160.175
160.382,194.798,277.232,158.747
161.176,192.080,258.845,154.295
172.884,194.743,256.244,149.831
187.929,201.425,272.237,145.701
219.756,208.544,288.577,142.697
234.936,199.103,271.739,149.606
253.921,196.184,239.978,148.729
243.035,200.071,253.803,139.125
175.952,193.031,295.825,139.466
131.206,181.265,311.661,142.072
125.390,142.695,269.127,143.799
119.293,113.947,256.440,148.379
129.075,107.545,240.084,149.153
126.171,109.422,231.925,152.746
134.463,110.367,214.733,172.208
122.825,138.085,206.888,196.286
108.827,179.526,201.744,205.484
113.470,217.196,210.205,185.050
114.977,221.827,208.673,171.715
118.362,231.850,211.572,165.398
125.136,238.930,219.519,159.341
149.743,219.461,209.899,155.201
177.997,175.305,192.540,162.292
182.377,155.992,182.357,163.468
184.069,165.849,195.920,157.340
193.138,179.070,202.775,152.945
201.814,180.561,197.082,162.158
204.747,188.462,194.163,164.237
204.237,174.484,185.617,167.622
199.227,145.613,180.078,164.293
200.855,139.130,193.817,162.263
207.110,128.915,205.665,157.541
201.092,121.464,207.194,152.935
201.943,118.295,200.741,147.561
204.351,107.046,194.456,154.022
212.579,94.721,186.369,155.718
206.731,97.449,185.541,163.417
216.940,125.199,172.875,173.665
216.939,137.401,161.818,193.823
207.083,183.065,172.500,201.944
203.768,199.712,181.077,191.923
203.183,198.707,174.317,180.589
201.674,179.742,174.797,178.464
203.424,143.390,173.416,181.593
200.856,123.970,173.232,180.937
204.267,124.031,191.897,172.365
217.161,139.930,218.102,157.710
220.688,143.694,229.547,148.656
240.448,139.682,233.009,151.521
253.021,135.065,216.041,151.180
255.261,128.960,210.546,160.870
252.662,134.186,208.603,164.882
247.714,141.663,211.723,165.655
220.567,158.818,224.215,155.179
185.148,171.254,236.923,160.199
160.087,177.480,228.983,168.199
161.889,184.962,220.502,175.877
153.795,190.466,228.692,180.227
154.206,194.065,221.039,179.289
152.326,187.037,215.966,172.754
154.577,189.427,213.481,165.788
156.124,197.058,227.033,164.273
173.955,202.727,235.289,161.853
188.540,202.549,267.186,159.408
196.986,199.130,308.900,151.359
214.927,195.685,326.781,150.411
251.949,175.667,304.201,154.054
268.694,165.139,283.372,162.886
264.680,162.566,282.772,155.464
230.626,163.456,325.443,153.717
196.375,164.359,343.550,159.208
163.657,158.372,310.458,160.614
159.680,155.999,285.890,161.386
148.859,154.107,279.031,167.152
141.112,152.368,265.511,173.093
136.148,155.480,254.138,175.331
142.082,163.694,262.304,169.547
152.445,163.273,282.674,169.088
170.672,165.836,284.256,157.614
176.251,163.086,299.187,155.632
211.002,140.456,288.989,157.346
240.654,110.632,266.177,173.892
241.529,113.282,278.970,169.291
235.759,110.342,272.962,178.610
248.130,108.474,249.836,197.817
255.320,121.001,243.423,205.006
249.126,137.855,242.584,224.206
222.791,159.443,252.093,236.810
211.330,173.337,255.737,233.880
197.399,173.926,252.054,221.441
195.677,168.617,242.390,213.434
198.465,162.052,229.590,208.106
197.125,155.068,222.737,203.565
191.107,151.710,227.472,199.281
183.631,142.955,223.749,198.867
179.619,142.379,223.401,192.799
183.596,150.893,219.312,200.451
198.666,186.063,228.111,197.167
