74.000,86.000,56.000,48.000
72.167,84.976,59.290,53.201
71.709,83.936,61.161,57.238
69.928,80.713,66.619,62.216
65.449,73.043,74.712,71.104
61.418,72.172,81.342,73.181
60.462,71.944,81.365,82.084
55.015,73.186,84.721,88.931
55.764,77.229,82.120,93.523
56.762,79.732,78.433,95.771
57.547,82.784,74.378,93.558
59.075,86.118,74.827,90.111
60.296,92.172,72.505,83.827
59.895,93.189,70.537,80.803
60.343,93.142,68.134,79.477
61.291,94.203,60.568,77.593
61.474,90.492,57.847,79.378
61.558,88.349,56.048,81.529
58.798,85.206,57.634,83.146
59.096,83.180,58.085,85.387
55.520,83.000,58.849,85.242
54.258,80.842,60.257,87.078
52.302,77.193,61.716,90.513
51.313,73.530,64.936,95.689
49.198,71.004,68.102,97.785
47.763,74.738,68.150,96.121
46.259,69.991,70.171,100.011
44.319,76.352,71.557,94.547
43.882,75.436,71.395,93.304
43.741,80.422,72.361,90.645
43.744,79.931,71.773,92.545
45.031,80.667,69.365,90.775
49.115,83.549,65.307,84.811
51.043,86.459,64.950,82.073
54.082,92.244,62.554,78.583
56.191,95.067,60.605,76.686
56.690,98.072,58.574,73.759
57.981,102.012,57.378,69.416
58.603,102.893,54.958,65.940
60.731,104.712,51.138,64.469
62.025,103.719,47.717,64.168
63.642,100.429,46.265,66.695
65.522,97.822,45.670,70.166
66.088,95.742,44.301,73.140
68.193,95.353,45.765,74.650
67.833,95.042,45.162,75.278
66.146,96.534,46.375,74.849
67.292,93.101,50.083,77.707
68.479,90.647,51.408,79.134
68.192,89.542,52.722,79.993
68.632,88.566,53.570,79.918
70.246,90.243,54.002,77.410
72.208,91.541,51.471,75.167
73.988,93.505,50.588,74.727
77.309,94.970,48.625,74.613
78.195,95.592,49.691,73.360
81.574,97.547,47.908,72.624
85.178,100.375,44.595,69.411
88.935,101.294,42.949,66.591
91.328,103.949,42.384,62.616
93.744,106.390,43.716,58.438
95.499,107.353,42.698,57.425
97.604,108.636,41.299,57.215
100.780,109.804,39.826,56.728
102.643,110.758,38.369,52.582
105.336,109.542,37.934,52.236
108.498,108.888,37.695,51.931
109.509,108.272,38.044,53.195
110.512,107.594,38.655,54.100
111.449,107.388,38.772,55.305
112.577,104.529,40.794,57.479
115.427,104.695,41.555,58.731
115.786,104.507,42.687,58.372
116.399,105.379,43.761,57.515
116.642,104.331,44.875,57.327
122.973,105.417,41.877,54.959
129.370,105.714,38.659,52.965
133.210,109.164,35.963,49.940
139.099,110.648,34.142,46.029
140.328,111.661,34.239,44.947
142.195,112.693,33.371,43.796
144.854,112.195,31.722,42.828
146.565,111.495,31.682,42.528
149.338,110.022,33.884,42.898
151.864,110.286,34.379,42.149
154.034,111.080,35.512,41.675
154.463,110.584,36.511,42.060
158.707,109.738,39.485,43.151
155.356,109.488,40.247,42.551
161.239,109.911,40.154,41.620
164.194,111.163,39.649,40.549
165.303,111.450,41.634,40.082
167.368,110.673,42.495,39.873
170.949,109.197,41.999,40.482
175.332,107.924,42.960,42.492
178.657,103.892,45.411,44.616
180.217,102.305,45.769,43.503
182.878,101.100,47.229,43.598
187.370,101.851,48.063,44.489
189.605,101.726,46.554,44.781
193.280,102.282,43.981,42.877
196.681,100.021,42.915,43.140
198.950,100.033,41.493,43.455
200.207,100.932,39.441,43.238
202.152,102.754,37.395,43.296
202.529,104.586,37.434,42.872
204.884,103.807,36.887,42.307
207.900,102.973,36.216,42.760
209.916,103.852,36.100,42.656
211.708,104.363,34.684,41.330
214.124,105.280,34.563,40.721
217.728,106.512,35.357,40.554
220.013,106.943,36.787,41.605
224.586,106.485,39.134,42.196
224.244,106.307,39.735,42.642
227.195,105.905,41.686,43.142
228.045,105.658,43.426,43.348
228.978,105.169,45.445,43.892
231.950,105.423,45.121,44.318
235.739,105.459,46.778,44.405
238.220,107.903,46.941,42.212
239.697,107.306,47.993,40.866
238.255,108.725,50.758,41.724
238.665,107.568,51.647,41.495
243.147,107.082,52.823,42.996
242.758,105.120,55.241,42.779
246.170,105.206,57.038,43.916
