180.000,79.000,37.000,114.000
178.628,81.677,39.679,116.065
177.663,87.234,39.487,115.703
177.848,91.571,39.285,113.858
178.753,93.280,38.242,111.801
179.744,92.386,36.202,111.713
178.645,93.623,35.090,113.169
178.096,93.857,34.902,114.665
175.243,94.071,37.216,113.840
171.448,95.340,39.521,114.478
165.382,100.398,42.339,114.481
162.808,101.030,41.164,113.646
160.286,102.929,41.380,109.699
157.457,102.794,42.509,107.920
154.637,100.733,44.643,108.326
155.580,96.662,46.101,111.149
154.488,94.702,47.426,112.504
154.119,91.821,47.028,115.500
154.911,91.684,47.730,116.508
155.804,93.003,48.156,117.485
157.728,95.208,48.259,116.522
160.819,96.002,47.946,114.096
165.443,97.864,43.610,110.859
165.942,96.113,40.569,112.660
167.653,94.516,37.571,113.081
170.628,92.765,35.339,113.471
171.434,92.264,37.511,115.836
172.456,91.318,38.746,117.399
172.435,90.772,38.160,117.913
172.558,90.795,37.969,116.245
172.043,89.781,37.146,115.873
171.204,91.342,38.287,112.066
169.588,92.907,38.438,109.311
169.124,89.595,39.060,110.035
169.409,87.686,40.726,112.800
169.800,85.580,41.392,115.997
167.820,85.345,40.329,116.859
167.630,84.127,41.798,121.397
165.687,85.646,40.750,120.230
166.131,86.225,40.878,122.089
165.984,86.828,41.836,121.774
165.219,85.533,42.527,121.511
164.484,84.520,42.631,123.884
163.043,84.382,41.497,125.124
160.043,80.160,40.948,126.811
157.124,76.242,40.049,126.755
150.900,79.378,40.130,123.679
147.677,80.814,38.082,120.701
144.262,80.230,36.367,120.085
140.329,84.690,33.472,114.397
135.822,91.714,30.912,112.591
132.900,96.173,29.038,109.399
130.572,96.245,28.591,105.733
127.803,103.282,28.917,100.905
123.210,111.138,28.819,96.587
125.171,122.317,27.797,86.883
124.219,123.781,25.936,80.897
126.148,124.119,25.351,70.812
126.927,123.702,25.311,68.274
120.152,123.520,25.350,69.798
115.504,122.336,27.583,73.856
101.555,120.676,30.159,77.139
98.247,114.532,34.792,84.850
100.838,106.349,34.533,89.218
106.070,99.242,33.269,97.369
108.229,91.440,33.815,102.328
108.656,93.139,34.361,102.723
109.352,95.404,32.921,103.066
109.764,99.700,30.522,101.827
107.824,101.913,28.766,95.936
104.773,104.146,28.473,92.767
101.686,103.607,28.690,88.140
98.679,103.651,28.779,84.883
96.195,103.689,28.497,78.667
93.710,104.912,27.038,71.624
90.326,103.752,25.908,69.267
86.377,104.978,24.670,63.807
83.030,106.119,23.565,60.563
59.465,104.150,25.307,59.161
57.118,103.465,30.412,63.921
56.397,106.637,25.670,61.734
49.678,99.698,25.114,63.311
47.465,97.895,24.339,60.623
45.046,94.835,23.532,60.880
42.834,92.863,23.814,61.243
39.599,91.149,23.313,61.269
39.451,85.742,23.100,62.096
37.549,86.090,23.420,60.995
36.813,84.004,23.655,61.611
34.605,80.660,24.082,62.035
34.424,79.477,23.273,63.135
34.588,78.637,23.304,62.210
32.642,79.540,23.810,61.023
30.402,80.222,24.452,60.163
27.521,80.799,24.354,61.449
25.467,79.969,24.404,60.419
18.051,80.391,23.643,62.959
14.917,78.436,24.544,61.910
10.065,78.921,23.966,60.251
4.490,78.471,24.075,60.695
1.230,72.375,25.275,63.736
0.134,73.517,23.057,61.582
0.000,75.106,20.738,60.144
0.000,78.263,19.870,62.419
0.000,79.710,22.619,67.011
5.788,67.719,30.897,78.302
8.815,62.096,42.650,79.879
14.682,69.900,69.693,76.589
13.489,72.434,95.915,63.233
39.298,87.644,119.229,66.396
90.019,85.905,98.368,112.813
112.181,77.799,80.278,97.551
103.710,74.335,75.789,108.611
87.722,70.757,62.992,112.521
90.723,74.750,50.657,114.292
86.964,77.504,46.768,116.039
91.065,82.972,40.394,111.957
90.778,84.846,35.501,110.242
89.730,90.443,33.564,107.545
89.193,89.638,31.522,109.442
90.911,89.378,32.052,111.738
94.282,90.274,35.085,112.952
97.288,89.581,34.605,115.367
100.336,92.232,34.446,112.811
104.965,94.260,32.166,108.913
107.188,97.273,32.161,106.661
111.893,95.960,31.169,108.347
113.863,97.322,31.448,109.954
116.042,96.531,32.793,114.709
115.837,94.637,36.363,116.510
114.114,95.673,40.913,117.782
113.558,99.012,43.606,118.195
111.248,100.972,44.156,118.783
115.951,103.992,39.996,115.472
117.893,106.290,36.632,115.924
120.991,110.393,32.893,112.760
124.613,113.672,32.505,112.813
127.455,111.471,31.985,116.118
125.316,111.327,32.138,120.276
124.102,113.173,33.491,119.547
121.709,115.726,34.001,120.411
123.083,116.890,33.585,117.708
123.833,118.896,32.928,116.095
122.953,116.439,32.500,114.127
124.548,116.956,32.042,114.888
125.195,115.939,32.937,115.153
124.016,113.872,35.615,118.285
121.998,109.750,40.277,121.083
120.780,107.005,45.031,120.917
117.069,107.857,47.922,121.316
117.632,107.032,45.874,118.708
121.862,107.100,41.122,115.728
125.706,102.210,36.432,115.617
127.842,101.245,33.342,114.027
126.708,95.711,31.665,116.494
125.435,94.118,33.244,121.734
124.832,89.942,33.035,122.665
123.670,88.510,34.251,120.625
122.564,90.375,34.692,121.070
121.800,93.446,33.547,118.515
124.257,96.965,32.412,115.390
127.908,94.573,32.420,116.028
132.774,96.079,33.344,115.309
135.889,94.151,33.612,118.324
134.771,90.874,36.779,121.765
130.061,93.011,44.334,123.011
128.493,92.363,45.676,123.087
125.293,93.622,46.103,121.587
128.311,97.321,42.563,117.352
131.510,100.354,37.514,116.644
133.423,104.035,34.126,114.951
133.860,103.976,33.819,113.724
132.715,98.798,36.004,121.503
127.587,100.017,36.258,120.528
125.840,100.174,37.769,122.017
124.235,101.281,37.956,121.600
126.848,104.773,34.777,117.343
127.479,106.954,33.417,114.409
125.395,106.826,32.955,114.422
126.367,108.660,32.579,114.967
127.405,108.585,33.078,114.624
126.832,105.187,34.726,118.117
124.982,103.170,39.410,120.215
116.537,104.154,46.575,124.117
103.265,104.962,49.217,128.328
104.834,105.363,45.911,125.681
99.785,103.054,46.523,125.990
103.940,102.425,40.124,120.009
105.857,100.195,36.800,115.887
105.330,96.851,36.981,116.786
106.227,93.944,37.047,119.581
109.140,90.266,40.035,120.451
114.234,92.282,39.035,121.674
116.176,94.291,38.125,123.446
118.131,100.196,37.196,121.355
123.956,100.713,35.266,117.073
128.509,102.009,33.365,115.636
132.469,98.475,32.465,115.595
131.957,94.283,34.271,120.675
126.078,92.823,40.910,122.801
118.662,92.448,49.159,124.315
117.860,94.674,50.650,124.016
121.528,99.329,53.169,124.113
126.013,101.158,50.318,125.039
129.377,104.765,44.623,121.906
134.600,106.162,39.431,119.553
137.928,104.204,36.641,117.776
137.898,102.717,36.076,121.843
137.744,107.705,35.953,123.878
139.104,108.061,36.731,127.679
139.629,113.202,39.483,126.011
143.097,110.595,39.185,127.514
140.834,112.286,36.426,125.770
140.497,117.191,35.123,120.997
138.817,118.228,36.118,123.235
134.317,120.481,36.279,124.152
128.808,124.797,40.929,127.008
120.444,128.070,48.318,129.779
113.403,126.456,52.338,132.437
109.264,130.985,52.359,131.360
108.859,132.365,51.692,130.041
110.985,131.863,48.934,128.500
113.879,129.619,42.172,127.349
116.983,126.843,37.886,126.119
119.162,120.491,34.479,123.897
117.706,116.874,35.486,128.293
113.398,114.154,38.540,130.996
105.880,111.655,42.513,131.948
107.536,110.707,41.010,129.828
108.639,112.124,38.193,126.950
109.464,111.725,36.468,123.966
105.543,109.904,34.617,122.104
106.669,109.914,33.357,124.664
107.242,108.495,35.438,125.453
104.540,104.061,40.846,130.489
94.938,102.147,48.434,133.236
84.611,93.881,55.694,135.163
80.668,88.269,53.166,134.110
84.225,89.664,50.216,128.024
97.341,96.256,45.336,124.714
103.675,95.193,40.228,124.769
109.255,95.653,39.626,125.855
115.117,95.063,38.707,128.883
114.997,93.656,40.074,133.943
112.081,95.188,41.665,134.138
110.541,91.941,43.417,134.669
111.948,95.865,42.055,129.457
116.269,96.048,37.464,129.239
117.433,101.552,35.767,125.305
119.761,104.710,35.447,126.123
120.931,107.719,36.264,127.204
119.176,107.206,43.314,130.880
120.894,109.255,47.347,130.744
116.311,109.277,56.140,132.452
114.383,113.587,54.225,131.312
109.040,112.676,57.216,130.592
117.584,116.940,49.445,128.263
119.815,116.028,45.937,128.174
128.070,117.104,41.179,126.629
131.879,119.243,38.848,124.385
133.590,120.016,38.498,128.840
131.438,123.224,40.511,132.689
131.114,122.212,43.715,134.886
123.095,124.079,47.038,132.764
113.245,127.864,49.856,130.273
114.831,131.592,43.640,129.456
117.227,132.085,38.495,128.630
116.797,128.860,37.246,129.290
115.105,125.968,39.867,132.174
109.677,125.367,47.646,131.709
102.254,124.920,55.316,134.245
99.805,119.812,55.684,136.708
99.344,116.690,55.994,137.023
102.090,119.309,53.325,131.718
97.964,118.407,50.452,131.746
102.533,119.380,41.471,128.267
106.197,116.899,38.656,126.006
105.779,118.388,38.430,128.945
104.210,116.451,38.720,135.376
98.655,116.016,42.013,136.669
94.846,116.286,46.177,136.922
94.967,118.075,45.967,135.151
98.066,121.818,46.485,132.589
99.636,123.084,44.334,129.141
99.096,124.555,44.870,128.328
100.743,124.625,46.257,130.718
102.585,123.964,49.292,131.485
102.058,121.473,53.989,136.914
97.602,120.732,55.680,139.418
93.359,120.514,57.020,139.716
96.280,130.406,53.353,130.863
97.112,127.216,50.999,135.135
103.039,131.889,44.922,131.339
105.334,131.753,40.237,127.234
107.458,129.919,37.806,126.992
103.826,129.467,38.516,132.980
103.125,132.802,37.983,130.798
105.264,131.128,38.108,132.030
106.108,132.972,39.751,131.943
107.311,132.301,39.797,134.650
106.888,133.931,39.073,129.813
106.285,131.885,37.240,130.044
103.400,126.749,36.284,132.682
100.872,124.739,38.643,135.418
93.310,122.382,46.608,138.531
86.119,118.165,52.150,142.987
77.795,116.803,56.361,144.157
