298.000,149.000,67.000,122.000
295.484,152.793,63.906,124.977
298.402,152.661,65.786,132.239
301.013,151.298,66.599,138.522
296.842,146.104,65.686,143.282
299.181,149.431,67.894,151.256
285.043,140.591,72.499,166.707
298.609,148.962,82.710,181.594
290.847,143.585,81.677,187.143
291.999,144.928,82.974,187.177
292.562,144.189,93.058,194.681
289.568,139.479,103.647,206.086
285.655,135.594,97.236,203.133
285.318,137.867,106.311,206.593
288.999,140.676,106.381,207.763
286.955,147.505,112.851,212.745
284.346,146.243,127.481,217.213
280.479,151.626,129.394,207.811
285.780,146.021,124.719,203.333
281.847,149.934,130.710,204.963
279.958,149.672,129.424,205.099
275.066,143.044,132.448,206.882
279.918,140.981,134.036,205.778
277.289,137.302,138.435,209.871
282.160,138.268,133.413,209.844
278.694,138.721,136.753,209.975
283.802,138.524,131.769,209.441
282.502,133.569,129.436,208.290
285.542,132.012,131.408,208.684
280.564,130.760,133.693,208.240
278.916,133.934,135.074,207.206
282.553,131.804,129.935,205.520
289.149,136.838,126.495,200.360
283.128,128.208,123.595,201.187
286.518,127.873,117.746,204.695
293.261,115.031,112.597,209.449
289.313,121.399,117.920,212.803
289.339,119.880,123.099,209.568
292.949,118.611,121.244,208.041
292.806,120.652,112.653,203.499
291.584,122.224,117.347,206.751
296.521,120.580,115.351,202.629
297.706,117.927,107.636,204.907
299.157,113.026,107.825,209.297
305.007,111.640,106.243,212.609
296.587,110.923,102.049,212.113
301.813,108.250,96.999,209.619
300.766,110.389,102.941,215.087
302.112,110.899,98.867,208.280
302.341,112.807,103.002,210.462
304.922,106.445,102.032,209.648
305.444,104.487,105.514,211.609
303.127,102.020,107.826,209.909
309.504,100.530,114.251,210.316
311.799,94.243,117.807,217.650
312.992,90.561,112.570,212.001
319.283,90.171,116.003,212.615
333.310,88.590,120.102,206.611
312.696,95.130,122.603,208.856
332.392,97.249,113.039,204.129
325.095,107.128,118.541,198.711
330.433,112.190,106.584,191.410
326.423,118.475,99.372,186.856
331.513,126.619,96.004,182.619
334.094,130.454,90.861,167.093
333.181,132.058,95.923,176.227
341.959,129.470,86.082,169.655
334.782,135.482,89.400,168.730
340.486,139.348,87.067,165.607
339.324,140.871,87.283,161.852
339.001,142.023,84.022,161.659
341.001,141.357,81.706,161.081
341.962,141.542,80.862,162.019
344.973,139.094,79.274,159.696
345.038,136.764,81.320,163.138
345.625,133.825,78.535,164.320
345.108,131.526,75.878,165.053
347.240,131.297,72.636,166.620
348.986,130.941,72.597,164.177
350.484,133.445,70.826,164.149
353.774,136.470,68.714,157.444
355.526,137.272,69.215,156.078
357.849,136.420,69.031,156.066
358.715,133.575,68.986,157.982
363.473,133.020,67.108,158.156
364.168,130.547,66.425,161.148
363.462,129.348,67.277,163.109
365.692,127.163,66.092,163.071
366.843,126.330,69.531,162.832
367.805,125.789,66.317,163.829
368.944,127.294,65.828,164.600
373.364,130.840,63.339,162.539
375.368,130.943,64.083,161.938
376.471,131.822,65.970,160.248
377.192,132.141,67.558,161.840
379.766,131.796,67.097,161.384
380.482,132.279,68.580,158.444
381.535,127.073,72.512,164.959
384.853,128.532,73.373,165.095
385.162,128.782,77.323,167.763
385.542,128.763,83.029,169.153
386.211,128.220,87.456,168.859
385.655,125.409,93.750,171.326
384.399,123.529,94.880,175.008
384.240,122.911,94.310,176.922
384.556,121.671,96.821,179.743
382.287,119.934,95.741,179.702
381.972,120.505,95.235,181.594
380.671,120.494,95.170,182.085
372.853,120.637,88.828,179.238
374.030,118.577,88.429,176.091
375.150,120.885,90.865,186.540
379.187,119.549,87.294,185.101
375.819,116.479,89.844,183.869
374.542,119.067,90.517,186.990
373.087,116.879,89.835,185.656
371.878,116.923,92.421,190.307
371.642,118.580,90.806,186.042
370.061,116.064,93.798,190.616
368.292,116.448,96.063,192.007
367.030,114.849,96.262,194.708
365.713,115.669,94.864,195.342
364.292,113.064,91.308,197.988
364.161,110.929,87.734,199.980
362.998,110.140,86.725,202.207
362.165,107.276,86.298,204.381
360.250,107.269,89.849,208.267
359.039,107.406,89.916,209.403
356.025,106.106,90.880,207.986
358.105,103.064,89.709,208.689
356.209,105.867,90.958,206.092
356.349,105.939,93.790,208.731
356.304,106.519,96.026,215.338
355.316,106.616,95.406,212.728
354.435,106.821,98.929,213.211
353.508,107.458,105.155,212.569
353.254,108.526,107.602,214.098
344.144,108.210,107.873,217.819
347.445,107.744,98.655,218.214
347.530,109.628,94.480,213.094
347.512,109.209,92.811,215.952
349.439,114.328,89.570,216.572
350.112,110.002,88.746,215.240
349.676,112.530,90.218,216.961
347.637,112.023,91.173,215.278
344.687,113.214,94.861,219.797
344.427,108.654,93.548,221.532
347.256,107.253,95.883,221.003
349.773,106.959,97.529,224.622
350.150,108.242,99.208,223.541
351.440,109.226,99.546,224.015
349.135,113.909,101.724,222.012
352.503,116.168,99.590,216.354
351.253,118.976,100.103,218.119
352.024,119.205,99.535,215.970
345.269,117.839,105.945,211.199
342.946,125.785,104.968,206.702
347.872,128.242,101.061,203.245
342.803,125.526,98.050,206.008
344.609,124.992,94.119,202.158
343.480,133.531,91.097,188.486
342.493,132.766,87.255,185.492
340.660,128.584,84.718,188.109
339.671,129.542,84.300,183.768
338.500,132.038,85.079,181.446
339.332,133.517,83.868,178.828
336.917,136.670,85.766,174.388
334.824,135.002,88.631,173.894
334.215,135.473,90.452,172.344
332.275,134.317,91.384,172.529
334.178,132.943,89.628,172.349
331.356,129.292,91.159,175.502
330.073,130.819,91.025,175.162
332.415,129.309,88.490,174.099
330.720,130.190,88.178,178.175
331.836,133.031,86.100,175.496
334.651,136.284,84.928,172.457
332.538,137.441,87.109,173.285
331.792,137.099,88.412,174.492
332.752,135.724,92.305,171.301
335.046,137.044,90.761,172.296
332.803,139.182,89.292,174.214
337.463,137.411,85.053,174.266
334.286,137.828,84.528,172.596
335.039,135.547,87.618,173.296
326.497,133.431,86.916,180.378
332.650,126.396,79.032,184.901
330.656,129.559,77.756,183.086
329.564,127.468,72.263,185.267
325.991,127.408,70.507,186.764
323.986,126.640,68.469,188.526
318.842,126.261,69.781,190.766
315.280,122.755,73.600,191.997
312.737,124.733,73.006,192.227
312.229,122.623,69.932,195.487
307.899,121.911,69.177,198.709
310.816,119.383,68.371,200.794
309.491,118.604,66.877,202.991
308.845,115.885,63.070,204.237
310.831,115.212,57.250,202.723
311.485,119.092,59.140,200.730
312.074,124.470,60.181,198.060
314.130,120.907,59.578,197.522
312.338,122.002,60.771,197.751
313.149,120.079,60.612,196.344
313.562,117.209,64.416,198.869
315.565,115.698,67.523,198.884
314.817,117.559,68.965,202.668
317.585,108.221,69.727,205.274
314.728,104.309,73.803,210.778
315.205,99.052,73.423,212.146
312.714,97.407,80.690,220.456
315.008,85.914,81.933,223.733
315.004,86.055,87.430,218.850
320.578,91.783,88.644,217.151
316.722,97.732,94.525,215.921
323.726,97.619,90.814,209.117
316.697,99.799,95.964,215.781
330.005,103.540,92.523,204.396
325.260,108.017,97.586,211.630
335.940,99.859,94.510,206.088
327.106,105.595,98.432,213.550
335.852,97.190,100.091,210.670
326.499,103.501,108.447,218.828
346.624,102.384,95.848,203.528
332.007,111.241,103.283,209.660
357.087,108.859,88.358,199.723
341.814,120.156,94.781,200.921
348.633,125.046,88.836,192.770
357.310,121.065,80.944,194.708
357.978,117.263,74.278,196.389
360.985,120.455,71.344,195.775
360.785,114.670,71.520,200.264
366.542,117.151,68.027,201.246
367.205,113.367,66.140,201.374
369.700,118.777,66.152,205.593
369.241,116.171,65.617,205.200
368.465,113.401,67.009,209.546
370.605,113.206,67.634,212.805
370.804,116.887,68.381,215.128
368.738,114.918,65.837,214.359
369.693,114.905,65.641,216.005
370.497,120.305,63.629,214.351
370.078,123.718,67.361,211.417
370.598,119.672,66.228,214.185
370.897,122.473,65.390,212.460
371.013,120.178,67.805,214.236
370.243,119.832,66.465,213.736
369.157,118.539,63.870,213.258
369.798,115.113,64.007,214.820
369.950,117.405,63.609,216.476
371.102,118.358,64.309,217.923
375.909,116.314,63.456,214.180
378.554,118.461,61.482,210.856
378.203,113.961,56.929,213.827
379.451,114.614,53.519,212.038
379.652,115.036,51.230,203.134
378.985,116.257,53.090,201.882
382.626,115.210,57.362,203.865
382.057,122.708,59.058,200.511
378.289,126.440,58.455,199.500
379.100,121.304,62.392,202.225
376.452,115.290,63.625,202.281
377.351,117.078,69.946,206.426
376.645,118.659,79.899,203.429
377.126,120.212,87.770,202.732
378.667,124.198,90.142,201.525
376.482,125.073,92.204,199.500
380.373,125.361,91.117,200.676
378.173,125.176,95.859,201.695
379.811,125.714,97.373,203.835
381.856,125.513,98.678,205.012
380.713,123.663,99.014,203.330
378.167,118.503,103.950,205.812
377.475,113.984,103.894,209.401
370.805,103.172,104.228,213.750
372.371,112.321,102.240,212.882
379.736,114.813,103.757,208.244
376.763,116.025,108.372,209.981
372.875,114.563,109.598,211.197
373.692,111.128,108.279,212.528
365.226,109.182,114.626,214.086
365.001,109.110,113.371,214.516
363.885,116.357,115.502,211.807
361.129,111.432,117.696,210.573
356.875,108.044,117.800,211.283
357.235,110.763,119.396,213.917
356.032,113.107,120.051,213.500
348.986,116.602,123.133,204.708
347.656,116.731,126.445,209.102
339.421,119.067,120.371,209.708
335.139,121.744,113.693,209.107
332.103,125.737,109.679,206.764
330.053,122.748,104.493,207.500
325.398,123.786,97.098,212.387
322.749,121.783,92.834,216.109
317.894,115.766,88.509,220.479
319.419,115.674,83.726,222.499
314.687,110.791,82.040,224.258
315.579,104.789,86.309,229.053
316.272,107.723,84.815,228.001
315.818,109.859,87.073,228.317
312.218,105.119,86.771,232.570
309.642,108.805,85.824,227.676
308.680,105.201,83.487,232.112
308.467,108.062,80.492,229.170
306.907,106.907,81.019,232.598
306.573,110.057,80.221,230.670
302.526,110.509,80.788,231.728
303.329,110.185,80.885,230.298
307.477,111.114,81.930,227.030
307.491,111.899,82.604,226.351
304.056,111.121,82.103,228.898
303.678,108.187,77.703,231.738
305.610,104.807,79.054,231.611
303.304,110.994,80.180,234.837
305.187,114.176,77.722,231.876
305.006,120.269,75.495,226.971
307.556,112.886,74.589,226.124
307.824,116.453,72.905,232.926
312.718,105.452,71.046,228.532
303.136,107.047,72.628,236.901
299.568,108.787,72.292,236.097
301.808,92.193,80.713,232.396
306.296,87.950,82.615,242.016
316.860,93.733,89.456,245.217
314.579,96.320,94.618,249.952
305.448,102.071,95.713,247.089
287.396,95.172,98.054,249.457
286.041,91.175,105.343,244.128
285.735,109.870,111.965,238.576
283.649,102.479,120.024,247.152
279.624,93.746,124.950,252.188
279.137,93.569,127.978,252.974
276.168,91.184,131.658,256.026
277.531,85.193,133.143,260.938
265.719,82.457,131.952,264.309
258.573,75.572,130.375,271.438
266.321,74.494,120.230,265.630
265.612,76.757,112.508,268.807
270.583,74.142,108.262,272.822
269.643,71.329,107.523,272.585
269.887,74.291,104.391,263.856
267.012,71.049,107.240,268.024
271.810,72.729,105.315,270.542
275.221,71.121,103.415,268.620
277.761,74.787,101.538,268.034
280.854,69.039,97.643,269.245
281.166,65.218,96.435,277.619
294.440,70.420,92.498,272.708
292.481,74.166,96.769,275.502
291.842,73.628,97.531,275.957
294.622,76.033,98.020,274.570
289.315,69.009,99.997,280.696
293.180,70.524,103.829,281.287
295.882,70.463,100.807,281.969
296.518,62.187,100.412,290.605
294.995,61.413,99.882,301.638
294.222,51.681,98.346,308.695
289.407,51.551,94.735,310.793
287.302,53.422,91.558,309.831
287.995,55.218,92.212,310.256
284.709,47.996,94.411,317.470
270.292,39.702,94.863,315.784
269.065,42.757,99.927,311.831
274.785,46.164,106.342,309.622
