162.000,188.000,34.000,84.000
161.127,184.678,42.782,84.773
156.768,179.237,46.128,91.020
154.721,177.484,46.436,95.403
155.074,172.643,46.674,103.347
156.376,171.208,46.142,106.943
156.510,172.616,48.504,108.157
154.138,171.019,50.762,108.044
153.432,174.426,50.924,104.528
151.367,178.206,50.368,102.262
149.249,178.401,50.549,100.115
150.014,181.491,46.653,95.917
154.483,181.576,42.302,92.110
155.860,180.456,42.685,88.538
155.680,181.917,42.403,86.133
155.499,183.979,42.783,84.696
154.978,184.340,43.354,86.558
155.632,185.097,44.776,83.725
154.646,188.300,45.218,84.007
154.574,187.653,45.657,84.160
154.395,191.588,44.414,81.106
154.824,191.638,42.680,81.012
154.632,192.367,43.276,82.867
154.754,193.621,42.041,81.364
155.275,194.904,41.204,81.994
156.320,195.048,40.202,81.443
157.245,193.531,41.094,78.923
159.226,195.287,42.884,75.926
160.344,194.598,42.844,78.116
161.608,194.935,41.201,77.641
165.472,192.746,39.211,78.415
163.395,196.553,40.048,80.489
164.176,197.465,39.878,80.494
163.507,197.319,39.498,82.401
162.157,194.504,41.763,86.617
161.176,194.055,44.812,86.224
158.115,194.847,44.132,84.767
154.325,192.545,48.366,88.400
152.603,195.325,50.305,88.704
151.445,195.574,50.740,89.792
148.049,193.871,51.454,91.602
145.448,194.485,55.276,90.982
142.399,193.656,59.313,92.093
142.490,195.552,60.251,91.576
142.849,197.417,59.571,89.463
143.063,197.283,58.819,87.347
143.314,197.717,59.197,83.561
141.665,197.093,61.487,87.667
141.226,194.048,63.292,90.384
138.897,197.078,68.239,88.971
139.067,194.583,71.401,94.903
137.981,196.087,71.672,94.485
134.747,196.876,67.081,94.195
133.412,196.305,63.168,93.322
139.557,196.447,55.322,91.025
141.238,196.841,50.423,89.858
140.955,195.754,51.711,89.843
141.285,193.906,52.981,91.089
140.149,189.054,51.239,92.511
138.694,182.808,48.824,94.204
136.840,183.803,51.619,93.397
136.899,182.024,51.447,91.181
132.664,183.977,49.070,90.795
133.057,185.184,46.564,91.142
132.880,188.494,44.120,91.061
133.174,187.055,44.206,92.557
133.038,186.418,44.999,91.185
129.332,186.519,47.574,92.985
127.927,187.440,50.313,93.202
129.229,184.695,50.882,94.151
131.151,185.348,51.575,93.702
131.803,184.242,52.586,95.780
131.158,183.391,54.069,97.248
130.311,181.829,54.087,98.852
131.347,182.091,56.053,100.527
132.670,181.724,59.101,100.202
133.973,183.718,61.976,104.867
136.428,183.653,60.795,105.754
141.473,181.444,56.981,109.521
147.521,179.548,55.130,111.418
156.337,181.490,53.340,108.031
159.481,183.129,50.094,106.267
162.314,185.752,50.488,107.111
167.178,188.279,49.250,106.073
171.241,189.629,47.495,103.963
175.343,188.182,44.994,101.372
178.539,184.829,46.055,100.543
182.156,184.125,47.123,100.151
184.198,184.350,48.316,103.498
184.428,182.749,50.531,104.471
186.961,181.575,50.588,105.255
189.593,179.157,51.154,106.682
191.006,181.560,52.999,104.350
190.940,182.174,55.279,104.220
192.019,184.579,53.466,104.213
192.318,181.165,51.964,101.930
192.347,183.125,51.316,101.438
191.967,181.066,52.592,101.933
191.212,179.835,53.863,103.961
192.103,180.103,56.456,104.567
193.687,180.713,57.654,105.511
193.592,182.175,57.942,106.168
194.951,179.587,60.107,108.995
195.293,181.227,61.250,110.221
194.241,177.304,61.603,115.475
194.556,175.875,61.675,116.254
195.500,173.884,60.585,115.713
197.388,171.660,59.765,115.377
198.828,171.430,60.353,116.565
198.673,168.930,61.185,118.887
199.677,166.431,61.103,120.048
201.461,164.921,62.193,121.418
202.717,162.819,63.631,122.541
203.888,160.832,66.506,125.994
205.000,159.637,65.896,125.725
206.016,158.753,66.966,125.692
207.656,157.543,66.330,127.954
208.848,155.851,66.095,128.196
210.432,155.325,67.243,129.757
211.874,156.489,66.440,131.499
212.867,154.585,64.887,132.878
213.049,154.408,65.625,133.583
213.954,154.576,65.728,135.329
214.776,154.795,65.565,134.991
215.173,155.179,64.803,136.038
214.677,156.028,65.481,134.840
215.147,156.266,66.269,134.420
214.487,155.845,66.835,135.786
214.625,158.338,66.293,135.006
214.870,155.002,65.742,136.831
215.404,155.146,67.075,136.158
214.767,156.021,66.985,135.990
214.757,155.123,67.110,137.185
215.117,158.107,65.921,133.146
214.912,155.717,66.075,135.890
215.110,153.401,65.343,136.339
215.357,153.870,64.917,133.230
215.149,154.480,64.360,133.191
214.811,154.139,63.944,134.215
214.846,154.398,64.926,133.385
214.439,152.744,64.876,134.277
215.693,154.024,65.512,133.650
215.329,152.584,64.407,133.857
216.244,153.591,64.880,132.608
215.581,153.566,64.716,132.501
215.947,152.075,65.252,133.364
214.972,152.018,65.359,132.518
215.399,150.288,66.763,132.509
214.655,151.383,66.643,130.180
214.381,150.042,65.279,130.226
214.552,149.566,65.483,128.756
214.905,150.166,64.919,127.865
216.308,150.119,64.637,126.741
217.604,151.358,64.624,124.103
221.656,151.990,65.585,127.215
221.211,152.141,64.671,130.911
225.962,152.337,62.544,128.528
228.386,152.172,66.409,129.852
227.091,146.641,69.354,135.949
224.328,149.747,67.376,135.810
225.159,152.788,65.502,136.653
226.950,149.953,61.586,140.628
228.046,139.529,61.611,145.249
228.949,144.086,60.239,142.193
228.926,141.555,59.503,145.315
229.196,140.642,57.633,144.361
229.218,139.239,57.733,143.943
229.910,140.130,57.349,141.845
229.319,140.307,59.321,141.790
228.592,135.961,62.575,144.915
232.858,139.446,62.121,143.097
234.716,134.896,61.472,146.247
236.414,143.787,62.556,140.041
235.105,141.561,63.329,140.917
232.429,142.278,64.496,141.365
228.705,142.604,65.534,143.040
226.388,144.743,61.540,141.419
226.472,144.036,58.860,139.176
224.377,145.852,58.865,137.780
217.616,141.037,59.144,140.643
219.304,144.453,58.859,136.836
215.117,141.936,56.291,138.477
216.873,142.065,51.213,138.057
216.674,141.940,49.711,136.202
216.038,141.056,49.592,136.484
215.987,142.195,46.252,134.116
217.128,143.467,46.395,133.776
213.112,143.656,45.927,134.230
212.357,146.052,45.523,132.666
212.299,146.512,46.509,133.076
212.095,150.454,46.169,133.985
209.625,151.848,45.858,132.671
205.898,157.005,48.258,127.119
203.481,162.238,49.513,122.446
202.123,162.333,51.045,122.278
201.397,161.722,52.013,124.268
197.751,161.850,55.687,127.934
193.727,159.606,59.922,129.883
193.564,161.190,60.288,124.919
194.399,159.863,59.960,121.679
194.292,160.605,59.919,119.305
194.277,160.366,59.748,118.401
190.137,156.953,61.512,122.634
189.585,158.975,64.119,124.884
185.531,161.175,69.102,129.463
186.471,161.695,71.107,132.129
183.868,168.548,75.678,138.938
184.748,169.525,75.311,148.713
176.011,173.031,77.657,148.254
171.737,171.855,70.898,135.029
174.955,174.185,67.002,123.395
172.771,172.145,61.696,121.994
170.225,178.124,60.203,120.074
171.064,178.790,58.945,116.732
166.905,180.953,61.545,115.317
163.288,181.954,66.171,113.622
166.671,186.116,64.177,108.558
162.924,192.786,64.226,104.263
162.600,187.285,62.336,106.906
160.276,187.006,63.191,107.958
159.471,188.828,62.357,105.209
164.155,188.779,59.078,102.521
169.113,191.783,54.167,101.852
170.545,191.213,50.009,96.612
172.710,192.426,47.432,93.474
172.106,193.427,46.099,91.812
173.033,194.830,44.989,89.060
171.959,192.882,44.327,86.171
171.345,190.356,49.373,84.957
173.775,194.298,47.218,80.791
173.378,188.379,46.753,80.233
173.362,189.901,45.185,80.243
174.269,189.257,44.251,83.355
175.301,188.325,44.935,87.341
175.124,184.016,45.816,90.572
175.786,182.708,45.663,97.307
177.162,179.527,46.745,98.994
178.320,178.836,48.273,100.547
178.390,175.762,50.250,102.590
177.944,169.149,51.261,108.300
176.955,160.942,54.003,114.877
177.327,153.760,56.578,124.198
176.952,147.033,56.809,131.963
177.346,145.297,57.729,132.609
175.641,145.959,59.928,136.451
178.155,148.117,58.756,134.051
182.186,145.338,57.314,134.835
175.518,145.812,63.864,138.839
174.481,145.192,63.671,136.426
168.654,141.866,67.196,137.923
172.872,138.284,65.973,134.612
171.675,138.635,66.971,138.809
173.482,138.669,67.470,142.154
180.791,137.154,65.578,146.638
185.375,141.501,66.739,145.077
186.287,141.925,66.211,149.903
186.644,146.617,65.039,152.119
187.924,141.887,67.611,154.601
186.940,141.544,76.202,163.095
188.197,139.997,81.344,166.014
188.582,143.770,82.829,166.183
187.388,147.899,80.277,167.928
189.577,146.863,74.703,169.333
188.378,142.318,64.932,164.567
187.010,133.899,63.168,161.357
186.633,133.702,65.433,158.413
187.055,134.695,67.536,158.175
189.855,133.419,66.639,158.820
190.692,133.932,66.825,160.157
187.943,131.551,70.924,160.812
190.302,135.817,73.115,157.451
194.730,139.148,77.707,154.392
197.040,130.862,76.601,154.683
196.391,134.877,74.399,156.962
201.269,135.764,71.828,154.401
209.669,137.635,66.384,154.167
212.753,138.804,62.409,152.324
212.088,134.687,63.358,162.573
214.382,130.155,66.661,167.164
220.977,136.988,63.088,163.879
226.896,142.731,62.379,155.336
227.082,144.810,65.710,150.357
229.955,149.360,72.398,145.375
229.791,147.517,74.193,146.574
229.053,138.957,71.933,152.133
229.248,133.477,74.269,164.221
228.868,135.259,73.483,165.574
230.830,128.511,67.487,172.736
232.886,135.483,65.368,171.768
236.190,128.847,60.230,177.598
238.809,133.927,59.621,174.519
239.851,131.586,58.490,172.480
240.942,135.952,57.903,166.413
241.078,132.737,61.068,165.704
241.963,134.768,61.588,161.170
242.346,136.380,69.879,164.812
242.332,129.575,72.975,166.229
243.111,138.953,73.675,161.887
244.298,140.621,77.889,164.062
245.310,138.277,71.624,166.452
242.409,140.850,66.319,169.080
241.658,138.058,59.989,170.048
241.664,141.605,51.390,168.760
241.582,142.523,54.487,168.228
237.196,143.525,54.814,168.641
233.596,148.536,56.013,165.648
232.729,154.749,57.930,161.438
231.116,161.025,59.537,159.332
235.995,162.740,55.606,152.204
236.161,158.824,53.093,150.370
237.286,158.860,51.762,150.155
235.540,155.002,57.180,155.557
233.972,154.960,62.761,156.533
237.235,159.986,69.572,160.395
237.516,164.086,71.265,167.665
234.576,166.861,70.498,170.960
231.325,165.104,68.002,172.324
230.022,161.168,61.504,171.401
229.035,157.713,61.465,168.276
227.940,152.070,58.242,158.545
224.218,149.735,58.964,157.632
222.199,146.200,58.025,156.155
220.624,146.892,55.522,157.671
218.929,145.195,55.727,160.181
216.125,143.407,57.060,161.249
214.700,139.897,59.345,164.036
213.794,137.058,61.826,163.365
211.058,136.905,66.801,162.633
208.454,138.405,72.715,162.020
204.227,139.917,77.745,160.733
202.342,139.192,78.164,161.164
203.670,140.849,73.417,159.103
205.747,140.964,70.030,157.397
207.496,141.361,68.399,158.040
209.926,143.396,66.625,155.699
212.456,139.532,64.619,156.788
219.453,139.142,63.889,157.472
225.739,138.937,60.994,161.055
230.689,137.124,55.206,159.126
233.728,137.896,55.170,159.733
238.317,137.612,53.548,158.679
244.532,140.061,53.275,157.191
251.137,141.386,52.811,152.764
251.628,141.186,53.868,154.340
249.915,139.916,59.323,155.220
251.990,140.659,65.326,159.439
255.652,134.576,65.600,156.663
261.809,131.140,67.684,161.737
262.531,122.374,79.553,164.702
260.896,122.217,92.427,172.078
263.612,109.781,108.577,171.098
267.740,96.825,127.933,178.416
270.620,86.337,164.778,186.592
278.638,91.007,183.253,194.093
276.182,90.692,189.867,192.686
270.934,86.188,193.875,193.480
269.574,85.356,199.818,191.325
270.641,89.664,216.464,178.568
274.276,101.448,218.644,173.180
287.062,111.432,204.111,176.332
277.021,117.816,199.471,195.084
288.985,122.496,190.012,188.873
308.596,131.473,179.904,185.214
319.703,137.078,165.518,183.876
341.492,146.989,145.998,173.426
364.176,153.591,128.519,162.147
395.423,152.770,89.696,162.714
402.402,150.222,77.727,168.367
405.075,152.759,67.709,168.361
407.757,154.197,67.317,162.937
407.502,153.558,71.218,168.455
404.681,157.464,69.713,162.989
400.194,158.229,69.216,158.105
406.859,157.420,64.750,154.461
412.422,149.271,60.026,161.979
418.739,146.255,55.050,162.665
423.163,145.679,53.866,168.876
424.594,146.299,54.871,172.434
424.388,144.325,53.781,172.060
425.578,146.913,56.400,176.606
429.708,145.622,56.280,180.308
431.733,145.133,54.693,183.016
434.790,147.298,54.408,176.649
436.826,146.361,52.784,173.081
440.362,146.489,51.111,175.436
442.985,144.464,50.709,175.893
444.990,147.066,51.860,171.519
446.069,148.229,48.318,168.164
447.066,146.072,47.147,167.646
447.332,148.690,47.837,168.675
448.609,151.709,50.606,171.731
449.041,153.999,53.886,174.752
448.637,153.598,56.480,177.768
448.523,146.334,61.216,183.457
449.108,149.162,62.415,181.447
446.920,149.804,65.108,180.902
444.906,152.715,67.011,180.307
442.686,147.538,68.671,180.257
441.223,146.839,68.255,179.943
441.907,140.211,66.859,181.566
