129.000,80.000,64.000,78.000
119.508,77.766,64.000,78.000
112.807,75.533,64.000,78.000
106.665,70.508,64.000,78.000
100.523,65.482,64.000,78.000
94.939,61.574,64.000,78.000
93.822,59.898,64.000,78.000
91.589,61.574,64.000,78.000
89.914,66.041,64.000,78.000
88.239,72.183,64.000,78.000
85.447,77.766,64.000,78.000
82.655,82.233,64.000,78.000
78.188,84.467,64.000,78.000
71.487,83.909,64.000,78.000
65.345,82.792,64.000,78.000
59.203,78.325,64.000,78.000
58.086,73.858,64.000,78.000
58.086,69.949,64.000,78.000
60.878,70.508,64.000,78.000
65.904,69.949,64.000,78.000
70.929,73.299,64.000,78.000
73.162,76.091,64.000,78.000
74.279,79.442,64.000,78.000
78.188,81.117,64.000,78.000
82.096,82.792,64.000,78.000
87.122,83.909,64.000,78.000
91.589,81.117,64.000,78.000
96.056,74.975,64.000,78.000
100.523,68.274,64.000,78.000
108.340,61.015,64.000,78.000
118.391,56.548,64.000,78.000
124.533,55.990,64.000,78.000
130.675,61.015,64.000,78.000
134.025,63.807,64.000,78.000
136.817,67.157,64.000,78.000
139.051,67.716,64.000,78.000
139.609,69.949,64.000,78.000
140.726,71.066,64.000,78.000
137.934,67.716,64.000,78.000
140.168,66.041,64.000,78.000
139.051,63.249,64.000,78.000
137.934,60.457,64.000,78.000
140.168,61.574,64.000,78.000
137.934,64.365,64.000,78.000
137.376,64.365,64.000,78.000
135.701,66.041,64.000,78.000
134.584,65.482,64.000,78.000
134.584,67.157,64.000,78.000
134.025,66.041,64.000,78.000
136.259,64.365,64.000,78.000
138.492,61.015,64.000,78.000
141.284,56.548,64.000,78.000
145.751,53.198,64.000,78.000
150.218,52.081,64.000,78.000
153.569,57.107,64.000,78.000
154.127,63.249,64.000,78.000
151.893,69.391,64.000,78.000
153.569,74.975,64.000,78.000
150.218,76.650,64.000,78.000
146.868,73.299,64.000,78.000
145.751,67.157,64.000,78.000
150.777,61.015,64.000,78.000
155.802,58.782,64.000,78.000
160.827,61.015,64.000,78.000
160.827,62.132,64.000,78.000
161.944,66.041,64.000,78.000
158.036,69.391,64.000,78.000
152.260,72.375,62.635,76.337
147.134,72.663,61.299,74.709
141.086,71.397,59.992,73.116
132.140,68.645,58.713,71.556
128.323,65.459,57.461,70.030
126.317,59.944,57.461,70.030
129.827,57.939,57.461,70.030
129.827,59.443,57.461,70.030
129.325,62.451,57.461,70.030
129.827,65.459,57.461,70.030
128.824,67.464,57.461,70.030
127.821,68.466,57.461,70.030
125.315,70.472,57.461,70.030
123.309,70.973,57.461,70.030
120.803,67.464,57.461,70.030
124.312,64.456,57.461,70.030
127.824,62.303,56.235,68.537
131.749,60.341,56.235,68.537
141.334,64.855,55.036,67.075
145.655,68.696,55.036,67.075
150.457,68.216,55.036,67.075
159.100,66.775,55.036,67.075
162.941,64.375,55.036,67.075
166.303,63.414,55.036,67.075
168.703,62.454,55.036,67.075
168.223,61.494,55.036,67.075
168.703,57.172,55.036,67.075
170.144,54.771,55.036,67.075
170.624,52.370,55.036,67.075
168.223,51.410,55.036,67.075
169.664,52.851,55.036,67.075
172.565,56.805,53.863,65.645
170.215,61.035,53.863,65.645
166.926,66.674,53.863,65.645
162.696,71.843,53.863,65.645
157.527,72.313,53.863,65.645
153.298,69.963,53.863,65.645
151.888,66.204,53.863,65.645
157.897,57.845,52.714,64.245
161.117,45.887,52.714,64.245
162.956,40.369,52.714,64.245
161.745,42.827,51.590,62.875
163.096,45.077,51.590,62.875
164.896,46.878,51.590,62.875
164.896,49.128,51.590,62.875
166.748,51.534,50.490,61.534
168.950,52.855,50.490,61.534
170.712,54.617,50.490,61.534
173.355,53.736,50.490,61.534
172.034,51.093,50.490,61.534
174.677,51.534,50.490,61.534
177.760,53.296,50.490,61.534
178.641,55.939,50.490,61.534
175.998,59.463,50.490,61.534
172.034,61.225,50.490,61.534
168.069,62.987,50.490,61.534
165.211,64.492,49.413,60.222
166.073,64.492,49.413,60.222
163.055,60.612,49.413,60.222
158.313,58.457,49.413,60.222
153.571,59.750,49.413,60.222
151.189,62.885,48.359,58.938
147.392,59.510,48.359,58.938
146.970,54.869,48.359,58.938
145.046,52.651,47.328,57.681
143.162,55.256,46.319,56.451
144.375,57.680,46.319,56.451
143.700,61.788,45.331,55.247
141.722,65.347,45.331,55.247
140.141,67.325,45.331,55.247
139.350,66.534,45.331,55.247
137.372,64.952,45.331,55.247
140.536,61.788,45.331,55.247
144.886,57.437,45.331,55.247
151.610,58.228,45.331,55.247
159.520,59.019,45.331,55.247
163.870,60.206,45.331,55.247
167.034,60.997,45.331,55.247
169.012,61.788,45.331,55.247
168.221,63.765,45.331,55.247
169.803,63.765,45.331,55.247
172.967,61.392,45.331,55.247
171.385,61.392,45.331,55.247
171.780,62.183,45.331,55.247
167.034,59.415,45.331,55.247
162.288,57.042,45.331,55.247
163.079,58.228,45.331,55.247
161.102,60.601,45.331,55.247
161.893,63.765,45.331,55.247
161.893,67.720,45.331,55.247
160.311,70.489,45.331,55.247
165.452,73.257,45.331,55.247
168.221,74.444,45.331,55.247
170.594,76.026,45.331,55.247
170.989,77.212,45.331,55.247
171.385,77.608,45.331,55.247
169.407,77.212,45.331,55.247
168.221,76.817,45.331,55.247
166.243,77.212,45.331,55.247
164.661,77.212,45.331,55.247
162.288,75.630,45.331,55.247
159.124,76.026,45.331,55.247
157.147,73.653,45.331,55.247
153.983,74.839,45.331,55.247
150.028,72.862,45.331,55.247
147.655,74.048,45.331,55.247
145.282,73.653,45.331,55.247
144.095,75.630,45.331,55.247
141.722,75.235,45.331,55.247
140.536,73.257,45.331,55.247
141.327,69.302,45.331,55.247
142.118,65.743,45.331,55.247
144.095,66.138,45.331,55.247
145.282,66.929,45.331,55.247
147.259,63.765,45.331,55.247
148.050,65.743,45.331,55.247
146.864,68.116,45.331,55.247
142.909,68.907,45.331,55.247
142.909,68.511,45.331,55.247
142.513,70.884,45.331,55.247
144.491,70.093,45.331,55.247
146.073,70.093,45.331,55.247
147.655,67.720,45.331,55.247
148.050,64.556,45.331,55.247
150.821,63.621,44.364,54.069
152.756,59.750,44.364,54.069
155.079,57.428,44.364,54.069
146.950,54.331,44.364,54.069
145.402,53.170,44.364,54.069
143.854,55.105,44.364,54.069
139.983,53.557,44.364,54.069
138.964,57.118,43.418,52.916
135.934,55.224,43.418,52.916
138.964,59.012,43.418,52.916
141.237,57.118,43.418,52.916
145.783,55.982,43.418,52.916
148.813,54.088,43.418,52.916
152.222,51.815,43.418,52.916
157.904,51.436,43.418,52.916
161.314,54.845,43.418,52.916
163.586,56.739,43.418,52.916
166.996,57.497,43.418,52.916
170.026,56.739,43.418,52.916
170.405,52.951,43.418,52.916
171.163,49.542,43.418,52.916
173.814,47.648,43.418,52.916
176.833,47.847,42.492,51.787
174.609,51.184,42.492,51.787
175.350,55.632,42.492,51.787
171.643,61.564,42.492,51.787
165.711,65.271,42.492,51.787
157.184,68.237,42.492,51.787
149.399,67.866,42.492,51.787
140.872,65.642,42.492,51.787
138.648,66.383,42.492,51.787
135.682,64.159,42.492,51.787
133.829,60.081,42.492,51.787
135.682,61.193,42.492,51.787
138.277,62.305,42.492,51.787
140.502,62.676,42.492,51.787
144.209,65.642,42.492,51.787
146.433,68.608,42.492,51.787
149.399,71.944,42.492,51.787
154.219,75.652,42.492,51.787
157.184,77.505,42.492,51.787
160.176,75.394,43.432,52.933
161.661,70.484,44.393,54.104
161.661,65.836,44.393,54.104
162.823,64.674,44.393,54.104
163.985,65.061,44.393,54.104
165.101,66.874,45.375,55.301
165.497,67.270,45.375,55.301
163.352,66.247,46.379,56.525
162.138,63.010,46.379,56.525
160.924,59.368,46.379,56.525
160.115,54.513,46.379,56.525
160.924,50.062,46.379,56.525
157.687,46.420,46.379,56.525
154.655,45.375,47.406,57.775
151.760,51.992,47.406,57.775
143.902,52.406,47.406,57.775
142.248,52.819,47.406,57.775
145.143,54.060,47.406,57.775
142.661,54.474,47.406,57.775
139.352,56.128,47.406,57.775
134.537,55.918,48.454,59.054
132.000,55.918,48.454,59.054
134.537,53.382,48.454,59.054
136.651,53.382,48.454,59.054
137.496,56.341,48.454,59.054
140.033,59.723,48.454,59.054
140.878,64.796,48.454,59.054
139.610,68.600,48.454,59.054
141.724,71.137,48.454,59.054
139.610,69.869,48.454,59.054
140.455,65.641,48.454,59.054
143.837,56.764,48.454,59.054
148.065,51.691,48.454,59.054
151.024,52.959,48.454,59.054
153.138,56.764,48.454,59.054
153.138,61.414,48.454,59.054
151.024,63.528,48.454,59.054
148.910,66.064,48.454,59.054
147.219,66.909,48.454,59.054
146.797,69.023,48.454,59.054
146.797,66.064,48.454,59.054
149.333,65.641,48.454,59.054
149.333,66.909,48.454,59.054
145.528,66.487,48.454,59.054
141.724,66.909,48.454,59.054
138.342,68.178,48.454,59.054
134.114,67.332,48.454,59.054
128.618,67.755,48.454,59.054
123.123,66.064,48.454,59.054
118.895,63.950,48.454,59.054
114.668,65.218,48.454,59.054
116.782,63.105,48.454,59.054
118.895,60.568,48.454,59.054
120.586,56.341,48.454,59.054
124.391,56.764,48.454,59.054
127.350,60.146,48.454,59.054
129.887,64.373,48.454,59.054
134.114,69.869,48.454,59.054
141.301,71.560,48.454,59.054
147.219,69.446,48.454,59.054
152.292,65.641,48.454,59.054
155.674,62.259,48.454,59.054
158.211,58.455,48.454,59.054
161.987,55.417,47.421,57.794
164.056,53.762,47.421,57.794
164.162,54.777,46.410,56.562
164.267,56.161,45.420,55.356
163.475,58.142,45.420,55.356
163.078,60.520,45.420,55.356
160.889,63.402,44.452,54.175
157.786,65.341,44.452,54.175
157.786,66.504,44.452,54.175
153.908,62.238,44.452,54.175
152.357,60.687,44.452,54.175
151.193,59.136,44.452,54.175
151.193,60.687,44.452,54.175
150.806,61.850,44.452,54.175
150.030,62.626,44.452,54.175
150.418,63.402,44.452,54.175
151.969,64.565,44.452,54.175
154.684,64.953,44.452,54.175
155.459,65.341,44.452,54.175
154.296,66.504,44.452,54.175
155.847,67.280,44.452,54.175
155.459,70.383,44.452,54.175
151.581,74.649,44.452,54.175
150.805,78.139,44.452,54.175
152.357,81.629,44.452,54.175
152.357,85.120,44.452,54.175
149.048,86.935,45.435,55.374
145.877,85.349,45.435,55.374
144.688,83.367,45.435,55.374
146.670,81.385,45.435,55.374
143.895,79.007,45.435,55.374
144.688,75.043,45.435,55.374
148.256,73.457,45.435,55.374
151.427,72.664,45.435,55.374
154.995,74.646,45.435,55.374
158.166,74.250,45.435,55.374
160.544,72.664,45.435,55.374
162.923,75.439,45.435,55.374
164.112,73.853,45.435,55.374
164.112,70.682,45.435,55.374
162.923,68.700,45.435,55.374
159.751,66.718,45.435,55.374
156.580,64.736,45.435,55.374
152.616,65.529,45.435,55.374
148.256,69.097,45.435,55.374
143.499,72.268,45.435,55.374
139.138,74.250,45.435,55.374
135.174,76.232,45.435,55.374
130.814,77.025,45.435,55.374
125.661,76.232,45.435,55.374
124.075,76.628,45.435,55.374
120.904,74.250,45.435,55.374
120.904,70.286,45.435,55.374
123.282,68.304,45.435,55.374
125.661,67.907,45.435,55.374
128.436,71.079,45.435,55.374
131.607,74.250,45.435,55.374
137.553,77.421,45.435,55.374
141.913,80.989,45.435,55.374
146.274,84.160,45.435,55.374
150.238,82.178,45.435,55.374
158.166,79.799,45.435,55.374
166.094,79.007,45.435,55.374
169.661,80.989,45.435,55.374
174.418,77.817,45.435,55.374
177.986,75.439,45.435,55.374
179.175,77.421,45.435,55.374
176.400,79.007,45.435,55.374
173.625,76.232,45.435,55.374
170.058,74.646,45.435,55.374
168.250,72.562,44.466,54.193
165.922,72.174,44.466,54.193
162.819,73.338,44.466,54.193
160.879,71.010,44.466,54.193
162.431,69.071,44.466,54.193
159.715,70.234,44.466,54.193
157.387,71.786,44.466,54.193
154.672,73.338,44.466,54.193
152.344,71.010,44.466,54.193
150.404,72.562,44.466,54.193
152.344,71.010,44.466,54.193
150.404,72.174,44.466,54.193
150.792,70.234,44.466,54.193
152.732,67.519,44.466,54.193
155.060,67.519,44.466,54.193
158.163,66.355,44.466,54.193
162.431,69.458,44.466,54.193
167.086,71.010,44.466,54.193
171.299,72.336,43.518,53.037
174.337,74.234,43.518,53.037
176.995,74.994,43.518,53.037
178.134,74.994,43.518,53.037
180.032,73.095,43.518,53.037
181.171,70.817,43.518,53.037
180.791,68.919,43.518,53.037
179.652,69.678,43.518,53.037
178.513,72.336,43.518,53.037
181.930,68.539,43.518,53.037
181.930,64.363,43.518,53.037
185.347,60.186,43.518,53.037
188.373,59.654,42.590,51.906
189.116,62.627,42.590,51.906
191.361,66.762,41.682,50.799
192.452,67.125,41.682,50.799
192.546,68.368,40.793,49.716
189.343,70.503,40.793,49.716
187.720,68.975,39.923,48.656
184.788,67.815,39.071,47.618
181.379,67.134,39.071,47.618
175.243,66.452,39.071,47.618
171.494,64.407,39.071,47.618
171.835,65.429,39.071,47.618
172.175,67.134,39.071,47.618
176.948,86.223,39.071,47.618
178.311,87.587,39.071,47.618
175.243,85.882,39.071,47.618
171.274,82.172,39.936,48.672
171.623,78.688,39.936,48.672
169.881,75.204,39.936,48.672
167.093,72.765,39.936,48.672
171.274,70.326,39.936,48.672
174.410,70.326,39.936,48.672
179.288,73.113,39.936,48.672
182.773,77.294,39.936,48.672
182.773,78.340,39.936,48.672
185.560,78.340,39.936,48.672
186.605,79.385,39.936,48.672
184.515,78.340,39.936,48.672
182.424,77.991,39.936,48.672
180.334,76.249,39.936,48.672
181.727,73.810,39.936,48.672
178.591,74.159,39.936,48.672
175.456,76.598,39.936,48.672
174.062,79.733,39.936,48.672
172.320,82.869,39.936,48.672
170.229,84.960,39.936,48.672
166.397,83.566,39.936,48.672
161.170,81.127,39.936,48.672
158.731,80.082,39.936,48.672
155.595,78.340,39.936,48.672
152.111,76.598,39.936,48.672
151.763,75.552,39.936,48.672
148.278,75.901,39.936,48.672
147.582,76.946,39.936,48.672
147.582,78.688,39.936,48.672
148.627,79.733,39.936,48.672
152.075,79.245,39.084,47.634
155.485,79.245,39.084,47.634
161.282,79.927,39.084,47.634
165.374,79.245,39.084,47.634
170.148,77.881,39.084,47.634
172.535,77.881,39.084,47.634
175.604,76.176,39.084,47.634
177.650,77.881,39.084,47.634
179.355,79.927,39.084,47.634
178.673,83.337,39.084,47.634
177.650,87.088,39.084,47.634
175.945,89.816,39.084,47.634
174.922,91.521,39.084,47.634
173.899,93.226,39.084,47.634
171.512,92.885,39.084,47.634
166.397,89.816,39.084,47.634
165.033,85.724,39.084,47.634
161.282,82.996,39.084,47.634
158.554,84.019,39.084,47.634
154.462,86.747,39.084,47.634
151.393,88.793,39.084,47.634
149.347,89.475,39.084,47.634
147.301,88.111,39.084,47.634
144.914,87.429,39.084,47.634
145.255,88.111,39.084,47.634
142.868,86.406,39.084,47.634
142.186,86.406,39.084,47.634
139.799,85.042,39.084,47.634
137.753,84.019,39.084,47.634
135.025,82.314,39.084,47.634
