57.000,21.000,31.000,45.000
57.000,19.808,31.000,45.000
57.298,19.808,31.000,45.000
59.086,20.106,31.000,45.000
61.171,17.723,31.000,45.000
64.449,16.531,31.000,45.000
66.832,15.339,31.000,45.000
70.705,15.637,31.000,45.000
73.763,16.376,31.686,45.996
76.503,16.376,31.686,45.996
78.940,16.680,31.686,45.996
80.767,17.898,31.686,45.996
81.071,18.203,31.686,45.996
78.026,18.812,31.686,45.996
72.849,19.116,31.686,45.996
64.931,18.203,31.686,45.996
58.536,17.898,31.686,45.996
54.273,17.594,31.686,45.996
48.791,16.376,31.686,45.996
42.091,16.985,31.686,45.996
37.523,18.812,31.686,45.996
30.823,19.726,31.686,45.996
25.646,19.726,31.686,45.996
22.297,19.726,31.686,45.996
19.556,19.421,31.686,45.996
18.338,20.639,31.686,45.996
19.556,20.944,31.686,45.996
21.383,19.726,31.686,45.996
21.721,18.455,31.010,45.015
21.125,19.945,31.010,45.015
20.306,20.138,30.349,44.055
18.556,21.013,30.349,44.055
19.161,22.045,29.702,43.115
21.404,22.780,29.068,42.196
24.137,23.768,28.448,41.296
25.758,25.263,27.842,40.415
25.223,25.798,27.842,40.415
27.631,24.995,27.842,40.415
30.575,26.333,27.842,40.415
36.194,26.065,27.842,40.415
39.673,28.474,27.842,40.415
43.419,30.079,27.842,40.415
46.897,31.417,27.842,40.415
48.503,32.220,27.842,40.415
49.038,34.093,27.842,40.415
49.573,35.698,27.842,40.415
50.911,34.628,27.842,40.415
51.158,34.459,28.458,41.310
51.695,30.880,29.087,42.224
52.254,26.687,29.087,42.224
54.211,20.257,29.087,42.224
55.050,18.300,29.087,42.224
55.050,16.064,29.087,42.224
56.168,14.666,29.087,42.224
57.566,15.505,29.087,42.224
58.404,17.182,29.087,42.224
61.140,20.327,28.467,41.323
62.234,23.610,28.467,41.323
63.055,25.251,28.467,41.323
64.677,24.373,27.860,40.442
65.748,25.445,27.860,40.442
68.110,24.327,27.266,39.579
70.421,24.749,26.684,38.735
71.447,24.493,26.684,38.735
72.216,25.519,26.684,38.735
71.265,24.943,26.115,37.909
69.759,24.692,26.115,37.909
65.241,24.943,26.115,37.909
62.982,26.449,26.115,37.909
60.221,27.202,26.115,37.909
59.532,26.638,25.558,37.101
60.515,27.271,25.013,36.310
61.245,28.353,24.480,35.535
63.127,28.353,24.480,35.535
63.598,28.824,24.480,35.535
63.833,27.647,24.480,35.535
64.068,28.588,24.480,35.535
63.598,28.824,24.480,35.535
62.725,27.615,23.958,34.778
61.573,27.385,23.958,34.778
59.731,28.306,23.958,34.778
58.350,28.076,23.958,34.778
56.508,27.615,23.958,34.778
54.666,28.306,23.958,34.778
52.824,28.766,23.958,34.778
49.830,27.845,23.958,34.778
47.758,28.076,23.958,34.778
46.146,27.615,23.958,34.778
43.843,26.464,23.958,34.778
43.843,27.385,23.958,34.778
42.462,26.464,23.958,34.778
42.922,24.852,23.958,34.778
44.534,23.240,23.958,34.778
45.225,24.391,23.958,34.778
47.067,25.543,23.958,34.778
47.297,25.312,23.958,34.778
47.988,24.391,23.958,34.778
48.687,23.875,23.447,34.036
47.561,24.100,23.447,34.036
48.028,24.463,22.947,33.310
50.013,25.566,22.947,33.310
53.233,24.645,22.458,32.600
56.255,25.077,22.458,32.600
57.334,25.724,22.458,32.600
59.061,24.429,22.458,32.600
63.162,23.566,22.458,32.600
66.616,24.429,22.458,32.600
70.501,23.566,22.458,32.600
69.637,25.724,22.458,32.600
71.852,28.275,22.955,33.321
72.285,28.822,23.462,34.058
70.932,29.273,23.462,34.058
71.608,28.145,23.462,34.058
67.549,27.243,23.462,34.058
65.294,27.920,23.462,34.058
63.491,27.018,23.462,34.058
63.942,25.439,23.462,34.058
64.843,25.665,23.462,34.058
65.520,25.288,23.982,34.812
64.537,25.142,24.512,35.582
65.951,24.907,24.512,35.582
67.364,24.200,24.512,35.582
61.960,25.028,25.054,36.369
59.311,22.861,25.054,36.369
56.536,21.460,25.609,37.174
56.044,20.967,25.609,37.174
54.567,19.737,25.609,37.174
54.567,18.998,25.609,37.174
54.567,17.521,25.609,37.174
55.059,22.198,25.609,37.174
53.829,25.890,25.609,37.174
54.813,28.843,25.609,37.174
56.044,30.812,25.609,37.174
56.782,31.797,25.609,37.174
56.499,32.918,26.175,37.996
58.036,34.585,26.754,38.837
60.350,33.300,26.754,38.837
61.893,35.100,26.754,38.837
62.922,36.385,26.754,38.837
63.693,37.414,26.754,38.837
62.665,37.928,26.754,38.837
58.550,38.185,26.754,38.837
57.265,39.728,26.754,38.837
55.072,36.920,26.184,38.009
55.575,32.139,26.184,38.009
55.827,29.874,26.184,38.009
58.091,28.112,26.184,38.009
59.601,29.371,26.184,38.009
59.601,30.126,26.184,38.009
59.601,30.881,26.184,38.009
58.595,25.848,26.184,38.009
57.336,22.073,26.184,38.009
57.616,23.206,25.626,37.198
57.414,23.365,25.079,36.405
58.619,24.088,25.079,36.405
57.896,23.365,25.079,36.405
57.655,24.329,25.079,36.405
56.932,24.329,25.079,36.405
56.209,25.052,25.079,36.405
55.315,24.743,24.544,35.629
53.899,24.979,24.544,35.629
53.479,25.814,24.021,34.869
52.623,25.073,23.509,34.125
51.349,25.437,23.007,33.398
50.907,25.879,23.007,33.398
49.359,26.321,23.007,33.398
48.916,24.995,23.007,33.398
47.369,26.100,23.007,33.398
46.761,25.604,22.517,32.685
45.030,24.955,22.517,32.685
43.810,25.929,22.036,31.988
42.116,25.294,22.036,31.988
42.116,25.294,22.036,31.988
46.140,25.717,22.036,31.988
48.620,24.629,21.567,31.306
50.900,25.873,21.567,31.306
49.449,24.215,21.567,31.306
50.278,23.800,21.567,31.306
49.510,25.532,21.107,30.639
49.104,24.721,21.107,30.639
49.510,24.315,21.107,30.639
49.510,25.127,21.107,30.639
49.510,23.707,21.107,30.639
52.081,22.469,20.657,29.985
53.669,21.278,20.657,29.985
56.736,22.182,21.114,30.649
57.548,23.603,21.114,30.649
59.841,24.316,21.581,31.327
61.085,22.864,21.581,31.327
62.568,21.442,22.058,32.020
63.204,20.806,22.058,32.020
64.052,19.110,22.058,32.020
64.028,20.295,22.546,32.728
61.861,20.729,22.546,32.728
60.344,19.429,22.546,32.728
57.961,18.128,22.546,32.728
55.144,21.812,22.546,32.728
52.110,21.812,22.546,32.728
49.510,22.462,22.546,32.728
49.726,21.379,22.546,32.728
48.859,22.029,22.546,32.728
47.126,22.896,22.546,32.728
46.909,21.379,22.546,32.728
46.042,21.162,22.546,32.728
45.176,20.512,22.546,32.728
43.577,21.499,23.045,33.452
40.255,20.834,23.045,33.452
42.248,21.942,23.045,33.452
46.130,21.112,23.555,34.193
47.941,19.527,23.555,34.193
48.620,19.075,23.555,34.193
46.130,18.169,23.555,34.193
47.035,19.527,23.555,34.193
46.809,21.565,23.555,34.193
46.809,23.376,23.555,34.193
48.167,24.961,23.555,34.193
50.205,24.508,23.555,34.193
51.119,25.069,24.076,34.949
52.970,23.218,24.076,34.949
54.589,21.598,24.076,34.949
58.164,22.652,24.609,35.722
59.583,21.233,24.609,35.722
61.239,20.050,24.609,35.722
61.729,18.608,24.084,34.961
61.961,19.071,24.084,34.961
62.424,17.682,24.084,34.961
63.118,18.376,24.084,34.961
63.581,16.987,24.084,34.961
63.795,18.762,24.617,35.734
64.259,19.348,25.161,36.525
62.977,18.192,25.718,37.333
61.988,17.945,25.718,37.333
65.202,18.686,25.718,37.333
68.168,20.169,25.718,37.333
64.955,18.933,25.718,37.333
60.505,19.922,25.718,37.333
56.550,20.664,25.718,37.333
57.292,20.664,25.718,37.333
58.528,17.945,25.718,37.333
60.753,13.495,25.718,37.333
64.571,10.005,26.287,38.159
66.087,7.479,26.287,38.159
67.631,8.367,26.869,39.003
67.870,9.811,27.463,39.866
65.494,10.867,27.463,39.866
63.119,11.659,27.463,39.866
63.383,12.451,27.463,39.866
59.159,13.242,27.463,39.866
56.520,13.506,27.463,39.866
53.089,14.034,27.463,39.866
52.033,14.826,27.463,39.866
53.598,16.523,26.878,39.016
54.631,18.433,26.304,38.184
55.886,19.815,25.743,37.370
56.629,21.052,25.743,37.370
57.618,19.567,25.743,37.370
59.845,20.805,25.743,37.370
60.587,20.310,25.743,37.370
62.072,19.567,25.743,37.370
63.309,19.567,25.743,37.370
64.546,18.578,25.743,37.370
64.546,19.073,25.743,37.370
62.319,17.836,25.743,37.370
63.061,16.351,25.743,37.370
65.041,18.083,25.743,37.370
67.762,20.310,25.743,37.370
69.989,23.031,25.743,37.370
68.752,23.526,25.743,37.370
65.536,24.021,25.743,37.370
62.072,22.289,25.743,37.370
58.608,23.031,25.743,37.370
57.123,21.794,25.743,37.370
55.391,22.537,25.743,37.370
54.337,22.637,26.313,38.196
52.819,23.395,26.313,38.196
52.819,22.384,26.313,38.196
52.266,23.011,26.895,39.041
52.524,20.943,26.895,39.041
53.817,21.718,26.895,39.041
56.402,20.426,26.895,39.041
57.436,20.426,26.895,39.041
58.469,19.133,26.895,39.041
59.245,19.392,26.895,39.041
60.279,23.786,26.895,39.041
61.571,28.180,26.895,39.041
63.122,26.629,26.895,39.041
63.898,27.922,26.895,39.041
65.966,27.405,26.895,39.041
67.000,26.371,26.895,39.041
65.190,26.888,26.895,39.041
63.122,27.405,26.895,39.041
64.156,26.629,26.895,39.041
65.449,27.405,26.895,39.041
64.415,27.405,26.895,39.041
65.449,27.405,26.895,39.041
63.639,27.146,26.895,39.041
62.088,26.629,26.895,39.041
60.020,27.663,26.895,39.041
59.245,28.180,26.895,39.041
59.762,28.180,26.895,39.041
61.054,28.956,26.895,39.041
61.571,30.248,26.895,39.041
62.347,29.214,26.895,39.041
62.605,29.473,26.895,39.041
63.122,30.248,26.895,39.041
60.279,30.248,26.895,39.041
58.104,31.425,27.490,39.905
57.526,32.081,28.098,40.788
58.336,29.668,28.720,41.691
59.440,28.012,28.720,41.691
60.268,29.392,28.720,41.691
59.377,26.353,29.356,42.613
59.377,22.686,29.356,42.613
57.403,20.711,29.356,42.613
56.556,19.018,29.356,42.613
54.299,17.607,29.356,42.613
51.478,15.914,29.356,42.613
48.656,16.761,29.356,42.613
46.681,19.018,29.356,42.613
44.989,22.121,29.356,42.613
42.449,22.968,29.356,42.613
40.192,22.968,29.356,42.613
38.499,24.943,29.356,42.613
38.217,26.071,29.356,42.613
39.618,25.982,28.730,41.704
40.989,27.225,28.117,40.815
43.151,29.116,28.117,40.815
45.042,28.306,28.117,40.815
46.123,29.387,28.117,40.815
46.394,30.197,28.117,40.815
46.394,29.116,28.117,40.815
46.934,28.846,28.117,40.815
49.096,26.684,28.117,40.815
50.987,23.982,28.117,40.815
53.149,23.442,28.117,40.815
55.852,22.090,28.117,40.815
57.203,23.712,28.117,40.815
58.284,22.901,28.117,40.815
59.094,23.171,28.117,40.815
59.365,21.550,28.117,40.815
59.094,21.280,28.117,40.815
58.554,19.929,28.117,40.815
57.203,20.469,28.117,40.815
55.852,18.577,28.117,40.815
52.339,16.416,28.117,40.815
49.366,15.605,28.117,40.815
45.313,16.145,28.117,40.815
40.178,15.064,28.117,40.815
33.152,18.037,28.117,40.815
29.639,17.497,28.117,40.815
26.937,16.686,28.117,40.815
27.207,16.416,28.117,40.815
29.369,15.875,28.117,40.815
30.740,17.386,28.739,41.718
31.569,18.215,28.739,41.718
31.824,17.753,29.375,42.641
31.542,17.189,29.375,42.641
32.974,18.181,30.025,43.584
35.037,17.400,30.689,44.549
36.228,15.989,31.368,45.534
37.132,15.798,32.062,46.542
37.440,14.257,32.062,46.542
37.748,13.949,32.062,46.542
37.132,13.641,32.062,46.542
37.748,14.257,32.062,46.542
40.213,15.798,32.062,46.542
39.597,18.571,32.062,46.542
40.521,21.653,32.062,46.542
40.521,22.577,32.062,46.542
41.754,23.502,32.062,46.542
42.987,24.118,32.062,46.542
43.911,24.734,32.062,46.542
46.993,23.810,32.062,46.542
48.533,24.734,32.062,46.542
50.382,25.351,32.062,46.542
52.231,25.351,32.062,46.542
53.772,24.426,32.062,46.542
56.545,23.502,32.062,46.542
58.086,23.502,32.062,46.542
59.935,21.345,32.062,46.542
62.400,20.420,32.062,46.542
65.173,17.955,32.062,46.542
65.173,14.566,32.062,46.542
62.261,7.017,32.771,47.571
58.796,0.088,32.771,47.571
55.017,-1.802,32.771,47.571
52.812,-0.227,32.771,47.571
51.552,7.017,32.771,47.571
51.552,18.986,32.771,47.571
51.552,31.270,32.771,47.571
50.922,37.254,32.771,47.571
50.968,38.065,32.073,46.557
50.660,38.989,32.073,46.557
51.893,36.832,32.073,46.557
53.434,33.441,32.073,46.557
53.434,31.283,32.073,46.557
53.742,27.584,32.073,46.557
53.126,25.735,32.073,46.557
51.276,23.885,32.073,46.557
49.735,24.502,32.073,46.557
49.119,24.810,32.073,46.557
48.502,24.194,32.073,46.557
48.810,25.118,32.073,46.557
48.810,25.427,32.073,46.557
48.502,26.043,32.073,46.557
48.194,25.427,32.073,46.557
47.886,26.660,32.073,46.557
48.525,25.373,31.389,45.564
48.525,26.580,31.389,45.564
48.525,27.183,31.389,45.564
48.223,26.580,31.389,45.564
47.620,27.787,31.389,45.564
47.921,25.977,31.389,45.564
47.016,26.580,31.389,45.564
46.715,27.787,31.389,45.564
47.620,26.278,31.389,45.564
47.620,27.183,31.389,45.564
47.921,26.882,31.389,45.564
46.715,25.977,31.389,45.564
47.016,25.977,31.389,45.564
46.479,25.299,30.719,44.592
48.514,25.490,30.064,43.642
47.999,26.234,29.423,42.711
47.150,25.103,29.423,42.711
48.564,25.951,29.423,42.711
47.999,25.103,29.423,42.711
49.403,25.013,28.796,41.800
50.243,24.925,28.181,40.909
52.139,25.738,28.181,40.909
52.410,24.925,28.181,40.909
51.056,24.384,28.181,40.909
52.952,23.571,28.181,40.909
52.139,22.488,28.181,40.909
49.579,23.159,28.805,41.814
49.302,21.221,28.805,41.814
49.579,21.498,28.805,41.814
50.687,22.606,28.805,41.814
50.368,22.430,29.442,42.739
50.651,22.147,29.442,42.739
50.651,21.581,29.442,42.739
50.651,22.713,29.442,42.739
50.085,23.845,29.442,42.739
49.236,24.694,29.442,42.739
49.204,24.808,30.094,43.684
48.915,24.230,30.094,43.684
48.336,24.808,30.094,43.684
48.003,25.525,30.760,44.651
48.003,24.343,30.760,44.651
48.299,24.343,30.760,44.651
48.299,24.639,30.760,44.651
48.890,24.047,30.760,44.651
49.186,23.160,30.760,44.651
50.073,22.569,30.760,44.651
50.368,23.160,30.760,44.651
51.255,22.865,30.760,44.651
51.255,22.273,30.760,44.651
50.960,22.865,30.760,44.651
50.960,22.865,30.760,44.651
50.664,21.682,30.760,44.651
50.017,23.029,31.440,45.639
50.621,22.122,31.440,45.639
51.830,22.726,31.440,45.639
52.748,22.631,30.770,44.666
51.861,23.813,30.770,44.666
50.678,22.039,30.770,44.666
52.156,23.222,30.770,44.666
52.156,23.813,30.770,44.666
52.156,22.926,30.770,44.666
52.452,23.813,30.770,44.666
53.044,24.405,30.770,44.666
52.748,25.292,30.770,44.666
52.156,25.292,30.770,44.666
52.452,25.292,30.770,44.666
53.044,24.996,30.770,44.666
52.748,24.405,30.770,44.666
52.452,25.588,30.770,44.666
53.044,25.292,30.770,44.666
52.452,24.701,30.770,44.666
52.748,24.109,30.770,44.666
51.861,25.292,30.770,44.666
51.861,24.996,30.770,44.666
51.565,24.405,30.770,44.666
52.156,25.292,30.770,44.666
51.565,25.292,30.770,44.666
51.861,25.292,30.770,44.666
51.269,25.292,30.770,44.666
51.565,24.701,30.770,44.666
51.861,23.813,30.770,44.666
50.907,24.853,31.450,45.654
50.302,23.947,31.450,45.654
50.907,24.853,31.450,45.654
50.604,24.249,31.450,45.654
51.209,24.853,31.450,45.654
51.209,24.551,31.450,45.654
51.511,25.156,31.450,45.654
52.116,24.249,31.450,45.654
51.813,24.853,31.450,45.654
51.813,23.947,31.450,45.654
51.813,24.249,31.450,45.654
52.116,24.853,31.450,45.654
