142.000,125.000,91.000,40.000
137.953,125.506,91.000,40.000
134.412,125.000,91.000,40.000
128.341,125.506,91.000,40.000
124.800,125.506,91.000,40.000
120.247,122.976,91.000,40.000
115.188,124.494,91.000,40.000
109.624,123.482,91.000,40.000
106.588,123.988,91.000,40.000
101.023,121.459,91.000,40.000
94.953,121.459,91.000,40.000
91.918,120.447,91.000,40.000
86.353,119.435,91.000,40.000
81.800,120.447,91.000,40.000
76.741,117.918,91.000,40.000
72.188,117.412,91.000,40.000
66.623,117.412,91.000,40.000
61.565,116.906,91.000,40.000
56.000,115.894,91.000,40.000
50.941,115.388,91.000,40.000
45.376,115.894,91.000,40.000
39.306,113.871,91.000,40.000
33.235,115.388,91.000,40.000
25.405,113.371,93.013,40.885
19.718,115.439,93.013,40.885
14.030,115.439,93.013,40.885
8.342,116.991,93.013,40.885
3.171,118.542,93.013,40.885
-1.999,119.576,93.013,40.885
-8.204,121.644,93.013,40.885
-13.892,121.644,93.013,40.885
-18.029,123.713,93.013,40.885
-20.097,124.230,93.013,40.885
-24.234,126.298,93.013,40.885
-27.853,127.849,93.013,40.885
-27.853,129.400,93.013,40.885
-27.853,128.366,93.013,40.885
-30.439,128.883,93.013,40.885
-28.887,129.400,93.013,40.885
-26.400,127.843,91.030,40.013
-28.931,129.361,91.030,40.013
-26.907,128.855,91.030,40.013
-25.894,126.325,91.030,40.013
-26.907,125.819,91.030,40.013
-24.882,123.794,91.030,40.013
-22.858,122.782,91.030,40.013
-21.340,121.264,91.030,40.013
-19.316,120.252,91.030,40.013
-17.798,120.758,91.030,40.013
-16.280,117.216,91.030,40.013
-15.267,118.228,91.030,40.013
-13.749,115.192,91.030,40.013
-12.737,113.674,91.030,40.013
-11.725,112.155,91.030,40.013
-9.701,111.649,91.030,40.013
-3.122,109.625,91.030,40.013
0.420,108.613,91.030,40.013
5.987,106.083,91.030,40.013
9.023,107.095,91.030,40.013
14.083,105.071,91.030,40.013
20.156,105.071,91.030,40.013
24.204,103.553,91.030,40.013
30.783,102.540,91.030,40.013
35.843,103.047,91.030,40.013
40.398,102.540,91.030,40.013
46.470,103.047,91.030,40.013
50.519,104.059,91.030,40.013
54.567,104.565,91.030,40.013
54.567,106.083,91.030,40.013
55.579,108.107,91.030,40.013
55.579,109.119,91.030,40.013
55.579,110.637,91.030,40.013
56.591,111.649,91.030,40.013
57.098,112.661,91.030,40.013
57.604,114.686,91.030,40.013
57.604,116.204,91.030,40.013
58.110,117.722,91.030,40.013
57.098,118.734,91.030,40.013
57.098,119.746,91.030,40.013
57.098,119.240,91.030,40.013
57.604,121.264,91.030,40.013
58.616,122.782,91.030,40.013
58.110,121.770,91.030,40.013
58.110,124.301,91.030,40.013
57.604,124.807,91.030,40.013
58.110,125.313,91.030,40.013
56.591,126.831,91.030,40.013
57.098,126.325,91.030,40.013
57.098,128.349,91.030,40.013
57.098,129.361,91.030,40.013
56.085,129.867,91.030,40.013
56.591,130.373,91.030,40.013
56.591,131.385,91.030,40.013
56.591,132.903,91.030,40.013
56.085,132.397,91.030,40.013
55.579,134.422,91.030,40.013
55.579,134.928,91.030,40.013
58.110,135.940,91.030,40.013
58.110,136.952,91.030,40.013
61.652,137.458,91.030,40.013
63.170,139.482,91.030,40.013
65.194,139.988,91.030,40.013
66.712,141.506,91.030,40.013
68.737,140.494,91.030,40.013
70.761,142.012,91.030,40.013
74.809,143.530,91.030,40.013
78.352,144.036,91.030,40.013
82.906,146.061,91.030,40.013
85.436,147.073,91.030,40.013
90.497,148.085,91.030,40.013
93.533,149.603,91.030,40.013
99.100,149.603,91.030,40.013
102.136,150.109,91.030,40.013
105.678,151.627,91.030,40.013
111.245,152.133,91.030,40.013
114.787,153.651,91.030,40.013
119.341,153.651,91.030,40.013
123.390,155.169,91.030,40.013
126.426,156.688,91.030,40.013
130.474,157.700,91.030,40.013
135.029,157.194,91.030,40.013
137.053,158.712,91.030,40.013
141.608,159.218,91.030,40.013
145.656,160.230,91.030,40.013
149.704,161.242,91.030,40.013
154.259,159.724,91.030,40.013
158.307,161.242,91.030,40.013
162.356,161.242,91.030,40.013
166.910,162.760,91.030,40.013
171.970,163.772,91.030,40.013
174.501,163.772,91.030,40.013
179.055,164.784,91.030,40.013
181.585,165.797,91.030,40.013
186.140,166.303,91.030,40.013
189.682,167.315,91.030,40.013
193.224,168.833,91.030,40.013
196.261,168.833,91.030,40.013
200.309,169.339,91.030,40.013
203.231,170.253,89.089,39.160
206.698,170.749,89.089,39.160
206.698,172.234,89.089,39.160
207.688,171.739,89.089,39.160
209.174,173.225,89.089,39.160
209.669,174.711,89.089,39.160
211.155,174.711,89.089,39.160
212.145,176.196,89.089,39.160
213.631,177.187,89.089,39.160
214.126,178.673,89.089,39.160
213.136,180.158,89.089,39.160
212.641,181.644,89.089,39.160
210.164,183.130,89.089,39.160
208.665,183.210,91.060,40.026
207.132,184.868,93.074,40.912
205.580,184.351,93.074,40.912
204.545,185.903,93.074,40.912
204.028,186.938,93.074,40.912
201.958,187.973,93.074,40.912
200.923,189.525,93.074,40.912
200.923,189.525,93.074,40.912
200.406,191.077,93.074,40.912
199.913,189.551,95.134,41.817
199.913,192.724,95.134,41.817
198.327,192.196,95.134,41.817
196.740,194.311,95.134,41.817
196.211,195.369,95.134,41.817
194.625,195.369,95.134,41.817
191.980,195.898,95.134,41.817
190.923,195.898,95.134,41.817
189.865,194.311,95.134,41.817
188.807,195.898,95.134,41.817
188.807,193.253,95.134,41.817
187.749,192.196,95.134,41.817
186.163,192.724,95.134,41.817
182.461,190.609,95.134,41.817
181.403,189.022,95.134,41.817
181.403,190.080,95.134,41.817
179.816,187.436,95.134,41.817
179.288,186.378,95.134,41.817
178.230,184.791,95.134,41.817
178.759,183.734,95.134,41.817
177.172,182.147,95.134,41.817
176.643,182.147,95.134,41.817
175.057,180.032,95.134,41.817
173.470,178.445,95.134,41.817
173.470,178.974,95.134,41.817
171.355,176.859,95.134,41.817
170.297,174.743,95.134,41.817
169.239,172.628,95.134,41.817
168.181,172.099,95.134,41.817
168.710,170.512,95.134,41.817
167.124,169.983,95.134,41.817
165.008,167.868,95.134,41.817
163.422,166.281,95.134,41.817
161.835,167.868,95.134,41.817
162.893,164.695,95.134,41.817
161.835,162.579,95.134,41.817
160.777,160.993,95.134,41.817
158.662,162.579,95.134,41.817
157.075,160.993,95.134,41.817
153.373,158.877,95.134,41.817
152.844,159.935,95.134,41.817
149.671,157.819,95.134,41.817
149.167,155.162,97.238,42.742
148.627,154.081,97.238,42.742
146.465,153.540,97.238,42.742
146.465,153.540,97.238,42.742
144.843,151.919,97.238,42.742
144.302,154.081,97.238,42.742
139.978,151.919,97.238,42.742
138.931,151.853,95.165,41.831
136.285,150.795,95.165,41.831
132.053,149.208,95.165,41.831
131.524,151.324,95.165,41.831
130.995,148.150,95.165,41.831
129.937,148.679,95.165,41.831
127.292,147.092,95.165,41.831
126.234,147.621,95.165,41.831
123.589,147.092,95.165,41.831
123.060,144.447,95.165,41.831
123.589,145.505,95.165,41.831
122.531,142.860,95.165,41.831
122.531,142.331,95.165,41.831
120.414,142.860,95.165,41.831
116.711,142.860,95.165,41.831
115.653,142.860,95.165,41.831
113.008,142.860,95.165,41.831
114.066,143.918,95.165,41.831
111.950,141.802,95.165,41.831
110.363,141.273,95.165,41.831
107.718,141.273,95.165,41.831
107.189,141.802,95.165,41.831
104.014,140.744,95.165,41.831
102.427,140.215,95.165,41.831
101.369,142.331,95.165,41.831
99.253,140.744,95.165,41.831
98.195,141.273,95.165,41.831
93.963,142.331,95.165,41.831
91.847,141.273,95.165,41.831
89.730,142.331,95.165,41.831
90.259,142.331,95.165,41.831
91.317,141.273,95.165,41.831
92.376,142.860,95.165,41.831
93.963,140.215,95.165,41.831
97.137,142.331,95.165,41.831
99.782,139.686,95.165,41.831
105.601,138.628,95.165,41.831
108.247,138.099,95.165,41.831
110.892,136.511,95.165,41.831
115.653,137.040,95.165,41.831
119.885,134.395,95.165,41.831
123.589,133.337,95.165,41.831
126.763,131.750,95.165,41.831
130.995,129.634,95.165,41.831
132.582,129.634,95.165,41.831
137.873,126.989,95.165,41.831
139.989,128.047,95.165,41.831
141.047,125.931,95.165,41.831
146.866,125.931,95.165,41.831
147.924,126.989,95.165,41.831
153.215,124.873,95.165,41.831
156.389,125.402,95.165,41.831
159.034,124.344,95.165,41.831
163.795,123.286,95.165,41.831
165.912,123.286,95.165,41.831
171.731,121.698,95.165,41.831
172.260,120.640,95.165,41.831
173.318,119.582,95.165,41.831
173.847,122.227,95.165,41.831
175.434,120.111,95.165,41.831
176.492,122.227,95.165,41.831
177.550,121.698,95.165,41.831
179.137,121.169,95.165,41.831
179.137,123.815,95.165,41.831
176.492,121.698,95.165,41.831
176.492,124.344,95.165,41.831
172.789,126.989,95.165,41.831
171.202,126.989,95.165,41.831
168.557,130.163,95.165,41.831
165.912,131.221,95.165,41.831
165.912,134.395,95.165,41.831
160.092,135.982,95.165,41.831
159.034,137.040,95.165,41.831
154.273,140.215,95.165,41.831
153.744,140.744,95.165,41.831
148.453,143.918,95.165,41.831
148.453,145.505,95.165,41.831
144.221,147.621,95.165,41.831
142.634,148.150,95.165,41.831
141.047,148.150,95.165,41.831
138.402,150.266,95.165,41.831
137.344,148.679,95.165,41.831
136.286,147.092,95.165,41.831
133.640,146.563,95.165,41.831
130.995,145.505,95.165,41.831
129.408,144.976,95.165,41.831
126.763,142.331,95.165,41.831
125.705,141.802,95.165,41.831
123.589,139.686,95.165,41.831
120.944,138.098,95.165,41.831
119.885,137.040,95.165,41.831
115.653,135.982,95.165,41.831
115.653,134.395,95.165,41.831
113.537,133.866,95.165,41.831
110.892,131.750,95.165,41.831
110.363,130.692,95.165,41.831
106.660,130.163,95.165,41.831
105.601,130.163,95.165,41.831
103.485,130.692,95.165,41.831
104.014,130.692,95.165,41.831
104.543,130.692,95.165,41.831
105.602,131.221,95.165,41.831
107.189,132.279,95.165,41.831
107.718,131.221,95.165,41.831
108.776,132.279,95.165,41.831
109.305,131.750,95.165,41.831
110.363,130.692,95.165,41.831
113.537,130.163,95.165,41.831
116.711,131.221,95.165,41.831
120.415,129.634,95.165,41.831
124.118,129.634,95.165,41.831
126.234,128.576,95.165,41.831
129.937,128.047,95.165,41.831
132.582,126.989,95.165,41.831
136.286,125.931,95.165,41.831
139.460,123.285,95.165,41.831
142.105,121.698,95.165,41.831
145.279,117.995,95.165,41.831
148.453,115.350,95.165,41.831
150.569,114.821,95.165,41.831
152.157,111.118,95.165,41.831
153.744,108.472,95.165,41.831
154.273,107.943,95.165,41.831
155.331,105.827,95.165,41.831
154.273,107.414,95.165,41.831
154.802,107.943,95.165,41.831
156.389,108.472,95.165,41.831
157.447,110.589,95.165,41.831
157.447,109.002,95.165,41.831
158.505,111.118,95.165,41.831
159.563,112.705,95.165,41.831
159.034,111.647,95.165,41.831
159.563,113.763,95.165,41.831
160.621,114.292,95.165,41.831
162.208,115.879,95.165,41.831
161.679,116.408,95.165,41.831
163.266,117.466,95.165,41.831
163.795,118.524,95.165,41.831
164.324,119.053,95.165,41.831
165.383,120.111,95.165,41.831
163.266,121.698,95.165,41.831
163.795,120.640,95.165,41.831
164.854,122.227,95.165,41.831
166.441,122.756,95.165,41.831
166.970,121.698,95.165,41.831
165.383,122.756,95.165,41.831
166.441,123.285,95.165,41.831
164.324,124.873,95.165,41.831
165.912,123.285,95.165,41.831
166.970,125.402,95.165,41.831
167.499,124.873,95.165,41.831
168.557,124.873,95.165,41.831
169.615,125.931,95.165,41.831
169.615,124.344,95.165,41.831
170.144,126.989,95.165,41.831
169.615,124.873,95.165,41.831
170.673,127.518,95.165,41.831
172.260,126.989,95.165,41.831
170.673,126.460,95.165,41.831
170.673,128.576,95.165,41.831
168.557,126.460,95.165,41.831
167.499,128.576,95.165,41.831
165.912,126.989,95.165,41.831
162.737,129.105,95.165,41.831
160.621,126.989,95.165,41.831
157.976,129.105,95.165,41.831
154.273,128.047,95.165,41.831
152.686,129.105,95.165,41.831
150.570,130.163,95.165,41.831
148.983,128.576,95.165,41.831
147.395,130.692,95.165,41.831
144.750,128.576,95.165,41.831
144.221,130.692,95.165,41.831
142.105,128.047,95.165,41.831
140.518,129.105,95.165,41.831
139.460,127.518,95.165,41.831
136.286,126.460,95.165,41.831
133.640,128.576,95.165,41.831
130.466,126.989,95.165,41.831
127.292,128.576,95.165,41.831
125.176,130.692,95.165,41.831
123.589,129.105,95.165,41.831
122.531,132.279,95.165,41.831
119.886,131.221,95.165,41.831
117.240,131.750,95.165,41.831
113.008,132.279,95.165,41.831
111.421,131.750,95.165,41.831
109.834,132.808,95.165,41.831
107.189,130.692,95.165,41.831
106.131,132.808,95.165,41.831
101.369,133.337,95.165,41.831
99.253,133.337,95.165,41.831
95.550,134.395,95.165,41.831
92.376,133.337,95.165,41.831
90.225,135.070,97.270,42.756
86.440,134.529,97.270,42.756
85.899,133.448,97.270,42.756
82.114,134.529,97.270,42.756
79.951,133.448,97.270,42.756
76.707,135.070,97.270,42.756
74.003,134.529,97.270,42.756
71.840,135.611,97.270,42.756
69.136,134.529,97.270,42.756
66.973,133.988,97.270,42.756
64.270,136.151,97.270,42.756
61.025,133.448,97.270,42.756
60.484,135.611,97.270,42.756
54.536,136.151,97.270,42.756
52.373,135.070,97.270,42.756
50.751,136.692,97.270,42.756
48.047,135.611,97.270,42.756
45.884,136.151,97.270,42.756
42.099,136.151,97.270,42.756
39.936,134.529,97.270,42.756
38.314,137.233,97.270,42.756
35.070,135.070,97.270,42.756
35.070,136.692,97.270,42.756
31.825,135.611,97.270,42.756
31.284,135.611,97.270,42.756
28.040,135.611,97.270,42.756
26.418,135.611,97.270,42.756
24.255,136.151,97.270,42.756
23.173,133.988,97.270,42.756
19.929,134.529,97.270,42.756
17.766,132.366,97.270,42.756
16.144,132.366,97.270,42.756
13.440,131.285,97.270,42.756
11.277,129.662,97.270,42.756
9.655,130.744,97.270,42.756
7.492,129.122,97.270,42.756
6.410,128.040,97.270,42.756
5.329,126.418,97.270,42.756
6.410,124.255,97.270,42.756
6.951,123.174,97.270,42.756
6.951,121.551,97.270,42.756
9.114,119.929,97.270,42.756
9.655,118.307,97.270,42.756
11.277,116.685,97.270,42.756
11.277,114.522,97.270,42.756
12.899,112.899,97.270,42.756
12.359,111.818,97.270,42.756
14.521,109.655,97.270,42.756
14.521,109.114,97.270,42.756
15.603,108.574,97.270,42.756
16.684,107.492,97.270,42.756
15.603,109.655,97.270,42.756
16.144,107.492,97.270,42.756
17.225,109.655,97.270,42.756
15.603,108.033,97.270,42.756
18.847,110.196,97.270,42.756
18.307,109.655,97.270,42.756
18.307,110.736,97.270,42.756
20.470,113.440,97.270,42.756
17.766,111.818,97.270,42.756
21.010,114.522,97.270,42.756
20.470,115.603,97.270,42.756
21.551,116.144,97.270,42.756
24.255,118.307,97.270,42.756
21.551,116.685,97.270,42.756
24.796,119.929,97.270,42.756
25.877,121.551,97.270,42.756
25.336,120.470,97.270,42.756
26.959,124.255,97.270,42.756
25.877,123.174,97.270,42.756
29.121,126.418,97.270,42.756
29.121,125.336,97.270,42.756
30.744,128.581,97.270,42.756
31.825,129.662,97.270,42.756
32.907,130.744,97.270,42.756
32.366,131.285,97.270,42.756
34.529,133.448,97.270,42.756
35.610,133.988,97.270,42.756
37.233,135.611,97.270,42.756
36.692,136.692,97.270,42.756
39.396,137.774,97.270,42.756
41.018,139.396,97.270,42.756
42.099,138.314,97.270,42.756
44.803,140.477,97.270,42.756
45.884,141.018,97.270,42.756
45.884,143.181,97.270,42.756
46.425,141.559,97.270,42.756
48.588,144.262,97.270,42.756
50.210,144.262,97.270,42.756
51.833,144.803,97.270,42.756
53.455,145.344,97.270,42.756
55.077,143.181,97.270,42.756
56.159,144.262,97.270,42.756
56.159,145.885,97.270,42.756
57.240,149.129,97.270,42.756
55.077,150.211,97.270,42.756
57.240,148.588,97.270,42.756
57.781,151.292,97.270,42.756
59.944,152.914,97.270,42.756
59.403,155.618,97.270,42.756
62.647,157.240,97.270,42.756
65.892,157.240,97.270,42.756
66.433,158.322,97.270,42.756
67.514,158.322,97.270,42.756
69.677,159.944,97.270,42.756
74.363,159.357,95.196,41.844
74.892,161.474,95.196,41.844
75.950,160.416,95.196,41.844
75.950,162.533,95.196,41.844
68.858,160.423,97.302,42.770
70.026,157.705,99.455,43.717
76.661,157.152,99.455,43.717
82.742,158.810,99.455,43.717
85.507,156.046,99.455,43.717
86.060,157.152,99.455,43.717
89.377,154.387,99.455,43.717
102.093,157.152,99.455,43.717
107.622,154.940,99.455,43.717
120.406,157.005,97.334,42.784
123.653,158.628,97.334,42.784
127.982,158.087,97.334,42.784
139.886,159.169,97.334,42.784
149.084,159.711,97.334,42.784
166.533,160.921,99.488,43.731
176.909,162.159,101.689,44.698
188.101,165.770,103.939,45.687
204.935,170.660,106.238,46.698
212.022,171.251,106.238,46.698
214.523,167.058,108.589,47.731
215.827,161.519,110.991,48.787
216.444,158.434,110.991,48.787
221.791,154.791,108.624,47.747
225.859,154.136,106.308,46.729
226.450,154.727,106.308,46.729
193.355,157.682,106.308,46.729
193.405,158.392,108.660,47.763
204.279,159.600,108.660,47.763
208.717,162.205,111.064,48.819
211.804,157.883,111.064,48.819
214.891,156.648,111.064,48.819
211.804,151.091,111.064,48.819
211.187,145.534,111.064,48.819
202.271,144.354,113.522,49.900
203.533,142.460,113.522,49.900
207.951,143.092,113.522,49.900
211.737,143.092,113.522,49.900
214.893,143.092,113.522,49.900
217.565,144.504,116.033,51.004
131.774,141.279,116.033,51.004
140.160,141.924,116.033,51.004
142.222,138.682,118.600,52.132
158.705,137.364,118.600,52.132
169.914,139.342,118.600,52.132
175.188,136.704,118.600,52.132
191.012,139.342,118.600,52.132
196.286,140.660,118.600,52.132
203.539,138.023,118.600,52.132
204.279,140.183,121.224,53.285
202.938,140.292,123.907,54.464
202.938,137.537,123.907,54.464
207.071,138.915,123.907,54.464
209.720,136.176,121.264,53.303
209.720,137.524,121.264,53.303
203.653,136.176,121.264,53.303
137.588,128.760,121.264,53.303
144.079,126.080,118.678,52.166
149.160,127.272,116.147,51.054
67.005,140.886,113.670,49.965
73.956,138.358,113.670,49.965
72.060,140.254,113.670,49.965
72.663,137.741,111.246,48.900
73.253,138.263,108.874,47.857
69.622,137.052,108.874,47.857
69.016,137.657,108.874,47.857
69.622,136.447,108.874,47.857
65.385,135.236,108.874,47.857
64.780,134.631,108.874,47.857
61.754,133.421,108.874,47.857
60.543,132.815,108.874,47.857
59.938,134.026,108.874,47.857
59.932,131.619,106.552,46.836
59.340,131.619,106.552,46.836
55.786,130.435,106.552,46.836
55.786,131.027,106.552,46.836
53.416,131.027,106.552,46.836
52.231,130.435,106.552,46.836
49.862,129.250,106.552,46.836
49.270,128.658,106.552,46.836
49.270,129.842,106.552,46.836
48.085,128.065,106.552,46.836
46.900,126.881,106.552,46.836
46.900,127.473,106.552,46.836
42.162,126.881,106.552,46.836
42.754,128.065,106.552,46.836
38.608,126.881,106.552,46.836
38.608,125.696,106.552,46.836
36.238,126.288,106.552,46.836
34.461,123.919,106.552,46.836
34.461,125.696,106.552,46.836
32.092,124.511,106.552,46.836
32.092,122.142,106.552,46.836
32.086,123.212,104.280,45.837
29.767,119.154,104.280,45.837
32.556,117.408,102.056,44.860
31.421,116.273,102.056,44.860
34.696,115.111,99.880,43.903
35.807,116.777,99.880,43.903
40.804,117.887,99.880,43.903
43.025,121.219,99.880,43.903
48.022,121.219,99.880,43.903
52.464,122.329,99.880,43.903
55.241,120.664,99.880,43.903
61.348,122.329,99.880,43.903
64.680,120.108,99.880,43.903
69.677,120.664,99.880,43.903
72.453,120.664,99.880,43.903
77.450,120.108,99.880,43.903
81.337,118.998,99.880,43.903
86.334,118.443,99.880,43.903
88.555,117.332,99.880,43.903
90.776,116.222,99.880,43.903
93.553,115.666,99.880,43.903
95.218,115.111,99.880,43.903
96.329,114.001,99.880,43.903
99.105,115.666,99.880,43.903
100.216,114.556,99.880,43.903
102.437,114.556,99.880,43.903
104.658,114.556,99.880,43.903
107.434,115.666,99.880,43.903
107.434,114.001,99.880,43.903
110.765,115.666,99.880,43.903
112.431,114.001,99.880,43.903
115.762,114.556,99.880,43.903
119.094,115.111,99.880,43.903
117.983,113.445,99.880,43.903
122.981,114.556,99.880,43.903
122.981,116.222,99.880,43.903
125.757,113.445,99.880,43.903
127.423,115.111,99.880,43.903
126.867,113.445,99.880,43.903
130.199,114.556,99.880,43.903
131.865,113.445,99.880,43.903
135.751,112.890,99.880,43.903
137.417,114.001,99.880,43.903
137.417,112.335,99.880,43.903
136.312,113.001,102.090,44.875
131.772,111.299,102.090,44.875
128.934,111.866,102.090,44.875
122.691,111.299,102.090,44.875
115.313,111.299,102.090,44.875
110.206,111.866,102.090,44.875
104.530,110.164,102.090,44.875
102.260,111.866,102.090,44.875
95.450,110.164,102.090,44.875
85.802,110.731,102.090,44.875
81.262,109.596,102.090,44.875
81.829,107.326,102.090,44.875
88.072,109.596,102.090,44.875
93.180,106.191,102.090,44.875
106.233,103.921,102.090,44.875
120.421,102.786,102.090,44.875
132.907,101.651,102.090,44.875
148.798,99.381,102.090,44.875
162.986,101.651,102.090,44.875
174.904,98.813,102.090,44.875
183.985,100.516,102.090,44.875
189.093,99.381,102.090,44.875
192.498,98.245,102.090,44.875
198.173,98.813,102.090,44.875
204.732,96.009,99.913,43.918
206.398,96.009,99.913,43.918
208.064,94.343,99.913,43.918
210.842,91.566,99.913,43.918
210.842,88.233,99.913,43.918
214.730,86.012,99.913,43.918
213.063,81.568,99.913,43.918
210.842,78.791,99.913,43.918
219.728,76.569,99.913,43.918
224.172,77.125,99.913,43.918
227.504,72.681,99.913,43.918
231.246,69.938,97.782,42.981
233.421,68.307,97.782,42.981
234.595,71.779,99.945,43.932
233.484,76.224,99.945,43.932
193.480,91.225,99.945,43.932
191.332,95.443,97.814,42.995
194.051,98.161,97.814,42.995
196.770,98.161,97.814,42.995
198.945,99.249,97.814,42.995
198.401,98.705,97.814,42.995
197.314,97.618,97.814,42.995
196.226,97.618,97.814,42.995
196.226,98.161,97.814,42.995
196.770,97.618,97.814,42.995
197.857,98.161,97.814,42.995
196.226,96.530,97.814,42.995
196.770,97.074,97.814,42.995
196.226,99.249,97.814,42.995
195.682,96.530,97.814,42.995
195.682,98.161,97.814,42.995
192.964,96.530,97.814,42.995
194.051,95.443,97.814,42.995
192.420,98.705,97.814,42.995
191.332,95.986,97.814,42.995
193.507,97.618,97.814,42.995
190.789,95.443,97.814,42.995
192.964,96.530,97.814,42.995
190.789,94.355,97.814,42.995
191.876,96.530,97.814,42.995
187.526,94.899,97.814,42.995
184.263,97.074,97.814,42.995
180.457,95.443,97.814,42.995
178.282,97.618,97.814,42.995
173.932,95.986,97.814,42.995
173.932,98.161,97.814,42.995
169.038,96.530,97.814,42.995
166.319,98.705,97.814,42.995
161.969,99.249,97.814,42.995
163.057,99.249,97.814,42.995
157.075,101.424,97.814,42.995
151.094,99.793,97.814,42.995
145.656,101.424,97.814,42.995
136.412,103.599,97.814,42.995
129.887,100.880,97.814,42.995
124.450,104.143,97.814,42.995
115.206,104.687,97.814,42.995
111.399,103.055,97.814,42.995
103.787,106.862,97.814,42.995
97.805,106.318,97.814,42.995
92.368,108.493,97.814,42.995
80.405,110.668,97.814,42.995
74.967,107.949,97.814,42.995
71.705,111.212,97.814,42.995
68.986,112.843,97.814,42.995
69.530,111.755,97.814,42.995
68.442,114.474,97.814,42.995
71.161,114.474,97.814,42.995
73.336,114.474,97.814,42.995
73.336,115.562,97.814,42.995
76.055,113.930,97.814,42.995
77.686,115.562,97.814,42.995
78.773,114.474,97.814,42.995
80.405,115.562,97.814,42.995
80.949,113.930,97.814,42.995
83.667,116.106,97.814,42.995
86.386,114.474,97.814,42.995
86.930,116.106,97.814,42.995
89.649,115.018,97.814,42.995
91.280,116.649,97.814,42.995
92.368,117.193,97.814,42.995
94.543,115.562,97.814,42.995
97.261,118.281,97.814,42.995
95.630,117.737,97.814,42.995
99.436,117.737,97.814,42.995
100.524,119.912,97.814,42.995
103.787,118.281,97.814,42.995
106.505,121.543,97.814,42.995
107.049,119.912,97.814,42.995
110.312,121.543,97.814,42.995
110.312,120.999,97.814,42.995
113.031,123.174,97.814,42.995
116.293,121.543,97.814,42.995
119.012,122.631,97.814,42.995
121.731,120.999,97.814,42.995
124.450,122.087,97.814,42.995
126.625,120.456,97.814,42.995
130.431,122.631,97.814,42.995
133.150,120.456,97.814,42.995
133.693,122.631,97.814,42.995
137.500,121.543,97.814,42.995
139.675,122.631,97.814,42.995
139.675,119.368,97.814,42.995
145.656,116.649,97.814,42.995
147.288,112.843,97.814,42.995
146.744,110.668,97.814,42.995
140.762,105.774,97.814,42.995
139.675,104.143,97.814,42.995
142.937,102.511,97.814,42.995
150.006,101.968,97.814,42.995
154.900,101.424,97.814,42.995
160.338,102.511,97.814,42.995
165.232,99.793,97.814,42.995
158.707,95.986,97.814,42.995
169.582,94.899,97.814,42.995
174.293,93.785,95.728,42.078
176.954,93.253,95.728,42.078
179.615,91.124,95.728,42.078
108.305,118.265,95.728,42.078
103.381,120.008,97.846,43.009
99.573,117.288,97.846,43.009
95.222,116.744,97.846,43.009
91.958,117.288,97.846,43.009
88.695,118.376,97.846,43.009
85.975,116.200,97.846,43.009
82.711,117.832,97.846,43.009
80.536,115.656,97.846,43.009
76.728,116.200,97.846,43.009
75.096,115.656,97.846,43.009
71.832,115.112,97.846,43.009
73.464,114.568,97.846,43.009
71.832,113.480,97.846,43.009
71.832,115.656,97.846,43.009
71.289,113.480,97.846,43.009
71.832,115.112,97.846,43.009
70.201,113.480,97.846,43.009
72.920,114.568,97.846,43.009
70.201,114.024,97.846,43.009
69.657,112.392,97.846,43.009
70.745,115.112,97.846,43.009
68.025,113.480,97.846,43.009
66.937,115.656,97.846,43.009
68.025,113.480,97.846,43.009
69.113,115.112,97.846,43.009
66.937,112.936,97.846,43.009
67.481,114.024,97.846,43.009
64.217,113.480,97.846,43.009
59.866,112.936,97.846,43.009
57.690,111.848,97.846,43.009
53.338,113.480,97.846,43.009
50.619,112.936,97.846,43.009
46.811,112.936,97.846,43.009
44.091,112.936,97.846,43.009
40.828,113.480,97.846,43.009
40.284,114.568,97.846,43.009
35.932,111.848,97.846,43.009
37.564,112.936,97.846,43.009
35.932,112.936,97.846,43.009
35.932,112.936,97.846,43.009
36.476,112.392,97.846,43.009
34.301,113.480,97.846,43.009
37.020,112.936,97.846,43.009
34.844,111.304,97.846,43.009
36.476,114.024,97.846,43.009
34.301,111.848,97.846,43.009
35.932,112.936,97.846,43.009
35.932,111.848,97.846,43.009
33.213,113.480,97.846,43.009
34.844,111.848,97.846,43.009
32.669,114.024,97.846,43.009
34.844,112.392,97.846,43.009
34.844,113.480,97.846,43.009
33.213,113.480,97.846,43.009
33.757,112.392,97.846,43.009
34.844,115.112,97.846,43.009
33.213,112.936,97.846,43.009
35.932,114.024,97.846,43.009
33.213,112.936,97.846,43.009
34.844,111.848,97.846,43.009
34.844,114.568,97.846,43.009
32.669,112.392,97.846,43.009
35.388,114.568,97.846,43.009
32.125,112.392,97.846,43.009
33.757,115.112,97.846,43.009
31.037,114.024,97.846,43.009
31.037,112.936,97.846,43.009
31.581,114.568,97.846,43.009
27.773,112.392,97.846,43.009
31.037,114.568,97.846,43.009
27.229,111.848,97.846,43.009
28.861,114.024,97.846,43.009
26.141,112.936,97.846,43.009
25.054,114.024,97.846,43.009
27.229,112.936,97.846,43.009
23.422,115.112,97.846,43.009
23.422,113.480,97.846,43.009
22.878,115.656,97.846,43.009
21.246,114.024,97.846,43.009
21.790,113.480,97.846,43.009
20.158,116.200,97.846,43.009
18.526,113.480,97.846,43.009
21.246,116.200,97.846,43.009
16.894,114.568,97.846,43.009
21.246,114.024,97.846,43.009
21.246,116.744,97.846,43.009
22.878,114.568,97.846,43.009
26.141,116.744,97.846,43.009
25.054,115.112,97.846,43.009
27.773,117.832,97.846,43.009
28.861,115.656,97.846,43.009
31.037,116.200,97.846,43.009
33.213,116.744,97.846,43.009
35.932,114.568,97.846,43.009
37.564,116.200,97.846,43.009
39.196,115.112,97.846,43.009
42.460,116.200,97.846,43.009
41.916,115.112,97.846,43.009
45.723,114.568,97.846,43.009
47.899,116.744,97.846,43.009
47.899,115.112,97.846,43.009
50.619,116.744,97.846,43.009
50.075,116.744,97.846,43.009
52.795,115.112,97.846,43.009
54.970,117.832,97.846,43.009
54.426,116.200,97.846,43.009
56.058,117.832,97.846,43.009
58.234,117.288,97.846,43.009
58.778,118.376,97.846,43.009
62.585,117.832,97.846,43.009
62.042,117.288,97.846,43.009
65.849,118.376,97.846,43.009
64.761,117.288,97.846,43.009
68.569,117.832,97.846,43.009
67.481,116.200,97.846,43.009
70.745,117.832,97.846,43.009
71.289,118.920,97.846,43.009
71.832,116.200,97.846,43.009
75.096,118.920,97.846,43.009
72.376,117.832,97.846,43.009
76.728,118.920,97.846,43.009
76.184,119.464,97.846,43.009
78.904,119.464,97.846,43.009
81.079,120.007,97.846,43.009
78.904,119.464,97.846,43.009
82.711,120.551,97.846,43.009
83.255,120.007,97.846,43.009
84.887,120.551,97.846,43.009
87.607,120.551,97.846,43.009
88.151,121.095,97.846,43.009
89.239,122.183,97.846,43.009
90.870,122.183,97.846,43.009
93.046,122.727,97.846,43.009
94.134,122.727,97.846,43.009
95.222,122.727,97.846,43.009
94.134,123.815,97.846,43.009
97.398,123.815,97.846,43.009
99.029,123.815,97.846,43.009
101.749,124.359,97.846,43.009
102.837,124.903,97.846,43.009
103.925,125.447,97.846,43.009
105.013,125.447,97.846,43.009
106.645,127.079,97.846,43.009
105.013,127.079,97.846,43.009
108.276,125.991,97.846,43.009
107.732,127.623,97.846,43.009
111.540,125.991,97.846,43.009
113.716,128.167,97.846,43.009
114.260,128.167,97.846,43.009
115.892,128.711,97.846,43.009
116.979,130.342,97.846,43.009
117.523,131.430,97.846,43.009
119.699,130.886,97.846,43.009
118.611,131.430,97.846,43.009
