227.000,207.000,122.000,99.000
240.404,206.010,124.440,100.980
255.000,212.000,125.000,99.000
259.000,220.000,123.000,101.000
258.000,229.000,124.000,102.000
255.544,236.935,122.000,99.000
245.000,246.000,128.000,99.000
241.000,252.000,124.000,99.000
247.000,255.000,130.000,95.000
262.000,260.000,123.000,101.000
258.000,268.000,124.000,100.000
248.209,268.010,124.440,100.980
249.094,267.000,126.929,103.000
256.333,274.063,124.440,100.980
264.351,288.134,124.440,100.980
270.333,302.134,124.440,100.980
276.333,308.063,124.440,100.980
258.571,307.000,126.929,103.000
240.513,294.652,126.929,103.000
237.978,280.593,126.929,103.000
245.333,265.868,124.440,100.980
261.422,255.921,124.440,100.980
271.362,260.268,129.467,105.060
259.171,280.963,129.467,105.060
229.164,300.523,126.929,103.000
214.629,298.942,126.929,103.000
234.759,274.878,129.467,105.060
260.733,253.361,126.929,103.000
277.501,253.000,126.929,103.000
286.351,262.081,124.440,100.980
280.227,268.063,124.440,100.980
248.376,261.772,129.467,105.060
215.353,256.637,132.057,107.161
200.483,250.496,132.057,107.161
205.965,249.871,129.467,105.060
214.163,252.069,129.467,105.060
217.965,249.871,129.467,105.060
222.298,258.063,124.440,100.980
212.803,261.116,126.929,103.000
206.189,252.496,132.057,107.161
205.667,239.275,129.467,105.060
207.866,222.176,129.467,105.060
224.404,207.868,124.440,100.980
231.268,211.116,126.929,103.000
219.270,228.864,129.467,105.060
213.468,252.062,129.467,105.060
221.037,261.626,132.057,107.161
239.000,270.000,125.000,109.000
227.369,284.566,129.467,105.060
219.369,289.169,129.467,105.060
214.967,273.743,134.698,109.304
205.171,254.977,129.467,105.060
198.468,229.779,129.467,105.060
207.072,219.112,134.698,109.304
218.072,218.848,134.698,109.304
228.037,224.202,132.057,107.161
233.703,214.112,134.698,109.304
240.703,205.112,134.698,109.304
235.369,209.069,129.467,105.060
215.200,222.908,132.057,107.161
192.754,243.033,137.392,111.490
191.967,248.216,134.698,109.304
209.881,238.823,140.140,113.720
231.808,229.928,134.698,109.304
244.171,219.844,137.392,111.490
245.151,207.743,134.698,109.304
239.349,202.299,137.392,111.490
221.494,208.216,134.698,109.304
191.162,214.729,140.140,113.720
177.796,212.368,140.140,113.720
173.599,199.559,134.698,109.304
175.335,169.271,134.698,109.304
170.158,159.823,140.140,113.720
172.703,175.546,140.140,113.720
196.524,174.503,142.942,115.994
233.787,171.095,140.140,113.720
239.000,203.000,122.000,112.000
207.051,250.718,145.801,118.314
225.337,309.448,140.140,113.720
275.421,332.363,140.140,113.720
298.605,316.158,145.801,118.314
274.958,283.245,145.801,118.314
234.559,245.989,148.717,120.680
193.147,217.223,148.717,120.680
178.051,211.251,145.801,118.314
187.247,231.819,140.140,113.720
196.520,247.546,140.140,113.720
196.000,245.000,140.000,118.000
197.376,224.869,148.717,120.680
201.964,201.046,148.717,120.680
205.029,187.279,142.942,115.994
201.886,193.185,140.140,113.720
193.076,206.410,142.942,115.994
205.784,219.528,145.801,118.314
232.524,213.550,142.942,115.994
250.844,201.514,148.717,120.680
263.000,209.000,151.000,115.000
296.000,225.000,151.000,112.000
329.000,236.000,154.000,111.000
354.000,233.000,146.000,116.000
354.000,217.000,144.000,122.000
333.000,204.000,151.000,114.000
303.000,198.000,153.000,115.000
289.000,201.000,146.000,117.000
287.029,202.503,142.942,115.994
291.000,201.000,145.000,121.000
279.319,212.217,148.717,120.680
269.496,224.217,148.717,120.680
263.507,232.435,145.801,118.314
269.376,233.571,148.717,120.680
273.964,235.571,148.717,120.680
252.439,247.217,148.717,120.680
216.219,255.792,151.692,123.094
206.816,246.114,151.692,123.094
226.148,222.338,145.801,118.314
254.969,205.794,145.801,118.314
261.493,193.114,151.692,123.094
252.779,204.799,145.801,118.314
236.673,222.451,148.717,120.680
234.730,234.217,148.717,120.680
238.964,237.707,145.801,118.314
257.791,237.413,151.691,123.094
272.420,232.251,145.801,118.314
268.613,230.095,140.139,113.720
258.000,221.000,145.000,120.000
261.000,227.000,155.000,116.000
282.000,227.000,150.000,121.000
284.000,212.000,144.000,128.000
262.673,199.691,148.717,120.680
249.000,190.000,151.000,122.000
254.347,187.867,142.942,115.994
262.000,188.000,148.000,119.000
241.000,191.000,159.000,114.000
211.866,183.615,145.801,118.314
198.000,179.000,150.000,119.000
206.000,178.000,158.000,118.000
222.000,177.000,149.000,119.000
197.000,178.000,161.000,114.000
153.000,184.000,160.000,115.000
136.000,190.000,156.000,118.000
179.000,194.000,163.000,113.000
243.000,195.000,161.000,113.000
278.000,196.000,156.000,116.000
285.000,196.000,149.000,119.000
278.000,197.000,151.000,119.000
257.000,192.000,157.000,115.000
215.000,184.000,161.000,116.000
187.205,181.160,148.717,120.680
188.114,182.413,151.691,123.094
202.420,181.979,145.801,118.314
208.664,181.185,142.942,115.994
198.143,175.615,145.801,118.314
193.195,172.953,151.691,123.094
198.964,172.979,145.801,118.314
215.148,170.979,145.801,118.314
247.000,163.000,152.000,118.000
267.000,140.000,144.000,131.000
248.673,142.748,148.717,120.680
238.779,153.800,145.801,118.314
251.000,154.000,160.000,115.000
280.078,142.926,148.717,120.680
296.000,142.000,142.000,130.000
279.415,177.077,145.801,118.314
263.051,217.533,145.801,118.314
257.871,236.256,145.801,118.314
257.114,224.115,151.691,123.094
251.735,201.816,151.691,123.094
241.816,187.195,151.691,123.094
228.051,186.979,145.801,118.314
219.758,193.139,142.942,115.994
215.393,193.503,142.942,115.994
215.964,187.615,145.801,118.314
236.877,180.251,145.801,118.314
256.844,171.926,148.717,120.680
266.787,172.160,148.717,120.680
263.871,175.707,145.801,118.314
271.000,184.000,146.000,123.000
268.114,200.171,151.691,123.094
264.319,218.040,148.717,120.680
253.611,228.266,154.725,125.556
256.141,226.337,148.717,120.680
259.964,213.158,145.801,118.314
267.982,200.596,142.942,115.994
269.430,188.006,140.139,113.720
249.487,172.596,142.942,115.994
236.496,172.571,148.717,120.680
234.000,183.000,143.000,119.000
217.084,196.040,148.717,120.680
217.711,219.363,142.942,115.994
239.256,226.806,148.717,120.680
275.313,217.514,148.717,120.680
302.605,199.430,145.801,118.314
301.711,186.596,142.942,115.994
298.235,178.251,145.801,118.314
318.571,179.503,142.942,115.994
339.626,179.527,137.392,111.490
348.000,170.000,143.000,114.000
343.000,169.000,147.000,108.000
321.000,175.000,147.000,111.000
308.000,182.000,139.000,119.000
324.000,191.000,151.000,109.000
367.000,186.000,154.000,108.000
399.000,182.000,150.000,108.000
411.715,183.983,137.392,111.490
416.000,192.000,142.000,113.000
426.000,201.000,149.000,106.000
447.000,187.000,134.000,118.000
438.576,176.616,137.392,111.490
410.000,184.000,146.000,103.000
373.000,191.000,148.000,106.000
328.409,191.800,145.801,118.314
315.524,198.185,140.139,113.720
322.247,194.096,140.139,113.720
337.171,188.072,137.392,111.490
352.319,179.213,132.056,107.161
363.178,172.496,132.056,107.161
353.415,178.400,134.698,109.304
345.907,194.909,132.056,107.161
339.048,205.626,132.056,107.161
317.674,202.772,129.467,105.059
267.000,191.000,145.000,104.000
227.000,191.000,140.000,102.000
205.000,193.000,134.000,104.000
207.703,192.216,134.698,109.304
223.000,194.000,137.000,104.000
223.000,188.000,136.000,102.000
205.000,190.000,139.000,103.000
203.000,199.000,123.000,115.000
209.440,216.137,134.698,109.304
243.449,225.894,137.391,111.490
264.808,231.216,134.698,109.304
245.059,229.778,132.056,107.161
209.070,225.637,132.056,107.161
184.000,221.000,134.000,101.000
180.331,214.637,132.056,107.161
207.000,216.000,142.000,99.000
255.000,213.000,141.000,101.000
288.000,217.000,132.000,101.000
282.000,223.000,137.000,99.000
247.000,224.000,140.000,99.000
187.000,218.000,142.000,102.000
143.000,215.000,140.000,104.000
136.000,210.000,125.000,109.000
149.000,203.000,132.000,101.000
178.000,193.000,132.000,100.000
192.404,188.992,124.440,100.980
199.000,189.000,128.000,99.000
212.000,192.000,132.000,97.000
236.000,195.000,131.000,97.000
254.000,197.000,128.000,99.000
259.000,202.000,124.000,101.000
247.000,209.000,128.000,97.000
239.000,215.000,123.000,100.000
230.920,222.291,126.928,102.999
233.500,239.826,122.000,99.000
235.478,241.978,122.000,99.000
243.413,220.240,122.000,99.000
248.333,192.779,124.440,100.980
243.667,195.169,129.467,105.059
242.245,217.188,124.440,100.980
236.939,238.365,119.608,97.059
220.156,244.081,124.440,100.980
210.191,241.992,124.440,100.980
209.522,231.131,122.000,99.000
211.152,204.303,126.928,102.999
217.457,196.109,122.000,99.000
224.351,199.046,124.440,100.980
241.559,218.581,126.928,102.999
256.369,238.804,122.000,99.000
253.817,243.850,119.608,97.059
245.362,233.514,117.262,95.155
245.636,217.455,119.608,97.059
254.474,206.514,117.262,95.155
256.457,205.000,122.000,99.000
261.575,209.850,119.608,97.059
265.883,209.991,114.963,93.290
268.000,203.000,116.000,97.000
274.474,199.120,117.262,95.155
287.203,199.855,114.963,93.290
290.747,190.535,114.963,93.290
291.018,177.806,114.963,93.290
278.461,173.120,117.262,95.155
267.461,182.429,117.262,95.155
277.456,210.355,112.709,91.460
299.587,229.837,117.262,95.155
321.000,221.000,102.000,100.000
300.559,193.402,117.262,95.155
279.954,181.514,117.262,95.155
267.000,188.000,112.000,97.000
264.672,201.232,117.262,95.155
281.981,210.429,117.262,95.155
284.575,215.789,119.608,97.059
282.066,211.218,117.262,95.155
279.967,190.007,117.262,95.155
269.834,170.350,114.963,93.290
280.283,168.942,112.709,91.460
300.685,178.331,117.262,95.155
310.376,189.331,117.262,95.155
288.052,181.317,117.262,95.155
247.908,172.213,119.608,97.059
223.921,175.719,114.963,93.290
228.573,174.922,117.262,95.155
245.981,167.317,117.262,95.155
264.594,163.287,112.709,91.460
268.834,161.083,110.499,89.667
248.378,156.991,114.963,93.290
216.250,163.252,112.709,91.460
201.525,175.563,112.709,91.460
195.066,185.331,117.262,95.155
182.525,192.252,112.709,91.460
160.215,202.735,112.709,91.460
157.667,212.625,110.499,89.667
172.387,210.032,108.332,87.909
191.656,191.980,108.332,87.909
204.000,185.000,110.000,91.000
190.500,189.250,110.499,89.667
174.525,199.735,112.709,91.460
179.628,208.908,112.709,91.460
197.143,201.763,108.332,87.909
207.001,180.958,110.499,89.667
214.417,162.749,110.499,89.667
234.656,156.519,108.332,87.909
256.000,161.000,106.000,93.000
249.459,180.375,110.499,89.667
247.952,199.629,106.208,86.185
247.000,194.000,104.000,94.000
233.835,171.012,112.709,91.460
225.794,146.197,108.332,87.909
212.619,145.685,106.208,86.185
222.000,159.000,101.000,89.000
231.376,179.167,110.499,89.667
243.793,186.833,110.499,89.667
255.873,178.763,108.332,87.909
267.793,163.333,110.499,89.667
280.793,158.291,110.499,89.667
284.091,170.085,108.332,87.909
280.821,184.598,108.332,87.909
250.583,185.458,110.499,89.667
203.000,177.000,114.000,88.000
170.000,167.000,114.000,87.000
160.000,165.000,111.000,90.000
161.000,169.000,107.000,94.000
162.847,178.572,108.332,87.909
173.873,178.546,108.332,87.909
199.000,175.000,109.000,83.000
227.196,164.519,108.332,87.909
244.000,164.000,112.000,85.000
251.000,163.000,107.000,86.000
249.396,159.685,106.208,86.185
245.000,167.000,104.000,88.000
238.000,180.000,100.000,92.000
228.000,194.000,106.000,89.000
204.000,207.000,110.000,81.000
169.000,210.000,115.000,81.000
141.000,208.000,114.000,82.000
120.000,201.000,109.000,85.000
117.000,196.000,108.000,84.000
130.000,197.000,113.000,81.000
157.000,194.000,110.000,80.000
182.000,185.000,108.000,82.000
195.000,179.000,112.000,82.000
213.000,177.000,114.000,82.000
233.000,177.000,110.000,81.000
244.000,163.000,99.000,90.000
227.063,148.908,106.208,86.185
209.865,151.941,104.126,84.495
197.000,158.000,106.000,87.000
209.700,161.736,102.084,82.839
229.000,165.000,111.000,80.000
247.000,156.000,102.000,86.000
256.000,147.000,108.000,82.000
266.390,143.425,102.084,82.839
262.000,147.000,107.000,82.000
260.000,155.000,98.000,86.000
252.000,173.000,94.000,88.000
245.000,188.000,100.000,87.000
243.000,191.000,104.000,83.000
247.000,190.000,107.000,80.000
260.000,183.000,100.000,83.000
270.000,169.000,98.000,84.000
280.000,163.000,109.000,78.000
309.000,171.000,98.000,77.000
327.977,185.289,102.084,82.839
329.126,206.201,104.125,84.495
304.112,226.513,104.125,84.495
272.353,235.357,102.084,82.839
256.939,222.370,98.120,79.622
257.769,196.252,102.084,82.839
251.968,177.419,100.082,81.214
239.871,180.391,102.084,82.839
254.355,198.289,102.084,82.839
275.532,218.781,98.120,79.622
269.591,222.761,100.082,81.214
267.258,206.188,98.120,79.622
272.950,180.551,100.082,81.214
272.842,182.470,96.196,78.061
275.327,205.235,100.082,81.214
280.191,223.513,104.125,84.495
290.573,213.533,100.082,81.214
297.734,191.562,102.084,82.839
298.459,191.893,100.082,81.214
292.492,207.633,102.084,82.839
294.440,219.235,98.120,79.622
292.849,211.734,98.120,79.622
270.166,192.597,98.120,79.622
248.166,184.734,98.120,79.622
247.459,192.007,100.082,81.214
263.440,213.747,96.196,78.061
272.761,222.828,96.196,78.061
288.000,214.000,89.000,84.000
285.327,195.042,100.082,81.214
291.213,187.734,98.120,79.622
310.532,197.235,98.120,79.622
321.520,208.410,94.310,76.530
298.000,202.000,100.000,78.000
262.000,189.000,97.000,78.000
233.974,172.839,102.084,82.838
234.849,179.462,98.120,79.622
223.722,190.253,100.082,81.214
205.608,196.384,100.082,81.214
213.573,197.516,100.082,81.214
247.538,194.647,100.082,81.214
259.700,194.081,102.084,82.838
243.939,198.871,98.120,79.622
214.871,204.384,100.082,81.214
215.000,211.000,106.000,77.000
257.000,203.000,104.000,79.000
286.000,188.000,97.000,87.000
274.372,181.811,104.125,84.495
260.231,183.893,100.082,81.214
245.000,191.000,102.000,80.000
249.424,196.357,102.084,82.838
297.461,199.391,102.084,82.838
345.461,194.115,102.084,82.838
352.079,187.460,102.084,82.838
336.242,179.499,104.125,84.495
309.248,174.402,100.082,81.214
261.000,184.000,102.000,78.000
239.117,196.498,100.082,81.214
257.310,208.253,100.082,81.214
290.893,214.694,104.125,84.495
308.687,211.024,100.082,81.214
291.242,194.057,104.125,84.495
259.398,189.963,106.208,86.185
238.284,205.323,102.084,82.838
246.734,218.323,102.084,82.838
268.000,218.000,102.000,83.000
277.196,199.042,100.082,81.214
271.492,184.839,102.084,82.838
261.000,191.000,98.000,88.000
258.000,206.000,101.000,87.000
272.000,213.000,106.000,81.000
291.666,201.149,102.084,82.838
308.011,182.873,102.084,82.838
324.321,177.187,104.125,84.495
344.698,199.201,104.125,84.495
356.256,219.513,104.125,84.495
357.118,214.963,106.208,86.185
355.674,196.464,106.208,86.185
351.952,175.742,106.208,86.185
354.458,170.460,102.084,82.838
360.191,174.317,104.125,84.495
357.000,181.000,106.000,85.000
344.000,187.000,106.000,81.000
315.000,195.000,105.000,81.000
279.698,197.047,102.084,82.838
263.000,196.000,106.000,84.000
246.525,180.250,108.332,87.909
219.985,164.736,108.332,87.909
188.716,157.519,108.332,87.909
173.000,173.000,96.000,90.000
175.117,187.355,108.332,87.909
213.668,184.875,110.499,89.667
254.179,165.494,112.709,91.460
276.751,145.166,110.499,89.667
276.577,142.032,108.332,87.909
270.491,161.700,112.709,91.460
283.080,180.837,117.262,95.155
299.981,179.021,117.262,95.155
302.146,166.149,112.709,91.460
274.583,170.250,110.499,89.667
225.874,195.750,110.499,89.667
199.560,220.355,112.709,91.460
210.111,226.252,112.709,91.460
228.784,216.317,117.262,95.155
225.663,206.805,112.709,91.460
201.052,199.218,117.262,95.155
191.362,216.035,117.262,95.155
202.277,244.443,117.262,95.155
215.326,264.760,122.000,99.000
231.179,266.922,117.262,95.155
237.454,248.516,119.607,97.058
255.981,223.303,117.262,95.155
271.931,210.807,114.963,93.290
273.575,218.668,119.607,97.058
281.369,233.152,124.440,100.980
314.727,233.031,119.607,97.058
341.195,218.153,122.000,99.000
336.878,191.819,119.607,97.058
295.936,177.153,122.000,99.000
239.525,189.407,126.928,102.999
220.103,228.348,124.440,100.980
233.369,244.826,122.000,99.000
255.260,223.240,122.000,99.000
269.348,195.305,122.000,99.000
268.280,196.028,124.440,100.980
276.263,200.268,129.467,105.059
313.015,198.920,132.056,107.160
355.140,196.884,126.928,102.999
364.351,202.046,124.440,100.980
332.164,209.233,126.928,102.999
275.940,215.485,132.056,107.160
230.505,213.779,132.056,107.160
203.299,196.161,137.391,111.490
198.349,177.933,137.391,111.490
213.337,169.823,140.139,113.719
231.440,174.032,134.697,109.304
249.854,177.211,137.391,111.490
270.808,177.848,134.697,109.304
295.176,177.848,134.697,109.304
296.975,171.096,140.139,113.719
279.252,166.096,140.139,113.719
260.311,167.848,134.697,109.304
242.679,172.216,134.697,109.304
234.415,176.216,134.697,109.304
238.520,175.848,134.697,109.304
251.263,173.772,129.467,105.059
245.967,174.032,134.697,109.304
235.893,177.211,137.391,111.490
250.337,189.274,140.139,113.719
295.384,204.727,142.942,115.994
330.515,207.913,140.139,113.719
319.758,197.232,142.942,115.994
285.502,191.615,145.801,118.314
252.263,190.185,142.942,115.994
217.263,190.503,142.942,115.994
197.262,188.160,148.717,120.680
203.033,189.413,151.691,123.094
216.191,187.722,154.725,125.555
226.376,182.926,148.717,120.680
235.682,173.196,154.725,125.555
245.033,166.574,151.691,123.094
238.120,165.722,154.725,125.555
229.792,163.186,160.976,130.628
231.590,167.026,157.819,128.066
226.472,162.349,157.819,128.066
205.558,161.213,154.725,125.555
173.300,166.017,160.976,130.628
171.120,181.266,154.725,125.555
183.673,184.406,160.976,130.628
187.727,177.555,164.195,133.240
172.677,172.790,157.819,128.066
148.103,177.867,164.195,133.240
133.182,200.988,167.479,135.905
127.329,216.841,167.479,135.905
125.045,219.263,167.479,135.905
122.045,214.116,167.479,135.905
131.165,202.109,170.829,138.623
144.935,196.648,170.829,138.623
157.504,194.802,174.245,141.396
165.853,200.453,174.245,141.396
164.797,200.885,181.285,147.108
179.679,195.326,174.245,141.396
170.901,187.326,174.245,141.396
155.226,189.270,177.730,144.224
140.052,198.468,184.910,150.050
135.137,200.033,188.609,153.051
135.196,187.741,188.609,153.051
119.904,184.916,188.609,153.051
119.047,192.471,184.910,150.050
121.548,205.041,192.381,156.112
124.429,214.802,192.381,156.112
126.196,212.916,188.609,153.051
109.659,206.701,196.228,159.235
100.933,195.554,200.153,162.419
106.568,196.883,196.228,159.235
106.386,203.246,196.228,159.235
105.190,213.802,192.381,156.112
103.386,215.065,196.228,159.234
99.422,208.356,204.156,165.668
102.732,205.356,204.156,165.668
99.112,199.046,204.156,165.668
78.078,188.432,212.404,172.361
45.342,192.005,220.985,179.324
29.360,195.672,229.913,186.569
