478.000,143.000,80.000,111.000
476.804,141.304,80.000,111.000
475.000,139.000,81.000,110.000
473.000,136.000,82.000,109.000
471.000,134.000,82.000,109.000
470.000,133.000,82.000,108.000
468.000,131.000,83.000,108.000
467.000,129.000,82.000,109.000
462.970,125.430,81.600,113.220
465.000,126.000,82.000,109.000
460.119,121.228,83.232,115.484
463.000,123.000,82.000,112.000
461.000,122.000,83.000,112.000
461.000,122.000,83.000,111.000
460.000,120.000,84.000,114.000
460.000,118.000,84.000,114.000
459.000,118.000,85.000,112.000
457.000,118.000,86.000,114.000
454.000,119.000,87.000,114.000
452.000,120.000,87.000,115.000
450.000,121.000,90.000,116.000
446.000,121.000,90.000,116.000
443.000,122.000,91.000,116.000
440.000,123.000,91.000,117.000
435.000,125.000,93.000,116.000
430.000,128.000,94.000,116.000
422.000,130.000,93.000,117.000
413.000,133.000,96.000,119.000
406.000,135.000,97.000,121.000
398.000,140.000,96.000,121.000
388.000,145.000,99.000,120.000
376.000,150.000,101.000,120.000
371.000,155.000,99.000,119.000
361.000,158.000,97.000,121.000
351.000,162.000,94.000,121.000
337.000,165.000,96.000,121.000
324.000,167.000,99.000,121.000
312.000,168.000,100.000,123.000
299.000,168.000,99.000,125.000
284.000,170.000,104.000,125.000
272.000,168.000,108.000,129.000
264.000,169.000,106.000,130.000
258.000,168.000,108.000,132.000
254.000,169.000,107.000,134.000
251.000,167.000,109.000,139.000
250.000,167.000,106.000,141.000
250.000,169.000,105.000,143.000
250.000,169.000,106.000,143.000
250.000,170.000,108.000,141.000
253.000,168.000,111.000,146.000
255.000,166.000,111.000,146.000
258.000,163.000,112.000,149.000
256.950,164.511,103.488,143.590
258.950,160.316,103.488,143.590
260.950,154.122,103.488,143.590
260.948,141.673,107.669,149.391
264.246,130.996,109.823,152.379
266.721,123.078,105.558,146.462
266.721,109.840,105.558,146.462
271.000,87.000,112.000,163.000
270.000,77.000,111.000,164.000
270.000,69.000,109.000,160.000
267.562,66.734,103.488,143.590
269.765,61.057,99.470,138.014
267.756,52.122,103.488,143.590
267.000,40.000,106.000,155.000
267.000,37.000,105.000,148.000
269.669,40.118,95.607,132.655
270.634,37.498,93.733,130.054
270.634,33.498,93.733,130.054
273.501,30.851,91.895,127.504
276.364,30.088,90.093,125.004
276.621,29.460,93.733,130.054
282.274,31.998,90.093,125.004
287.875,34.425,86.594,120.150
291.000,34.000,91.000,121.000
298.452,37.403,84.897,117.794
302.414,40.523,83.232,115.484
310.000,42.000,87.000,116.000
317.178,44.523,83.232,115.484
323.943,46.523,83.232,115.484
330.000,48.000,87.000,115.000
336.000,48.000,89.000,114.000
346.000,48.000,88.000,115.000
356.000,47.000,90.000,117.000
368.000,46.000,91.000,119.000
381.000,47.000,98.000,120.000
391.000,49.000,97.000,120.000
405.000,51.000,96.000,118.000
417.000,54.000,94.000,117.000
431.000,57.000,91.000,116.000
443.000,58.000,91.000,118.000
454.000,63.000,95.000,116.000
463.000,67.000,95.000,116.000
475.000,72.000,97.000,113.000
485.000,78.000,96.000,113.000
496.000,80.000,95.000,115.000
504.000,83.000,96.000,117.000
509.000,86.000,95.000,121.000
513.000,89.000,93.000,124.000
513.000,93.000,93.000,124.000
510.000,98.000,93.000,124.000
507.000,103.000,91.000,120.000
503.000,108.000,90.000,118.000
498.000,112.000,89.000,117.000
490.000,117.000,90.000,116.000
480.000,121.000,93.000,116.000
474.000,124.000,93.000,116.000
467.000,129.000,92.000,115.000
459.000,131.000,95.000,117.000
451.000,133.000,95.000,118.000
442.000,135.000,97.000,119.000
431.000,136.000,98.000,123.000
424.000,139.000,98.000,124.000
416.000,143.000,99.000,125.000
409.000,146.000,102.000,129.000
402.000,149.000,103.000,130.000
393.000,153.000,103.000,132.000
386.000,157.000,104.000,132.000
382.000,163.000,102.000,132.000
377.000,168.000,99.000,133.000
370.000,173.000,99.000,133.000
357.470,176.049,97.519,135.308
353.000,180.000,100.000,135.000
341.402,181.914,97.519,135.308
333.470,185.981,97.519,135.308
327.684,190.460,93.733,130.054
320.000,194.000,103.000,132.000
314.000,193.000,102.000,133.000
310.000,192.000,102.000,135.000
309.000,190.000,101.000,137.000
310.000,192.000,98.000,135.000
311.000,192.000,99.000,132.000
311.000,192.000,101.000,131.000
316.000,194.000,98.000,127.000
320.778,193.172,95.607,132.655
330.000,199.000,97.000,122.000
341.000,201.000,97.000,122.000
352.000,203.000,97.000,122.000
363.000,208.000,97.000,120.000
374.000,212.000,96.000,120.000
382.000,214.000,100.000,121.000
394.000,219.000,101.000,120.000
406.000,223.000,102.000,122.000
417.000,227.000,101.000,120.000
425.000,230.000,105.000,122.000
429.000,234.000,106.000,124.000
441.000,242.000,101.000,121.000
447.000,248.000,100.000,118.000
451.000,251.000,101.000,118.000
455.000,252.000,99.000,117.000
453.000,249.000,101.000,119.000
450.000,246.000,101.000,121.000
448.000,242.000,99.000,122.000
449.000,234.000,95.000,127.000
443.000,225.000,100.000,129.000
441.656,223.851,91.895,127.504
438.633,223.088,90.093,125.004
432.000,221.000,104.000,127.000
435.000,216.000,100.000,132.000
434.740,211.778,97.519,135.308
435.000,210.000,106.000,133.000
434.000,204.000,109.000,137.000
436.000,200.000,108.000,140.000
438.000,199.000,106.000,142.000
435.000,200.000,108.000,143.000
428.000,200.000,115.000,145.000
425.000,199.000,115.000,145.000
423.000,199.000,112.000,144.000
412.000,196.000,112.000,145.000
406.000,195.000,114.000,144.000
391.000,194.000,115.000,142.000
382.000,195.000,112.000,140.000
371.000,195.000,110.000,139.000
358.000,194.000,109.000,140.000
344.000,192.000,107.000,139.000
330.000,191.000,108.000,140.000
314.000,190.000,109.000,137.000
298.000,185.000,109.000,137.000
283.000,181.000,111.000,136.000
269.000,179.000,109.000,134.000
259.000,178.000,106.000,131.000
247.000,176.000,107.000,129.000
240.000,176.000,106.000,128.000
232.000,176.000,105.000,128.000
223.000,174.000,106.000,130.000
215.000,175.000,106.000,130.000
209.000,177.000,106.000,129.000
203.000,180.000,105.000,130.000
197.000,184.000,104.000,130.000
191.000,187.000,104.000,130.000
185.000,190.000,103.000,131.000
177.000,193.000,105.000,132.000
168.000,195.000,108.000,133.000
166.000,197.000,104.000,132.000
162.000,199.000,105.000,134.000
159.000,201.000,101.000,134.000
155.000,201.000,105.000,137.000
152.000,202.000,102.000,137.000
152.000,201.000,105.000,140.000
149.000,202.000,104.000,137.000
148.000,203.000,103.000,138.000
147.000,204.000,103.000,136.000
146.000,203.000,107.000,134.000
145.000,201.000,109.000,134.000
140.000,198.000,102.000,133.000
138.000,191.000,104.000,136.000
136.000,185.000,108.000,137.000
130.000,179.000,105.000,136.000
126.000,167.000,106.000,140.000
124.000,157.000,105.000,141.000
118.000,147.000,106.000,143.000
114.000,137.000,104.000,144.000
113.000,123.000,105.000,145.000
108.656,115.839,99.470,138.014
113.000,94.000,105.000,152.000
113.000,84.000,103.000,152.000
112.000,75.000,102.000,147.000
113.000,64.000,101.000,146.000
116.000,54.000,100.000,146.000
116.751,50.010,95.607,132.655
123.000,32.000,103.000,143.000
132.000,23.000,99.000,143.000
137.000,16.000,102.000,142.000
142.000,12.000,104.000,138.000
154.000,11.000,104.000,134.000
165.000,7.000,103.000,132.000
179.000,5.000,96.000,131.000
183.000,3.000,97.000,133.000
195.000,4.000,96.000,131.000
217.677,10.000,80.000,111.000
217.000,5.000,94.000,124.000
226.000,6.000,91.000,121.000
237.000,6.000,88.000,118.000
247.000,6.000,84.000,115.000
249.000,8.000,84.000,117.000
254.000,8.000,82.000,116.000
257.000,11.000,81.000,115.000
260.000,13.000,78.000,116.000
261.000,15.000,78.000,116.000
260.000,19.000,78.000,115.000
260.000,20.000,79.000,114.000
258.000,21.000,80.000,115.000
256.000,25.000,80.000,112.000
255.000,28.000,78.000,111.000
257.000,28.000,75.000,113.000
255.000,29.000,74.000,115.000
256.000,32.000,73.000,115.000
254.000,36.000,73.000,114.000
254.000,39.000,73.000,114.000
256.000,42.000,72.000,113.000
256.631,49.184,69.645,96.632
260.000,44.000,75.000,109.000
262.000,46.000,76.000,108.000
268.500,52.724,71.038,98.565
267.000,54.000,75.000,102.000
269.000,58.000,76.000,100.000
272.000,56.000,74.000,101.000
277.000,53.000,72.000,101.000
282.000,49.000,70.000,103.000
287.000,49.000,69.000,103.000
286.000,51.000,70.000,102.000
287.000,51.000,72.000,103.000
289.000,51.000,70.000,104.000
289.000,52.000,69.000,103.000
288.000,53.000,69.000,103.000
287.000,54.000,68.000,102.000
287.000,55.000,68.000,103.000
286.000,58.000,69.000,102.000
286.000,62.000,69.000,100.000
284.000,64.000,71.000,101.000
281.000,66.000,72.000,101.000
280.000,68.000,73.000,101.000
278.000,69.000,73.000,103.000
279.000,72.000,70.000,102.000
280.000,73.000,70.000,106.000
281.030,82.899,66.940,92.880
283.694,87.592,64.341,89.273
282.000,85.000,70.000,100.000
283.000,88.000,71.000,99.000
284.000,90.000,70.000,99.000
283.000,92.000,70.000,102.000
283.000,94.000,70.000,102.000
282.000,97.000,70.000,101.000
283.000,99.000,70.000,101.000
285.686,104.754,65.628,91.058
285.686,109.145,65.628,91.058
284.000,109.000,67.000,100.000
286.000,112.000,66.000,98.000
287.000,117.000,65.000,95.000
289.000,121.000,64.000,94.000
288.000,125.000,66.000,95.000
285.000,128.000,71.000,95.000
288.000,131.000,72.000,94.000
293.000,134.000,72.000,92.000
295.000,137.000,71.000,90.000
298.000,141.000,70.000,90.000
300.000,145.000,69.000,89.000
298.000,147.000,70.000,90.000
299.000,149.000,69.000,92.000
300.000,152.000,69.000,93.000
304.000,156.000,70.000,90.000
309.000,159.000,68.000,87.000
311.000,161.000,68.000,86.000
313.000,163.000,67.000,85.000
314.000,164.000,67.000,85.000
313.000,165.000,68.000,85.000
314.000,166.000,67.000,86.000
311.000,165.000,68.000,87.000
311.000,166.000,67.000,89.000
311.000,167.000,66.000,88.000
311.000,167.000,67.000,89.000
312.000,167.000,65.000,86.000
308.686,170.971,65.628,91.058
313.000,167.000,68.000,87.000
312.000,165.000,69.000,87.000
313.000,162.000,68.000,86.000
313.000,161.000,68.000,87.000
311.000,157.000,69.000,88.000
311.000,153.000,69.000,93.000
309.686,150.796,65.628,91.058
309.623,146.052,63.079,87.522
308.686,137.013,65.628,91.058
308.000,128.000,69.000,100.000
307.000,121.000,69.000,100.000
312.000,115.000,67.000,101.000
314.000,108.000,65.000,101.000
315.000,101.000,65.000,100.000
316.000,95.000,65.000,100.000
317.000,89.000,68.000,100.000
320.000,84.000,68.000,99.000
322.000,79.000,68.000,100.000
325.000,74.000,68.000,99.000
329.000,68.000,68.000,101.000
331.000,64.000,69.000,100.000
333.000,58.000,68.000,100.000
338.000,53.000,67.000,98.000
341.000,47.000,69.000,101.000
346.000,43.000,69.000,100.000
351.000,40.000,70.000,98.000
357.000,36.000,70.000,97.000
365.000,31.000,71.000,98.000
371.000,26.000,72.000,100.000
379.000,22.000,72.000,101.000
388.000,18.000,73.000,99.000
398.000,14.000,75.000,100.000
402.000,13.000,76.000,103.000
413.000,13.000,77.000,103.000
422.000,15.000,75.000,105.000
434.000,20.000,73.000,103.000
439.489,27.377,72.458,100.536
451.000,27.000,75.000,105.000
461.000,33.000,76.000,105.000
467.000,40.000,77.000,104.000
474.000,48.000,76.000,102.000
480.000,56.000,73.000,103.000
485.288,69.995,66.940,92.880
484.000,72.000,72.000,101.000
482.000,79.000,72.000,101.000
481.000,86.000,73.000,100.000
476.000,91.000,73.000,100.000
474.000,94.000,73.000,101.000
469.000,101.000,72.000,99.000
464.000,111.000,73.000,96.000
462.000,117.000,71.000,94.000
462.000,122.000,69.000,93.000
457.000,126.000,70.000,96.000
458.000,130.000,70.000,94.000
458.000,135.000,71.000,94.000
459.000,141.000,70.000,94.000
460.000,146.000,69.000,93.000
460.000,153.000,68.000,94.000
461.000,160.000,67.000,94.000
460.000,166.000,68.000,92.000
458.000,170.000,69.000,91.000
461.000,175.000,68.000,90.000
465.000,178.000,68.000,91.000
467.000,180.000,68.000,91.000
468.000,182.000,70.000,89.000
469.000,183.000,71.000,89.000
474.000,184.000,69.000,88.000
478.000,184.000,68.000,89.000
478.000,183.000,69.000,89.000
479.000,184.000,67.000,89.000
477.000,182.000,68.000,90.000
475.000,181.000,69.000,89.000
474.000,178.000,69.000,90.000
474.000,175.000,67.000,91.000
475.000,170.000,65.000,92.000
475.000,165.000,65.000,93.000
475.000,159.000,66.000,93.000
477.449,151.964,66.940,92.880
479.000,146.000,68.000,93.000
481.000,140.000,68.000,95.000
483.000,134.000,67.000,95.000
486.000,128.000,67.000,96.000
486.000,123.000,68.000,96.000
485.000,118.000,69.000,97.000
484.361,114.788,68.279,94.737
484.000,110.000,73.000,98.000
484.000,105.000,73.000,98.000
482.000,100.000,73.000,100.000
483.000,93.000,72.000,101.000
486.000,87.000,72.000,102.000
479.209,81.406,75.385,104.597
473.959,74.100,78.431,108.823
470.959,69.100,78.431,108.823
468.012,66.406,75.385,104.597
460.532,61.895,76.893,106.689
452.633,56.100,78.431,108.823
448.000,55.000,70.000,101.000
436.217,48.005,75.385,104.597
426.902,43.895,76.893,106.689
418.217,42.005,75.385,104.597
405.000,39.000,75.000,103.000
395.000,35.000,75.000,104.000
388.619,30.406,75.385,104.597
380.000,27.000,76.000,104.000
371.000,26.000,74.000,102.000
358.000,24.000,75.000,101.000
348.000,21.000,74.000,102.000
339.000,20.000,74.000,99.000
330.000,18.000,73.000,99.000
320.000,17.000,74.000,97.000
314.000,16.000,71.000,97.000
305.589,13.232,72.458,100.536
296.711,10.660,73.907,102.546
290.278,10.227,73.907,102.546
287.463,13.724,71.037,98.564
280.126,13.232,72.458,100.536
275.771,12.231,69.645,96.632
271.000,9.000,71.000,102.000
265.000,10.000,71.000,103.000
260.000,11.000,72.000,104.000
257.000,12.000,70.000,105.000
255.000,13.000,69.000,106.000
253.000,15.000,70.000,105.000
251.000,17.000,68.000,106.000
252.000,19.000,67.000,107.000
251.000,23.000,68.000,106.000
246.000,27.000,71.000,104.000
241.000,31.000,72.000,103.000
236.000,34.000,71.000,101.000
228.000,39.000,73.000,99.000
226.017,42.027,68.279,94.737
217.000,43.000,72.000,100.000
215.000,49.000,71.000,100.000
219.000,50.000,66.000,99.000
218.000,56.000,67.000,97.000
215.000,63.000,69.000,92.000
214.000,67.000,63.000,92.000
203.611,76.089,63.079,87.522
199.237,80.320,64.341,89.273
197.956,86.842,61.842,85.806
195.614,93.866,60.630,84.124
197.598,100.014,58.275,80.857
197.471,104.866,60.630,84.124
198.471,110.866,60.630,84.124
201.833,115.778,58.275,80.857
206.057,123.579,56.013,77.717
210.779,133.766,57.133,79.272
214.568,136.287,57.133,79.272
199.916,148.126,59.441,82.474
214.313,142.663,61.842,85.806
206.187,115.157,60.630,84.124
217.755,147.576,60.630,84.124
49.000,95.000,53.000,82.000
214.601,150.592,64.341,89.273
214.449,146.222,66.940,92.879
213.361,143.684,68.279,94.737
214.686,145.971,65.628,91.058
213.361,141.236,68.279,94.737
213.295,140.188,65.628,91.058
213.030,139.060,66.940,92.879
212.361,138.132,68.279,94.737
211.678,135.708,69.644,96.632
216.416,128.087,72.458,100.536
216.271,120.551,72.458,100.536
216.201,113.324,69.644,96.632
218.994,109.205,71.037,98.564
221.808,108.236,68.279,94.737
222.994,104.712,71.037,98.564
228.704,100.341,68.279,94.737
235.252,96.405,65.628,91.058
95.000,103.000,55.000,83.000
236.808,85.788,68.279,94.737
241.288,79.964,66.940,92.879
246.422,77.771,64.341,89.273
244.295,74.188,65.628,91.058
246.078,69.796,65.628,91.058
249.058,66.771,64.341,89.273
251.298,63.727,63.079,87.522
250.330,58.771,64.341,89.273
250.449,52.802,66.940,92.879
254.288,50.222,66.940,92.879
257.108,45.231,69.644,96.632
266.546,45.641,66.940,92.879
270.108,44.184,69.644,96.632
274.416,40.696,72.458,100.536
279.814,37.660,73.907,102.546
284.575,33.525,76.893,106.689
290.285,31.000,80.000,110.999
297.285,29.304,80.000,110.999
302.943,26.758,83.232,115.484
307.452,27.403,84.896,117.793
317.351,33.351,81.600,113.219
321.452,32.403,84.896,117.793
324.955,37.715,88.326,122.552
330.184,39.819,90.092,125.003
338.095,45.729,90.092,125.003
340.609,49.435,93.732,130.053
346.596,55.435,93.732,130.053
351.778,62.281,95.607,132.655
356.609,69.435,93.732,130.053
363.398,78.542,91.894,127.503
367.778,84.281,95.607,132.655
372.609,91.435,93.732,130.053
343.317,102.335,95.607,132.655
353.346,106.697,91.894,127.503
362.828,114.842,88.326,122.552
371.252,121.203,84.896,117.793
376.828,124.842,88.326,122.552
384.547,126.425,86.594,120.149
392.252,129.403,84.896,117.793
398.547,132.097,86.594,120.149
404.452,135.403,84.896,117.793
414.351,137.890,81.600,113.219
419.178,134.993,83.232,115.484
426.621,137.620,81.600,113.219
435.351,139.620,81.600,113.219
443.708,138.758,83.232,115.484
455.677,141.000,80.000,110.999
460.943,140.523,83.232,115.484
469.052,143.203,84.896,117.793
479.852,147.203,84.896,117.793
493.237,152.288,83.232,115.484
504.081,159.081,81.600,113.219
515.811,164.081,81.600,113.219
525.599,169.414,78.431,108.823
536.398,175.996,75.385,104.597
543.599,179.077,78.431,108.823
549.285,181.393,80.000,110.999
555.621,183.351,81.600,113.219
560.178,185.288,83.232,115.484
561.875,188.933,86.594,120.149
567.711,191.261,86.594,120.149
570.039,193.261,86.594,120.149
571.210,195.969,88.326,122.552
570.454,194.998,90.092,125.003
565.656,193.748,91.894,127.503
561.656,193.748,91.894,127.503
555.708,195.697,91.894,127.503
545.811,197.697,91.894,127.503
533.561,193.146,95.607,132.654
518.267,189.779,97.519,135.308
497.410,184.962,101.459,140.774
479.202,183.705,103.488,143.589
461.784,182.275,99.469,138.014
442.202,177.511,103.488,143.589
454.921,173.317,103.488,143.589
445.979,173.705,103.488,143.589
432.251,168.522,107.669,149.390
425.817,168.805,107.669,149.390
416.785,169.511,103.488,143.589
407.817,169.088,107.669,149.390
399.603,169.639,109.822,152.378
390.103,168.655,114.259,158.534
383.103,165.810,114.259,158.534
378.525,168.655,114.259,158.534
373.603,166.654,109.822,152.378
367.817,167.805,107.669,149.390
365.368,172.900,103.488,143.589
360.317,171.962,101.459,140.774
355.438,175.602,99.469,138.014
321.209,180.200,95.607,132.654
317.656,179.602,99.469,138.014
313.547,179.493,99.469,138.014
306.317,178.113,101.459,140.774
296.015,178.113,101.459,140.774
285.015,178.113,101.459,140.774
274.015,178.113,101.459,140.774
264.220,179.493,99.469,138.014
254.402,178.779,97.519,135.308
245.329,179.602,99.469,138.014
236.402,178.779,97.519,135.308
231.615,180.173,95.607,132.654
226.672,177.499,93.732,130.053
220.813,178.088,90.092,125.003
211.759,176.748,91.894,127.503
207.669,174.173,95.607,132.654
206.647,173.486,93.732,130.053
200.605,170.846,97.519,135.308
205.751,172.173,95.607,132.654
210.609,171.486,93.732,130.053
215.778,168.146,95.607,132.654
225.346,170.748,91.894,127.503
235.295,166.852,91.894,127.503
242.583,165.473,93.732,130.053
252.095,166.088,90.092,125.003
259.346,164.748,91.894,127.503
268.095,164.088,90.092,125.003
272.274,162.088,90.092,125.003
283.383,162.589,86.594,120.149
286.875,162.425,86.594,120.149
294.178,162.993,83.231,115.484
298.160,160.430,81.599,113.219
302.610,161.426,78.431,108.823
289.627,168.481,80.000,110.999
286.970,166.890,81.599,113.219
284.120,162.229,83.231,115.484
285.875,155.753,86.594,120.149
287.052,153.003,84.896,117.793
283.464,146.478,88.326,122.552
279.604,139.852,91.894,127.503
283.210,138.478,88.326,122.552
290.452,131.603,84.896,117.793
290.884,130.993,83.231,115.484
295.893,129.608,79.999,110.999
295.649,124.229,83.231,115.484
302.589,124.304,79.999,110.999
299.120,119.993,83.231,115.484
303.893,118.608,79.999,110.999
303.500,117.304,79.999,110.999
303.500,113.608,79.999,110.999
304.285,111.763,78.431,108.823
304.285,110.426,78.431,108.823
304.285,108.426,78.431,108.823
303.500,105.304,79.999,110.999
306.684,105.525,76.893,106.689
309.406,106.201,75.385,104.597
309.807,104.603,75.385,104.597
311.271,106.232,72.458,100.535
311.981,108.724,71.037,98.564
311.981,110.724,71.037,98.564
311.271,110.232,72.458,100.535
312.113,107.660,73.907,102.546
314.314,108.416,76.893,106.689
314.948,110.414,78.431,108.823
321.602,113.800,75.385,104.597
327.247,118.361,73.907,102.546
335.006,121.724,71.037,98.564
335.113,124.928,73.907,102.546
338.944,126.416,76.893,106.689
343.944,129.416,76.893,106.689
346.406,133.398,75.385,104.597
348.610,136.077,78.431,108.823
349.196,140.089,79.999,110.999
352.161,142.351,81.599,113.219
353.430,145.351,81.599,113.219
352.884,149.052,83.231,115.484
354.500,156.089,79.999,110.999
351.120,159.052,83.231,115.484
346.452,163.003,84.896,117.793
345.970,171.811,81.599,113.219
341.412,178.089,79.999,110.999
336.412,183.089,79.999,110.999
328.780,188.811,81.599,113.219
323.633,197.740,78.431,108.823
314.780,201.081,81.599,113.219
308.715,205.393,79.999,110.999
303.412,208.393,79.999,110.999
301.793,213.416,76.893,106.689
297.959,215.414,78.431,108.823
295.804,219.089,79.999,110.999
297.053,222.786,76.893,106.689
298.546,226.794,73.907,102.546
297.053,226.786,76.893,106.689
299.406,228.201,75.385,104.597
303.004,228.201,75.385,104.597
307.344,233.305,72.458,100.535
308.807,233.232,72.458,100.535
307.807,231.201,75.385,104.597
309.271,233.232,72.458,100.535
309.981,234.218,71.037,98.564
309.271,233.232,72.458,100.535
309.981,234.218,71.037,98.564
309.271,233.232,72.458,100.535
309.981,234.218,71.037,98.564
309.981,234.218,71.037,98.564
309.981,234.218,71.037,98.564
309.981,234.218,71.037,98.564
309.271,233.232,72.458,100.535
309.271,233.232,72.458,100.535
309.271,233.232,72.458,100.535
309.981,234.218,71.037,98.564
309.271,233.232,72.458,100.535
309.271,233.232,72.458,100.535
309.271,233.232,72.458,100.535
309.271,233.232,72.458,100.535
309.271,233.232,72.458,100.535
309.271,233.232,72.458,100.535
309.271,233.232,72.458,100.535
309.271,233.232,72.458,100.535
309.271,233.232,72.458,100.535
309.271,233.232,72.458,100.535
309.271,233.232,72.458,100.535
309.271,233.232,72.458,100.535
306.979,232.227,73.907,102.546
308.807,233.232,72.458,100.535
311.488,234.218,71.037,98.564
309.735,233.232,72.458,100.535
309.271,233.232,72.458,100.535
309.271,233.232,72.458,100.535
309.271,233.232,72.458,100.535
309.981,234.218,71.037,98.564
309.981,234.218,71.037,98.564
309.271,233.232,72.458,100.535
309.981,234.218,71.037,98.564
309.271,233.232,72.458,100.535
309.981,234.218,71.037,98.564
309.271,233.232,72.458,100.535
309.981,234.218,71.037,98.564
309.271,233.232,72.458,100.535
309.271,233.232,72.458,100.535
309.981,234.218,71.037,98.564
309.271,233.232,72.458,100.535
309.271,233.232,72.458,100.535
309.271,233.232,72.458,100.535
309.271,233.232,72.458,100.535
309.981,234.218,71.037,98.564
309.981,234.218,71.037,98.564
309.271,233.232,72.458,100.535
309.271,233.232,72.458,100.535
309.981,234.218,71.037,98.564
309.271,233.232,72.458,100.535
309.271,233.232,72.458,100.535
306.979,232.227,73.907,102.546
309.488,234.218,71.037,98.564
310.807,233.232,72.458,100.535
309.735,233.232,72.458,100.535
309.271,233.232,72.458,100.535
309.981,234.218,71.037,98.564
309.271,233.232,72.458,100.535
309.271,233.232,72.458,100.535
309.271,233.232,72.458,100.535
309.271,233.232,72.458,100.535
309.271,233.232,72.458,100.535
309.271,233.232,72.458,100.535
309.271,233.232,72.458,100.535
309.981,234.218,71.037,98.564
309.271,233.232,72.458,100.535
309.271,233.232,72.458,100.535
309.271,233.232,72.458,100.535
309.981,234.218,71.037,98.564
309.271,233.232,72.458,100.535
309.271,233.232,72.458,100.535
309.271,233.232,72.458,100.535
309.271,233.232,72.458,100.535
309.271,233.232,72.458,100.535
309.271,233.232,72.458,100.535
309.981,234.218,71.037,98.564
309.271,233.232,72.458,100.535
309.981,234.218,71.037,98.564
309.271,233.232,72.458,100.535
309.981,234.218,71.037,98.564
309.981,234.218,71.037,98.564
309.271,233.232,72.458,100.535
309.271,233.232,72.458,100.535
309.981,234.218,71.037,98.564
309.271,233.232,72.458,100.535
309.981,234.218,71.037,98.564
309.271,233.232,72.458,100.535
309.271,233.232,72.458,100.535
309.981,234.218,71.037,98.564
309.981,234.218,71.037,98.564
309.981,234.218,71.037,98.564
309.271,233.232,72.458,100.535
309.271,233.232,72.458,100.535
309.271,233.232,72.458,100.535
309.271,233.232,72.458,100.535
309.981,234.218,71.037,98.564
309.271,233.232,72.458,100.535
309.981,234.218,71.037,98.564
309.271,233.232,72.458,100.535
309.271,233.232,72.458,100.535
309.271,233.232,72.458,100.535
309.981,234.218,71.037,98.564
309.271,233.232,72.458,100.535
309.981,234.218,71.037,98.564
309.271,233.232,72.458,100.535
309.271,233.232,72.458,100.535
309.981,234.218,71.037,98.564
309.271,233.232,72.458,100.535
309.271,233.232,72.458,100.535
309.271,233.232,72.458,100.535
309.271,233.232,72.458,100.535
309.271,233.232,72.458,100.535
309.271,233.232,72.458,100.535
309.981,234.218,71.037,98.564
309.271,233.232,72.458,100.535
309.271,233.232,72.458,100.535
309.271,233.232,72.458,100.535
309.271,233.232,72.458,100.535
309.271,233.232,72.458,100.535
309.271,233.232,72.458,100.535
309.271,233.232,72.458,100.535
309.271,233.232,72.458,100.535
309.271,233.232,72.458,100.535
309.271,233.232,72.458,100.535
309.981,234.218,71.037,98.564
309.271,233.232,72.458,100.535
309.271,233.232,72.458,100.535
309.271,233.232,72.458,100.535
309.981,234.218,71.037,98.564
309.981,232.712,71.037,98.564
305.412,228.660,73.907,102.546
306.271,227.696,72.458,100.535
304.735,225.696,72.458,100.535
302.735,222.160,72.458,100.535
300.807,217.005,75.385,104.597
303.807,216.160,72.458,100.535
305.113,210.526,73.907,102.546
308.004,202.808,75.385,104.597
310.314,198.895,76.893,106.689
314.944,192.634,76.893,106.689
319.944,187.264,76.893,106.689
326.575,180.634,76.893,106.689
331.944,175.264,76.893,106.689
337.285,167.912,79.999,110.999
341.178,160.464,83.231,115.484
345.452,154.203,84.896,117.793
352.943,150.464,83.231,115.484
362.351,146.700,81.599,113.219
371.351,141.700,81.599,113.219
379.708,135.464,83.231,115.484
386.943,132.229,83.231,115.484
396.981,130.608,79.999,110.999
404.981,129.304,79.999,110.999
412.351,126.160,81.599,113.219
419.621,125.890,81.599,113.219
426.621,125.890,81.599,113.219
433.621,125.890,81.599,113.219
440.273,131.414,78.431,108.823
444.589,131.697,79.999,110.999
449.589,133.697,79.999,110.999
454.589,135.697,79.999,110.999
460.273,138.752,78.431,108.823
465.944,141.786,76.893,106.689
470.680,144.227,73.907,102.546
474.994,150.736,71.037,98.564
478.631,155.138,69.644,96.632
483.108,158.138,69.644,96.632
484.154,162.614,69.644,96.632
487.256,167.475,68.279,94.737
492.288,172.318,66.940,92.879
494.078,175.754,65.627,91.058
497.058,180.956,64.341,89.273
499.469,179.971,65.627,91.058
501.694,183.592,64.341,89.273
503.298,186.076,63.079,87.522
502.330,186.228,64.341,89.273
503.579,190.219,61.842,85.806
499.601,192.956,64.341,89.273
499.268,194.597,61.842,85.806
497.623,195.076,63.079,87.522
495.956,195.597,61.842,85.806
490.948,194.739,63.079,87.522
490.268,195.597,61.842,85.806
488.614,195.153,60.630,84.124
485.614,195.438,60.630,84.124
483.900,194.153,60.630,84.124
483.519,194.003,59.441,82.474
481.891,193.836,58.275,80.857
480.519,192.003,59.441,82.474
481.934,192.653,57.133,79.272
480.127,190.836,58.275,80.857
481.598,189.836,58.275,80.857
479.519,186.742,59.441,82.474
481.201,181.975,61.842,85.806
482.780,180.742,59.441,82.474
482.890,178.597,61.842,85.806
483.890,177.286,61.842,85.806
486.756,177.153,60.630,84.124
487.890,175.286,61.842,85.806
488.185,175.153,60.630,84.124
486.900,174.153,60.630,84.124
485.960,171.401,63.079,87.522
480.512,168.580,65.627,91.058
481.330,168.500,64.341,89.273
475.120,166.580,65.627,91.058
470.465,165.132,68.279,94.737
465.969,160.206,71.037,98.564
463.735,157.696,72.458,100.535
461.735,155.696,72.458,100.535
459.735,153.696,72.458,100.535
457.807,151.201,75.385,104.597
459.271,151.696,72.458,100.535
458.546,150.227,73.907,102.546
460.113,150.227,73.907,102.546
461.406,149.201,75.385,104.597
466.344,151.232,72.458,100.535
465.546,150.227,73.907,102.546
466.406,149.202,75.385,104.597
470.004,149.202,75.385,104.597
470.684,148.156,76.893,106.689
472.893,144.304,79.999,110.999
472.649,141.758,83.231,115.484
476.711,139.425,86.594,120.149
480.649,141.758,83.231,115.484
482.500,144.000,79.999,110.999
479.959,145.089,78.431,108.823
476.163,146.156,76.893,106.689
468.633,146.752,78.431,108.823
462.412,147.697,79.999,110.999
456.633,149.089,78.431,108.823
447.970,147.426,78.431,108.823
441.510,146.621,81.599,113.219
436.633,152.415,78.431,108.823
433.012,152.603,75.385,104.597
432.735,152.696,72.458,100.535
428.412,149.660,73.907,102.546
428.475,149.712,71.037,98.564
376.402,151.928,73.907,102.546
379.004,151.202,75.385,104.597
377.285,150.752,78.431,108.823
377.285,152.752,78.431,108.823
378.054,154.156,76.893,106.689
374.804,152.000,79.999,110.999
374.423,155.786,76.893,106.689
373.979,159.794,73.907,102.546
423.691,160.227,73.907,102.546
428.248,161.794,73.907,102.546
430.113,165.361,73.907,102.546
428.979,168.361,73.907,102.546
428.546,169.794,73.907,102.546
425.423,173.047,76.893,106.689
416.716,176.089,79.999,110.999
24.000,103.000,42.000,59.000
17.000,134.000,42.000,59.000
11.000,143.000,42.000,59.000
361.966,175.748,91.894,127.503
344.735,176.461,93.732,130.053
329.262,178.999,90.092,125.003
320.973,180.224,88.326,122.552
308.993,178.999,90.092,125.003
302.846,180.224,88.326,122.552
295.846,180.224,88.326,122.552
286.759,175.800,91.894,127.503
281.723,176.999,90.092,125.003
271.685,174.473,93.732,130.053
265.672,172.486,93.732,130.053
260.708,171.800,91.894,127.503
254.642,167.146,95.607,132.654
255.634,166.486,93.732,130.053
253.634,165.178,90.092,125.003
255.609,160.486,93.732,130.053
257.876,153.711,97.519,135.307
263.944,149.711,97.519,135.307
272.011,143.643,97.519,135.307
281.310,138.275,99.469,138.013
290.201,130.057,99.469,138.013
293.073,120.508,101.458,140.774
298.339,109.929,103.488,143.589
307.092,106.166,99.469,138.013
305.771,96.508,101.458,140.774
308.874,91.166,99.469,138.013
309.741,84.576,97.519,135.307
310.697,82.119,95.607,132.654
307.673,74.643,97.519,135.307
307.647,71.511,93.732,130.053
302.708,64.955,91.894,127.503
299.647,59.499,93.732,130.053
296.656,54.903,91.894,127.503
292.719,51.606,88.326,122.552
289.531,46.917,86.594,120.149
284.652,45.803,84.896,117.793
283.240,46.160,81.599,113.219
277.590,44.758,83.231,115.483
275.240,47.621,81.599,113.219
274.804,50.697,79.999,110.999
272.804,52.697,79.999,110.999
271.700,53.621,81.599,113.219
274.948,56.089,78.431,108.823
278.611,56.089,78.431,108.823
282.314,58.786,76.893,106.689
284.611,61.415,78.431,108.823
290.603,66.398,75.385,104.597
297.599,70.740,78.431,108.823
300.891,77.541,81.599,113.219
305.179,83.817,83.231,115.483
310.547,88.770,86.594,120.149
318.252,96.804,84.896,117.793
326.383,104.606,86.594,120.149
332.095,111.549,90.092,125.003
340.828,122.588,88.326,122.552
345.184,130.549,90.092,125.003
351.184,138.639,90.092,125.003
354.450,143.594,91.894,127.503
354.553,151.542,91.894,127.503
352.605,157.594,91.894,127.503
348.670,163.281,95.607,132.654
345.659,166.461,93.732,130.053
338.759,171.645,91.894,127.503
332.846,176.097,88.326,122.552
326.723,174.999,90.092,125.003
320.859,175.590,86.594,120.149
315.826,175.994,83.231,115.483
310.716,174.608,79.999,110.999
302.970,172.763,78.431,108.823
298.296,169.763,78.431,108.823
290.716,163.912,79.999,110.999
293.684,161.265,76.893,106.689
297.114,161.660,73.907,102.546
298.406,160.202,75.385,104.597
303.344,160.696,72.458,100.535
305.681,157.660,73.907,102.546
308.004,154.603,75.385,104.597
311.004,152.603,75.385,104.597
313.114,150.093,73.907,102.546
313.684,146.525,76.893,106.689
315.684,142.895,76.893,106.689
314.423,143.156,76.893,106.689
313.209,141.005,75.385,104.597
312.807,141.202,75.385,104.597
309.622,137.426,78.431,108.823
305.959,135.426,78.431,108.823
303.793,136.156,76.893,106.689
298.296,133.426,78.431,108.823
294.959,133.089,78.431,108.823
291.108,133.697,79.999,110.999
289.793,134.525,76.893,106.689
288.423,132.525,76.893,106.689
288.807,131.603,75.385,104.597
289.684,130.156,76.893,106.689
290.948,129.089,78.431,108.823
295.314,128.525,76.893,106.689
295.807,127.603,75.385,104.597
296.547,126.660,73.907,102.546
297.271,128.769,72.458,100.535
295.735,129.232,72.458,100.535
292.209,125.603,75.385,104.597
293.406,125.202,75.385,104.597
294.684,124.156,76.893,106.689
295.054,124.156,76.893,106.689
296.684,124.156,76.893,106.689
299.406,122.005,75.385,104.597
300.684,122.786,76.893,106.689
300.979,125.227,73.907,102.546
300.547,123.660,73.907,102.546
300.547,123.227,73.907,102.546
302.807,124.232,72.458,100.535
302.547,121.660,73.907,102.546
303.271,122.232,72.458,100.535
302.547,119.660,73.907,102.546
302.547,119.227,73.907,102.546
302.547,120.794,73.907,102.546
302.547,121.227,73.907,102.546
302.547,121.227,73.907,102.546
304.114,122.794,73.907,102.546
305.271,125.769,72.458,100.535
305.981,125.712,71.037,98.564
305.271,124.232,72.458,100.535
305.271,124.232,72.458,100.535
304.547,123.227,73.907,102.546
304.547,123.227,73.907,102.546
304.547,123.227,73.907,102.546
304.547,123.227,73.907,102.546
306.807,124.232,72.458,100.535
307.271,124.232,72.458,100.535
306.547,121.660,73.907,102.546
304.209,120.202,75.385,104.597
306.114,121.227,73.907,102.546
305.807,120.202,75.385,104.597
304.979,119.660,73.907,102.546
306.807,120.232,72.458,100.535
305.807,118.202,75.385,104.597
304.979,119.227,73.907,102.546
305.271,120.232,72.458,100.535
305.271,118.696,72.458,100.535
302.209,116.202,75.385,104.597
302.547,117.227,73.907,102.546
300.979,117.227,73.907,102.546
299.054,115.156,76.893,106.689
298.209,116.202,75.385,104.597
299.271,118.232,72.458,100.535
296.209,116.202,75.385,104.597
295.807,116.202,75.385,104.597
295.054,113.525,76.893,106.689
294.209,112.603,75.385,104.597
293.948,110.089,78.431,108.823
294.285,110.089,78.431,108.823
294.285,110.089,78.431,108.823
295.054,111.156,76.893,106.689
296.684,111.156,76.893,106.689
298.684,111.156,76.893,106.689
299.807,110.603,75.385,104.597
298.285,108.089,78.431,108.823
300.684,107.525,76.893,106.689
302.684,107.156,76.893,106.689
304.547,107.660,73.907,102.546
306.114,105.660,73.907,102.546
310.344,107.769,72.458,100.535
311.114,105.660,73.907,102.546
316.880,106.232,72.458,100.535
319.681,105.227,73.907,102.546
322.004,105.800,75.385,104.597
325.945,106.786,76.893,106.689
329.589,105.001,79.999,110.999
332.893,106.697,79.999,110.999
338.273,109.752,78.431,108.822
343.273,110.089,78.431,108.822
348.273,110.089,78.431,108.822
351.891,109.621,81.599,113.219
355.161,111.621,81.599,113.219
359.891,111.891,81.599,113.219
361.652,109.604,84.896,117.793
368.179,108.994,83.231,115.483
368.852,109.404,84.896,117.793
372.652,113.204,84.896,117.793
377.414,114.758,83.231,115.483
379.649,114.758,83.231,115.483
380.852,113.604,84.896,117.793
382.852,113.604,84.896,117.793
384.039,112.426,86.594,120.149
385.052,113.604,84.896,117.793
382.367,114.262,86.594,120.149
381.337,115.097,88.326,122.552
381.252,115.804,84.896,117.793
381.884,114.994,83.231,115.483
380.203,114.262,86.594,120.149
380.203,114.426,86.594,120.149
381.884,114.994,83.231,115.483
380.203,114.262,86.594,120.149
381.884,116.758,83.231,115.483
385.197,119.001,79.999,110.999
388.161,119.621,81.599,113.219
388.649,120.523,83.231,115.483
392.414,120.758,83.231,115.483
396.414,122.523,83.231,115.483
398.649,124.523,83.231,115.483
402.414,124.758,83.231,115.483
407.893,128.697,79.999,110.999
407.649,130.288,83.231,115.483
411.414,132.523,83.231,115.483
414.431,137.351,81.599,113.219
415.649,137.523,83.231,115.483
417.649,139.523,83.231,115.483
418.039,141.098,86.594,120.149
416.454,140.909,90.092,125.003
416.454,142.909,90.092,125.003
414.544,144.909,90.092,125.003
411.605,145.697,91.894,127.503
409.605,147.697,91.894,127.503
406.647,148.461,93.732,130.053
402.723,149.088,90.092,125.003
397.656,147.749,91.894,127.503
393.656,147.749,91.894,127.503
387.708,145.800,91.894,127.503
382.659,144.474,93.732,130.053
375.615,141.146,95.606,132.654
371.708,141.800,91.894,127.503
366.723,139.178,90.092,125.003
360.723,137.088,90.092,125.003
359.464,136.351,88.326,122.552
355.652,135.004,84.896,117.793
354.252,132.804,84.896,117.793
352.240,131.430,81.599,113.219
350.970,131.891,81.599,113.219
348.970,128.430,81.599,113.219
350.285,131.089,78.431,108.822
351.807,130.005,75.385,104.597
