319.000,185.000,67.000,56.000
317.205,182.815,68.340,57.120
316.000,183.000,66.000,56.000
313.000,181.000,67.000,57.000
312.795,181.500,67.000,56.000
311.897,179.295,67.000,56.000
309.081,177.815,68.340,57.120
307.081,176.815,68.340,57.120
305.081,175.815,68.340,57.120
303.500,174.222,69.707,58.262
301.000,172.000,68.000,58.000
300.000,170.000,68.000,59.000
298.000,169.000,68.000,59.000
298.000,167.000,66.000,60.000
296.000,165.000,67.000,61.000
294.000,164.000,68.000,62.000
295.205,164.691,68.340,57.120
293.000,161.000,67.000,60.000
291.000,159.000,67.000,61.000
290.000,158.000,67.000,61.000
288.000,157.000,66.000,60.000
286.000,153.000,68.000,62.000
282.000,153.000,71.000,63.000
284.000,150.000,68.000,63.000
281.000,149.000,69.000,64.000
279.000,148.000,70.000,64.000
279.000,146.000,69.000,63.000
276.000,144.000,71.000,63.000
277.000,142.000,70.000,63.000
277.000,139.000,68.000,64.000
276.000,135.000,70.000,65.000
276.000,133.000,70.000,65.000
277.000,132.000,70.000,62.000
276.000,128.000,71.000,64.000
277.000,125.000,71.000,65.000
277.000,121.000,70.000,64.000
276.000,122.000,71.000,62.000
277.000,121.000,70.000,60.000
276.000,120.000,70.000,62.000
277.000,119.000,69.000,63.000
274.000,116.000,72.000,63.000
274.000,114.000,73.000,63.000
274.000,113.000,72.000,63.000
279.000,110.000,69.000,60.000
277.000,110.000,68.000,62.000
280.000,109.000,67.000,58.000
279.000,107.000,67.000,59.000
278.000,104.000,69.000,57.000
280.000,105.000,67.000,59.000
278.000,102.000,67.000,61.000
279.000,101.000,66.000,61.000
280.000,100.000,66.000,61.000
285.000,98.000,63.000,58.000
284.000,96.000,64.000,59.000
286.103,99.397,67.000,56.000
287.738,100.049,65.686,54.902
286.000,99.000,66.000,58.000
286.000,99.000,65.000,58.000
284.000,101.000,66.000,56.000
285.000,100.000,65.000,56.000
287.000,100.000,64.000,57.000
286.000,100.000,64.000,56.000
287.000,99.000,65.000,58.000
289.000,98.000,63.000,57.000
291.000,97.000,61.000,57.000
291.000,96.000,61.000,58.000
292.000,94.000,61.000,58.000
294.000,94.000,59.000,58.000
295.000,93.000,61.000,57.000
296.000,92.000,61.000,58.000
296.000,92.000,60.000,59.000
297.000,89.000,61.000,61.000
298.971,91.076,63.136,52.770
300.570,90.614,61.898,51.735
302.157,91.140,60.684,50.721
303.588,89.614,61.898,51.735
303.000,86.000,58.000,58.000
303.000,85.000,58.000,58.000
302.000,84.000,60.000,58.000
302.000,83.000,60.000,58.000
302.000,83.000,61.000,58.000
301.000,80.000,63.000,59.000
310.908,85.602,57.184,47.795
303.000,80.000,62.000,58.000
304.000,82.000,62.000,58.000
302.000,79.000,64.000,60.000
301.000,81.000,65.000,60.000
303.000,77.000,64.000,59.000
305.000,76.000,63.000,61.000
306.000,75.000,63.000,60.000
306.000,75.000,65.000,63.000
306.000,75.000,66.000,63.000
306.000,76.000,67.000,62.000
306.000,76.000,67.000,59.000
307.000,74.000,67.000,59.000
307.000,73.000,68.000,60.000
312.908,78.661,57.184,47.795
312.336,78.124,58.327,48.751
312.336,77.164,58.327,48.751
314.391,78.071,56.063,46.858
313.908,76.661,57.184,47.795
307.000,73.000,65.000,61.000
307.000,73.000,64.000,59.000
311.336,76.124,58.327,48.751
313.391,77.071,56.063,46.858
314.391,77.071,56.063,46.858
307.000,71.000,66.000,63.000
306.000,72.000,67.000,64.000
306.000,73.000,65.000,66.000
307.000,74.000,65.000,64.000
305.000,73.000,67.000,66.000
307.241,75.528,64.398,53.825
304.000,74.000,69.000,64.000
303.000,74.000,72.000,65.000
302.000,73.000,71.000,66.000
304.000,74.000,70.000,66.000
304.000,76.000,69.000,65.000
304.000,77.000,69.000,64.000
306.000,78.000,68.000,64.000
306.000,77.000,67.000,66.000
307.000,77.000,66.000,65.000
307.000,78.000,66.000,64.000
307.000,78.000,67.000,64.000
307.000,80.000,66.000,65.000
307.000,80.000,64.000,66.000
307.000,82.000,62.000,65.000
306.000,82.000,64.000,63.000
304.000,84.000,65.000,62.000
303.000,84.000,68.000,62.000
302.000,84.000,67.000,63.000
301.000,84.000,67.000,64.000
302.000,84.000,67.000,64.000
302.000,84.000,66.000,63.000
303.000,86.000,65.000,64.000
302.000,85.000,66.000,65.000
302.000,88.000,65.000,65.000
301.000,89.000,65.000,64.000
299.000,88.000,68.000,66.000
299.000,90.000,68.000,65.000
298.000,88.000,70.000,65.000
297.000,90.000,69.000,65.000
296.000,89.000,70.000,65.000
295.000,88.000,71.000,63.000
294.000,89.000,68.000,63.000
294.000,89.000,69.000,62.000
294.000,88.000,69.000,64.000
293.000,87.000,70.000,66.000
297.301,91.647,64.398,53.825
297.533,91.614,61.898,51.735
297.551,93.670,61.898,51.735
292.000,90.000,70.000,68.000
292.000,90.000,70.000,68.000
290.000,92.000,72.000,69.000
286.000,88.000,73.000,70.000
286.000,91.000,73.000,67.000
286.000,94.000,73.000,68.000
285.000,93.000,75.000,70.000
285.000,92.000,74.000,70.000
286.000,94.000,74.000,71.000
286.000,96.000,74.000,70.000
285.000,95.000,74.000,72.000
284.000,95.000,74.000,73.000
285.000,97.000,72.000,73.000
285.000,98.000,71.000,72.000
285.000,101.000,70.000,70.000
284.000,100.000,72.000,71.000
284.000,101.000,70.000,72.000
282.000,103.000,73.000,71.000
281.000,103.000,74.000,73.000
277.000,104.000,78.000,71.000
276.000,105.000,77.000,71.000
275.000,105.000,78.000,72.000
274.000,105.000,77.000,73.000
275.000,107.000,77.000,73.000
272.000,106.000,81.000,75.000
274.000,108.000,79.000,74.000
273.000,108.000,79.000,74.000
272.000,108.000,80.000,74.000
274.000,109.000,77.000,73.000
272.000,108.000,78.000,75.000
273.000,108.000,79.000,76.000
270.000,109.000,82.000,75.000
269.000,112.000,83.000,74.000
268.000,114.000,84.000,73.000
268.000,116.000,84.000,72.000
264.000,115.000,87.000,75.000
261.000,117.000,92.000,77.000
271.852,119.385,72.523,60.616
273.647,121.516,69.707,58.262
269.852,121.385,72.523,60.616
270.239,122.385,72.523,60.616
267.852,123.385,72.523,60.616
268.239,125.579,72.523,60.616
265.852,127.579,72.523,60.616
265.513,129.020,73.973,61.828
265.780,130.956,71.101,59.428
264.045,133.772,72.523,60.616
262.296,137.238,73.973,61.828
253.000,132.000,88.000,74.000
252.000,135.000,86.000,73.000
253.000,139.000,85.000,72.000
254.000,141.000,84.000,70.000
250.000,144.000,87.000,72.000
255.000,148.000,84.000,73.000
258.000,151.000,82.000,72.000
256.000,150.000,83.000,73.000
256.000,151.000,83.000,72.000
256.000,152.000,84.000,71.000
257.000,154.000,82.000,70.000
255.000,156.000,82.000,69.000
256.000,157.000,80.000,69.000
257.000,160.000,75.000,67.000
258.000,161.000,74.000,66.000
256.000,160.000,74.000,67.000
256.000,160.000,72.000,68.000
254.000,160.000,73.000,68.000
249.666,168.402,78.501,65.613
250.774,171.209,75.453,63.065
252.239,170.999,72.523,60.616
249.532,171.209,75.453,63.065
252.000,165.000,75.000,64.000
252.000,166.000,72.000,65.000
250.000,166.000,76.000,64.000
249.000,167.000,77.000,63.000
249.045,173.385,72.523,60.616
249.239,173.192,72.523,60.616
246.852,173.192,72.523,60.616
246.513,173.803,73.973,61.828
