253.0,66.0,23.0,28.0
252.0,67.0,23.0,27.0
249.0,68.0,24.0,27.0
246.0,69.0,23.0,26.0
242.0,69.0,24.0,28.0
240.0,70.0,23.0,26.0
239.0,70.0,22.0,27.0
237.0,69.0,23.0,27.0
235.0,69.0,23.0,28.0
233.0,69.0,24.0,27.0
232.0,67.0,24.0,27.0
232.0,67.0,24.0,28.0
233.0,66.0,23.0,27.0
232.0,66.0,24.0,26.0
231.0,65.0,24.0,27.0
230.0,65.0,24.0,27.0
230.0,65.0,25.0,27.0
230.0,65.0,25.0,27.0
230.0,65.0,25.0,28.0
230.0,64.0,24.0,29.0
230.0,65.0,24.0,28.0
229.0,63.0,25.0,29.0
229.0,63.0,25.0,29.0
229.0,62.0,24.0,30.0
228.0,61.0,24.0,30.0
226.0,60.0,25.0,30.0
224.0,59.0,26.0,30.0
222.0,58.0,26.0,30.0
220.0,57.0,28.0,29.0
218.0,56.0,27.0,30.0
216.0,55.0,27.0,30.0
213.0,56.0,28.0,29.0
211.0,55.0,29.0,30.0
208.0,56.0,29.0,30.0
206.0,56.0,30.0,30.0
205.0,57.0,31.0,31.0
204.0,57.0,30.0,31.0
203.0,58.0,30.0,32.0
201.0,59.0,31.0,31.0
199.0,58.0,32.0,32.0
199.0,58.0,29.0,32.0
197.0,55.0,30.0,36.0
196.0,55.0,29.0,34.0
194.0,55.0,29.0,33.0
192.0,53.0,31.0,34.0
192.0,51.0,30.0,35.0
192.0,48.0,30.0,36.0
192.0,47.0,28.0,37.0
191.0,47.0,28.0,35.0
190.0,46.0,28.0,35.0
191.0,45.0,28.0,34.0
191.0,45.0,29.0,35.0
190.0,45.0,30.0,36.0
190.0,45.0,30.0,37.0
190.0,46.0,29.0,37.0
191.0,47.0,28.0,38.0
193.0,47.0,27.0,39.0
193.0,46.0,29.0,43.0
193.0,49.0,28.0,39.0
193.0,50.0,28.0,40.0
194.0,51.0,28.0,40.0
192.0,51.0,30.0,39.0
193.0,50.0,29.0,41.0
193.0,51.0,30.0,40.0
194.0,51.0,30.0,39.0
194.0,49.0,30.0,39.0
193.0,49.0,30.0,39.0
195.0,49.0,29.0,36.0
194.0,48.0,29.0,37.0
195.0,48.0,28.0,37.0
192.0,47.0,28.0,38.0
189.0,48.0,29.0,38.0
187.0,47.0,29.0,39.0
185.0,46.0,31.0,41.0
184.0,46.0,29.0,39.0
182.0,46.0,29.0,40.0
180.0,47.0,30.0,39.0
177.0,46.0,31.0,41.0
176.0,45.0,32.0,40.0
173.0,40.0,34.0,44.0
170.0,40.0,34.0,44.0
168.0,39.0,33.0,43.0
166.0,39.0,34.0,43.0
164.0,37.0,35.0,45.0
162.0,37.0,34.0,45.0
158.0,36.0,36.0,46.0
155.0,36.0,37.0,47.0
149.0,39.0,37.0,47.0
143.0,39.0,39.0,47.0
137.0,39.0,38.0,49.0
133.0,43.0,39.0,48.0
128.0,44.0,39.0,49.0
122.0,46.0,40.0,48.0
118.0,48.0,40.0,49.0
112.0,51.0,40.0,49.0
106.0,52.0,40.0,49.0
100.0,54.0,40.0,49.0
93.0,55.0,41.0,49.0
86.0,55.0,42.0,49.0
82.0,55.0,39.0,49.0
78.0,56.0,38.0,47.0
75.0,58.0,37.0,46.0
73.0,58.0,37.0,47.0
71.0,58.0,37.0,46.0
69.0,58.0,34.0,48.0
69.0,60.0,36.0,47.0
66.0,62.0,36.0,50.0
65.0,62.0,34.0,50.0
65.0,64.0,35.0,48.0
66.0,67.0,36.0,49.0
68.0,71.0,36.0,45.0
69.0,72.0,37.0,46.0
70.0,75.0,34.0,43.0
72.0,77.0,36.0,47.0
74.0,76.0,36.0,46.0
76.0,76.0,33.0,45.0
78.0,77.0,35.0,43.0
81.0,77.0,32.0,42.0
84.0,77.0,31.0,43.0
85.0,81.0,33.0,40.0
90.0,75.0,31.0,45.0
91.0,75.0,31.0,44.0
90.0,75.0,31.0,42.0
97.0,77.0,30.0,43.0
96.0,76.0,29.0,41.0
101.0,77.0,29.0,40.0
101.0,77.0,30.0,39.0
99.0,76.0,30.0,39.0
100.0,76.0,29.0,38.0
104.0,78.0,29.0,40.0
105.0,79.0,28.0,40.0
103.0,78.0,28.0,37.0
104.0,78.0,29.0,38.0
107.0,78.0,28.0,38.0
108.0,82.0,28.0,37.0
113.0,81.0,28.0,36.0
115.0,75.0,30.0,37.0
113.0,72.0,32.0,35.0
108.0,70.0,31.0,34.0
108.0,68.0,32.0,34.0
108.0,67.0,33.0,36.0
105.0,66.0,34.0,37.0
104.0,65.0,36.0,37.0
102.0,65.0,37.0,39.0
103.0,65.0,38.0,41.0
102.0,65.0,39.0,41.0
101.0,66.0,38.0,41.0
98.0,66.0,38.0,41.0
95.0,66.0,37.0,40.0
89.0,66.0,37.0,40.0
85.0,66.0,37.0,40.0
79.0,67.0,37.0,40.0
77.0,69.0,36.0,39.0
73.0,67.0,37.0,42.0
72.0,66.0,36.0,42.0
72.0,67.0,35.0,40.0
73.0,68.0,34.0,39.0
75.0,69.0,34.0,37.0
77.0,70.0,36.0,36.0
81.0,71.0,35.0,35.0
83.0,73.0,36.0,34.0
87.0,73.0,36.0,34.0
91.0,72.0,36.0,35.0
95.0,73.0,36.0,34.0
101.0,73.0,35.0,34.0
105.0,71.0,35.0,35.0
111.0,71.0,35.0,34.0
115.0,69.0,36.0,36.0
121.0,68.0,34.0,35.0
125.0,66.0,35.0,35.0
129.0,64.0,34.0,35.0
132.0,60.0,35.0,38.0
136.0,55.0,36.0,42.0
141.0,55.0,31.0,41.0
143.0,52.0,32.0,45.0
145.0,50.0,34.0,46.0
148.0,50.0,34.0,46.0
150.0,51.0,34.0,46.0
152.0,51.0,34.0,45.0
154.0,51.0,36.0,47.0
157.0,52.0,35.0,48.0
159.0,52.0,37.0,49.0
161.0,53.0,36.0,49.0
162.0,55.0,38.0,48.0
164.0,54.0,37.0,49.0
166.0,54.0,37.0,50.0
169.0,52.0,36.0,52.0
170.0,51.0,39.0,52.0
173.0,49.0,39.0,52.0
178.0,47.0,38.0,53.0
180.0,47.0,39.0,51.0
184.0,43.0,39.0,53.0
183.0,43.0,42.0,50.0
187.0,39.0,41.0,52.0
189.0,39.0,42.0,49.0
192.0,37.0,42.0,52.0
193.0,37.0,44.0,50.0
197.0,36.0,42.0,53.0
199.0,37.0,44.0,53.0
199.0,39.0,46.0,55.0
199.0,43.0,49.0,53.0
207.0,44.0,44.0,56.0
210.0,46.0,44.0,57.0
210.0,51.0,47.0,54.0
212.0,53.0,48.0,53.0
218.0,55.0,44.0,54.0
222.0,54.0,42.0,54.0
222.0,57.0,45.0,52.0
224.0,59.0,46.0,51.0
225.0,58.0,45.0,52.0
223.0,60.0,47.0,49.0
227.0,59.0,42.0,49.0
229.0,58.0,39.0,49.0
221.0,61.0,46.0,46.0
223.0,60.0,42.0,46.0
222.0,61.0,44.0,47.0
227.0,62.0,38.0,48.0
227.0,62.0,39.0,49.0
224.0,66.0,43.0,48.0
228.0,68.0,39.0,49.0
227.0,67.0,41.0,51.0
229.0,69.0,39.0,52.0
227.0,70.0,41.0,52.0
229.0,70.0,37.0,52.0
227.0,70.0,40.0,52.0
225.0,71.0,39.0,51.0
223.0,69.0,39.0,50.0
221.0,66.0,39.0,51.0
218.0,64.0,40.0,52.0
215.0,62.0,40.0,53.0
210.0,61.0,41.0,52.0
205.0,59.0,43.0,53.0
203.0,60.0,41.0,53.0
198.0,61.0,40.0,52.0
194.0,59.0,41.0,54.0
191.0,61.0,40.0,54.0
186.0,64.0,40.0,53.0
184.0,67.0,39.0,53.0
181.0,69.0,38.0,54.0
176.0,71.0,39.0,52.0
173.0,75.0,37.0,50.0
170.0,75.0,37.0,51.0
166.0,75.0,38.0,50.0
161.0,76.0,40.0,49.0
159.0,75.0,39.0,49.0
159.0,73.0,38.0,49.0
156.0,74.0,43.0,45.0
159.0,74.0,42.0,45.0
164.0,71.0,40.0,47.0
167.0,71.0,40.0,46.0
169.0,71.0,43.0,44.0
171.0,71.0,44.0,43.0
175.0,71.0,42.0,40.0
177.0,72.0,43.0,40.0
176.0,73.0,48.0,40.0
182.0,73.0,44.0,43.0
186.0,76.0,41.0,43.0
188.0,78.0,42.0,40.0
189.0,80.0,44.0,38.0
192.0,82.0,46.0,36.0
200.0,81.0,42.0,37.0
201.0,85.0,45.0,35.0
208.0,84.0,43.0,36.0
213.0,83.0,44.0,38.0
217.0,82.0,46.0,40.0
223.0,81.0,44.0,42.0
227.0,81.0,46.0,43.0
230.0,82.0,44.0,41.0
238.0,82.0,39.0,40.0
241.0,81.0,37.0,40.0
244.0,81.0,35.0,39.0
247.0,81.0,34.0,37.0
248.0,82.0,35.0,38.0
248.0,82.0,35.0,39.0
248.0,82.0,34.0,39.0
246.0,83.0,35.0,37.0
245.0,82.0,35.0,37.0
243.0,79.0,33.0,36.0
244.0,79.0,32.0,35.0
243.0,78.0,33.0,37.0
243.0,79.0,33.0,36.0
240.0,79.0,36.0,38.0
243.0,79.0,33.0,36.0
245.0,80.0,33.0,37.0
248.0,81.0,32.0,35.0
251.0,83.0,33.0,36.0
255.0,83.0,32.0,35.0
255.0,84.0,34.0,37.0
255.0,85.0,34.0,36.0
269.0,85.0,37.0,46.0
269.0,85.0,36.0,49.0
271.0,85.0,35.0,49.0
267.0,86.0,37.0,45.0
265.0,87.0,37.0,45.0
265.0,87.0,37.0,45.0
263.0,86.0,38.0,47.0
264.0,88.0,36.0,45.0
266.0,87.0,33.0,46.0
268.0,86.0,32.0,44.0
268.0,86.0,31.0,46.0
271.0,86.0,30.0,44.0
271.0,86.0,31.0,41.0
272.0,87.0,31.0,39.0
275.0,88.0,30.0,39.0
277.0,89.0,29.0,35.0
279.0,88.0,29.0,34.0
280.0,88.0,28.0,34.0
281.0,87.0,28.0,34.0
281.0,87.0,29.0,33.0
281.0,87.0,30.0,33.0
285.0,86.0,27.0,33.0
286.0,85.0,26.0,33.0
288.0,84.0,23.0,33.0
288.0,84.0,24.0,33.0
288.0,85.0,25.0,31.0
288.0,84.0,24.0,31.0
287.0,84.0,24.0,31.0
286.0,84.0,25.0,32.0
286.0,84.0,24.0,31.0
285.0,83.0,24.0,30.0
285.0,84.0,24.0,29.0
283.0,83.0,24.0,30.0
282.0,81.0,24.0,32.0
280.0,81.0,24.0,32.0
278.0,81.0,25.0,31.0
276.0,80.0,26.0,32.0
