197.000,203.000,170.000,149.000
189.956,201.510,173.400,151.980
194.365,205.865,170.000,149.000
211.689,208.865,170.000,149.000
222.969,205.990,176.868,155.020
237.959,206.135,170.000,149.000
253.210,207.461,166.667,146.078
265.824,206.000,170.000,149.000
259.770,197.406,170.000,149.000
225.657,180.900,173.400,151.980
189.846,177.844,166.667,146.078
162.081,180.269,166.667,146.078
154.604,177.898,160.195,140.406
165.210,172.652,166.667,146.078
200.797,177.997,160.195,140.406
246.295,189.095,160.195,140.406
293.721,192.078,166.667,146.078
312.322,196.646,163.399,143.214
288.019,202.400,163.399,143.214
229.995,201.461,166.667,146.078
185.229,201.461,166.667,146.078
162.019,197.386,163.399,143.214
155.635,182.541,170.000,149.000
161.230,174.406,170.000,149.000
177.332,172.510,173.400,151.980
192.401,175.461,166.667,146.078
202.061,176.893,163.399,143.214
218.206,187.613,157.054,137.653
223.061,201.414,163.399,143.214
221.167,231.355,166.667,146.078
235.201,261.292,160.195,140.406
246.201,269.396,160.195,140.406
238.304,255.799,160.195,140.406
221.124,242.226,166.667,146.078
203.526,227.372,163.399,143.214
190.932,197.375,166.667,146.078
197.102,181.400,160.195,140.406
209.568,185.400,163.399,143.214
229.075,216.182,163.399,143.214
249.299,241.593,160.195,140.406
261.560,250.613,157.054,137.653
260.918,244.239,153.974,134.954
246.604,206.203,160.195,140.406
209.464,178.183,166.667,146.078
166.744,174.386,163.399,143.214
138.214,181.967,157.054,137.653
131.729,198.591,153.974,134.954
133.802,207.095,160.195,140.406
145.560,208.674,157.054,137.653
167.146,206.027,157.054,137.653
193.439,205.674,157.054,137.653
211.829,205.647,163.399,143.214
238.793,224.553,157.054,137.653
265.439,245.846,157.054,137.653
284.676,254.807,153.974,134.954
292.297,255.023,153.974,134.954
267.806,238.799,160.195,140.406
216.041,214.207,157.054,137.653
163.237,187.111,163.399,143.214
176.560,194.967,157.054,137.653
220.028,196.023,153.974,134.954
246.460,193.428,153.974,134.954
263.499,202.260,157.054,137.653
271.815,208.154,163.399,143.214
277.620,226.553,157.054,137.653
270.033,253.140,157.054,137.653
250.280,260.907,163.399,143.214
248.167,262.269,166.667,146.078
251.403,257.198,160.195,140.406
234.124,243.226,166.667,146.078
213.107,243.598,160.195,140.406
208.729,240.834,153.974,134.954
208.102,230.198,160.195,140.406
227.081,225.239,153.974,134.954
234.110,213.627,150.955,132.308
229.918,180.887,153.974,134.954
242.478,166.186,147.995,129.713
259.960,169.137,147.995,129.713
273.179,191.921,145.093,127.170
273.996,225.559,147.995,129.713
267.918,256.754,153.974,134.954
256.303,276.153,150.955,132.308
223.861,265.734,157.054,137.653
192.708,237.302,160.195,140.406
172.161,216.671,153.974,134.954
163.847,192.908,150.955,132.308
170.297,176.455,153.974,134.954
180.900,178.696,160.195,140.406
193.892,212.160,153.974,134.954
197.566,246.416,150.955,132.308
194.973,270.140,157.054,137.653
192.327,267.027,157.054,137.653
202.654,259.171,150.955,132.308
218.286,238.996,150.955,132.308
231.972,218.198,147.995,129.713
229.008,221.137,147.995,129.713
218.729,225.807,153.974,134.954
213.324,215.644,153.974,134.954
203.134,203.050,153.974,134.954
182.128,186.539,150.955,132.308
166.045,182.655,147.995,129.713
181.466,190.125,147.995,129.713
219.629,208.030,145.093,127.170
245.936,219.113,147.995,129.713
241.479,230.065,150.955,132.308
214.154,246.200,157.054,137.653
168.981,254.613,157.054,137.653
133.865,249.715,150.955,132.308
127.324,216.887,153.974,134.954
133.913,191.854,157.054,137.653
166.649,187.834,153.974,134.954
208.028,200.997,153.974,134.954
236.086,207.613,157.054,137.653
244.110,207.802,150.955,132.308
240.515,193.680,147.995,129.713
218.057,178.680,147.995,129.713
188.168,170.135,145.093,127.170
167.216,174.978,150.955,132.308
162.918,171.428,153.974,134.954
180.676,152.860,153.974,134.954
235.875,148.161,147.995,129.713
282.355,142.259,150.955,132.308
296.081,135.834,153.974,134.954
281.740,134.674,157.054,137.653
251.266,137.400,163.398,143.214
214.274,164.493,157.054,137.653
192.161,199.754,153.974,134.954
185.680,214.553,157.054,137.653
194.110,217.346,150.955,132.308
202.984,201.186,147.995,129.713
218.829,182.539,150.955,132.308
234.286,167.083,150.955,132.308
237.702,166.023,153.974,134.954
233.327,172.613,157.054,137.653
214.447,180.613,157.054,137.653
194.128,173.171,150.955,132.308
171.755,151.265,153.974,134.954
153.350,138.050,153.974,134.954
132.755,140.618,153.974,134.954
126.391,165.241,150.955,132.308
149.948,176.619,147.995,129.713
177.649,171.428,153.974,134.954
214.636,164.715,150.955,132.308
253.180,166.890,150.955,132.308
275.917,185.153,150.955,132.308
274.513,196.997,153.974,134.954
251.800,200.967,157.054,137.653
232.755,202.023,153.974,134.954
201.861,198.027,157.054,137.653
167.187,204.213,153.974,134.954
147.447,200.027,157.054,137.653
164.081,195.834,153.974,134.954
197.430,186.174,147.995,129.713
210.081,155.481,153.974,134.954
218.490,127.716,147.995,129.713
233.466,117.668,147.995,129.713
253.865,125.402,153.974,134.954
262.654,149.241,150.955,132.308
267.913,165.200,157.053,137.653
273.566,173.434,150.955,132.308
272.513,169.428,153.974,134.954
271.479,172.890,150.955,132.308
257.387,178.613,157.053,137.653
237.755,198.186,153.974,134.954
219.350,216.186,153.974,134.954
213.703,221.396,160.195,140.406
226.892,213.644,153.974,134.954
231.501,187.001,160.195,140.406
235.620,172.794,157.053,137.653
246.560,164.734,157.053,137.653
260.206,169.967,157.053,137.653
262.620,180.260,157.053,137.653
248.945,194.997,153.974,134.954
220.507,209.553,157.053,137.653
209.539,223.997,153.974,134.954
201.729,226.618,153.974,134.954
195.391,230.890,150.955,132.307
191.973,218.087,157.053,137.653
214.271,198.266,153.974,134.954
248.244,177.266,153.974,134.954
290.724,170.715,150.955,132.307
306.500,162.380,157.053,137.653
289.206,166.696,160.194,140.406
254.759,173.154,163.398,143.214
212.981,178.320,157.053,137.653
167.981,186.613,157.053,137.653
152.094,197.260,157.053,137.653
159.913,202.967,157.053,137.653
190.055,196.239,153.974,134.954
218.442,181.186,147.995,129.713
240.948,164.186,147.995,129.713
268.650,162.023,153.974,134.954
298.733,163.320,157.053,137.653
317.829,169.154,163.398,143.214
308.605,175.696,160.194,140.406
262.214,178.023,153.974,134.954
202.971,171.715,150.955,132.307
165.187,167.428,153.974,134.954
173.201,161.598,160.194,140.406
205.797,155.898,160.194,140.406
213.702,153.834,153.974,134.954
204.033,152.674,157.053,137.653
210.501,180.992,160.194,140.406
223.900,229.889,160.194,140.406
240.853,271.373,157.053,137.653
248.913,295.493,157.053,137.653
242.004,291.598,160.194,140.406
235.134,265.481,153.974,134.954
215.447,229.268,157.053,137.653
202.605,204.001,160.195,140.406
206.308,186.372,163.398,143.214
236.439,186.027,157.053,137.653
267.732,188.320,157.053,137.653
286.829,191.400,163.398,143.214
288.403,201.396,160.194,140.406
280.304,209.396,160.194,140.406
263.447,223.907,157.053,137.653
245.206,227.696,160.194,140.406
245.918,224.834,153.974,134.954
230.740,207.794,157.053,137.653
215.905,195.499,160.195,140.406
202.905,173.701,160.195,140.406
197.033,156.147,157.053,137.653
211.487,157.023,153.974,134.954
238.098,162.396,160.194,140.406
253.206,179.553,157.053,137.653
259.501,207.992,160.194,140.406
271.560,233.493,157.053,137.653
265.004,253.893,160.194,140.406
245.800,266.260,157.053,137.653
222.154,269.320,157.053,137.653
203.447,259.087,157.053,137.653
198.391,246.083,150.955,132.307
192.327,214.561,157.053,137.653
206.487,184.887,153.974,134.954
219.487,151.292,153.974,134.954
248.055,122.481,153.974,134.954
270.793,120.674,157.053,137.653
280.201,130.095,160.194,140.406
287.061,137.154,163.398,143.214
291.102,154.494,160.194,140.406
281.540,172.168,163.398,143.214
269.905,194.893,160.194,140.406
250.315,212.121,166.666,146.078
229.107,228.795,160.194,140.406
208.526,232.400,163.398,143.214
186.107,226.199,160.194,140.406
160.971,210.860,153.974,134.954
151.033,191.147,157.053,137.653
178.090,171.372,163.398,143.214
209.098,156.100,160.194,140.406
227.075,152.140,163.398,143.214
239.201,164.095,160.194,140.406
243.620,181.553,157.053,137.653
221.526,189.907,163.398,143.214
202.526,192.647,163.398,143.214
205.973,198.320,157.053,137.653
234.098,197.297,160.194,140.406
263.090,190.386,163.398,143.214
275.201,175.100,160.194,140.406
290.206,166.087,157.053,137.653
309.676,159.239,153.974,134.954
315.913,152.380,157.053,137.653
304.539,166.997,153.974,134.954
263.609,180.494,160.194,140.406
234.266,192.661,163.398,143.214
238.102,202.396,160.194,140.406
235.703,199.598,160.194,140.406
213.154,203.320,157.053,137.653
198.787,203.647,163.398,143.214
215.206,209.320,157.053,137.653
255.434,205.834,153.974,134.954
311.792,195.199,160.194,140.406
371.597,192.834,153.974,134.954
404.379,189.027,157.053,137.653
398.680,193.967,157.053,137.653
353.808,197.618,153.974,134.954
293.835,200.618,153.974,134.954
241.811,206.396,160.194,140.406
215.019,207.647,163.398,143.214
215.327,213.320,157.053,137.653
219.108,212.429,153.974,134.954
211.004,201.199,160.194,140.406
212.973,197.380,157.053,137.653
230.300,193.598,160.194,140.406
261.086,197.320,157.053,137.653
291.797,201.696,160.194,140.406
306.206,197.380,157.053,137.653
293.605,193.598,160.194,140.406
273.161,198.618,153.974,134.954
224.511,188.199,160.194,140.406
170.612,162.992,166.666,146.078
146.407,144.701,160.194,140.406
155.815,118.111,163.398,143.214
165.501,103.100,160.194,140.406
151.905,119.494,160.194,140.406
135.124,161.398,166.666,146.078
130.304,210.189,160.194,140.406
132.784,238.356,166.666,146.078
144.501,254.795,160.194,140.406
144.403,246.199,160.194,140.406
146.784,246.270,166.666,146.078
159.815,245.140,163.398,143.214
174.900,219.302,160.194,140.406
189.206,188.915,157.053,137.653
191.308,161.111,163.398,143.214
205.568,160.893,163.398,143.214
220.900,181.194,160.194,140.406
225.593,200.930,166.666,146.078
218.540,201.893,163.398,143.214
213.294,179.865,163.398,143.214
208.358,153.184,166.666,146.078
226.322,141.126,163.398,143.214
234.959,123.676,169.999,149.000
221.112,113.744,173.399,151.980
212.034,110.588,173.399,151.980
223.593,105.035,166.666,146.078
224.365,92.541,170.000,149.000
220.550,119.738,166.666,146.078
211.741,189.676,166.666,146.078
214.975,228.781,166.666,146.078
213.500,232.730,170.000,149.000
210.635,224.406,170.000,149.000
205.878,207.900,173.400,151.980
209.167,196.418,166.666,146.078
204.635,166.353,170.000,149.000
202.800,138.212,173.400,151.980
214.488,129.744,173.400,151.980
236.554,131.000,170.000,149.000
259.891,127.990,176.867,155.019
286.418,128.135,170.000,149.000
286.500,125.135,170.000,149.000
277.105,130.932,176.867,155.019
274.771,148.324,170.000,149.000
269.540,150.893,163.398,143.214
240.717,156.595,170.000,149.000
203.736,181.809,173.400,151.980
183.346,204.887,173.400,151.980
180.878,219.121,173.400,151.980
180.800,219.510,173.400,151.980
173.105,212.029,176.868,155.019
170.086,197.088,176.868,155.019
173.047,191.029,176.868,155.019
186.498,195.520,180.405,158.120
207.333,201.432,173.400,151.980
235.871,197.010,176.868,155.019
278.709,189.744,173.400,151.980
321.774,179.049,176.868,155.019
341.333,171.744,173.400,151.980
329.177,159.320,180.405,158.120
306.502,159.588,173.400,151.980
260.736,153.400,180.405,158.120
220.776,150.400,180.405,158.120
199.017,150.440,180.405,158.120
193.217,153.480,180.405,158.120
179.090,148.758,184.013,161.282
162.872,155.280,191.447,167.798
167.816,166.735,187.693,164.508
184.998,164.758,184.013,161.282
217.699,160.360,180.405,158.120
244.177,154.744,173.400,151.980
267.659,145.360,180.405,158.120
288.957,129.595,187.693,164.508
290.494,112.254,184.013,161.282
270.646,108.601,191.447,167.798
261.098,118.280,191.447,167.798
264.003,141.184,191.447,167.798
265.653,178.038,187.693,164.508
253.002,216.201,187.693,164.508
243.165,238.387,187.693,164.508
228.872,226.923,191.447,167.798
219.098,213.696,191.447,167.798
212.324,200.696,191.447,167.798
210.862,189.051,195.276,171.154
208.909,177.142,199.181,174.577
206.324,167.696,191.447,167.798
198.281,152.760,195.276,171.154
192.553,154.568,199.181,174.577
199.622,174.351,199.181,174.577
215.025,198.958,195.276,171.154
