306.000,5.000,95.000,65.000
310.564,23.936,91.311,62.476
314.658,47.046,95.000,65.000
318.967,72.176,98.838,67.626
324.740,104.004,102.831,70.358
328.147,136.473,102.831,70.358
325.666,155.346,98.838,67.626
322.342,149.928,95.000,65.000
317.138,125.141,98.838,67.626
314.757,99.125,95.000,65.000
301.308,72.670,98.838,67.626
273.057,54.479,102.831,70.358
250.064,43.914,98.838,67.626
231.243,33.135,102.831,70.358
215.422,30.272,98.838,67.626
205.684,33.414,95.000,65.000
205.125,39.700,91.311,62.476
204.845,51.498,91.311,62.476
212.252,70.051,93.137,63.725
218.707,91.434,96.900,66.300
229.101,114.027,100.815,68.978
242.592,134.106,96.900,66.300
253.901,136.414,95.000,65.000
260.264,112.266,96.900,66.300
273.797,82.255,98.838,67.626
285.901,62.783,95.000,65.000
281.384,45.610,93.137,63.725
263.027,30.855,95.000,65.000
243.198,23.928,95.000,65.000
236.687,21.183,91.311,62.476
237.311,21.168,87.765,60.050
239.405,26.206,89.521,61.251
247.638,34.344,93.137,63.725
260.478,49.220,96.900,66.300
273.103,69.025,100.815,68.978
299.577,96.320,96.900,66.300
326.612,126.533,100.815,68.978
350.155,157.119,98.838,67.626
373.217,179.217,95.000,65.000
388.740,182.102,98.838,67.626
408.519,169.604,102.831,70.358
422.673,148.316,104.888,71.765
423.056,129.877,104.888,71.765
402.577,116.000,100.815,68.978
367.981,110.136,96.900,66.300
346.369,106.757,95.000,65.000
331.855,101.342,95.000,65.000
324.611,97.477,93.137,63.725
317.410,97.542,89.521,61.251
314.545,96.637,93.137,63.725
315.845,101.341,91.311,62.476
322.071,113.870,89.521,61.251
335.799,130.936,91.311,62.476
341.072,149.802,95.000,65.000
343.318,163.118,93.137,63.725
345.378,159.907,96.900,66.300
350.598,140.998,100.815,68.978
370.606,122.998,100.815,68.978
382.333,99.355,102.831,70.358
391.439,75.670,98.838,67.626
391.586,51.540,95.000,65.000
373.737,28.266,96.900,66.300
355.198,13.441,95.000,65.000
344.838,3.930,93.137,63.725
346.740,0.876,89.521,61.251
342.158,-1.749,93.137,63.725
339.158,4.184,93.137,63.725
339.845,12.060,91.311,62.476
344.738,24.870,89.521,61.251
352.638,40.278,93.137,63.725
365.403,59.202,89.520,61.251
