147.000,110.000,34.000,33.000
147.929,112.745,34.680,33.660
151.515,118.276,34.000,33.000
154.333,120.090,32.680,31.719
157.528,118.585,33.333,32.353
160.050,118.324,33.333,32.353
160.160,120.090,32.680,31.719
160.885,121.090,32.680,31.719
162.191,121.662,32.039,31.097
163.785,123.238,30.795,29.889
166.580,121.864,31.411,30.487
164.350,116.980,32.039,31.097
161.007,113.460,30.795,29.889
158.010,111.864,31.411,30.487
156.055,109.142,30.795,29.889
156.191,82.674,32.039,31.097
153.263,75.397,32.680,31.719
148.921,72.775,31.411,30.487
143.814,70.468,32.680,31.719
137.641,69.192,32.680,31.719
130.641,68.192,32.680,31.719
130.098,69.257,31.411,30.487
128.770,66.821,32.039,31.097
128.885,66.641,32.680,31.719
131.883,64.471,31.411,30.487
140.713,67.503,32.039,31.097
146.680,73.436,32.680,31.719
154.404,82.334,32.680,31.719
158.972,93.004,31.411,30.487
161.321,102.894,32.039,31.097
165.742,123.547,32.039,31.097
166.191,128.923,32.039,31.097
167.609,126.468,32.680,31.719
167.098,116.116,31.411,30.487
165.436,95.358,32.680,31.719
162.617,61.335,33.333,32.353
163.885,54.397,32.680,31.719
163.402,53.168,31.411,30.487
163.066,54.518,30.191,29.303
162.066,58.195,30.191,29.303
161.735,72.572,30.191,29.303
161.103,93.717,30.795,29.889
160.481,108.576,32.039,31.097
160.885,123.129,32.680,31.719
162.191,124.372,32.039,31.097
160.711,104.082,32.680,31.719
161.098,93.812,31.411,30.487
159.055,91.825,30.795,29.889
159.103,92.238,30.795,29.889
158.066,98.872,30.191,29.303
155.706,114.967,31.411,30.487
155.420,129.208,30.795,29.889
156.357,143.258,29.599,28.728
159.798,160.721,28.450,27.613
160.634,170.066,29.019,28.165
159.066,161.818,30.191,29.303
158.066,144.448,30.191,29.303
156.402,128.939,31.411,30.487
155.402,118.116,31.411,30.487
153.350,112.270,32.039,31.097
149.930,109.111,32.039,31.097
148.055,112.969,30.795,29.889
148.404,120.879,30.191,29.303
144.689,133.525,30.795,29.889
144.481,145.025,32.039,31.097
142.350,146.372,32.039,31.097
139.987,129.704,32.680,31.719
135.509,107.936,32.039,31.097
130.400,90.329,33.333,32.353
128.987,79.050,32.680,31.719
123.528,74.383,31.411,30.487
122.397,78.864,30.191,29.303
121.388,91.602,29.599,28.728
121.991,110.072,29.019,28.165
121.700,127.195,29.599,28.728
124.798,147.243,28.450,27.613
124.700,144.511,29.599,28.728
123.420,125.125,30.795,29.889
130.097,107.779,30.191,29.303
137.611,91.855,30.795,29.889
145.454,76.635,31.411,30.487
150.198,74.508,30.795,29.889
155.758,79.533,30.191,29.303
158.751,85.202,30.191,29.303
161.516,91.382,30.795,29.889
171.443,117.949,30.191,29.303
173.013,121.416,29.599,28.728
173.357,115.887,29.599,28.728
176.167,102.189,28.450,27.613
177.013,87.357,29.599,28.728
180.420,74.802,30.191,29.303
179.795,74.953,31.411,30.487
180.405,81.202,30.191,29.303
179.795,91.397,31.411,30.487
180.191,106.576,32.039,31.097
177.640,141.751,32.039,31.097
173.878,145.018,33.333,32.353
171.640,137.429,32.039,31.097
168.313,122.635,31.411,30.487
166.058,112.141,30.191,29.303
162.313,100.813,31.411,30.487
160.728,99.841,30.191,29.303
157.420,102.104,29.599,28.728
157.645,108.369,28.450,27.613
156.318,115.765,27.892,27.071
153.418,134.715,29.019,28.165
149.491,131.540,28.450,27.613
143.990,115.889,27.892,27.071
138.230,100.558,28.450,27.613
135.076,88.982,29.599,28.728
129.051,84.164,30.191,29.303
126.728,83.848,30.191,29.303
122.007,89.016,30.795,29.889
121.420,100.843,30.795,29.889
121.700,116.226,29.599,28.728
124.081,133.249,30.191,29.303
124.044,127.231,29.599,28.728
122.066,114.133,30.191,29.303
123.743,101.802,30.191,29.303
126.081,96.495,30.191,29.303
132.246,93.825,30.795,29.889
132.701,98.729,29.599,28.728
135.751,108.218,30.191,29.303
141.246,118.477,30.795,29.889
150.105,135.579,30.191,29.303
161.283,149.282,29.019,28.165
163.751,140.818,30.191,29.303
167.420,123.448,30.191,29.303
170.564,110.909,29.019,28.165
173.081,99.810,30.191,29.303
174.468,90.681,30.795,29.889
173.735,92.187,30.191,29.303
171.397,98.541,30.191,29.303
169.418,107.780,29.019,28.165
166.753,125.982,28.450,27.613
163.732,136.290,29.599,28.728
162.735,126.479,30.191,29.303
161.098,111.635,31.411,30.487
161.405,99.802,30.191,29.303
161.405,93.825,30.191,29.303
159.055,87.412,30.795,29.889
158.420,90.969,30.795,29.889
155.728,98.210,30.191,29.303
153.402,108.397,31.411,30.487
152.737,120.160,30.795,29.889
152.795,126.523,31.411,30.487
150.706,112.331,31.411,30.487
150.735,96.787,30.191,29.303
145.051,87.479,30.191,29.303
138.528,84.471,31.411,30.487
126.262,93.308,31.411,30.487
122.007,103.795,30.795,29.889
122.405,119.241,30.191,29.303
119.774,135.499,29.019,28.165
118.735,150.910,30.191,29.303
118.103,155.334,30.795,29.889
119.468,145.316,30.795,29.889
121.412,133.133,30.191,29.303
124.081,126.156,30.191,29.303
130.428,121.164,30.191,29.303
138.977,121.921,30.795,29.889
145.428,128.541,30.191,29.303
150.564,138.795,30.795,29.889
158.294,152.890,30.795,29.889
163.089,167.572,30.191,29.303
171.435,167.179,30.191,29.303
174.751,150.118,30.191,29.303
176.580,135.331,31.411,30.487
184.766,126.479,30.191,29.303
188.669,120.686,31.411,30.487
193.881,117.825,30.795,29.889
194.405,123.202,30.191,29.303
192.397,132.218,30.191,29.303
186.642,143.843,30.795,29.889
180.712,155.225,30.191,29.303
166.266,146.606,29.599,28.728
160.381,126.441,30.191,29.303
152.374,107.441,30.191,29.303
147.720,94.464,30.191,29.303
142.720,84.810,30.191,29.303
137.720,80.164,30.191,29.303
136.735,85.202,30.191,29.303
136.785,95.477,30.795,29.889
138.468,110.573,30.795,29.889
139.074,122.895,30.191,29.303
140.468,116.412,30.795,29.889
140.491,105.813,31.411,30.487
142.468,99.729,30.795,29.889
142.785,93.412,30.795,29.889
148.293,96.104,29.599,28.728
156.843,109.306,28.450,27.613
156.701,119.634,29.599,28.728
157.074,134.241,30.191,29.303
158.743,151.918,30.191,29.303
158.044,164.602,29.599,28.728
158.357,156.262,29.599,28.728
158.701,142.357,29.599,28.728
157.066,135.156,30.191,29.303
158.074,134.179,30.191,29.303
157.388,136.104,29.599,28.728
157.991,149.926,29.019,28.165
157.936,163.948,27.892,27.071
158.172,180.039,27.892,27.071
160.878,196.535,26.809,26.020
161.791,212.658,27.892,27.071
161.554,208.636,27.892,27.071
161.554,192.271,27.892,27.071
160.936,177.744,27.892,27.071
159.991,165.196,29.019,28.165
159.991,155.769,29.019,28.165
158.735,142.802,30.191,29.303
158.405,144.856,30.191,29.303
158.701,149.729,29.599,28.728
159.634,161.353,29.019,28.165
163.027,172.475,27.892,27.071
161.991,155.050,29.019,28.165
160.735,124.064,30.191,29.303
160.347,106.407,29.019,28.165
160.743,93.133,30.191,29.303
159.420,84.364,30.795,29.889
157.397,87.525,30.191,29.303
157.347,96.136,29.019,28.165
156.044,109.914,29.599,28.728
156.357,129.163,29.599,28.728
156.785,138.112,30.795,29.889
151.796,127.982,29.599,28.728
148.491,114.820,28.450,27.613
145.076,102.326,29.599,28.728
141.774,97.915,29.019,28.165
140.066,96.179,30.191,29.303
136.389,103.879,30.191,29.303
134.737,114.477,30.795,29.889
135.044,130.226,29.599,28.728
135.074,138.549,30.191,29.303
137.833,137.873,30.795,29.889
143.758,111.748,30.191,29.303
143.785,101.316,30.795,29.889
147.751,97.164,30.191,29.303
151.420,92.164,30.191,29.303
158.097,91.848,30.191,29.303
162.637,103.946,29.599,28.728
168.246,117.208,30.795,29.889
174.929,128.477,30.795,29.889
180.293,132.416,29.599,28.728
180.785,123.364,30.795,29.889
182.883,94.710,31.411,30.487
183.405,88.156,30.191,29.303
184.074,85.172,30.191,29.303
186.412,84.179,30.191,29.303
185.795,85.345,31.411,30.487
191.564,99.208,30.795,29.889
195.637,113.914,29.599,28.728
199.198,125.160,30.795,29.889
201.013,128.760,29.599,28.728
202.277,122.985,29.019,28.165
202.074,94.071,30.191,29.303
201.735,85.818,30.191,29.303
196.720,85.179,30.191,29.303
189.276,83.873,30.795,29.889
184.720,87.195,30.191,29.303
177.276,103.621,30.795,29.889
175.397,117.902,30.191,29.303
174.066,126.549,30.191,29.303
170.007,125.873,30.795,29.889
166.389,115.810,30.191,29.303
162.313,90.887,31.411,30.487
162.066,87.164,30.191,29.303
159.728,84.841,30.191,29.303
157.418,87.990,29.019,28.165
156.044,93.385,29.599,28.728
152.372,115.764,30.795,29.889
151.735,130.572,30.191,29.303
149.076,139.009,29.599,28.728
147.066,136.841,30.191,29.303
140.915,126.482,29.019,28.165
118.320,106.441,30.191,29.303
117.066,102.833,30.191,29.303
115.055,101.190,30.795,29.889
113.732,103.448,29.599,28.728
112.061,107.920,29.019,28.165
119.212,130.135,28.450,27.613
122.637,140.290,29.599,28.728
127.493,144.920,29.019,28.165
133.320,140.648,28.450,27.613
138.605,121.109,29.599,28.728
145.766,92.741,30.191,29.303
149.637,83.950,29.599,28.728
155.137,79.915,29.019,28.165
157.325,78.480,29.599,28.728
163.951,84.369,28.450,27.613
168.264,106.604,27.892,27.071
166.704,119.926,29.019,28.165
166.645,127.000,28.450,27.613
165.318,123.255,27.892,27.071
164.936,108.126,27.892,27.071
162.704,82.974,29.019,28.165
161.388,79.855,29.599,28.728
160.388,79.480,29.599,28.728
160.014,82.847,28.450,27.613
158.081,89.147,27.892,27.071
150.517,111.840,27.892,27.071
147.418,125.569,29.019,28.165
144.732,129.072,29.599,28.728
142.418,125.558,29.019,28.165
141.044,111.357,29.599,28.728
140.701,101.294,29.599,28.728
143.798,104.847,28.450,27.613
146.564,110.850,29.019,28.165
147.906,118.892,28.450,27.613
149.172,127.620,27.892,27.071
148.645,153.550,28.450,27.613
146.704,165.639,29.019,28.165
146.991,172.493,29.019,28.165
