331.000,39.000,38.000,42.000
332.037,39.080,38.760,42.840
332.873,24.931,37.255,41.176
332.120,17.662,38.760,42.840
334.538,14.846,39.535,43.697
339.994,13.702,38.000,42.000
343.994,19.792,38.000,42.000
350.041,27.843,37.255,41.176
355.160,36.724,37.255,41.176
361.286,45.091,36.524,40.369
366.929,55.234,35.106,38.802
369.438,60.082,35.106,38.802
366.456,63.421,35.106,38.802
362.406,60.223,34.418,38.041
353.126,51.241,35.808,39.578
348.134,44.625,35.106,38.802
336.006,35.676,36.524,40.369
327.941,28.743,37.255,41.176
325.286,27.163,38.760,42.840
317.785,19.745,38.760,42.840
317.732,17.781,39.535,43.697
318.500,19.399,38.000,42.000
319.399,25.792,38.000,42.000
322.197,29.994,38.000,42.000
324.871,29.080,38.760,42.840
327.199,30.122,40.326,44.571
334.538,37.498,38.760,42.840
334.500,31.208,38.000,42.000
334.500,27.905,38.000,42.000
336.538,21.976,39.535,43.697
345.372,21.163,38.760,42.840
354.685,23.674,37.255,41.176
365.605,33.819,36.524,40.369
378.403,47.556,35.106,38.801
388.061,65.391,34.418,38.041
396.002,84.999,33.081,36.564
397.524,99.304,33.081,36.564
407.490,102.645,32.433,35.847
395.567,86.381,31.797,35.144
396.219,113.359,30.562,33.779
400.338,125.808,31.173,34.455
396.226,124.061,31.173,34.455
389.277,114.687,31.173,34.455
385.266,100.058,29.963,33.117
384.176,83.788,31.173,34.455
367.807,58.355,31.797,35.144
357.569,38.438,33.081,36.564
338.566,19.569,34.418,38.041
318.752,17.037,34.418,38.041
307.982,15.438,35.106,38.801
301.778,19.550,34.418,38.041
298.902,22.099,35.808,39.578
302.279,28.843,37.255,41.176
306.893,31.197,38.000,42.000
313.214,30.652,39.535,43.697
305.410,26.107,38.000,42.000
305.500,22.006,38.000,42.000
304.203,16.579,38.760,42.840
299.521,11.399,40.326,44.571
294.553,9.322,41.955,46.371
290.577,13.540,43.650,48.245
297.313,12.403,45.413,50.194
306.105,8.614,46.322,51.198
319.288,3.919,47.248,52.222
324.464,2.154,47.248,52.222
325.793,6.626,45.413,50.194
319.288,7.624,47.248,52.222
321.823,11.427,48.193,53.266
322.994,12.389,47.248,52.222
316.108,6.683,49.157,54.331
312.405,0.683,47.248,52.222
311.148,-1.290,46.322,51.198
308.571,-0.597,45.413,50.194
300.382,0.378,43.650,48.245
288.654,7.267,44.523,49.210
277.478,31.103,46.322,51.198
277.339,78.017,46.322,51.198
300.346,119.859,47.248,52.222
316.775,154.964,46.322,51.198
333.758,174.507,47.248,52.222
339.898,190.776,49.157,54.331
335.299,184.398,51.143,56.526
329.481,177.502,52.166,57.657
319.756,174.047,50.140,55.418
302.376,161.566,52.166,57.657
283.390,139.966,54.273,59.986
263.178,112.717,55.359,61.186
245.354,95.322,57.595,63.658
236.034,68.871,59.922,66.230
224.006,43.452,62.343,68.905
207.159,22.804,63.590,70.283
181.521,12.450,64.862,71.689
156.134,13.358,63.590,70.283
145.031,15.068,66.159,73.123
148.969,19.974,68.832,76.077
133.796,25.996,67.482,74.585
147.343,34.665,70.208,77.599
152.889,40.045,73.045,80.734
168.109,39.326,74.506,82.348
160.338,33.222,73.045,80.734
