213.000,121.000,21.000,95.000
212.225,119.971,20.588,93.137
210.770,117.030,21.420,96.900
210.225,117.951,20.588,93.137
206.730,114.010,21.420,96.900
207.206,115.931,20.588,93.137
206.790,112.010,21.420,96.900
208.186,113.931,20.588,93.137
209.830,111.030,21.420,96.900
208.770,111.050,21.420,96.900
210.480,106.970,22.285,100.815
213.541,107.093,22.285,100.815
217.602,106.031,22.285,100.815
218.419,108.215,22.285,100.815
217.535,108.041,21.848,98.838
217.357,109.215,22.285,100.815
214.699,105.952,23.186,104.888
214.439,103.937,24.122,109.125
212.699,103.848,23.186,104.888
214.419,106.093,22.285,100.815
212.803,101.848,23.186,104.888
215.480,104.093,22.285,100.815
213.750,102.990,21.420,96.900
215.830,103.050,21.420,96.900
217.186,103.951,20.588,93.137
220.147,103.931,20.588,93.137
219.790,102.050,21.420,96.900
218.770,101.030,21.420,96.900
220.186,102.931,20.588,93.137
218.770,99.010,21.420,96.900
218.790,98.030,21.420,96.900
218.790,98.050,21.420,96.900
220.186,97.971,20.588,93.137
222.850,97.070,21.420,96.900
223.206,98.931,20.588,93.137
223.206,97.951,20.588,93.137
222.225,98.912,20.588,93.137
222.810,98.070,21.420,96.900
223.616,96.041,21.848,98.838
223.790,97.050,21.420,96.900
223.357,96.154,22.285,100.815
221.750,100.090,21.420,96.900
222.810,102.090,21.420,96.900
224.186,106.873,20.588,93.137
225.186,109.873,20.588,93.137
224.225,111.892,20.588,93.137
222.245,111.931,20.588,93.137
222.810,111.070,21.420,96.900
222.225,112.931,20.588,93.137
220.485,113.845,20.185,91.311
216.836,113.797,19.789,89.521
212.284,111.931,20.588,93.137
208.284,109.971,20.588,93.137
202.690,106.010,21.420,96.900
200.235,105.154,22.285,100.815
200.134,101.920,22.731,102.831
197.699,99.952,23.186,104.888
198.357,102.093,22.285,100.815
197.770,104.050,21.420,96.900
199.657,104.121,21.848,98.838
200.810,106.070,21.420,96.900
202.480,106.215,22.285,100.815
203.217,108.332,22.731,102.831
204.616,110.081,21.848,98.838
205.810,110.030,21.420,96.900
203.750,111.070,21.420,96.900
202.245,110.971,20.588,93.137
203.186,109.951,20.588,93.137
206.433,111.740,19.789,89.521
210.375,111.740,19.789,89.521
215.108,107.971,20.588,93.137
223.144,108.797,19.789,89.521
226.707,106.855,19.020,86.044
227.176,105.545,18.647,84.357
223.624,104.433,18.647,84.357
216.650,102.572,19.020,86.044
212.136,104.148,18.282,82.703
205.961,104.209,18.647,84.357
202.367,103.478,19.020,86.044
200.618,103.407,18.282,82.703
198.400,96.994,18.647,84.357
197.800,88.227,19.401,87.765
200.707,82.232,19.020,86.044
205.518,78.855,19.020,86.044
204.663,72.970,19.789,89.521
204.408,70.883,20.185,91.311
206.000,69.000,21.000,95.000
206.810,69.070,21.420,96.900
207.206,72.892,20.588,93.137
206.225,78.814,20.588,93.137
204.485,86.573,20.185,91.311
205.186,91.814,20.588,93.137
207.167,96.833,20.588,93.137
207.810,97.090,21.420,96.900
206.000,100.000,21.000,95.000
209.147,103.873,20.588,93.137
212.433,109.509,19.789,89.521
212.606,114.451,19.789,89.521
211.178,121.006,19.020,86.044
209.618,126.631,18.282,82.703
208.685,126.959,17.923,81.082
208.066,131.815,17.227,77.933
207.432,134.624,16.558,74.907
208.527,135.174,17.227,77.933
210.009,137.047,16.558,74.907
209.886,135.533,17.227,77.933
207.425,134.713,17.227,77.933
206.877,132.917,17.572,79.492
207.230,129.407,18.282,82.703
208.801,124.761,19.020,86.044
208.990,123.572,19.020,86.044
208.288,122.545,18.647,84.357
209.230,120.537,18.282,82.703
209.359,119.278,18.282,82.703
209.359,117.407,18.282,82.703
209.538,116.252,17.923,81.082
210.551,116.754,17.572,79.492
211.707,118.354,17.227,77.933
212.860,120.906,16.890,76.405
212.714,120.591,17.572,79.492
211.877,121.591,17.572,79.492
212.860,124.102,16.890,76.405
214.929,125.781,16.234,73.438
214.432,124.258,16.558,74.907
215.527,124.174,17.227,77.933
217.664,126.102,16.890,76.405
218.221,126.258,16.558,74.907
219.300,125.985,15.915,71.998
222.670,126.950,15.603,70.586
224.430,129.291,14.997,67.845
225.430,131.006,14.997,67.845
226.549,131.242,14.703,66.515
227.549,133.343,14.703,66.515
228.549,133.943,14.703,66.515
229.549,135.643,14.703,66.515
230.308,133.899,15.297,69.202
232.858,132.435,14.997,67.845
234.184,133.436,15.603,70.586
234.441,132.464,15.603,70.586
237.475,130.008,16.234,73.438
235.644,128.258,16.558,74.907
236.156,128.781,16.234,73.438
237.009,127.258,16.558,74.907
237.860,126.298,16.890,76.405
237.886,124.713,17.227,77.933
237.886,124.534,17.227,77.933
237.066,123.713,17.227,77.933
236.251,122.689,16.890,76.405
236.383,123.008,16.234,73.438
236.383,122.781,16.234,73.438
234.644,119.681,16.558,74.907
234.860,118.493,16.890,76.405
236.664,116.689,16.890,76.405
237.221,116.258,16.558,74.907
236.066,114.534,17.227,77.933
235.886,113.713,17.227,77.933
236.055,115.102,16.889,76.405
236.383,116.008,16.234,73.438
236.383,115.008,16.234,73.438
236.055,113.298,16.889,76.405
236.860,112.493,16.889,76.405
239.468,111.493,16.889,76.405
240.156,112.008,16.234,73.438
241.929,111.008,16.234,73.438
241.432,110.047,16.558,74.907
240.251,110.102,16.889,76.405
240.860,111.102,16.889,76.405
241.551,109.754,17.572,79.492
240.877,108.917,17.572,79.492
240.066,110.354,17.227,77.933
238.447,112.102,16.889,76.405
236.041,109.917,17.572,79.492
235.066,109.713,17.227,77.933
232.642,110.298,16.889,76.405
231.447,109.493,16.889,76.405
229.041,107.754,17.572,79.492
228.066,108.534,17.227,77.933
225.204,106.917,17.572,79.492
224.251,109.102,16.889,76.405
223.714,107.754,17.572,79.492
222.685,106.106,17.923,81.081
221.877,105.917,17.572,79.492
221.359,105.019,18.282,82.703
220.041,106.754,17.572,79.492
219.538,105.106,17.923,81.081
220.230,104.148,18.282,82.703
221.551,104.917,17.572,79.492
222.055,107.102,16.889,76.405
220.644,108.835,16.558,74.907
220.707,109.174,17.227,77.933
221.221,110.258,16.558,74.907
221.383,112.327,16.234,73.438
221.383,114.327,16.234,73.438
220.610,114.781,16.234,73.438
220.055,112.493,16.889,76.405
219.066,111.534,17.227,77.933
218.714,109.081,17.572,79.492
219.860,110.298,16.889,76.405
221.664,109.493,16.889,76.405
222.221,110.047,16.558,74.907
220.644,110.047,16.558,74.907
219.886,110.174,17.227,77.933
217.855,112.835,16.558,74.907
217.066,113.174,17.227,77.933
214.425,114.354,17.227,77.933
213.685,112.959,17.923,81.081
211.618,111.278,18.282,82.703
210.685,111.106,17.923,81.081
210.886,112.534,17.227,77.933
211.055,113.298,16.889,76.405
212.009,114.835,16.558,74.907
213.156,118.873,16.234,73.438
212.610,121.100,16.234,73.438
211.955,126.665,15.603,70.586
211.698,130.665,15.603,70.586
212.001,135.148,14.997,67.845
212.001,139.862,14.997,67.845
211.123,140.356,15.297,69.202
211.715,142.006,14.997,67.845
212.580,141.627,15.297,69.202
212.542,142.017,15.915,71.998
212.123,143.170,15.297,69.202
213.430,143.577,14.997,67.845
213.292,145.581,14.415,65.211
213.001,146.006,14.997,67.845
211.955,144.207,15.603,70.586
212.300,142.743,15.915,71.998
213.009,141.047,16.558,74.907
212.784,142.501,15.915,71.998
211.027,142.501,15.915,71.998
210.123,143.899,15.297,69.202
208.784,142.501,15.915,71.998
207.432,140.258,16.558,74.907
206.027,140.743,15.915,71.998
204.212,141.207,15.603,70.586
203.212,140.464,15.603,70.586
202.573,141.577,14.997,67.845
200.859,142.292,14.997,67.845
199.573,144.006,14.997,67.845
198.394,142.899,15.297,69.202
198.851,142.899,15.297,69.202
198.542,140.743,15.915,71.998
199.441,141.950,15.603,70.586
201.927,143.693,15.603,70.586
202.441,142.464,15.603,70.586
207.021,140.781,16.234,73.438
209.816,139.985,15.915,71.998
211.184,141.693,15.603,70.586
213.574,141.259,15.915,71.998
215.702,142.327,16.234,73.438
216.664,140.493,16.889,76.405
217.551,137.081,17.572,79.492
218.707,137.534,17.227,77.933
218.886,135.073,17.227,77.933
217.644,134.681,16.558,74.907
218.300,133.470,15.915,71.998
219.580,131.985,15.297,69.202
220.300,127.470,15.915,71.998
220.698,128.207,15.603,70.586
218.837,125.235,16.234,73.438
217.251,124.102,16.889,76.405
217.055,125.906,16.889,76.405
216.610,127.008,16.234,73.438
214.644,125.258,16.558,74.907
213.432,125.047,16.558,74.907
212.610,125.781,16.234,73.438
211.610,126.554,16.234,73.438
210.955,128.950,15.603,70.586
209.610,128.554,16.234,73.438
209.542,127.985,15.915,71.998
208.432,126.047,16.558,74.907
208.221,126.047,16.558,74.907
207.432,126.047,16.558,74.907
206.886,126.174,17.227,77.933
204.855,128.047,16.558,74.907
203.447,126.493,16.889,76.405
200.291,127.781,16.234,73.438
199.610,126.235,16.234,73.438
196.067,124.258,16.558,74.907
195.251,123.298,16.889,76.405
192.067,121.681,16.558,74.907
192.542,122.743,15.915,71.998
190.666,122.442,15.297,69.202
188.666,122.170,15.297,69.202
187.573,120.435,14.997,67.845
185.469,118.464,15.603,70.586
184.610,114.462,16.234,73.438
183.212,113.978,15.603,70.586
182.212,113.464,15.603,70.586
179.431,112.435,14.997,67.845
176.547,113.208,14.415,65.211
175.913,110.862,13.855,62.679
176.892,108.522,13.855,62.679
177.476,104.939,13.317,60.245
177.708,104.128,13.584,61.450
175.939,102.475,13.317,60.245
175.572,101.161,13.855,62.678
174.088,99.861,14.132,63.932
172.048,98.243,14.703,66.515
170.048,98.243,14.703,66.515
168.573,97.577,14.997,67.845
166.469,96.207,15.603,70.586
164.859,96.149,14.997,67.845
163.748,96.542,14.703,66.515
163.088,94.842,14.132,63.932
162.448,93.243,14.703,66.515
160.415,93.188,14.132,63.932
160.061,95.422,13.584,61.449
157.939,97.012,13.317,60.245
157.350,99.833,13.056,59.063
155.415,100.716,13.584,61.449
153.939,102.012,13.317,60.245
151.121,103.069,13.584,61.449
150.061,102.775,13.584,61.449
149.572,101.501,13.855,62.678
149.293,99.208,14.415,65.211
148.448,97.542,14.703,66.515
147.851,95.899,15.297,69.202
147.123,95.899,15.297,69.202
146.123,95.899,15.297,69.202
144.955,96.693,15.603,70.586
143.784,95.501,15.915,71.998
142.784,95.501,15.915,71.998
141.784,95.501,15.915,71.998
140.784,96.259,15.915,71.998
140.542,96.501,15.915,71.998
140.383,95.008,16.234,73.438
140.698,96.207,15.603,70.586
140.698,96.207,15.603,70.586
141.441,96.207,15.603,70.586
142.156,96.327,16.234,73.438
142.860,98.515,16.889,76.405
144.156,102.100,16.234,73.438
144.860,103.515,16.889,76.405
146.156,108.646,16.234,73.438
146.542,112.533,15.915,71.998
147.929,112.554,16.234,73.438
150.816,114.259,15.915,71.998
154.952,112.258,16.558,74.907
165.551,109.713,17.227,77.933
174.910,107.893,17.227,77.933
175.055,107.493,16.889,76.405
174.432,108.047,16.558,74.907
174.860,108.102,16.889,76.405
173.877,107.591,17.572,79.491
170.978,106.959,17.923,81.081
168.400,106.210,18.647,84.357
164.271,107.959,17.923,81.081
162.400,106.322,18.647,84.357
157.737,106.322,18.647,84.357
155.512,106.322,18.647,84.357
153.400,105.434,18.647,84.357
151.618,105.278,18.282,82.703
150.489,105.149,18.282,82.703
149.489,105.149,18.282,82.703
148.877,105.081,17.572,79.491
149.055,107.102,16.889,76.405
149.055,108.906,16.889,76.405
147.877,107.754,17.572,79.491
146.877,106.918,17.572,79.491
144.831,105.959,17.923,81.081
143.489,104.278,18.282,82.703
143.176,99.770,18.647,84.357
145.100,96.666,18.282,82.703
146.551,97.081,17.572,79.491
146.359,95.149,18.282,82.703
147.952,94.322,18.647,84.357
157.065,96.019,18.282,82.703
161.712,97.890,18.282,82.703
161.538,100.666,17.923,81.081
163.840,103.761,18.647,84.357
165.952,106.873,18.647,84.357
165.800,109.313,19.401,87.765
165.084,114.101,19.020,86.044
166.064,117.985,18.647,84.357
167.064,120.097,18.647,84.357
166.800,119.541,19.401,87.765
166.990,121.384,19.020,86.044
167.359,124.019,18.282,82.703
165.204,125.754,17.572,79.491
163.877,125.754,17.572,79.491
162.041,127.428,17.572,79.491
160.489,128.760,18.282,82.703
157.124,129.106,17.923,81.081
156.685,128.106,17.923,81.081
156.359,123.666,18.282,82.703
157.551,120.734,17.572,79.491
159.527,115.791,17.227,77.933
159.432,110.739,16.558,74.907
159.860,107.885,16.889,76.405
163.168,101.791,17.227,77.933
164.798,96.739,16.558,74.907
168.988,93.893,17.227,77.933
172.168,91.073,17.227,77.933
172.707,91.534,17.227,77.933
174.388,89.918,17.572,79.491
175.230,89.890,18.282,82.703
174.489,92.760,18.282,82.703
171.978,94.813,17.923,81.081
170.041,99.101,17.572,79.491
167.425,102.815,17.227,77.933
164.605,106.635,17.227,77.933
161.605,109.815,17.227,77.933
156.425,114.319,16.889,76.405
150.964,119.276,17.227,77.933
147.124,121.373,17.923,81.081
145.618,122.760,18.282,82.703
142.124,125.666,17.923,81.081
143.707,128.354,17.227,77.933
144.707,128.534,17.227,77.933
145.551,126.081,17.572,79.491
148.841,122.407,18.282,82.703
150.388,121.244,17.572,79.491
152.388,119.081,17.572,79.491
152.538,116.252,17.923,81.081
153.064,113.434,18.647,84.357
157.712,110.666,18.282,82.703
158.064,108.546,18.647,84.357
160.100,107.407,18.282,82.703
161.064,104.546,18.647,84.357
161.724,99.846,19.401,87.765
163.064,99.546,18.647,84.357
163.538,98.399,17.923,81.081
164.230,96.278,18.282,82.703
165.230,95.278,18.282,82.703
164.288,93.434,18.647,84.357
162.831,94.106,17.923,81.081
162.066,95.534,17.227,77.933
159.831,94.813,17.923,81.081
159.066,97.354,17.227,77.933
157.041,96.754,17.572,79.491
154.831,95.959,17.923,81.081
151.978,95.959,17.923,81.081
149.831,95.106,17.923,81.081
148.685,94.106,17.923,81.081
145.978,93.106,17.923,81.081
144.288,91.322,18.647,84.357
143.685,91.252,17.923,81.081
145.527,91.713,17.227,77.933
146.860,90.689,16.889,76.405
147.860,87.885,16.889,76.405
148.551,84.244,17.572,79.491
149.230,81.278,18.282,82.703
149.359,80.278,18.282,82.703
149.538,79.252,17.923,81.081
150.551,78.918,17.572,79.491
154.272,80.298,16.889,76.405
155.009,80.258,16.558,74.906
160.794,81.554,16.234,73.438
165.090,83.259,15.915,71.998
167.586,85.201,16.558,74.906
166.784,91.806,15.915,71.998
168.702,96.192,16.234,73.438
168.860,98.319,16.889,76.405
168.886,102.456,17.227,77.933
168.251,105.710,16.889,76.405
167.714,103.754,17.572,79.491
167.714,104.591,17.572,79.491
167.538,105.666,17.923,81.081
168.707,107.534,17.227,77.933
168.714,106.754,17.572,79.491
168.251,109.102,16.889,76.405
166.644,111.624,16.558,74.906
164.644,114.412,16.558,74.906
162.644,116.412,16.558,74.906
162.055,118.515,16.889,76.405
159.643,119.906,16.889,76.405
158.644,122.624,16.558,74.906
156.837,124.554,16.234,73.438
156.542,125.501,15.915,71.998
156.123,126.171,15.297,69.202
155.448,127.243,14.703,66.515
155.580,125.171,15.297,69.202
157.430,126.292,14.997,67.845
157.148,127.243,14.703,66.515
157.715,126.577,14.997,67.845
158.580,125.899,15.297,69.202
157.784,125.259,15.915,71.998
156.784,126.259,15.915,71.998
156.383,125.781,16.234,73.438
156.055,121.885,16.889,76.405
156.860,119.885,16.889,76.405
156.886,117.893,17.227,77.933
155.644,115.893,16.558,74.906
156.527,112.893,17.227,77.933
156.714,108.407,17.572,79.491
157.055,109.493,16.889,76.405
158.929,106.916,16.234,73.438
162.272,102.885,16.889,76.405
164.468,102.493,16.889,76.405
164.551,97.407,17.572,79.491
167.347,97.713,17.227,77.933
167.055,95.885,16.889,76.405
167.383,97.008,16.234,73.438
168.441,96.721,15.603,70.586
169.156,95.781,16.234,73.438
168.610,94.235,16.234,73.438
167.610,93.781,16.234,73.438
168.441,95.207,15.603,70.586
170.184,95.207,15.603,70.586
168.784,94.501,15.915,71.998
169.580,95.899,15.297,69.202
170.300,94.501,15.915,71.998
171.441,95.207,15.603,70.586
171.851,94.442,15.297,69.202
170.955,94.207,15.603,70.586
170.542,91.228,15.915,71.998
170.542,90.743,15.915,71.998
169.394,90.442,15.297,69.202
168.784,89.501,15.915,71.998
165.855,87.258,16.558,74.906
164.447,87.906,16.889,76.405
161.291,90.554,16.234,73.438
159.837,91.554,16.234,73.438
156.511,91.743,15.915,71.998
155.394,92.899,15.297,69.202
152.648,93.542,14.703,66.515
149.145,93.292,14.997,67.845
147.233,94.208,14.415,65.211
145.573,91.149,14.997,67.845
142.938,89.442,15.297,69.202
140.269,87.743,15.915,71.998
140.221,86.047,16.558,74.906
139.027,86.743,15.915,71.998
137.955,87.950,15.603,70.586
137.287,91.006,14.997,67.845
136.123,88.442,15.297,69.202
136.001,90.292,14.997,67.845
134.955,89.207,15.603,70.586
133.784,86.985,15.915,71.998
133.542,87.259,15.915,71.998
133.542,89.017,15.915,71.998
134.300,91.017,15.915,71.998
136.702,95.419,16.234,73.438
137.664,99.928,16.889,76.405
141.375,104.989,16.558,74.906
143.702,111.965,16.234,73.438
148.794,115.646,16.234,73.438
155.363,120.290,15.915,71.998
158.375,120.624,16.558,74.906
157.066,121.174,17.227,77.933
157.707,119.893,17.227,77.933
157.251,116.276,16.889,76.405
154.067,113.104,16.558,74.906
155.156,109.916,16.234,73.438
155.383,105.916,16.234,73.438
154.027,101.196,15.915,71.998
154.300,97.712,15.915,71.998
155.009,93.681,16.558,74.906
154.027,93.985,15.915,71.998
151.644,89.681,16.558,74.906
152.300,90.743,15.915,71.998
152.698,90.464,15.603,70.586
149.209,88.714,15.297,69.202
140.206,87.501,15.915,71.998
135.745,83.689,16.234,73.438
129.701,80.681,16.558,74.906
123.964,76.252,17.227,77.933
119.271,69.839,17.923,81.081
119.176,63.882,18.647,84.357
138.200,51.532,19.401,87.765
160.221,46.028,19.789,89.520
185.106,40.086,19.789,89.520
218.134,37.846,19.401,87.765
241.437,35.845,20.184,91.310
232.382,34.932,20.588,93.137
222.610,35.090,21.420,96.899
238.090,37.090,21.420,96.899
251.153,32.971,22.285,100.814
252.810,36.070,21.420,96.899
249.284,38.912,20.588,93.137
245.730,41.130,21.420,96.899
240.051,45.460,22.285,100.814
241.011,56.305,23.186,104.887
245.602,64.460,22.285,100.814
244.907,67.577,23.186,104.887
236.398,80.871,24.122,109.124
223.803,94.722,24.122,109.124
207.416,102.294,25.097,113.533
199.398,108.384,24.122,109.124
191.781,105.734,25.097,113.533
187.715,103.440,26.111,118.120
180.449,102.348,27.166,122.892
174.985,98.226,28.263,127.857
176.198,94.589,29.405,133.022
178.598,90.788,29.405,133.022
181.598,85.388,29.405,133.022
184.831,80.802,28.828,130.414
191.799,79.989,29.405,133.022
194.360,77.231,29.993,135.682
194.798,78.989,29.405,133.022
192.747,76.302,30.593,138.396
193.204,80.672,30.593,138.396
186.796,87.190,29.405,133.022
185.397,88.389,29.405,133.022
185.204,88.216,30.593,138.396
180.197,95.190,29.405,133.022
