481.000,266.000,160.000,162.000
475.453,263.368,173.737,169.912
471.821,261.017,186.012,174.219
469.103,254.941,192.761,179.871
467.217,252.004,195.877,183.478
475.000,248.000,160.000,170.000
468.000,242.000,171.000,175.000
469.000,248.000,164.000,173.000
470.000,244.000,165.000,174.000
468.000,249.000,162.000,175.000
468.000,244.000,163.000,175.000
467.000,248.000,161.000,174.000
465.000,252.000,164.000,174.000
465.000,252.000,163.000,173.000
465.000,247.000,160.000,176.000
452.000,250.000,175.000,184.000
454.000,259.000,176.000,172.000
457.000,267.000,167.000,172.000
459.000,276.000,164.000,167.000
463.000,278.000,156.000,170.000
456.000,288.000,164.000,163.000
456.000,296.000,162.000,167.000
453.000,306.000,163.000,163.000
457.000,314.000,159.000,179.000
456.000,313.000,158.000,183.000
455.000,331.000,160.000,166.000
457.000,343.000,156.000,155.000
454.000,343.000,162.000,173.000
460.000,347.000,151.000,164.000
456.000,356.000,157.000,158.000
463.000,364.000,145.000,155.000
452.000,361.000,157.000,154.000
452.274,369.429,168.012,161.657
453.854,364.669,171.703,165.614
450.480,367.690,175.874,167.432
459.000,366.000,144.000,149.000
463.000,360.000,144.000,153.000
465.000,358.000,140.000,149.000
466.000,356.000,138.000,148.000
464.000,354.000,139.000,151.000
455.000,341.000,145.000,153.000
456.000,340.000,146.000,153.000
458.000,330.000,141.000,155.000
458.000,324.000,139.000,151.000
452.000,312.000,144.000,149.000
457.000,307.000,140.000,152.000
452.000,300.000,145.000,144.000
453.000,300.000,144.000,146.000
454.000,291.000,142.000,160.000
452.000,287.000,144.000,144.000
450.000,291.000,146.000,150.000
450.000,287.000,145.000,154.000
457.000,297.000,137.000,151.000
456.000,299.000,140.000,148.000
451.000,306.000,146.000,150.000
457.000,314.000,144.000,146.000
462.000,324.000,143.000,145.000
464.000,333.000,148.000,151.000
470.000,342.000,142.000,164.000
469.000,346.000,143.000,188.000
473.000,366.000,144.000,176.000
480.000,381.000,144.000,179.000
480.000,404.000,154.000,164.000
484.000,412.000,155.000,168.000
488.656,422.556,160.960,176.380
490.178,428.159,169.849,167.865
494.387,435.933,176.100,158.576
510.000,433.000,154.000,165.000
513.000,423.000,159.000,170.000
518.000,414.000,166.000,186.000
520.000,410.000,168.000,183.000
526.000,399.000,177.000,185.000
529.000,391.000,179.000,174.000
541.000,385.000,174.000,173.000
543.000,373.000,190.000,189.000
552.000,370.000,186.000,190.000
561.000,370.000,181.000,185.000
563.000,366.000,188.000,188.000
564.000,358.000,198.000,200.000
571.000,350.000,198.000,212.000
573.000,350.000,203.000,206.000
580.000,355.000,202.000,209.000
583.000,351.000,206.000,220.000
586.000,352.000,202.000,215.000
583.000,344.000,217.000,231.000
582.000,354.000,225.000,223.000
587.000,360.000,218.000,218.000
588.000,354.000,224.000,239.000
586.000,355.000,223.000,231.000
579.000,349.000,231.000,251.000
571.000,339.000,235.000,259.000
566.000,339.000,246.000,258.000
550.000,335.000,257.000,282.000
557.000,332.000,246.000,293.000
533.000,338.000,275.000,263.000
529.000,337.000,258.000,271.000
522.316,337.251,272.542,287.892
501.483,332.829,289.259,279.945
489.000,318.000,261.000,269.000
470.000,307.000,269.000,278.000
450.000,299.000,278.000,283.000
436.000,291.000,276.000,286.000
422.000,276.000,277.000,301.000
395.000,285.000,294.000,266.000
377.000,266.000,293.000,268.000
363.000,258.000,289.000,291.000
350.000,250.000,283.000,298.000
324.000,239.000,291.000,281.000
304.000,228.000,292.000,293.000
282.000,223.000,297.000,299.000
254.000,226.000,310.000,290.000
248.000,230.000,292.000,289.000
211.000,199.000,310.000,302.000
191.000,219.000,312.000,297.000
171.000,215.000,309.000,310.000
136.000,212.000,333.000,297.000
123.000,217.000,320.000,304.000
92.000,214.000,339.000,297.000
59.000,223.000,339.000,337.000
56.000,202.000,320.000,339.000
45.000,223.000,320.000,313.000
52.000,227.000,330.000,313.000
64.000,230.000,326.000,312.000
92.000,225.000,324.000,318.000
119.000,236.000,325.000,317.000
133.000,227.000,319.000,327.000
143.000,240.000,339.000,333.000
165.000,240.000,319.000,331.000
172.263,261.832,346.481,341.717
181.000,256.000,334.000,327.000
199.000,270.000,314.000,310.000
205.000,263.000,311.000,335.000
196.000,263.000,325.000,340.000
189.000,280.000,326.000,322.000
183.000,280.000,331.000,343.000
175.000,303.000,335.000,323.000
166.000,295.000,332.000,330.000
155.000,309.000,336.000,325.000
159.000,322.000,321.000,325.000
142.000,317.000,341.000,344.000
140.000,346.000,334.000,320.000
144.000,346.000,318.000,329.000
128.000,345.000,332.000,336.000
130.000,375.000,323.000,308.000
120.000,359.000,331.000,335.000
121.000,372.000,327.000,328.000
121.000,367.000,322.000,337.000
116.000,370.000,322.000,336.000
104.000,389.000,332.000,306.000
109.000,399.000,312.000,308.000
100.000,387.000,323.000,314.000
105.000,395.000,310.000,319.000
111.000,398.000,304.000,306.000
97.000,386.000,318.000,331.000
89.000,390.000,331.000,316.000
87.000,383.000,326.000,315.000
95.000,389.000,314.000,316.000
92.000,376.000,313.000,327.000
88.000,366.000,318.000,331.000
83.000,365.000,326.000,330.000
83.172,377.299,350.642,321.381
89.000,362.000,322.000,325.000
87.000,343.000,317.000,328.000
90.000,344.000,317.000,332.000
91.000,335.000,326.000,338.000
94.000,323.000,316.000,336.000
88.000,319.000,324.000,332.000
95.000,336.000,317.000,324.000
99.000,334.000,331.000,333.000
99.000,335.000,326.000,345.000
115.000,344.000,314.000,345.000
122.000,369.000,311.000,334.000
130.000,394.000,321.000,322.000
139.000,412.000,313.000,303.000
139.000,425.000,327.000,300.000
140.000,432.000,351.000,283.000
155.000,419.000,348.000,296.000
181.000,396.000,328.000,319.000
186.000,373.000,329.000,326.000
203.000,353.000,321.000,310.000
226.000,342.000,333.000,318.000
239.000,336.000,326.000,297.000
255.000,304.000,328.000,350.000
274.000,294.000,317.000,344.000
291.000,304.000,309.000,326.000
309.000,309.000,300.000,303.000
315.000,296.000,298.000,313.000
327.000,285.000,298.000,323.000
333.000,297.000,306.000,320.000
346.000,297.000,294.000,309.000
346.000,294.000,298.000,306.000
354.000,295.000,288.000,301.000
345.828,306.557,315.041,319.611
347.473,302.447,333.402,325.427
344.757,298.117,337.341,326.453
340.253,309.092,344.667,319.293
334.094,314.610,341.213,321.510
332.582,318.915,344.336,318.294
332.185,325.280,344.602,318.175
330.909,326.366,343.205,321.835
349.000,322.000,298.000,310.000
341.983,334.045,329.064,327.501
338.615,346.028,338.690,325.089
352.000,347.000,298.000,308.000
346.123,358.459,326.390,319.691
346.000,364.000,299.000,313.000
346.000,366.000,301.000,314.000
359.000,393.000,282.000,294.000
348.000,384.000,296.000,319.000
343.000,407.000,302.000,306.000
351.000,421.000,290.000,294.000
345.000,435.000,300.000,284.000
337.000,447.000,307.000,276.000
345.000,456.000,293.000,259.000
345.000,473.000,307.000,248.000
341.000,477.000,307.000,248.000
344.000,488.000,297.000,229.000
345.000,504.000,300.000,228.000
336.000,500.000,309.000,212.000
334.000,509.000,311.000,199.000
337.000,522.000,309.000,141.000
342.000,540.000,299.000,178.000
341.591,526.484,303.731,180.522
336.435,531.313,309.447,170.741
335.796,532.166,304.846,169.993
333.935,533.619,312.162,168.128
333.875,537.744,310.182,165.247
338.321,540.632,304.561,162.075
333.790,541.085,307.850,163.557
333.942,543.757,301.760,162.164
331.623,544.394,304.082,162.797
328.299,545.122,307.492,163.974
327.195,543.421,313.046,165.424
324.299,540.760,317.901,167.875
325.091,538.751,320.637,168.269
327.315,539.616,317.756,166.968
324.634,538.438,317.722,165.712
325.115,532.827,316.328,169.353
325.638,530.549,315.237,168.488
322.728,526.463,310.255,173.210
318.827,521.417,312.523,181.565
319.204,519.428,316.054,178.092
321.321,517.249,312.378,173.967
320.749,511.944,310.864,174.777
319.587,505.445,311.817,171.734
330.793,495.753,287.169,176.139
327.093,495.631,290.058,181.190
325.618,484.996,284.018,187.802
329.262,476.152,293.204,200.397
321.646,471.095,299.603,202.524
323.195,467.294,301.366,203.121
324.485,454.443,295.744,240.415
326.404,455.384,311.808,239.237
324.198,444.724,312.077,242.994
322.235,436.777,311.357,256.453
322.000,411.000,292.000,286.000
327.055,412.265,306.860,294.903
320.578,402.723,310.688,298.264
309.547,384.951,322.886,300.834
315.239,368.355,319.455,313.208
308.193,351.739,336.330,308.008
324.000,349.000,285.000,286.000
311.402,337.646,321.992,306.138
315.835,308.487,313.819,313.599
308.403,280.195,322.975,341.888
309.083,286.217,326.329,331.191
299.694,271.309,329.136,316.484
305.761,252.831,334.427,323.185
295.334,238.063,335.999,318.779
296.038,223.710,334.859,317.585
296.994,219.600,340.961,309.510
284.595,208.754,340.251,309.499
283.441,204.346,349.263,313.491
276.042,202.157,355.561,313.441
272.441,202.240,366.159,313.498
265.558,212.211,357.681,312.110
261.662,216.794,368.142,305.213
259.664,221.106,372.226,303.437
257.554,224.547,366.634,306.922
305.000,219.000,297.000,306.000
294.698,239.748,325.671,305.116
276.607,235.617,347.958,310.069
306.000,242.000,289.000,293.000
297.133,255.116,319.552,297.946
289.443,254.507,329.887,307.513
300.000,257.000,296.000,300.000
287.735,267.813,326.887,310.656
303.000,276.000,284.000,286.000
294.781,289.526,308.862,302.279
292.836,295.108,323.487,308.533
287.291,304.552,320.278,301.391
281.452,309.781,324.320,306.713
284.718,314.861,327.397,315.844
284.847,313.373,329.670,333.239
293.375,324.245,329.128,330.685
292.911,341.305,324.045,320.193
293.600,347.581,318.976,322.853
297.000,346.000,290.000,298.000
295.553,355.189,316.313,314.057
296.000,358.000,285.000,297.000
291.800,365.774,322.401,310.081
299.000,360.000,280.000,298.000
289.000,364.000,291.000,298.000
294.348,374.213,331.788,311.770
291.000,364.000,295.000,293.000
290.000,363.000,292.000,292.000
295.000,363.000,283.000,296.000
297.000,362.000,284.000,297.000
298.000,357.000,275.000,289.000
296.000,356.000,289.000,292.000
299.220,356.804,316.389,302.737
300.000,349.000,289.000,293.000
306.000,332.000,293.000,301.000
306.000,325.000,288.000,294.000
305.000,312.000,294.000,301.000
303.000,301.000,295.000,297.000
306.384,301.791,325.197,310.904
311.642,295.837,316.753,305.334
312.067,287.115,320.830,300.010
315.431,270.597,322.338,307.571
324.024,260.521,316.393,314.160
323.781,257.345,322.560,306.501
330.781,245.504,322.653,301.961
334.797,240.341,317.578,306.755
342.663,240.919,312.147,307.903
350.481,235.740,326.955,306.776
355.181,231.328,323.091,316.769
361.000,236.000,274.000,280.000
359.128,246.209,305.924,307.015
369.000,250.000,272.000,282.000
375.000,253.000,268.000,298.000
373.000,264.000,276.000,299.000
372.000,265.000,271.000,286.000
367.562,292.938,290.858,307.363
366.854,295.993,313.343,297.270
359.327,314.317,310.801,300.378
367.000,306.000,270.000,278.000
360.808,323.791,298.537,303.826
361.125,323.325,306.087,297.644
356.914,326.601,308.051,296.369
358.753,332.702,303.739,293.356
357.644,338.299,299.739,294.649
356.455,334.439,306.365,289.378
352.654,340.231,303.201,287.754
353.716,341.348,306.774,286.202
348.566,345.045,302.602,287.196
347.421,344.714,304.623,293.017
345.660,348.506,304.680,290.992
346.265,343.614,304.538,296.266
346.398,347.128,308.857,296.095
342.781,356.187,308.590,288.446
339.276,356.419,306.340,289.273
349.354,362.779,301.277,287.845
338.203,361.176,308.141,289.659
343.635,360.007,307.378,284.611
337.453,368.705,312.001,286.674
341.661,351.850,312.780,299.673
343.173,375.689,302.675,294.709
334.899,372.855,300.967,292.403
343.101,369.902,300.981,291.142
341.728,369.573,298.757,291.913
340.929,368.714,308.689,294.396
342.155,371.528,315.583,294.589
353.000,371.000,265.000,279.000
347.058,381.158,279.984,283.126
359.000,369.000,247.000,260.000
346.412,383.936,274.301,278.068
354.000,362.000,250.000,263.000
346.992,376.937,277.175,280.872
340.212,373.117,282.355,273.378
342.926,367.172,287.268,275.332
338.090,372.058,286.984,271.314
348.000,352.000,258.000,268.000
344.427,368.121,287.007,285.333
346.000,357.000,260.000,263.000
350.000,356.000,255.000,268.000
346.003,366.956,278.810,284.453
359.000,349.000,243.000,271.000
343.839,366.949,275.621,276.709
346.770,356.481,288.174,284.815
345.172,356.373,294.204,292.842
347.780,356.431,289.557,281.511
350.000,360.000,252.000,256.000
356.000,351.000,247.000,263.000
355.060,368.887,261.792,268.492
353.350,361.919,270.591,269.650
351.783,360.484,279.323,272.028
353.665,361.401,275.129,274.595
350.961,356.340,275.028,280.743
351.742,359.411,281.611,281.342
353.319,356.238,287.140,279.135
350.964,352.842,285.140,289.037
352.846,357.443,287.330,285.071
356.125,361.172,282.133,278.707
360.000,359.000,252.000,261.000
358.645,369.423,269.737,269.862
355.297,360.969,278.421,271.404
359.841,365.820,278.004,272.615
357.786,367.431,269.601,264.588
360.000,353.000,251.000,275.000
362.925,364.505,271.451,280.241
379.000,363.000,227.000,262.000
366.000,364.000,248.000,257.000
361.000,365.000,253.000,249.000
372.000,374.000,238.000,246.000
367.788,379.507,264.308,266.262
367.971,375.073,264.959,260.190
363.307,380.639,271.716,270.551
367.434,378.019,271.417,266.227
361.373,382.177,270.057,265.564
366.188,379.540,272.182,264.453
361.996,385.857,273.838,261.806
363.718,381.779,275.947,264.782
379.000,380.000,239.000,257.000
389.000,388.000,226.000,253.000
369.040,391.560,263.910,263.357
373.465,390.746,267.019,259.910
383.000,387.000,234.000,254.000
379.000,389.000,239.000,247.000
387.000,381.000,230.000,265.000
381.000,385.000,240.000,260.000
373.000,391.000,248.000,249.000
379.000,405.000,241.000,241.000
375.000,391.000,243.000,252.000
377.000,397.000,242.000,250.000
374.000,398.000,243.000,245.000
374.000,401.000,246.000,246.000
376.000,401.000,239.000,250.000
382.000,403.000,239.000,257.000
380.000,401.000,237.000,250.000
381.000,402.000,242.000,258.000
376.000,397.000,246.000,256.000
380.000,395.000,240.000,254.000
382.000,395.000,239.000,246.000
383.000,390.000,245.000,248.000
379.000,384.000,247.000,251.000
374.000,378.000,249.000,261.000
383.000,370.000,236.000,245.000
387.000,357.000,234.000,261.000
379.000,345.000,247.000,261.000
374.000,336.000,250.000,253.000
384.000,334.000,239.000,245.000
384.000,320.000,238.000,242.000
377.000,308.000,253.000,250.000
376.000,306.000,253.000,252.000
377.000,307.000,251.000,243.000
382.000,296.000,242.000,250.000
380.000,288.000,244.000,252.000
383.372,299.551,254.539,263.571
383.548,295.175,262.469,254.402
377.808,291.330,270.319,264.560
381.000,293.000,245.000,246.000
386.000,290.000,240.000,253.000
387.000,280.000,234.000,255.000
381.000,287.000,244.000,258.000
383.000,301.000,244.000,249.000
388.000,296.000,243.000,267.000
389.000,311.000,239.000,243.000
390.000,308.000,234.000,258.000
378.000,316.000,251.000,253.000
384.000,331.000,244.000,245.000
389.000,333.000,242.000,256.000
382.000,324.000,249.000,257.000
387.000,340.000,247.000,262.000
398.000,348.000,231.000,254.000
397.000,366.000,233.000,242.000
396.000,360.000,232.000,258.000
388.000,367.000,244.000,243.000
391.000,366.000,245.000,268.000
400.000,367.000,233.000,268.000
395.000,393.000,235.000,240.000
393.000,393.000,239.000,254.000
391.000,391.000,238.000,252.000
391.000,403.000,240.000,246.000
400.000,405.000,229.000,251.000
393.000,405.000,239.000,254.000
391.000,410.000,245.000,252.000
394.000,419.000,237.000,242.000
394.000,425.000,236.000,240.000
388.000,422.000,242.000,248.000
386.392,434.345,258.428,260.775
394.000,420.000,232.000,255.000
391.000,430.000,236.000,255.000
382.063,440.808,263.670,266.063
374.738,432.755,295.190,269.608
372.100,438.439,294.580,271.760
368.497,436.895,295.654,270.055
371.234,438.456,296.596,270.346
364.536,437.855,301.637,267.961
364.504,437.884,300.888,269.689
365.172,438.378,302.798,268.790
367.132,438.280,303.369,270.671
365.508,436.327,307.186,269.821
367.214,436.006,306.268,273.280
367.265,438.044,306.422,271.418
365.701,439.331,309.363,269.495
365.156,439.479,311.363,269.153
367.174,440.280,308.294,270.194
394.000,444.000,234.000,240.000
398.000,447.000,228.000,239.000
389.000,453.000,238.000,229.000
380.565,449.624,255.346,249.425
392.000,450.000,229.000,234.000
394.000,445.000,233.000,242.000
381.217,455.299,253.750,235.825
374.878,447.231,264.992,249.410
369.122,453.348,274.827,252.080
384.000,445.000,234.000,244.000
389.000,451.000,233.000,244.000
372.430,455.359,260.182,249.720
367.984,454.239,271.775,250.607
356.340,454.214,288.485,248.183
393.000,456.000,217.000,234.000
391.000,449.000,219.000,251.000
373.000,460.000,236.000,232.000
384.000,463.000,225.000,234.000
390.000,464.000,216.000,231.000
380.000,455.000,218.000,234.000
379.000,466.000,223.000,231.000
375.000,459.000,224.000,227.000
380.000,462.000,214.000,231.000
376.000,467.000,225.000,231.000
373.000,473.000,223.000,221.000
374.000,468.000,221.000,231.000
375.000,469.000,219.000,227.000
371.000,467.000,224.000,238.000
373.000,467.000,220.000,230.000
373.000,473.000,213.000,229.000
368.000,469.000,220.000,234.000
366.000,476.000,224.000,222.000
365.000,480.000,221.000,223.000
368.000,474.000,218.000,231.000
361.000,471.000,223.000,233.000
371.000,486.000,213.000,224.000
372.000,481.000,214.000,222.000
368.000,486.000,220.000,222.000
378.000,488.000,216.000,229.000
379.000,485.000,223.000,228.000
386.000,487.000,220.000,228.000
390.000,484.000,214.000,226.000
394.000,496.000,214.000,219.000
398.000,490.000,217.000,225.000
406.000,498.000,221.000,223.000
414.000,494.000,226.000,221.000
411.054,497.188,255.506,207.130
422.651,492.702,242.416,211.060
432.223,490.547,241.219,221.869
431.059,485.390,253.918,227.743
440.062,478.161,268.101,234.269
440.334,467.754,265.048,236.602
441.355,456.956,275.700,243.437
446.861,447.946,278.250,250.807
447.859,436.673,284.172,251.225
451.766,424.156,289.830,255.262
456.729,415.652,288.735,257.266
456.580,410.979,289.574,257.565
476.000,405.000,229.000,236.000
473.680,405.166,255.413,234.826
465.462,397.830,262.215,236.565
466.390,392.515,266.743,239.395
469.940,387.144,257.351,263.604
473.730,381.473,260.436,255.733
471.616,394.862,258.898,245.501
463.495,400.259,255.356,237.610
460.348,399.484,257.657,239.896
457.850,402.864,259.637,242.344
455.559,401.882,262.596,244.108
454.971,402.452,267.837,241.232
452.306,408.939,267.263,243.243
448.722,404.683,266.864,250.291
448.519,411.299,263.995,251.083
446.813,413.385,263.645,249.797
447.271,416.472,264.493,247.297
443.088,420.196,267.434,246.691
439.621,424.279,266.354,242.299
439.681,425.371,265.326,243.764
462.000,426.000,214.000,229.000
465.000,430.000,212.000,230.000
456.000,431.000,223.000,225.000
458.000,434.000,215.000,225.000
459.000,441.000,214.000,220.000
451.000,447.000,222.000,220.000
455.000,447.000,214.000,223.000
463.000,446.000,204.000,228.000
459.000,451.000,208.000,222.000
460.000,457.000,206.000,211.000
458.000,460.000,204.000,214.000
453.000,466.000,208.000,214.000
452.000,457.000,210.000,224.000
450.000,466.000,213.000,227.000
446.000,476.000,219.000,214.000
446.000,477.000,217.000,221.000
451.000,471.000,208.000,229.000
451.000,485.000,207.000,215.000
439.000,481.000,218.000,216.000
441.000,490.000,215.000,210.000
444.000,489.000,208.000,216.000
447.000,497.000,202.000,220.000
438.000,493.000,218.000,221.000
440.000,506.000,216.000,209.000
436.000,500.000,220.000,218.000
433.000,507.000,224.000,210.000
430.000,509.000,224.000,207.000
433.000,510.000,230.000,206.000
429.000,504.000,226.000,213.000
438.000,503.000,212.000,211.000
438.000,496.000,211.000,219.000
437.000,486.000,219.000,233.000
434.649,491.244,241.415,220.477
440.000,473.000,213.000,228.000
441.000,465.000,208.000,228.000
434.000,466.000,229.000,234.000
429.000,461.000,234.000,228.000
434.000,455.000,222.000,226.000
435.000,450.000,221.000,226.000
437.000,441.000,222.000,234.000
439.000,428.000,222.000,241.000
439.000,426.000,224.000,251.000
442.000,417.000,219.000,255.000
438.000,420.000,215.000,225.000
433.000,415.000,228.000,234.000
431.000,397.000,229.000,243.000
426.000,395.000,234.000,240.000
430.000,389.000,230.000,252.000
422.000,379.000,231.000,238.000
420.000,374.000,231.000,235.000
419.000,369.000,224.000,230.000
410.000,352.000,232.000,249.000
404.089,351.653,246.042,238.640
403.000,331.000,227.000,241.000
398.000,329.000,219.000,223.000
391.000,309.000,213.000,243.000
379.000,299.000,229.000,245.000
365.000,283.000,233.000,245.000
368.000,285.000,218.000,235.000
346.000,270.000,230.000,236.000
338.000,263.000,226.000,236.000
317.000,262.000,240.000,222.000
300.000,265.000,229.000,222.000
294.000,273.000,227.000,220.000
264.837,282.138,249.453,215.762
267.384,282.020,246.559,225.303
242.000,299.000,231.000,216.000
227.000,313.000,227.000,226.000
217.000,318.000,208.000,236.000
180.000,336.000,248.000,228.000
168.000,353.000,227.000,221.000
152.000,368.000,231.000,222.000
134.000,383.000,224.000,218.000
134.000,396.000,215.000,221.000
121.000,398.000,211.000,228.000
105.000,412.000,225.000,216.000
98.000,414.000,218.000,219.000
98.000,430.000,216.000,207.000
97.000,426.000,204.000,223.000
92.000,424.000,215.000,225.000
89.000,418.000,215.000,223.000
91.000,426.000,225.000,228.000
95.000,422.000,227.000,228.000
101.000,426.000,215.000,216.000
97.000,416.000,242.000,221.000
113.000,415.000,225.000,221.000
125.000,397.000,228.000,231.000
129.000,398.000,265.000,226.000
150.000,387.000,228.000,226.000
164.000,381.000,244.000,221.000
179.000,370.000,234.000,222.000
192.000,362.000,254.000,229.000
213.000,348.000,233.000,238.000
242.000,350.000,233.000,231.000
266.000,351.000,221.000,223.000
272.000,350.000,264.000,203.000
284.045,332.937,259.106,211.260
321.000,337.000,240.000,210.000
349.000,321.000,262.000,223.000
366.000,306.000,264.000,234.000
405.000,303.000,245.000,218.000
434.000,298.000,237.000,216.000
447.000,280.000,259.000,242.000
473.000,287.000,241.000,227.000
501.000,283.000,217.000,241.000
516.000,274.000,225.000,243.000
523.000,277.000,234.000,231.000
535.000,278.000,239.000,223.000
543.423,259.191,244.242,233.509
557.173,272.655,245.665,235.849
563.131,262.181,259.183,222.098
570.603,261.919,273.543,209.241
584.000,265.000,232.000,220.000
586.000,268.000,252.000,209.000
590.000,262.000,240.000,231.000
599.000,263.000,226.000,226.000
596.000,256.000,240.000,226.000
599.000,260.000,233.000,217.000
599.000,257.000,221.000,216.000
601.000,263.000,217.000,215.000
595.000,254.000,230.000,224.000
598.000,260.000,217.000,213.000
594.000,254.000,224.000,224.000
589.000,257.000,224.000,215.000
585.000,258.000,228.000,224.000
592.000,265.000,214.000,215.000
579.000,265.000,214.000,212.000
568.000,262.000,224.000,222.000
582.111,266.956,233.059,212.382
561.000,271.000,213.000,211.000
552.000,276.000,207.000,202.000
540.000,281.000,214.000,211.000
530.000,287.000,222.000,207.000
525.000,292.000,213.000,210.000
503.000,290.000,249.000,227.000
503.000,303.000,221.000,221.000
491.000,291.000,253.000,245.000
466.000,309.000,254.000,213.000
463.000,314.000,256.000,220.000
455.000,328.000,243.000,216.000
445.000,339.000,240.000,202.000
436.000,339.000,229.000,214.000
428.000,349.000,228.000,209.000
420.000,343.000,217.000,215.000
403.000,351.000,238.000,208.000
394.000,356.000,238.000,209.000
382.000,350.000,247.000,208.000
368.000,354.000,230.000,209.000
362.000,333.000,238.000,244.000
359.000,354.000,227.000,202.000
345.000,349.000,215.000,205.000
338.000,352.000,211.000,198.000
326.000,341.000,207.000,204.000
312.000,342.000,212.000,207.000
297.000,334.000,226.000,202.000
294.000,324.000,216.000,201.000
281.000,311.000,223.000,212.000
274.000,311.000,213.000,203.000
261.000,306.000,222.000,202.000
253.000,315.000,210.000,200.000
243.435,299.558,228.981,216.834
233.000,312.000,217.000,200.000
218.000,315.000,205.000,203.000
210.000,323.000,206.000,198.000
197.000,322.000,219.000,201.000
198.176,330.048,227.325,198.417
180.000,338.000,203.000,201.000
167.000,344.000,205.000,206.000
154.000,348.000,215.000,209.000
142.000,358.000,216.000,199.000
138.000,367.000,198.000,206.000
131.000,363.000,224.000,211.000
123.734,368.673,236.105,198.425
120.000,375.000,207.000,209.000
117.000,378.000,206.000,210.000
115.123,380.615,217.432,203.317
108.354,376.384,226.163,205.002
105.830,378.859,232.327,206.830
102.117,374.902,239.308,206.077
102.873,377.361,244.969,206.701
124.000,370.000,203.000,204.000
125.000,363.000,205.000,210.000
127.000,366.000,215.000,205.000
139.000,362.000,216.000,203.000
147.000,352.000,207.000,203.000
160.000,340.000,207.000,214.000
170.000,337.000,200.000,206.000
179.000,336.000,216.000,203.000
195.000,324.000,208.000,213.000
205.000,316.000,217.000,215.000
228.000,319.000,223.000,202.000
246.000,314.000,217.000,202.000
264.747,308.544,232.852,217.532
285.000,299.000,216.000,207.000
311.000,292.000,243.000,212.000
329.000,290.000,232.000,202.000
356.000,297.000,233.000,193.000
384.000,286.000,209.000,202.000
408.000,290.000,223.000,204.000
424.000,289.000,213.000,206.000
436.000,293.000,219.000,202.000
451.000,293.000,211.000,216.000
460.000,299.000,221.000,219.000
476.000,308.000,210.000,222.000
484.000,317.000,223.000,212.000
491.000,332.000,211.000,203.000
496.000,341.000,210.000,208.000
501.000,350.000,200.000,207.000
503.000,354.000,200.000,209.000
494.000,359.000,200.000,207.000
490.000,364.000,202.000,206.000
496.000,371.000,199.000,209.000
492.000,372.000,196.000,207.000
488.000,375.000,203.000,214.000
487.000,376.000,201.000,208.000
486.000,380.000,203.000,207.000
489.000,381.000,193.000,206.000
488.000,377.000,200.000,212.000
474.000,373.000,209.000,205.000
481.000,376.000,201.000,211.000
476.000,368.000,206.000,215.000
472.000,366.000,209.000,215.000
473.000,366.000,202.000,209.000
469.000,369.000,217.000,209.000
465.828,376.073,224.748,204.548
461.360,370.061,228.425,211.495
461.905,369.300,227.484,225.696
459.765,367.795,230.109,220.843
457.920,365.456,231.533,222.452
453.103,360.254,236.477,219.732
452.621,360.981,241.676,222.301
448.831,357.739,233.218,230.003
450.046,363.101,242.372,223.303
447.382,356.528,235.755,230.172
447.347,359.683,239.600,227.621
447.871,349.133,236.815,237.024
445.636,348.799,246.178,238.545
445.698,353.400,242.758,228.030
447.171,346.805,235.965,237.102
446.502,347.566,243.808,236.684
437.620,348.825,244.185,226.069
445.429,348.295,240.447,232.809
439.827,346.980,242.179,224.996
443.356,344.758,239.395,226.556
437.530,346.534,241.312,221.594
446.457,347.996,237.140,222.611
441.884,345.081,236.779,218.669
450.380,340.862,239.317,230.008
444.769,339.213,239.595,219.788
449.838,343.199,240.285,220.573
442.818,340.638,237.145,219.896
443.920,334.902,240.146,223.430
443.018,335.322,238.189,216.040
445.104,331.682,232.370,216.054
440.891,327.379,240.915,209.826
440.088,325.004,242.297,210.328
442.706,319.626,229.838,209.464
448.258,311.104,227.941,215.241
460.000,299.000,189.000,207.000
459.000,298.000,193.000,208.000
462.000,294.000,194.000,205.000
456.000,286.000,201.000,203.000
458.000,276.000,197.000,209.000
465.000,268.000,195.000,210.000
464.000,259.000,188.000,199.000
466.000,249.000,184.000,202.000
461.000,246.000,197.000,208.000
465.000,242.000,196.000,208.000
469.000,244.000,194.000,218.000
473.000,245.000,192.000,214.000
463.000,253.000,195.000,205.000
462.000,262.000,200.000,214.000
466.000,269.000,204.000,214.000
467.000,285.000,197.000,205.000
460.000,295.000,201.000,200.000
470.000,304.000,193.000,204.000
473.000,311.000,183.000,201.000
469.000,322.000,194.000,199.000
467.000,324.000,199.000,202.000
468.000,329.000,192.000,204.000
469.000,343.000,193.000,194.000
472.000,346.000,188.000,202.000
470.000,351.000,185.000,196.000
467.000,353.000,190.000,204.000
465.000,355.000,188.000,205.000
461.000,364.000,188.000,193.000
460.000,365.000,192.000,200.000
457.000,370.000,193.000,198.000
458.781,380.190,201.812,194.684
455.000,371.000,188.000,197.000
456.467,378.856,206.952,203.680
451.270,378.111,214.260,213.101
447.295,381.050,214.304,213.436
445.336,378.699,209.354,206.930
439.689,385.946,210.945,203.970
433.196,389.225,212.373,202.441
428.750,393.203,207.229,202.397
425.921,394.476,209.819,201.213
422.902,399.285,207.528,200.260
420.637,400.086,207.723,200.554
416.028,401.366,208.078,200.763
413.523,404.061,212.307,200.484
405.200,404.418,212.130,202.421
398.982,406.785,213.056,204.848
392.446,407.320,212.465,205.685
389.334,411.390,212.993,203.217
380.631,410.005,220.632,201.212
373.666,418.688,222.066,198.419
366.528,418.490,214.859,202.005
360.484,427.666,214.557,200.904
355.968,428.652,212.046,199.797
349.983,436.945,212.543,200.006
340.095,437.777,210.516,201.362
337.753,447.255,215.204,197.952
329.181,441.460,213.699,201.652
321.872,449.236,221.799,213.308
304.677,444.395,222.767,240.966
294.267,449.266,244.547,224.489
298.000,465.000,193.000,191.000
293.852,461.166,207.272,213.282
291.451,465.167,200.131,211.102
287.000,464.000,183.000,197.000
276.000,466.000,188.000,192.000
282.000,463.000,185.000,196.000
271.899,463.665,218.718,199.292
273.000,445.000,194.000,218.000
269.000,436.000,201.000,199.000
274.000,435.000,207.000,193.000
279.000,429.000,191.000,186.000
289.000,422.000,186.000,195.000
292.000,412.000,188.000,196.000
293.237,406.471,204.574,200.012
298.458,394.924,209.803,199.055
301.566,387.218,218.612,202.968
313.164,381.541,223.864,203.932
315.354,365.981,223.572,196.064
325.455,361.060,219.755,198.757
356.000,360.000,181.000,187.000
357.000,351.000,194.000,196.000
357.000,341.000,193.000,195.000
362.169,346.623,211.268,199.324
374.000,340.000,194.000,195.000
378.000,343.000,193.000,195.000
380.221,340.982,207.514,207.884
382.245,343.877,217.039,195.734
381.809,346.760,219.495,200.166
403.000,350.000,185.000,195.000
393.071,363.043,209.454,195.835
388.077,365.273,222.871,195.067
392.230,373.605,221.599,204.381
393.876,385.770,220.227,203.693
406.000,394.000,191.000,193.000
407.590,408.096,200.769,200.649
416.860,407.600,204.396,217.036
414.327,423.206,204.469,225.811
416.374,441.655,207.769,213.338
416.557,454.938,211.060,210.777
430.000,454.000,182.000,215.000
428.508,471.404,198.647,215.894
424.000,465.000,210.000,197.000
430.000,462.000,196.000,203.000
439.000,452.000,194.000,215.000
445.000,451.000,187.000,205.000
442.000,444.000,191.000,206.000
443.000,439.000,195.000,200.000
444.000,430.000,205.000,211.000
444.000,420.000,205.000,213.000
446.000,417.000,202.000,211.000
451.000,410.000,208.000,228.000
450.000,406.000,203.000,219.000
448.000,401.000,206.000,214.000
443.000,392.000,215.000,213.000
441.000,381.000,215.000,224.000
445.000,376.000,210.000,225.000
443.000,367.000,206.000,224.000
439.000,357.000,211.000,222.000
435.000,351.000,218.000,236.000
431.000,343.000,224.000,233.000
412.000,333.000,242.000,226.000
416.000,341.000,223.000,220.000
413.000,326.000,217.000,220.000
408.000,316.000,218.000,231.000
404.000,306.000,226.000,237.000
394.000,289.000,241.000,231.000
379.375,279.405,253.162,220.140
389.000,251.000,221.000,244.000
387.000,238.000,221.000,243.000
380.000,227.000,231.000,232.000
369.000,208.000,230.000,228.000
377.000,198.000,218.000,245.000
368.000,191.000,228.000,233.000
364.000,183.000,226.000,245.000
350.000,179.000,242.000,240.000
354.000,190.000,240.000,230.000
347.000,188.000,236.000,227.000
357.000,195.000,219.000,246.000
335.000,195.000,243.000,251.000
337.000,215.000,247.000,233.000
338.000,224.000,232.000,241.000
334.000,234.000,248.000,245.000
325.000,251.000,253.000,229.000
319.000,261.000,266.000,225.000
316.000,266.000,258.000,236.000
330.000,281.000,233.000,228.000
324.000,288.000,244.000,233.000
327.000,298.000,226.000,232.000
329.000,311.000,237.000,227.000
322.000,320.000,230.000,227.000
333.000,329.000,225.000,228.000
320.000,332.000,231.000,224.000
313.000,346.000,253.000,217.000
330.000,354.000,222.000,234.000
328.000,364.000,244.000,223.000
319.000,375.000,260.000,220.000
317.000,375.000,245.000,225.000
338.000,393.000,219.000,220.000
329.646,398.267,235.128,219.888
328.458,405.897,240.024,226.079
345.000,415.000,210.000,232.000
342.000,414.000,226.000,238.000
339.000,426.000,221.000,227.000
336.000,440.000,231.000,217.000
338.750,446.617,243.456,231.554
340.530,445.247,251.389,236.358
346.949,456.193,243.237,239.447
339.921,464.722,255.614,234.329
338.754,464.848,261.846,227.244
344.000,471.000,223.000,222.000
342.000,471.000,225.000,221.000
340.747,474.275,239.538,226.453
339.865,472.528,252.700,221.941
334.987,471.529,249.444,225.986
347.000,471.000,225.000,223.000
343.781,472.311,242.308,223.370
343.913,466.996,254.839,226.612
358.000,454.000,214.000,232.000
351.607,453.506,254.647,245.221
359.000,457.000,219.000,216.000
356.399,453.069,236.996,219.077
356.564,445.041,232.600,220.333
355.873,432.949,243.262,230.986
356.317,423.301,250.191,230.477
350.344,401.798,248.570,245.373
363.432,402.906,240.612,254.506
360.534,390.979,245.971,232.834
359.543,379.706,236.374,219.687
362.633,367.801,243.844,238.260
365.834,362.378,245.725,226.770
370.000,349.000,228.000,211.000
376.000,344.000,213.000,208.000
376.000,331.000,217.000,217.000
377.795,321.515,228.437,231.955
376.297,312.249,227.489,225.752
374.252,308.684,234.459,218.258
376.887,309.984,236.014,212.587
373.069,305.617,236.967,213.673
373.711,304.792,234.203,214.436
374.842,306.955,230.978,218.606
375.939,314.843,230.480,217.802
376.557,316.137,230.285,219.641
381.533,315.716,229.696,232.329
386.630,322.542,232.429,239.070
383.415,342.427,232.106,224.262
382.743,351.251,227.479,220.980
385.792,355.390,231.138,221.714
385.480,360.067,227.333,222.575
387.498,364.175,229.437,223.913
388.234,364.525,228.150,222.544
389.845,370.003,229.383,224.175
391.253,364.394,229.994,225.475
389.006,367.612,233.640,227.163
390.479,361.944,235.614,229.554
391.781,366.174,239.497,230.818
392.250,361.095,236.962,232.903
396.600,361.491,238.815,232.894
393.838,362.311,239.285,230.748
395.143,359.188,246.536,229.706
395.602,363.250,250.515,230.057
394.782,371.935,246.388,229.377
401.393,368.828,246.837,232.792
409.447,379.076,237.461,229.594
406.203,382.325,234.449,226.982
404.664,389.778,240.189,231.126
412.020,390.644,239.860,233.769
411.412,389.549,244.025,258.261
414.346,392.364,247.202,271.456
420.000,413.000,208.000,225.000
420.368,430.608,226.987,230.216
422.545,440.710,227.139,227.128
422.527,442.335,229.471,225.009
420.164,448.937,233.514,224.834
419.234,453.062,239.319,218.369
419.497,454.603,238.027,222.551
423.069,458.501,236.628,231.820
421.715,464.718,244.581,227.327
423.997,467.864,249.253,225.040
424.206,469.913,245.040,228.350
441.000,475.000,206.000,211.000
430.428,480.187,232.835,214.009
430.112,480.274,238.739,219.554
431.923,484.536,241.404,218.609
430.206,484.147,247.446,220.043
446.000,477.000,208.000,219.000
440.163,488.227,229.106,222.561
439.145,484.715,237.053,219.221
440.013,487.942,239.401,218.847
438.155,486.273,241.958,219.924
437.758,485.076,241.720,221.266
438.366,483.456,245.081,220.952
445.964,475.847,238.959,228.254
445.430,472.279,244.979,226.691
443.100,483.114,241.063,224.217
459.000,482.000,212.000,213.000
447.233,485.270,232.667,211.492
465.000,478.000,203.000,209.000
461.000,470.000,209.000,221.000
461.000,470.000,212.000,217.000
466.000,465.000,205.000,223.000
470.000,462.000,199.000,214.000
470.000,460.000,207.000,216.000
465.000,453.000,216.000,219.000
479.000,454.000,199.000,222.000
472.000,444.000,206.000,221.000
469.000,444.000,213.000,223.000
468.000,434.000,219.000,223.000
478.000,429.000,204.000,217.000
489.000,423.000,190.000,228.000
482.000,427.000,199.000,204.000
479.000,420.000,204.000,209.000
478.000,421.000,210.000,211.000
486.000,412.000,196.000,218.000
480.000,404.000,211.000,231.000
479.000,408.000,214.000,220.000
477.000,418.000,220.000,211.000
477.000,406.000,216.000,216.000
484.000,414.000,206.000,211.000
483.000,416.000,211.000,211.000
485.000,414.000,207.000,216.000
484.000,413.000,214.000,217.000
486.000,413.000,208.000,227.000
488.000,418.000,209.000,227.000
486.000,418.000,205.000,218.000
488.000,430.000,204.000,209.000
483.000,429.000,208.000,212.000
480.839,440.551,223.020,220.023
484.000,426.000,205.000,215.000
478.398,437.658,228.698,229.471
485.000,432.000,208.000,217.000
478.990,443.020,229.703,223.655
482.000,434.000,208.000,209.000
484.000,435.000,212.000,224.000
481.000,437.000,214.000,218.000
482.000,443.000,215.000,216.000
475.000,432.000,216.000,225.000
469.000,442.000,226.000,220.000
472.000,448.000,217.000,218.000
479.000,444.000,204.000,222.000
479.000,444.000,201.000,215.000
478.000,457.000,202.000,207.000
477.000,451.000,201.000,212.000
476.000,453.000,204.000,216.000
469.000,448.000,207.000,217.000
471.000,458.000,209.000,211.000
472.000,457.000,204.000,214.000
469.000,459.000,205.000,214.000
470.000,454.000,204.000,220.000
469.000,460.000,204.000,218.000
463.000,465.000,210.000,211.000
460.000,466.000,209.000,216.000
466.000,471.000,207.000,219.000
462.000,468.000,209.000,224.000
456.000,477.000,216.000,208.000
461.000,470.000,206.000,223.000
456.000,473.000,209.000,221.000
461.000,480.000,200.000,214.000
464.000,482.000,195.000,217.000
451.255,493.969,228.131,212.833
456.000,488.000,202.000,217.000
455.000,489.000,208.000,218.000
451.000,488.000,211.000,210.000
452.000,501.000,208.000,210.000
453.000,496.000,207.000,213.000
453.000,514.000,201.000,195.000
452.000,510.000,203.000,204.000
446.000,510.000,209.000,202.000
454.000,521.000,199.000,200.000
453.000,519.000,195.000,199.000
451.000,531.000,201.000,185.000
447.000,533.000,206.000,180.000
446.000,535.000,210.000,184.000
444.000,535.000,214.000,183.000
449.000,542.000,213.000,180.000
449.000,543.000,215.000,186.000
446.000,548.000,215.000,172.000
444.000,551.000,222.000,177.000
442.000,552.000,222.000,183.000
439.000,551.000,224.000,177.000
440.000,550.000,226.000,171.000
453.000,556.000,204.000,176.000
445.000,559.000,223.000,165.000
454.000,561.000,202.000,124.000
442.000,568.000,221.000,100.000
453.000,590.000,208.000,130.000
450.000,561.000,210.000,162.000
441.000,547.000,226.000,177.000
441.000,546.000,216.000,182.000
435.000,541.000,233.000,179.000
438.000,539.000,224.000,176.000
442.312,535.912,218.410,165.446
437.757,525.555,222.218,159.144
435.567,519.070,236.259,156.699
448.000,519.000,208.000,196.000
441.000,511.000,211.000,201.000
441.000,508.000,206.000,203.000
434.000,495.000,222.000,216.000
429.000,495.000,222.000,207.000
436.000,492.000,210.000,207.000
438.000,491.000,207.000,203.000
438.000,488.000,208.000,205.000
433.000,480.000,212.000,207.000
437.000,476.000,207.000,214.000
432.000,462.000,208.000,219.000
438.000,461.000,201.000,215.000
434.000,450.000,206.000,218.000
429.000,451.000,211.000,212.000
430.000,442.000,207.000,215.000
437.000,438.000,198.000,213.000
434.000,436.000,199.000,205.000
435.000,425.000,193.000,213.000
430.000,425.000,201.000,211.000
423.000,422.000,209.000,205.000
431.000,421.000,202.000,206.000
427.000,410.000,201.000,208.000
430.000,408.000,193.000,203.000
431.000,406.000,189.000,204.000
427.000,406.000,194.000,203.000
421.000,403.000,200.000,205.000
420.000,398.000,202.000,199.000
425.000,396.000,195.000,201.000
429.000,391.000,189.000,208.000
436.571,385.568,195.869,212.543
424.414,392.036,200.516,205.721
423.000,383.000,192.000,201.000
425.000,390.000,189.000,197.000
422.000,382.000,192.000,201.000
424.000,382.000,186.000,199.000
423.000,380.000,189.000,206.000
419.000,380.000,188.000,200.000
414.000,381.000,195.000,196.000
412.750,387.132,206.185,204.524
408.000,384.000,201.000,197.000
413.000,381.000,194.000,197.000
408.000,381.000,199.000,202.000
409.000,380.000,197.000,205.000
408.000,380.000,194.000,199.000
401.000,385.000,199.000,193.000
407.000,383.000,189.000,200.000
410.000,382.000,183.000,200.000
400.000,379.000,194.000,206.000
405.000,382.000,188.000,201.000
399.000,381.000,190.000,203.000
401.000,387.000,191.000,196.000
396.000,382.000,191.000,207.000
395.000,380.000,189.000,204.000
387.000,380.000,194.000,207.000
388.000,392.000,194.000,199.000
386.000,390.000,197.000,199.000
390.000,391.000,189.000,199.000
381.000,386.000,198.000,205.000
373.000,384.000,204.000,204.000
385.000,392.000,189.000,206.000
380.000,389.000,190.000,203.000
373.769,399.654,208.708,202.390
377.000,393.000,192.000,206.000
377.000,389.000,188.000,208.000
373.000,391.000,191.000,210.000
370.000,401.000,196.000,203.000
373.000,396.000,190.000,207.000
365.000,401.000,195.000,201.000
365.000,404.000,198.000,201.000
369.000,410.000,191.000,200.000
361.000,402.000,198.000,209.000
361.000,409.000,205.000,207.000
367.000,403.000,187.000,207.000
363.000,406.000,192.000,211.000
361.000,406.000,192.000,210.000
362.000,408.000,197.000,217.000
353.000,408.000,203.000,210.000
359.000,417.000,195.000,206.000
361.000,418.000,198.000,210.000
358.000,412.000,201.000,217.000
357.000,412.000,193.000,212.000
356.000,416.000,196.000,215.000
352.000,418.000,202.000,215.000
358.000,418.000,188.000,206.000
348.000,419.000,201.000,214.000
351.000,426.000,203.000,212.000
353.000,426.000,196.000,213.000
349.000,424.000,200.000,213.000
356.000,431.000,192.000,210.000
346.000,431.000,214.000,210.000
352.000,434.000,200.000,207.000
348.000,425.000,209.000,215.000
343.000,433.000,204.000,205.000
350.990,438.018,225.309,220.555
349.050,435.730,225.896,213.500
349.000,434.000,204.000,212.000
350.624,435.896,226.248,223.584
350.680,443.205,224.651,219.022
347.097,441.293,223.626,216.354
347.926,448.639,222.019,215.134
352.535,443.610,223.876,219.610
354.575,446.008,227.418,217.362
352.005,443.010,225.292,219.931
357.460,442.267,230.098,227.943
363.815,445.169,231.956,223.932
361.292,448.211,225.406,219.042
363.450,452.239,223.631,215.620
365.206,449.706,226.916,216.564
369.802,447.194,228.749,226.145
364.795,451.608,229.732,216.813
365.179,452.181,222.021,216.432
362.311,453.742,221.540,220.693
366.766,452.687,221.643,221.635
368.522,454.422,223.744,218.978
369.178,453.115,225.380,221.602
371.819,454.948,222.643,221.144
378.823,452.668,227.075,224.228
380.015,452.780,232.966,221.426
376.110,452.947,235.244,213.845
372.067,452.065,232.321,220.061
381.396,447.481,229.459,230.365
384.000,453.000,209.000,209.000
390.657,451.559,230.842,216.326
392.000,458.000,204.000,201.000
386.913,457.973,221.438,210.879
385.038,456.636,221.657,214.020
387.608,461.875,226.394,214.287
384.976,452.983,228.575,208.754
387.826,457.454,232.555,216.334
388.609,457.832,225.673,212.684
387.486,461.483,225.091,211.305
390.714,463.377,222.877,210.839
392.674,466.667,223.200,210.467
392.325,467.781,221.563,208.805
394.152,471.277,219.886,208.001
396.895,472.881,219.377,207.406
396.815,476.769,219.464,207.806
399.649,479.647,219.138,209.127
404.490,474.523,225.501,224.653
407.054,474.204,237.497,230.677
402.273,478.548,242.175,218.695
394.712,488.227,244.365,217.743
400.823,490.895,235.911,223.589
399.182,496.673,235.965,217.460
393.659,497.341,238.490,212.153
391.506,500.816,236.417,208.639
393.410,500.347,227.480,207.658
395.316,501.018,228.280,210.911
398.469,495.092,237.018,216.902
397.000,491.834,249.296,219.585
390.267,490.912,245.292,217.504
394.131,485.287,236.381,219.976
393.007,486.923,234.069,216.533
398.016,482.950,241.105,210.049
395.430,483.828,247.490,210.411
396.187,472.006,241.365,225.121
404.415,480.173,236.159,216.768
402.000,476.000,207.000,213.000
402.000,472.000,205.000,213.000
405.000,475.000,203.000,211.000
402.000,473.000,206.000,206.000
407.000,466.000,203.000,208.000
400.251,466.950,219.297,209.176
400.401,461.639,221.864,216.360
401.998,455.047,230.664,221.017
396.017,455.191,236.574,220.659
396.809,447.146,233.860,231.231
399.701,447.621,244.990,229.715
398.000,452.000,216.000,211.000
396.197,441.234,234.561,250.219
400.000,444.000,216.000,209.000
401.000,444.000,215.000,203.000
395.000,438.000,226.000,206.000
378.391,439.449,240.120,207.391
379.845,426.722,235.548,212.076
389.000,425.000,208.000,215.000
392.193,432.070,223.781,207.544
389.000,427.000,205.000,211.000
387.000,418.000,215.000,212.000
377.000,413.000,214.000,212.000
378.000,418.000,204.000,207.000
370.451,417.232,219.433,209.247
363.000,410.000,214.000,207.000
364.000,406.000,205.000,217.000
359.000,407.000,204.000,213.000
350.407,407.950,224.198,214.577
341.891,398.684,233.634,220.346
341.000,392.000,218.000,219.000
321.963,397.892,244.578,209.456
328.000,397.000,234.000,209.000
309.504,399.514,250.091,203.615
329.000,392.000,202.000,211.000
320.000,386.000,222.000,217.000
312.000,399.000,231.000,195.000
309.000,387.000,208.000,213.000
310.000,387.000,201.000,215.000
307.000,385.000,201.000,218.000
300.000,381.000,202.000,219.000
292.000,385.000,206.000,213.000
291.000,379.000,201.000,219.000
285.000,384.000,205.000,214.000
280.000,384.000,209.000,211.000
281.000,383.000,203.000,213.000
276.000,378.000,201.000,217.000
272.000,379.000,204.000,218.000
266.000,379.000,208.000,218.000
263.000,384.000,206.000,212.000
269.000,381.000,200.000,217.000
252.000,378.000,216.000,218.000
252.000,383.000,215.000,220.000
257.000,382.000,203.000,219.000
246.000,382.000,216.000,212.000
246.000,389.000,218.000,212.000
246.000,392.000,207.000,208.000
241.000,386.000,211.000,213.000
240.000,381.000,212.000,220.000
236.000,388.000,219.000,213.000
233.000,388.000,210.000,213.000
232.000,380.000,212.000,224.000
235.000,386.000,210.000,229.000
237.000,383.000,206.000,236.000
227.738,396.970,217.393,229.727
231.429,394.784,214.258,218.054
225.640,396.671,220.161,223.680
223.914,393.440,222.247,224.277
222.208,391.071,223.608,226.751
221.348,386.708,230.259,227.365
214.324,379.525,231.875,225.784
214.256,375.916,232.877,225.320
210.018,368.835,235.274,224.547
208.141,358.996,235.643,232.197
205.881,350.135,247.269,234.077
205.482,339.315,246.616,225.655
206.434,334.124,238.847,229.403
206.866,326.208,240.329,227.404
208.898,317.320,239.112,232.250
208.641,312.871,241.236,232.675
208.509,306.626,242.426,233.090
209.050,309.676,241.593,229.885
208.395,303.690,242.646,231.792
206.321,305.533,244.740,231.067
207.643,306.241,247.897,229.562
206.924,310.646,246.585,233.130
209.142,315.609,243.542,231.730
208.144,321.623,242.474,233.007
209.853,325.062,246.324,233.196
212.025,331.245,243.166,233.796
213.138,337.535,242.163,236.232
211.624,343.435,243.474,236.777
212.825,346.032,245.337,236.976
215.170,350.763,244.126,238.083
214.851,354.897,248.320,238.392
217.997,361.642,249.646,238.081
218.000,365.000,225.000,225.000
224.000,366.000,217.000,231.000
221.000,370.000,225.000,229.000
225.000,375.000,221.000,233.000
221.000,378.000,227.000,237.000
221.254,394.117,241.534,240.262
222.504,395.467,249.173,238.779
225.591,391.154,252.894,250.161
225.833,391.436,252.627,264.809
227.848,405.750,246.597,254.978
230.000,403.000,221.000,233.000
234.000,412.000,220.000,227.000
230.835,424.885,238.916,237.862
228.952,420.696,243.319,239.808
236.000,418.000,225.000,240.000
232.116,420.920,240.252,245.357
226.287,423.551,246.972,242.137
227.978,421.636,248.831,244.562
227.632,423.716,253.980,245.798
229.273,424.647,260.540,241.479
230.112,424.907,263.341,237.241
231.732,425.923,265.425,240.811
231.115,423.506,265.886,247.847
231.735,419.864,265.276,251.805
234.687,415.939,268.013,257.425
234.696,415.530,272.689,258.969
234.403,413.683,277.706,260.562
247.000,413.000,219.000,243.000
239.000,414.783,234.744,245.723
238.509,409.245,248.238,242.795
241.468,404.231,260.088,235.626
243.945,387.316,271.451,247.782
244.182,402.326,267.616,245.749
240.079,386.456,260.246,242.375
244.070,380.366,257.917,251.971
246.774,372.028,266.340,248.021
243.744,370.888,277.293,236.692
242.481,356.195,274.146,244.619
242.823,359.736,273.226,248.328
242.848,350.706,260.623,248.612
245.212,345.824,261.498,244.572
248.035,346.123,261.038,245.991
246.199,341.721,259.112,246.587
251.771,338.052,254.343,256.500
251.808,336.287,254.108,251.239
252.460,339.931,252.594,249.781
254.624,333.484,251.521,252.562
253.866,336.395,253.333,263.766
255.943,337.126,262.015,260.127
257.229,343.608,260.354,252.045
254.916,344.852,258.392,256.179
257.034,346.178,260.058,251.626
265.000,350.000,229.000,235.000
259.173,357.513,249.812,240.599
258.319,352.347,251.272,252.388
259.595,356.107,252.462,257.056
258.544,353.481,252.587,252.522
263.083,363.847,258.138,255.903
265.597,356.679,254.810,253.301
266.962,362.666,258.272,248.453
264.392,363.467,259.008,249.506
264.363,367.278,261.329,253.028
274.000,372.000,223.000,225.000
270.613,376.412,252.494,238.021
273.064,373.574,245.458,245.510
272.700,373.412,247.629,251.200
274.018,372.357,250.679,248.057
274.000,374.000,234.000,241.000
273.000,375.000,231.000,235.000
272.000,371.000,233.000,236.000
276.000,374.000,224.000,235.000
274.000,375.000,229.000,238.000
279.000,371.000,222.000,248.000
276.000,381.000,226.000,238.000
281.000,382.000,223.000,237.000
280.000,380.000,227.000,244.000
279.000,382.000,232.000,237.000
275.000,379.000,231.000,240.000
281.000,385.000,228.000,240.000
284.000,385.000,223.000,235.000
276.000,379.000,237.000,243.000
282.000,389.000,230.000,236.000
285.000,387.000,223.000,237.000
286.000,386.000,225.000,233.000
277.000,382.000,237.000,240.000
280.000,386.000,233.000,241.000
285.000,379.000,226.000,244.000
286.000,384.000,220.000,234.000
275.000,382.000,239.000,241.000
284.000,390.000,225.000,233.000
285.000,382.000,226.000,240.000
279.000,375.000,230.000,243.000
282.000,378.000,225.000,239.000
286.000,381.000,231.000,242.000
276.000,374.000,234.000,240.000
284.000,381.000,227.000,238.000
282.286,388.490,239.479,242.107
275.000,369.000,231.000,241.000
273.000,375.000,239.000,238.000
281.000,370.000,231.000,247.000
285.000,371.000,224.000,242.000
282.000,371.000,227.000,241.000
289.000,378.000,221.000,238.000
291.000,368.000,219.000,242.000
282.000,368.000,226.000,238.000
281.000,369.000,229.000,237.000
284.000,370.000,228.000,239.000
279.000,362.000,233.000,243.000
278.000,366.000,232.000,241.000
282.000,372.000,227.000,231.000
281.000,364.000,231.000,244.000
279.000,368.000,236.000,238.000
280.000,364.000,236.000,243.000
284.000,367.000,227.000,235.000
278.000,366.000,238.000,236.000
282.000,360.000,236.000,243.000
280.000,355.000,233.000,241.000
279.000,362.000,232.000,238.000
294.000,361.000,214.000,239.000
282.000,357.000,229.000,248.000
280.000,352.000,240.000,248.000
275.000,363.000,235.000,229.000
291.000,356.000,214.000,244.000
284.000,360.000,227.000,233.000
276.000,361.000,239.000,231.000
287.000,358.000,217.000,229.000
278.000,356.000,231.000,234.000
281.000,352.000,231.000,238.000
285.990,367.883,243.930,247.544
275.000,355.000,238.000,236.000
282.000,361.000,231.000,233.000
288.000,355.000,230.000,238.000
292.000,352.000,219.000,244.000
289.000,349.000,225.000,252.000
295.000,353.000,221.000,239.000
290.000,359.000,219.000,226.000
294.000,361.000,216.000,236.000
290.000,359.000,223.000,237.000
287.000,357.000,226.000,239.000
294.000,359.000,224.000,233.000
293.000,357.000,227.000,232.000
289.000,362.000,230.000,233.000
293.000,354.000,229.000,247.000
292.000,357.000,230.000,232.000
291.000,357.000,235.000,239.000
298.000,357.000,229.000,241.000
293.000,360.000,227.000,232.000
291.000,359.000,231.000,238.000
291.000,359.000,235.000,236.000
292.000,363.000,234.000,235.000
297.000,361.000,227.000,243.000
295.000,364.000,233.000,237.000
299.000,363.000,224.000,241.000
301.000,360.000,223.000,240.000
296.000,365.000,231.000,233.000
294.000,361.000,236.000,238.000
300.000,361.000,234.000,243.000
300.000,358.000,229.000,242.000
303.000,361.000,228.000,251.000
301.000,356.000,231.000,246.000
302.682,371.478,244.587,248.581
303.709,369.871,246.389,251.203
300.000,366.000,238.000,241.000
301.832,372.528,252.769,257.507
301.000,362.000,240.000,243.000
304.000,369.000,228.000,242.000
303.000,367.000,241.000,247.000
304.000,367.000,237.000,236.000
308.000,379.000,237.000,235.000
302.000,366.000,245.000,241.000
313.000,363.000,224.000,248.000
305.000,370.000,240.000,248.000
309.000,367.000,240.000,251.000
310.000,366.000,241.000,250.000
310.000,371.000,233.000,244.000
309.000,370.000,243.000,251.000
311.000,373.000,244.000,248.000
317.000,374.000,231.000,241.000
307.000,364.000,246.000,256.000
310.000,373.000,243.000,250.000
316.000,380.000,245.000,245.000
318.000,376.000,238.000,249.000
323.000,376.000,233.000,249.000
318.000,386.000,240.000,240.000
314.000,379.000,252.000,252.000
319.000,376.000,247.000,260.000
318.000,380.000,248.000,255.000
318.000,382.000,245.000,250.000
319.000,380.000,247.000,256.000
322.000,389.000,244.000,247.000
324.000,380.000,245.000,254.000
321.000,382.000,245.000,252.000
322.113,397.890,261.698,270.112
321.640,390.325,273.948,268.633
315.293,388.611,283.928,273.538
319.347,392.148,281.561,279.981
318.160,390.529,282.406,283.529
318.388,391.918,287.665,281.356
320.373,396.389,283.876,282.884
335.000,392.000,246.000,271.000
321.180,408.731,282.962,278.245
337.000,404.000,243.000,262.000
334.000,410.000,247.000,261.000
339.000,409.000,244.000,266.000
322.000,414.000,267.000,263.000
321.095,426.948,294.949,277.409
325.000,432.000,261.000,247.000
338.000,437.000,245.000,272.000
329.000,429.000,257.000,294.000
313.000,460.000,274.000,247.000
315.990,466.760,279.451,246.178
309.121,455.595,284.692,257.705
300.805,457.965,277.780,245.107
297.000,473.000,277.000,251.000
284.000,463.000,276.000,257.000
286.429,489.897,291.896,225.108
272.470,513.053,294.439,205.388
251.272,530.084,285.291,180.530
212.395,548.322,319.796,185.657
214.592,534.479,310.112,178.451
219.438,537.331,300.619,169.413
209.355,526.745,290.929,170.520
214.796,505.383,290.617,183.490
207.040,496.485,286.333,178.567
221.000,535.000,252.000,175.000
219.000,488.000,251.000,226.000
213.000,472.000,270.000,243.000
217.000,465.000,262.000,242.000
217.000,454.000,260.000,254.000
218.000,458.000,267.000,249.000
231.000,466.000,258.000,248.000
233.000,462.000,261.000,253.000
224.000,475.000,272.000,246.000
234.000,487.000,273.000,230.000
237.000,494.000,272.000,226.000
236.000,509.000,280.000,221.000
251.000,522.000,275.000,204.000
258.000,531.000,280.000,190.000
253.000,540.000,286.000,133.000
248.000,557.000,277.000,147.000
