612.000,283.000,70.000,47.000
611.542,283.086,69.669,50.261
611.105,285.303,71.418,52.377
609.932,285.713,73.807,52.883
610.766,284.547,72.999,53.626
609.508,283.553,74.340,54.578
611.250,283.172,74.183,55.131
610.050,282.433,75.068,56.172
611.738,281.649,73.674,55.998
610.428,281.121,74.965,56.183
611.009,281.212,75.365,56.606
615.000,279.000,74.000,51.000
613.810,281.018,73.383,55.023
613.000,279.000,76.000,53.000
616.000,277.000,75.000,55.000
614.000,280.000,75.000,53.000
616.000,279.000,76.000,54.000
617.000,279.000,76.000,53.000
616.000,278.000,75.000,56.000
616.000,275.000,78.000,58.000
615.000,276.000,78.000,57.000
620.000,277.000,79.000,55.000
616.000,273.000,76.000,60.000
621.000,278.000,80.000,53.000
620.000,277.000,77.000,54.000
621.000,281.000,77.000,51.000
621.000,278.000,80.000,54.000
622.000,280.000,80.000,51.000
622.000,279.000,82.000,53.000
620.000,280.000,82.000,53.000
625.000,281.000,80.000,51.000
624.000,283.000,82.000,51.000
623.101,284.149,82.276,55.277
625.964,285.496,81.766,56.708
627.003,284.525,86.674,58.458
627.941,282.596,86.360,59.911
626.809,281.739,88.606,60.736
626.740,281.026,89.954,61.922
628.954,281.276,90.035,62.839
630.555,281.062,90.674,63.586
632.594,280.212,90.611,64.262
634.880,280.686,91.449,62.901
635.379,280.108,93.464,63.108
634.945,280.192,96.046,62.887
635.646,280.384,97.716,62.389
637.575,280.862,99.292,62.659
641.528,280.701,99.237,63.354
646.313,279.792,100.075,63.574
650.374,279.906,101.953,63.461
657.964,280.472,99.730,62.551
665.765,279.662,95.007,62.921
670.053,279.590,91.309,62.969
674.586,282.673,90.748,63.966
677.574,285.864,89.010,64.881
688.259,282.064,84.258,64.642
687.346,281.706,85.627,63.998
687.926,278.593,85.643,63.271
693.504,281.045,86.455,60.607
703.286,283.277,85.740,58.946
705.005,283.755,86.788,58.671
708.922,284.646,87.223,58.490
705.109,283.347,89.273,57.930
711.041,285.457,88.508,58.130
711.046,284.980,89.520,58.259
715.598,287.503,88.683,58.194
720.067,288.009,87.121,57.940
719.444,287.439,89.661,58.389
719.654,287.958,92.113,58.543
718.159,287.223,93.092,58.209
720.667,287.066,91.120,57.191
722.800,286.568,91.529,56.459
724.877,286.787,91.117,57.166
725.421,286.079,91.184,58.439
724.611,285.346,93.138,59.466
724.831,286.977,93.447,59.087
725.297,287.614,91.994,59.867
731.000,284.000,91.000,56.000
730.807,284.148,90.159,59.341
731.344,285.548,87.299,58.720
730.152,288.465,90.778,57.018
732.579,287.713,85.283,57.613
730.240,288.360,89.750,56.689
729.055,289.758,87.616,54.804
727.817,290.072,89.461,54.228
727.588,288.510,88.749,54.781
732.000,276.000,87.000,63.000
725.586,279.710,88.615,63.664
733.000,280.000,84.000,60.000
724.000,281.000,92.000,59.000
719.000,280.000,99.000,62.000
718.000,278.000,94.000,66.000
720.000,280.000,96.000,63.000
718.000,284.000,91.000,61.000
712.000,281.000,98.000,62.000
707.000,282.000,99.000,60.000
706.000,281.000,99.000,60.000
704.697,282.586,93.747,62.462
705.000,282.000,96.000,58.000
710.000,278.000,84.000,61.000
696.000,273.000,98.000,61.000
691.000,278.000,97.000,58.000
684.000,280.000,100.000,57.000
681.000,278.000,96.000,61.000
681.000,280.000,97.000,58.000
675.000,279.000,98.000,56.000
669.000,278.000,97.000,57.000
663.376,283.707,96.987,62.401
656.510,282.997,96.633,62.647
652.035,283.644,94.987,62.482
649.269,281.659,95.718,64.117
646.521,280.537,93.500,64.578
639.296,279.632,92.489,66.374
631.672,278.307,93.190,67.597
625.331,280.456,93.239,66.081
619.177,281.442,92.516,66.340
617.845,281.531,92.991,67.648
615.287,280.816,94.164,67.444
613.498,281.961,87.528,66.186
607.943,282.007,89.926,66.370
606.548,281.612,89.079,66.003
600.628,281.602,91.246,65.606
600.547,281.627,89.447,63.864
597.599,280.272,87.837,63.845
596.615,278.265,85.014,64.687
597.019,275.604,80.959,65.291
593.126,272.951,81.319,67.067
588.964,268.982,82.993,70.022
589.414,266.632,81.328,72.901
589.827,264.856,79.494,73.965
588.541,263.917,78.376,75.139
591.000,274.000,69.000,62.000
587.563,273.423,73.759,63.902
586.692,272.592,74.472,65.897
587.319,271.664,74.939,67.446
584.621,271.012,75.785,67.667
582.991,270.528,78.097,68.392
581.094,270.598,79.059,67.574
580.371,270.032,81.591,67.658
579.993,272.255,82.631,66.009
579.587,272.253,83.972,66.119
577.327,272.658,84.943,66.013
576.561,274.884,84.242,65.498
576.884,276.271,82.816,65.030
580.108,278.005,80.860,63.021
581.418,277.356,78.043,62.482
580.429,277.521,76.588,63.428
582.222,277.585,77.883,62.714
582.077,278.814,78.589,61.897
584.527,277.802,77.752,61.571
585.789,277.533,76.023,60.539
586.432,278.325,75.010,59.287
585.778,278.853,76.464,58.994
585.012,279.115,76.822,58.264
584.926,279.138,76.312,57.876
587.939,278.399,77.318,57.632
587.081,276.181,74.558,58.339
592.385,274.981,68.458,57.436
589.415,275.002,68.387,58.009
591.306,275.598,67.657,56.738
592.651,276.140,66.360,56.420
594.301,276.529,63.106,55.954
594.823,277.039,63.127,55.935
595.710,277.521,62.583,55.537
595.546,277.474,62.374,55.688
595.879,277.397,61.741,55.582
596.994,277.750,61.395,54.743
597.747,278.066,61.688,54.383
598.148,278.601,61.337,53.874
598.617,278.793,61.127,53.879
598.936,279.141,61.022,53.859
598.735,279.141,61.631,54.121
599.279,278.086,61.513,54.045
595.469,275.301,61.842,53.962
603.209,275.900,62.846,54.138
605.954,275.613,58.907,52.901
604.210,275.824,55.989,52.161
604.527,275.532,54.056,52.215
608.079,276.500,53.410,51.609
606.385,275.793,53.820,52.312
606.018,272.119,54.906,52.306
606.852,272.554,55.507,50.973
607.022,273.095,56.788,51.088
603.000,274.000,60.000,46.000
606.010,273.798,60.690,49.576
598.000,273.000,63.000,43.000
606.075,274.575,64.001,46.553
600.000,274.000,63.000,43.000
599.000,275.000,63.000,43.000
592.000,272.000,71.000,45.000
596.126,272.730,71.808,47.399
599.588,271.074,68.764,51.201
593.000,272.000,69.000,42.000
593.904,270.516,70.757,43.617
595.557,269.618,72.931,47.314
594.718,269.311,72.428,49.540
601.000,274.000,62.000,39.000
601.765,272.068,63.747,42.588
601.989,273.069,65.101,44.730
605.392,273.418,64.269,48.142
605.926,273.018,64.320,47.634
603.848,273.773,66.216,47.700
602.755,273.508,68.040,49.468
604.107,273.325,69.984,50.046
604.480,271.861,70.503,51.064
605.219,273.929,71.424,51.910
603.043,273.006,70.815,55.061
604.103,274.354,70.249,55.461
604.205,275.000,71.553,56.376
605.863,268.598,71.593,59.735
606.766,275.003,73.278,59.097
599.000,274.000,72.000,42.000
607.671,270.708,72.501,46.212
608.269,271.520,72.038,46.538
589.000,273.000,81.000,42.000
602.596,272.778,79.884,45.750
608.420,272.982,70.281,49.406
608.801,271.982,70.292,47.917
610.987,270.711,66.011,47.794
611.719,270.709,64.017,48.693
613.000,270.000,59.000,44.000
613.636,269.933,58.627,46.438
612.547,270.897,60.895,47.075
613.207,269.953,61.345,48.049
612.801,269.926,61.610,48.225
613.176,270.134,61.824,48.956
612.265,271.154,62.422,50.746
612.382,272.123,63.131,52.086
612.141,272.109,65.004,51.770
612.230,272.165,65.904,51.392
611.811,272.292,65.598,51.954
612.233,272.077,65.103,52.107
611.585,271.897,65.580,52.449
610.172,272.860,65.399,53.833
610.275,272.246,65.412,56.132
609.773,272.890,67.732,57.118
609.725,271.540,68.845,57.806
607.909,270.930,69.654,58.199
608.076,270.685,70.401,58.190
609.366,269.110,69.094,60.017
609.889,268.352,71.139,59.716
609.840,267.173,71.311,60.949
609.226,266.418,72.249,62.169
608.982,266.036,72.764,62.491
609.103,266.803,75.405,61.989
609.694,267.654,75.970,62.759
609.670,268.294,75.682,64.306
609.273,268.137,76.632,65.210
607.442,267.121,78.175,65.349
607.511,267.654,79.346,66.390
608.166,267.108,79.684,67.622
608.123,267.434,81.689,68.551
607.575,268.279,82.739,70.070
605.951,266.082,85.224,71.066
605.503,265.826,86.213,71.026
606.524,265.988,86.698,70.287
605.274,266.381,86.880,68.022
610.000,274.000,77.000,53.000
608.227,273.133,81.232,55.768
609.928,272.190,81.803,59.474
608.819,273.237,83.739,61.187
607.000,269.000,82.000,59.000
607.000,270.000,84.000,57.000
606.000,269.000,86.000,58.000
603.031,268.688,87.133,59.023
602.234,268.219,87.684,61.000
599.000,269.000,92.000,62.000
598.000,267.000,93.000,63.000
595.000,266.000,95.000,68.000
595.000,267.000,96.000,66.000
591.000,265.000,98.000,70.000
592.552,267.991,97.518,73.875
592.343,271.209,98.613,76.360
589.486,271.135,99.446,80.927
589.896,270.712,100.590,83.262
588.564,269.429,102.058,83.583
591.399,267.448,102.091,84.190
589.347,265.837,101.908,84.236
590.226,264.420,100.441,85.324
587.575,266.242,100.559,84.411
588.853,265.055,101.638,87.139
588.313,266.930,101.909,86.217
586.822,267.295,101.981,86.332
586.984,267.200,103.679,87.315
585.509,268.750,102.739,87.129
583.160,268.820,105.563,88.990
583.419,266.753,106.453,92.004
583.512,266.291,106.088,91.070
584.003,266.367,107.350,89.144
582.180,268.124,108.582,86.083
581.022,265.789,109.966,86.909
580.508,265.489,111.282,89.895
579.828,266.379,110.317,90.445
577.594,265.977,111.952,93.434
577.525,265.955,113.547,94.693
579.226,266.175,115.148,95.043
578.138,266.398,114.797,93.953
578.313,265.363,115.715,94.293
577.242,265.824,117.374,95.411
577.134,265.206,118.664,96.781
577.628,264.303,120.308,97.452
575.424,264.913,121.103,96.499
577.435,263.422,118.768,95.845
574.107,261.937,121.932,96.603
574.462,262.631,123.241,95.889
574.466,265.764,125.802,96.469
573.154,267.462,127.289,97.574
572.860,268.695,129.284,99.486
571.370,269.399,128.701,100.810
571.900,269.867,128.701,101.806
568.881,269.800,130.503,103.906
571.380,266.844,132.445,105.848
568.695,265.664,130.474,107.585
569.848,264.963,134.393,111.969
567.529,262.900,130.308,110.023
568.534,265.034,137.071,112.488
566.187,263.728,134.238,111.875
567.053,265.453,137.635,114.081
567.544,263.336,138.740,116.485
567.165,263.062,138.462,116.779
567.186,262.548,139.371,118.364
565.574,263.793,140.266,118.315
564.982,263.521,140.724,122.403
565.335,262.847,141.661,129.007
565.481,261.720,143.712,131.889
563.368,261.221,144.188,133.007
563.906,260.849,142.477,132.045
564.051,261.376,143.599,132.755
562.681,260.799,143.833,135.284
561.676,260.703,148.218,136.583
561.281,261.266,147.895,137.672
560.841,262.275,149.313,139.604
560.207,262.359,151.361,140.350
561.858,262.831,151.129,139.661
560.724,260.504,149.861,143.041
560.918,262.556,150.382,142.528
560.159,262.142,152.311,141.995
558.578,261.685,153.145,142.048
559.105,262.695,153.822,143.442
555.814,262.357,156.587,141.300
556.912,260.715,155.305,145.348
555.709,261.644,159.012,142.172
554.320,261.274,159.985,142.428
553.525,259.683,162.995,141.214
553.557,259.824,167.016,140.000
553.779,260.441,167.303,140.037
550.683,262.581,165.506,141.891
553.189,263.185,161.596,143.329
551.151,266.085,163.447,140.796
554.470,263.905,163.397,143.491
554.855,265.996,159.499,139.628
552.631,264.772,163.386,143.300
553.233,266.048,163.329,138.001
552.649,265.478,161.458,139.750
553.302,267.195,163.432,141.278
552.744,266.891,164.105,140.276
551.633,266.202,165.744,141.867
553.448,265.462,164.641,140.241
551.470,266.242,166.614,143.888
549.176,266.250,169.101,142.169
550.229,265.510,169.689,141.593
550.012,267.230,170.263,140.830
551.089,266.617,169.639,141.918
546.786,266.843,172.440,141.459
548.804,267.561,173.023,140.460
549.756,263.508,171.273,144.157
549.600,266.274,170.676,142.659
551.497,262.920,174.255,142.578
548.366,266.452,178.875,139.649
549.073,262.424,174.680,142.895
549.638,262.267,172.041,146.785
548.152,264.164,175.797,143.251
550.896,264.213,174.265,145.348
550.525,264.147,175.439,144.546
548.961,264.893,176.269,143.977
549.999,264.898,177.226,145.227
549.230,265.315,176.496,144.875
549.736,265.788,178.229,146.501
548.727,267.391,177.951,142.047
545.841,267.034,181.913,146.534
544.258,268.805,184.044,142.593
545.795,267.398,182.225,143.745
547.873,266.896,180.594,144.065
548.482,264.033,179.220,145.882
543.315,263.744,182.090,148.040
539.617,264.318,190.592,141.894
541.615,265.677,191.321,140.585
545.699,267.305,186.935,143.392
546.659,265.880,180.456,144.729
545.608,266.429,184.409,147.365
545.647,265.800,184.306,142.975
542.205,264.317,187.590,149.056
543.821,265.317,189.186,144.935
542.887,264.407,190.467,151.370
541.909,265.226,192.675,145.147
542.254,266.729,190.918,145.965
538.845,268.607,194.533,144.610
540.744,269.435,192.401,144.482
538.670,269.397,197.227,143.543
543.639,269.708,191.513,142.003
542.682,269.335,192.111,143.912
542.374,268.055,195.425,145.048
542.156,268.353,195.978,144.693
542.075,268.199,199.475,145.600
540.958,267.771,200.360,144.620
540.445,267.802,199.887,144.446
540.517,267.057,201.604,147.110
541.184,267.139,201.059,145.916
538.734,266.656,202.939,147.133
540.391,265.780,210.749,146.900
536.087,267.314,216.417,142.780
538.345,267.649,210.762,144.817
535.042,268.043,208.964,146.206
534.081,266.943,213.496,151.688
533.298,266.257,213.827,153.077
530.095,265.120,218.228,156.047
531.304,264.279,219.448,158.594
531.193,264.577,216.750,156.120
530.258,264.578,221.089,158.039
529.197,264.983,223.079,160.629
530.803,264.465,223.965,162.652
529.461,263.865,226.076,164.439
527.843,262.984,228.679,165.586
528.554,261.707,229.312,167.824
528.712,262.631,231.447,169.407
527.193,263.020,235.942,168.386
523.347,263.589,234.498,162.805
522.221,262.921,236.749,161.769
525.000,260.000,246.000,168.000
520.392,262.554,240.734,165.873
524.172,264.017,241.472,167.772
522.064,266.111,242.902,171.236
521.306,266.837,249.717,175.487
519.148,265.504,254.562,180.874
513.393,264.273,255.919,180.551
516.768,262.863,262.800,185.062
513.705,263.260,263.127,186.543
511.430,263.615,265.649,187.462
516.716,260.686,265.595,187.376
520.753,261.825,261.010,188.524
518.368,262.233,263.076,190.474
518.124,261.464,264.688,189.951
518.167,261.161,267.351,190.233
518.718,260.002,267.190,190.622
518.399,262.797,271.347,191.805
517.035,261.855,272.202,187.474
516.463,262.203,273.453,191.819
517.088,261.051,270.475,190.884
507.360,262.516,276.955,193.805
509.217,266.392,278.956,187.225
502.011,263.599,282.835,189.615
498.487,261.441,294.433,191.410
495.988,261.651,303.035,190.327
500.625,261.222,303.510,191.422
501.044,262.055,296.085,188.181
503.499,263.323,289.039,188.153
512.338,262.992,283.228,189.545
515.245,259.958,284.465,192.006
510.742,260.107,285.361,192.930
512.644,259.365,283.129,193.089
514.146,259.757,281.088,194.176
513.688,260.612,280.294,194.897
512.489,261.170,278.988,192.621
513.666,260.918,276.266,191.636
510.647,261.973,277.995,191.523
511.598,261.025,277.345,190.839
504.293,259.325,279.540,187.500
497.994,260.426,280.502,178.969
499.551,261.313,281.219,172.885
499.624,262.147,277.825,166.783
501.939,263.569,277.897,162.514
500.939,263.735,271.564,160.363
505.041,266.308,271.688,164.747
511.769,265.497,264.271,168.103
514.397,265.515,262.714,168.952
513.584,265.431,263.598,173.745
514.784,265.321,262.825,177.038
513.111,265.742,264.051,179.061
513.321,264.358,265.524,182.225
511.798,263.120,266.887,186.703
511.816,262.513,266.061,187.804
510.801,263.805,263.972,185.056
509.852,263.472,263.710,187.820
506.553,262.437,265.270,188.769
502.244,262.194,265.804,188.667
503.975,260.943,264.077,190.036
503.939,261.646,263.675,192.087
503.534,259.876,263.163,186.927
499.197,264.302,262.511,186.397
507.617,262.400,260.903,183.792
506.130,267.378,258.251,182.052
505.791,265.757,253.013,176.747
510.500,261.099,250.948,179.966
508.444,264.419,258.745,181.553
500.390,262.142,263.023,183.046
505.457,258.044,263.982,182.761
510.716,261.562,262.569,182.189
510.496,262.611,256.363,179.812
512.353,261.670,256.461,183.804
506.301,259.754,258.795,187.896
506.412,257.579,258.297,188.647
507.219,257.422,258.598,190.738
504.102,258.595,258.006,193.587
504.716,261.669,257.850,191.820
508.008,261.574,258.221,190.303
505.740,261.692,260.033,189.198
504.931,259.912,257.820,186.810
505.670,260.702,258.416,189.587
505.353,260.041,260.067,185.903
507.151,257.321,260.412,182.003
508.876,257.882,255.429,172.543
509.687,259.996,253.485,167.630
511.817,259.380,250.636,167.123
514.031,264.829,244.910,162.904
520.517,263.059,242.676,163.537
516.216,264.311,245.127,161.866
515.881,262.678,246.864,167.948
513.566,259.736,249.816,173.474
512.791,260.130,248.875,175.828
511.950,260.289,246.832,176.952
515.862,262.141,243.854,178.161
518.000,252.000,232.000,196.000
517.130,262.377,237.006,189.316
520.800,262.437,240.581,184.635
515.363,261.921,236.141,182.094
523.589,261.084,234.042,181.951
520.753,261.438,233.744,181.684
520.991,261.651,231.333,182.268
520.000,256.000,236.000,183.000
518.559,259.023,236.098,185.674
521.000,250.000,234.000,194.000
524.000,257.000,225.000,183.000
518.562,262.308,234.879,181.127
520.914,259.389,229.870,181.388
521.785,259.102,230.953,182.496
518.632,260.660,236.993,178.992
524.000,256.000,230.000,172.000
520.000,257.000,228.000,173.000
524.000,256.000,229.000,175.000
528.000,259.000,220.000,171.000
527.863,259.856,219.759,170.926
530.977,260.585,219.224,172.557
530.928,259.831,220.911,174.782
527.433,259.399,222.131,175.490
526.000,259.000,224.000,168.000
527.901,262.196,219.802,165.047
527.000,257.000,223.000,167.000
526.000,261.000,220.000,168.000
531.000,267.000,224.000,154.000
527.000,258.000,215.000,165.000
532.000,259.000,221.000,159.000
528.000,254.000,217.000,162.000
531.000,260.000,217.000,159.000
527.000,259.000,217.000,156.000
533.000,260.000,211.000,153.000
531.000,261.000,214.000,161.000
532.000,259.000,206.000,157.000
534.000,270.000,216.000,148.000
536.000,265.000,209.000,152.000
534.000,258.000,206.000,160.000
533.000,263.000,205.000,157.000
539.000,260.000,209.000,152.000
530.000,260.000,213.000,159.000
536.000,258.000,209.000,158.000
530.000,263.000,204.000,150.000
539.000,260.000,207.000,156.000
533.000,263.000,206.000,151.000
543.000,265.000,201.000,146.000
531.000,262.000,204.000,154.000
539.000,264.000,202.000,149.000
537.000,263.000,197.000,151.000
536.000,258.000,203.000,155.000
536.000,264.000,199.000,149.000
546.000,262.000,193.000,149.000
534.000,258.000,196.000,152.000
543.000,256.000,193.000,157.000
546.000,258.000,193.000,152.000
543.780,262.715,190.630,145.319
544.618,263.535,187.986,147.946
543.000,260.000,193.000,149.000
545.035,260.274,186.938,149.288
543.000,260.000,194.000,145.000
545.000,260.000,186.000,142.000
543.000,251.000,193.000,157.000
538.000,258.000,196.000,147.000
548.070,262.031,185.846,148.909
546.397,264.382,187.966,145.696
552.364,264.666,180.200,142.130
552.029,265.940,177.640,145.037
553.597,265.765,177.042,141.939
553.989,266.437,173.636,143.669
553.558,266.624,177.034,141.729
554.457,265.784,173.773,141.857
554.157,265.835,174.667,143.825
554.201,265.147,177.303,142.226
554.715,262.216,175.026,145.474
555.613,262.621,174.765,146.236
554.071,262.361,175.755,145.187
555.260,262.915,173.079,145.380
554.354,262.535,175.150,145.041
552.388,262.179,176.014,147.460
555.200,261.522,174.518,146.227
552.968,261.541,176.164,149.233
554.638,262.929,174.346,145.209
555.625,263.849,172.370,146.666
554.171,264.840,174.784,143.777
555.636,264.664,174.946,138.364
555.030,265.995,175.876,144.077
558.803,263.890,171.671,143.195
556.311,264.899,173.523,141.459
557.785,264.548,170.658,141.980
556.853,267.066,171.994,141.931
560.000,262.000,169.000,137.000
555.000,259.000,175.000,137.000
560.000,254.000,171.000,146.000
552.000,256.000,173.000,144.000
560.000,254.000,173.000,142.000
551.000,255.000,173.000,147.000
561.000,261.000,174.000,135.000
562.000,261.000,165.000,135.000
553.000,263.000,177.000,136.000
556.000,259.000,168.000,135.000
564.000,259.000,168.000,141.000
559.000,258.000,169.000,142.000
557.000,258.000,175.000,136.000
556.000,262.000,170.000,139.000
562.000,256.000,171.000,140.000
559.000,262.000,172.000,137.000
565.000,260.000,170.000,136.000
558.000,256.000,171.000,137.000
560.000,257.000,171.000,139.000
557.000,257.000,170.000,139.000
564.000,259.000,167.000,138.000
556.000,255.000,169.000,144.000
559.000,251.000,174.000,145.000
550.000,254.000,178.000,148.000
559.000,252.000,178.000,147.000
553.000,253.000,172.000,150.000
560.000,254.000,174.000,141.000
557.000,254.000,179.000,146.000
558.000,255.000,180.000,149.000
561.411,259.375,171.153,152.345
555.908,261.815,175.929,142.430
551.000,250.000,182.000,148.000
558.816,258.994,169.279,155.523
554.945,265.412,176.408,143.087
560.165,260.878,168.870,144.772
555.812,263.217,172.210,146.482
556.567,261.687,169.914,145.780
557.986,262.358,169.116,147.178
556.001,261.707,171.878,146.692
559.000,260.000,175.000,140.000
554.000,263.000,180.000,135.000
553.000,263.000,178.000,135.000
560.000,257.000,167.000,146.000
551.000,258.000,172.000,138.000
555.000,258.000,176.000,140.000
552.000,265.000,172.000,131.000
555.000,257.000,177.000,145.000
546.000,259.000,175.000,135.000
552.000,258.000,182.000,138.000
551.000,264.000,174.000,133.000
553.000,261.000,172.000,142.000
553.000,256.000,172.000,140.000
558.000,257.000,173.000,140.000
550.000,257.000,173.000,143.000
549.000,254.000,180.000,142.000
548.000,253.000,178.000,150.000
557.000,260.000,170.000,138.000
550.000,261.000,171.000,136.000
551.000,255.000,179.000,142.000
548.000,262.000,179.000,135.000
555.000,258.000,174.000,137.000
558.591,265.625,166.434,147.324
558.172,265.410,167.066,138.176
552.000,257.000,172.000,140.000
557.000,259.000,172.000,137.000
550.000,259.000,172.000,136.000
557.000,260.000,171.000,137.000
549.000,256.000,178.000,138.000
554.000,259.000,170.000,136.000
554.000,261.000,169.000,134.000
554.000,262.000,168.000,138.000
555.000,260.000,163.000,136.000
551.000,261.000,172.000,133.000
557.000,261.000,166.000,135.000
551.000,261.000,166.000,137.000
558.000,261.000,167.000,133.000
552.000,260.000,172.000,135.000
560.000,265.000,160.000,134.000
561.000,263.000,156.000,134.000
559.000,265.000,158.000,129.000
561.000,267.000,157.000,125.000
553.000,264.000,164.000,127.000
561.000,265.000,161.000,128.000
554.000,265.000,165.000,128.000
555.000,262.000,170.000,134.000
559.000,259.000,165.000,136.000
556.000,263.000,167.000,132.000
563.000,263.000,155.000,128.000
559.000,264.000,159.000,128.000
560.000,263.000,162.000,130.000
556.000,262.000,162.000,131.000
561.000,265.000,157.000,127.000
561.000,266.000,153.000,126.000
558.878,268.761,158.159,135.400
559.398,267.980,159.336,137.873
561.576,265.719,157.594,138.237
563.007,265.396,155.971,137.955
563.412,265.799,153.743,139.809
564.652,265.209,153.248,138.600
564.670,263.455,151.574,141.607
563.344,265.084,152.992,140.039
563.876,264.889,152.390,139.867
564.623,263.417,153.387,140.296
565.012,261.272,153.206,144.202
564.452,259.901,153.733,143.910
563.972,259.370,153.748,145.968
565.241,258.809,155.447,144.436
564.840,258.084,153.366,147.510
563.732,262.552,154.760,142.453
562.289,263.295,155.617,140.083
560.884,264.838,157.034,141.634
560.881,266.768,158.529,136.896
568.974,265.914,153.692,138.537
573.435,264.221,149.079,137.981
571.453,262.309,146.968,142.561
574.546,264.250,147.618,138.330
571.941,262.071,149.148,142.966
575.356,261.399,147.944,138.839
574.940,259.863,147.480,141.952
574.010,261.421,148.675,143.086
573.064,260.611,149.290,142.274
571.419,261.003,151.353,144.861
572.453,260.242,152.869,141.678
573.025,258.796,151.702,144.615
572.046,259.934,151.999,141.850
573.149,262.530,151.190,140.794
573.675,264.320,152.502,139.534
574.996,266.138,152.499,138.642
575.253,265.369,150.552,138.692
576.388,265.655,151.588,138.134
578.425,264.936,149.663,138.983
576.833,264.439,149.904,137.402
578.562,264.117,149.316,137.466
580.197,264.233,148.781,137.253
579.339,263.877,147.879,137.653
580.486,264.457,148.349,137.328
581.425,263.873,147.088,137.229
581.510,264.987,148.050,137.004
582.345,264.367,146.069,137.902
581.177,263.778,147.969,137.090
581.702,263.207,146.566,136.764
581.781,263.392,147.502,136.228
582.108,262.927,146.887,135.492
582.554,262.575,147.524,135.418
581.708,262.772,149.515,133.756
583.512,261.997,148.858,132.580
584.992,260.906,145.243,132.318
582.174,260.512,147.570,130.994
581.247,262.275,150.116,126.807
583.499,262.117,148.293,122.275
585.422,262.869,147.525,118.274
585.983,262.875,144.135,118.790
585.129,264.509,145.888,118.526
586.387,263.457,147.329,118.183
585.412,264.314,145.012,117.498
587.105,264.463,146.321,118.134
589.731,262.316,142.644,118.593
590.652,263.161,139.910,116.091
592.026,264.889,137.646,114.379
591.408,265.573,137.529,114.769
592.919,264.793,136.796,114.860
593.042,265.591,133.507,114.313
593.154,265.422,134.231,115.283
593.552,263.530,133.628,114.622
594.069,262.885,133.443,115.508
593.834,264.003,133.166,115.129
592.825,264.031,134.465,114.993
593.210,262.991,134.380,114.744
592.730,263.846,133.289,114.401
593.772,264.188,133.665,114.219
593.000,272.000,135.000,97.000
595.861,268.859,127.227,107.357
598.000,272.000,132.000,96.000
595.000,271.000,135.000,92.000
597.523,271.399,128.304,102.656
599.054,272.947,129.258,103.401
595.269,272.476,132.152,103.164
597.491,271.972,131.129,104.689
592.840,270.219,132.904,104.532
593.000,269.000,138.000,98.000
592.000,270.000,137.000,98.000
595.000,264.000,132.000,101.000
593.000,269.000,139.000,100.000
591.000,265.000,137.000,101.000
598.000,270.000,131.000,98.000
595.000,269.000,133.000,97.000
593.000,268.000,137.000,100.000
591.000,268.000,139.000,100.000
594.000,264.000,135.000,105.000
596.548,264.443,127.703,112.527
595.072,267.218,131.973,112.562
594.107,266.718,133.571,111.742
593.926,263.966,133.774,115.188
589.586,265.528,135.761,115.178
591.179,267.316,134.621,113.621
593.318,265.831,134.944,111.348
591.162,266.889,134.915,111.918
592.782,265.805,135.271,114.747
592.060,266.777,136.354,115.870
589.776,266.497,139.530,116.327
592.430,265.386,137.506,117.234
591.836,265.626,137.152,117.355
590.033,264.449,137.440,118.739
589.877,263.156,137.240,120.140
589.806,262.751,137.234,122.350
590.466,262.992,137.659,122.497
589.419,263.609,139.660,123.329
586.847,262.905,142.285,122.916
587.180,261.519,143.264,122.820
585.990,259.210,143.213,125.711
585.635,258.064,144.515,127.224
584.307,257.291,146.026,129.559
582.090,257.290,148.602,130.240
581.387,257.404,149.698,131.054
580.293,258.192,150.598,132.706
581.506,257.867,151.603,134.572
582.023,258.860,150.749,135.985
581.277,259.656,152.107,137.849
579.813,259.080,153.839,138.600
580.219,258.862,152.573,139.466
581.059,259.840,152.919,139.965
581.821,260.656,151.389,137.565
582.816,258.661,152.564,138.824
581.952,257.842,152.624,141.249
580.614,257.606,155.002,143.684
581.701,257.137,156.592,143.219
578.152,258.820,160.554,137.947
580.003,261.157,161.522,139.503
578.274,257.433,158.881,144.669
579.732,260.453,156.938,143.978
580.510,261.190,156.258,145.609
582.686,260.787,154.507,144.192
581.650,259.227,157.086,146.447
580.004,260.218,157.766,143.864
579.820,262.224,158.034,142.525
581.480,261.931,158.212,141.954
579.712,263.514,158.522,143.729
582.647,260.900,156.885,142.343
579.413,261.372,158.847,143.781
579.176,262.339,161.466,141.367
579.120,262.438,160.637,143.756
577.870,262.360,162.555,141.688
579.057,262.538,162.929,144.379
576.907,262.573,163.232,141.682
575.831,261.402,165.307,143.903
573.205,261.784,167.458,144.655
573.494,260.475,167.314,143.119
572.467,260.825,166.684,145.401
573.020,263.024,167.826,140.868
573.553,261.836,166.934,145.753
576.114,261.513,167.215,141.729
577.018,261.766,167.098,143.761
570.459,264.779,168.850,143.052
573.012,262.803,166.453,141.715
572.631,264.155,165.571,148.104
567.000,261.000,167.000,135.000
569.000,265.000,172.000,136.000
569.000,269.000,173.000,131.000
563.000,272.000,172.000,122.000
566.000,270.000,178.000,132.000
566.000,264.000,175.000,137.000
565.000,266.000,175.000,132.000
564.000,268.000,180.000,129.000
561.000,264.000,183.000,136.000
556.000,260.000,185.000,136.000
557.000,261.000,188.000,142.000
558.000,259.000,186.000,137.000
561.000,257.000,190.000,143.000
556.000,259.000,188.000,147.000
555.000,257.000,187.000,142.000
555.000,263.000,194.000,150.000
556.000,263.000,193.000,142.000
555.000,258.000,188.000,149.000
551.000,255.000,195.000,157.000
556.000,254.000,192.000,161.000
554.000,263.000,194.000,150.000
550.000,257.000,197.000,152.000
552.000,267.000,194.000,149.000
548.000,258.000,203.000,153.000
547.000,260.000,199.000,153.000
546.000,261.000,203.000,153.000
545.000,261.000,204.000,154.000
538.000,256.000,208.000,154.000
543.000,265.000,204.000,153.000
540.000,259.000,214.000,156.000
544.397,258.626,207.377,159.200
537.000,262.000,215.000,159.000
537.000,264.000,214.000,154.000
540.790,259.632,213.317,158.286
532.000,266.000,219.000,157.000
534.000,263.000,216.000,158.000
535.000,264.000,219.000,170.000
516.000,262.000,238.000,167.000
530.000,271.000,229.000,157.000
519.000,260.000,239.000,177.000
522.000,264.000,238.000,176.000
515.000,261.000,246.000,180.000
511.000,258.000,253.000,188.000
517.000,257.000,249.000,185.000
505.000,255.000,261.000,195.000
503.000,257.000,269.000,185.000
511.000,247.000,256.000,199.000
508.000,249.000,259.000,201.000
509.000,251.000,255.000,207.000
497.000,252.000,273.000,208.000
495.000,239.000,277.000,218.000
498.000,242.000,275.000,207.000
482.000,257.000,293.000,213.000
484.000,240.000,295.000,213.000
482.000,265.000,292.000,206.000
474.000,266.000,306.000,198.000
477.000,261.000,301.000,195.000
468.000,257.000,313.000,211.000
470.000,246.000,314.000,218.000
472.000,244.000,313.000,223.000
469.000,234.000,318.000,219.000
461.000,253.000,328.000,218.000
459.537,244.175,330.020,216.360
455.000,246.000,335.000,222.000
454.000,253.000,336.000,219.000
476.000,254.000,312.000,212.000
474.000,245.000,312.000,215.000
441.000,242.000,352.000,234.000
439.000,247.000,356.000,223.000
436.000,247.000,358.000,219.000
437.000,246.000,355.000,219.000
439.000,243.000,353.000,218.000
436.000,248.000,358.000,215.000
428.000,245.000,371.000,219.000
452.000,254.000,339.000,211.000
453.000,238.000,343.000,234.000
454.000,241.000,337.000,224.000
456.000,231.000,334.000,242.000
457.000,251.000,338.000,214.000
459.000,244.000,332.000,227.000
456.000,241.000,338.000,227.000
457.000,255.000,334.000,218.000
458.000,244.000,329.000,219.000
450.000,248.000,340.000,232.000
468.000,253.000,319.000,203.000
466.000,242.000,324.000,229.000
458.000,239.000,335.000,225.000
439.000,237.000,358.000,229.000
444.000,242.000,353.000,220.000
443.000,242.000,361.000,227.000
447.000,232.000,344.000,233.000
461.000,237.000,334.000,232.000
469.000,237.000,321.000,229.000
454.000,237.000,343.000,236.000
451.202,244.604,346.443,227.059
465.000,245.000,326.000,212.000
480.000,233.000,309.000,237.000
464.000,224.000,330.000,246.000
448.000,236.000,350.000,241.000
426.000,222.000,380.000,235.000
449.000,250.000,344.000,217.000
470.000,236.000,320.000,220.000
497.000,233.000,285.000,223.000
499.000,251.000,289.000,221.000
502.000,246.000,284.000,216.000
489.000,227.000,301.000,228.000
507.000,262.000,269.000,201.000
502.000,251.000,284.000,212.000
491.000,231.000,288.000,222.000
511.000,260.000,269.000,201.000
505.000,253.000,273.000,207.000
496.000,246.000,285.000,213.000
507.000,247.000,274.000,203.000
500.000,251.000,280.000,206.000
516.000,244.000,261.000,215.000
508.000,247.000,271.000,212.000
501.000,250.000,272.000,207.000
506.000,242.000,273.000,210.000
507.000,244.000,270.000,213.000
513.000,253.000,260.000,200.000
518.000,249.000,253.000,202.000
522.000,250.000,250.000,200.000
517.000,257.000,251.000,185.000
522.000,251.000,242.000,189.000
524.000,248.000,243.000,197.000
523.000,259.000,242.000,178.000
517.888,261.946,248.040,175.178
528.000,254.000,236.000,179.000
530.000,257.000,229.000,171.000
529.000,254.000,230.000,167.000
536.000,256.000,223.000,167.000
531.000,260.000,226.000,161.000
534.000,256.000,221.000,159.000
531.000,257.000,225.000,164.000
545.000,258.000,210.000,158.000
541.000,262.000,210.000,148.000
549.000,263.000,200.000,153.000
549.000,264.000,200.000,146.000
550.000,263.000,198.000,148.000
553.000,265.000,190.000,149.000
554.000,269.000,188.000,140.000
554.000,269.000,188.000,139.000
552.000,266.000,193.000,150.000
552.000,269.000,190.000,142.000
555.000,274.000,187.000,130.000
554.000,278.000,182.000,124.000
556.000,274.000,177.000,127.000
559.000,274.000,171.000,125.000
560.000,282.000,169.000,115.000
556.000,274.000,171.000,127.000
556.000,278.000,165.000,124.000
559.000,277.000,168.000,120.000
559.000,283.000,158.000,116.000
556.000,279.000,159.000,118.000
557.000,281.000,164.000,117.000
558.000,285.000,158.000,114.000
557.000,282.000,157.000,115.000
561.000,288.000,155.000,106.000
562.791,292.219,151.804,115.818
560.384,290.609,149.312,111.268
559.408,292.332,147.401,113.003
561.739,293.917,142.723,112.520
559.961,293.283,141.970,112.548
560.219,291.301,141.065,112.548
560.328,290.377,138.096,110.793
558.763,288.676,141.316,110.900
557.929,287.578,138.689,107.657
559.500,286.607,137.818,107.265
559.121,285.891,136.746,106.102
556.234,284.955,136.578,105.066
556.248,283.006,133.026,102.550
556.460,282.556,131.405,100.736
557.064,282.377,128.512,97.778
557.906,282.392,127.206,97.615
556.251,281.691,125.372,97.911
553.220,278.297,123.615,98.615
549.573,276.208,122.608,99.674
546.542,275.353,124.294,100.911
541.998,275.299,125.515,100.397
541.566,277.546,126.420,98.140
534.798,277.684,128.527,96.166
529.700,278.498,129.185,95.737
524.356,278.052,131.623,95.605
521.100,277.037,132.502,96.383
516.846,278.196,134.458,96.884
515.773,279.571,134.363,97.929
510.834,278.731,135.649,98.823
504.774,278.280,134.861,100.199
500.182,276.290,134.751,102.689
497.054,273.144,131.912,108.748
484.094,273.161,132.174,112.569
483.875,274.391,137.936,116.783
479.550,272.950,139.992,120.916
482.198,269.422,136.851,123.232
480.889,267.905,131.986,124.115
476.538,264.882,127.969,119.202
473.187,263.116,130.254,115.871
472.837,262.193,126.888,113.494
470.280,262.517,125.279,112.478
465.707,264.258,123.842,111.018
462.990,263.464,123.003,110.224
459.553,265.235,123.506,109.632
454.707,266.615,126.653,107.712
457.399,267.857,124.819,106.145
452.348,267.370,126.188,104.847
450.511,269.282,126.802,105.551
448.274,270.785,126.705,105.692
444.947,271.051,124.282,107.244
445.827,270.650,124.694,110.259
445.044,268.776,126.152,112.626
441.839,267.869,129.276,117.178
445.000,267.984,129.287,118.168
445.647,267.440,127.655,116.361
445.621,269.574,127.010,113.608
448.436,270.881,125.388,111.515
448.379,273.528,124.196,108.203
450.864,273.960,125.207,107.168
454.115,276.304,127.462,107.951
458.083,286.413,130.443,108.324
464.532,290.546,126.363,104.962
469.588,294.735,126.217,100.668
468.931,301.321,130.711,96.493
475.385,305.696,127.875,94.749
484.394,305.078,130.161,96.515
493.729,301.366,130.428,94.642
501.940,300.355,131.082,93.978
508.590,301.206,130.321,92.025
510.721,304.720,128.053,87.415
515.619,306.610,125.983,86.921
520.903,310.213,129.479,87.847
527.375,306.346,130.727,86.857
535.901,306.686,128.137,85.690
543.963,307.147,128.004,85.845
548.104,307.506,126.410,83.124
549.721,299.407,130.252,85.331
565.000,272.000,121.000,92.000
567.292,285.177,123.890,91.178
572.198,281.495,125.670,92.163
583.705,277.927,125.053,92.110
588.863,281.135,121.586,93.923
589.145,278.247,127.284,92.700
594.659,277.763,131.131,92.936
598.431,275.961,131.411,91.493
602.426,280.580,134.373,88.975
608.047,282.225,135.968,91.287
607.275,281.421,139.615,90.895
611.871,281.954,138.142,91.725
614.211,280.996,139.064,91.442
617.181,280.779,136.919,93.126
622.327,281.436,134.116,94.955
623.105,280.842,130.669,95.531
622.733,282.249,128.736,96.278
622.305,282.535,132.278,96.222
627.541,282.660,128.205,96.431
626.267,291.001,127.848,98.727
628.639,289.968,128.267,102.503
627.931,286.537,134.580,106.594
626.459,281.977,138.083,109.764
625.483,279.641,140.307,113.882
626.967,275.487,140.228,116.708
635.160,275.280,131.954,112.125
640.804,273.608,126.351,106.488
650.484,272.580,119.083,102.367
649.543,272.833,119.691,99.352
651.417,273.484,118.590,100.457
652.190,275.899,119.302,101.906
650.028,269.781,122.731,104.489
655.654,266.390,118.720,103.959
657.249,267.152,113.847,103.655
655.770,266.077,113.411,104.713
656.624,265.030,111.632,104.999
655.512,265.530,110.947,105.029
654.191,265.222,109.424,102.691
653.695,264.512,108.321,103.482
654.510,264.531,106.819,105.872
654.429,264.435,106.128,106.828
654.120,266.047,106.156,107.651
651.140,261.984,106.059,108.542
649.338,260.782,105.381,108.247
648.532,261.802,105.043,106.265
649.534,260.694,103.270,105.227
648.455,259.517,102.111,105.342
647.447,258.896,102.125,104.193
644.206,257.131,101.585,104.644
641.364,257.470,102.490,103.879
638.337,257.442,103.212,104.598
631.538,259.281,108.407,101.875
645.000,261.000,95.000,84.000
640.000,262.000,102.000,82.000
644.000,264.000,96.000,81.000
642.000,258.000,97.000,85.000
640.000,260.000,99.000,85.000
636.000,261.000,100.000,84.000
638.000,265.000,98.000,79.000
639.000,265.000,95.000,78.000
637.000,268.000,95.000,76.000
639.000,258.000,94.000,79.000
632.000,270.000,99.000,72.000
640.000,268.000,86.000,71.000
638.000,271.000,87.000,68.000
638.000,275.000,86.000,64.000
637.000,272.000,86.000,68.000
636.000,276.000,85.000,61.000
637.000,277.000,84.000,60.000
638.000,279.000,83.000,58.000
638.000,280.000,82.000,58.000
637.000,279.000,85.000,57.000
639.000,281.000,81.000,53.000
638.000,283.000,81.000,51.000
639.000,279.000,79.000,57.000
640.000,280.000,77.000,53.000
637.000,278.000,77.000,54.000
638.000,280.000,77.000,51.000
636.000,281.000,79.000,49.000
637.000,280.000,77.000,52.000
636.000,279.000,76.000,52.000
635.000,280.000,74.000,54.000
635.000,281.000,76.000,51.000
636.747,279.887,77.810,54.697
633.527,278.604,77.526,56.566
632.916,277.714,78.762,59.310
629.299,276.474,79.861,60.650
631.278,275.941,79.161,61.688
628.000,277.000,78.000,55.000
627.000,277.000,76.000,54.000
625.000,278.000,78.000,53.000
626.000,280.000,75.000,53.000
625.000,279.000,73.000,53.000
625.000,277.000,73.000,53.000
629.013,279.391,75.683,54.076
622.000,280.000,74.000,49.000
622.000,277.000,69.000,53.000
619.000,274.000,73.000,54.000
618.000,275.000,70.000,56.000
616.000,276.000,71.000,55.000
616.000,277.000,72.000,52.000
617.000,278.000,70.000,51.000
615.000,276.000,69.000,52.000
618.532,275.910,71.345,50.797
608.020,276.030,71.718,49.474
618.419,278.647,73.499,49.057
610.000,280.000,68.000,48.000
608.000,282.000,70.000,44.000
610.000,283.000,65.000,45.000
611.000,280.000,65.000,48.000
609.000,281.000,63.000,44.000
608.000,279.000,63.000,47.000
607.000,280.000,64.000,45.000
603.000,281.000,66.000,44.000
594.000,284.000,76.000,45.000
592.094,284.671,77.467,48.502
591.282,284.423,76.101,49.997
591.584,282.242,75.577,52.286
589.165,280.461,76.251,53.970
587.091,277.939,78.150,54.926
583.322,277.503,80.834,56.183
582.081,276.731,81.514,58.000
580.389,275.948,82.247,59.354
577.283,274.305,82.969,61.438
576.141,273.524,83.829,62.133
576.185,274.494,82.687,63.110
574.887,274.460,81.435,63.257
573.096,273.380,83.541,63.162
571.949,271.505,82.465,65.554
570.233,270.520,82.094,67.843
571.207,269.913,81.099,68.926
571.271,268.599,78.834,70.702
569.489,270.733,75.517,67.588
576.037,274.353,70.484,62.778
573.601,274.019,70.045,58.605
569.850,272.012,70.955,59.530
567.000,281.000,68.000,42.000
566.000,281.000,68.000,40.000
566.733,278.730,66.894,39.219
560.000,278.000,69.000,42.000
557.000,280.000,71.000,42.000
553.000,279.000,72.000,40.000
558.328,278.612,70.084,41.751
553.062,279.137,73.458,40.177
550.000,281.000,65.000,40.000
545.000,280.000,70.000,41.000
542.000,283.000,71.000,40.000
540.177,281.660,73.148,39.727
538.000,283.000,70.000,39.000
530.000,281.000,74.000,43.000
529.000,280.000,72.000,44.000
524.000,283.000,70.000,43.000
521.000,282.000,72.000,43.000
513.000,280.000,78.000,43.000
515.000,282.000,75.000,43.000
508.000,280.000,81.000,44.000
499.000,276.000,88.000,51.000
496.000,279.000,88.000,50.000
489.000,279.000,93.000,46.000
482.000,279.000,97.000,48.000
480.000,279.000,102.000,47.000
476.000,279.000,104.000,47.000
474.000,279.000,97.000,49.000
477.000,281.000,88.000,50.000
474.000,279.000,88.000,54.000
470.000,279.000,87.000,53.000
472.000,279.000,86.000,52.000
468.000,276.000,90.000,59.000
463.000,279.000,90.000,56.000
457.000,279.000,92.000,54.000
453.000,280.000,94.000,52.000
450.000,280.000,91.000,52.000
451.000,280.000,88.000,53.000
445.000,278.000,92.000,54.000
442.000,279.000,89.000,56.000
439.000,281.000,94.000,52.000
432.000,283.000,98.000,52.000
429.000,284.000,99.000,52.000
429.000,281.000,102.000,55.000
426.020,281.546,99.368,59.632
418.106,282.716,103.155,62.256
416.233,282.168,101.399,64.459
407.742,282.063,103.683,67.400
401.945,284.643,107.202,69.538
400.140,284.480,109.244,71.574
396.526,284.636,110.410,72.941
395.447,282.883,109.789,75.278
386.908,280.931,112.486,78.127
379.892,279.980,117.319,77.563
372.319,277.821,119.791,78.015
373.839,278.765,119.228,76.754
373.964,278.456,118.250,78.433
372.456,277.692,121.104,80.602
364.808,279.894,123.414,82.176
359.979,278.538,126.976,82.752
358.464,278.347,130.925,82.349
355.935,278.986,135.650,81.862
351.583,276.249,139.967,82.947
340.979,276.947,145.413,81.832
341.668,278.800,144.885,84.366
338.144,278.206,144.526,87.786
333.370,279.677,148.076,88.101
333.062,278.387,149.223,88.761
333.014,278.212,149.980,89.782
324.851,279.339,155.570,89.545
325.725,279.301,155.513,89.525
318.710,280.836,160.871,89.332
318.299,280.520,160.613,90.955
315.719,281.124,164.086,91.112
314.938,282.379,162.469,91.493
314.207,282.434,163.574,94.529
309.537,280.452,165.053,94.108
312.537,280.118,168.325,94.191
304.884,276.743,173.114,97.047
307.744,276.453,171.392,99.245
302.827,276.003,174.641,100.260
304.811,275.993,173.470,100.995
301.959,274.943,177.548,104.202
302.238,272.940,178.748,104.490
298.074,272.793,179.058,103.197
300.450,272.278,177.722,103.117
299.991,274.358,179.306,103.288
300.254,275.538,179.874,104.171
300.493,275.168,183.148,106.799
290.982,273.446,192.274,106.804
299.003,276.474,191.163,107.549
298.423,273.845,193.991,108.835
297.977,273.451,191.950,107.616
303.498,274.763,191.556,108.322
304.574,272.512,195.152,109.300
314.000,271.000,174.000,109.000
320.000,271.000,201.000,109.000
321.991,271.722,199.823,108.906
323.401,274.757,198.416,107.953
322.174,275.672,197.591,110.305
325.593,274.553,196.952,109.799
330.235,274.014,197.963,109.606
334.343,274.005,202.404,110.596
335.693,272.606,203.089,111.646
337.513,272.580,201.781,112.639
351.814,272.544,197.732,116.006
359.035,272.239,198.423,119.533
367.472,273.603,195.603,122.223
384.184,275.025,181.931,127.139
384.266,275.049,172.751,125.983
395.916,275.774,160.028,125.456
406.571,273.410,154.487,125.835
411.353,274.570,161.362,126.088
425.677,278.014,155.754,128.053
425.495,274.120,162.846,128.968
426.196,272.314,168.642,135.320
433.340,270.891,169.001,139.655
443.415,273.456,165.164,142.215
456.483,275.045,162.302,136.568
490.663,278.890,162.008,131.380
458.472,271.896,176.787,125.670
479.117,276.907,167.594,125.893
479.519,279.677,169.735,125.832
484.806,273.042,163.076,127.113
489.309,271.340,163.010,130.123
499.743,269.561,160.419,134.460
512.737,269.753,155.713,130.315
516.194,269.487,154.210,131.157
521.251,274.268,153.900,130.714
527.239,278.132,151.721,127.489
529.522,276.776,157.402,129.618
536.326,277.552,159.047,128.305
542.952,276.206,162.825,127.645
548.023,274.568,160.790,127.089
553.380,277.950,162.287,126.611
557.567,279.135,165.645,127.883
564.993,276.860,167.395,127.567
567.824,270.740,174.365,131.690
569.858,270.908,177.102,133.047
567.508,269.600,175.154,133.288
573.164,268.717,173.507,134.332
579.000,275.000,169.000,97.000
581.000,268.000,168.000,102.000
587.000,270.000,168.000,106.000
585.000,272.000,172.000,104.000
583.000,267.000,175.000,111.000
587.000,264.000,176.000,118.000
595.000,265.000,178.000,116.000
599.000,265.000,178.000,120.000
600.000,263.000,180.000,122.000
607.000,265.000,180.000,123.000
607.000,264.000,174.000,123.000
608.000,265.000,182.000,126.000
606.000,266.000,190.000,127.000
610.000,268.000,188.000,127.000
613.000,263.000,189.000,135.000
615.000,266.000,187.000,134.000
615.000,270.000,189.000,129.000
619.000,264.000,183.000,134.000
624.000,267.000,189.000,131.000
618.000,270.000,192.000,126.000
621.000,269.000,196.000,131.000
618.000,262.000,201.000,135.000
617.000,267.000,200.000,131.000
619.000,268.000,200.000,133.000
627.000,277.000,197.000,126.000
623.000,267.000,207.000,137.000
623.000,263.000,207.000,143.000
622.000,259.000,215.000,148.000
620.000,265.000,215.000,143.000
619.000,262.000,217.000,144.000
620.000,266.000,216.000,138.000
618.956,265.069,207.309,144.431
619.951,262.397,212.082,153.350
620.798,259.677,216.181,162.167
616.246,260.551,219.636,168.782
613.026,259.468,226.617,176.099
613.000,261.000,232.000,183.000
612.000,254.000,242.000,201.000
599.559,258.432,252.912,194.253
597.266,258.392,258.171,190.385
591.787,258.515,262.880,188.706
589.565,257.971,265.321,188.154
593.504,256.970,267.135,186.825
595.535,264.397,260.892,185.808
595.863,268.083,266.045,188.279
593.378,268.912,265.107,186.791
594.000,266.000,260.000,181.000
590.944,267.532,261.452,181.781
582.000,264.000,263.000,187.000
575.723,269.181,278.917,187.276
565.295,269.439,288.168,190.128
553.831,272.215,290.774,194.060
563.000,271.000,276.000,188.000
544.915,273.694,287.401,192.929
539.000,266.000,278.000,188.000
532.000,271.000,287.000,192.000
531.000,271.000,278.000,187.000
519.000,265.000,286.000,202.000
501.923,265.090,306.908,196.058
486.568,265.827,318.402,199.786
475.232,264.401,328.212,200.384
468.539,265.960,336.606,199.682
483.000,246.000,293.000,209.000
473.878,257.210,311.792,204.442
467.180,262.089,321.107,203.761
455.949,264.391,328.248,203.328
448.949,267.824,328.496,201.888
445.367,272.885,329.408,200.196
443.429,276.273,333.496,195.232
440.341,277.339,335.730,192.572
438.763,277.036,333.724,192.775
439.157,276.398,333.751,193.280
437.681,277.931,330.216,191.923
438.996,279.593,324.743,189.660
439.052,279.399,321.289,190.256
438.106,280.009,318.451,190.505
439.638,280.197,315.176,190.306
438.925,280.535,311.427,188.983
441.686,279.235,308.261,191.152
452.000,267.000,285.000,188.000
444.423,273.243,297.929,198.053
453.000,263.000,278.000,194.000
444.840,274.208,297.973,198.915
443.567,282.269,302.508,191.228
451.000,264.000,282.000,188.000
446.922,275.519,290.229,198.476
442.352,284.178,296.819,188.233
448.103,280.388,292.689,188.902
455.000,268.000,283.000,194.000
459.000,260.000,274.000,196.000
460.000,260.000,279.000,194.000
459.000,270.000,277.000,191.000
445.884,277.214,290.544,194.421
446.908,281.321,295.087,191.509
457.000,267.000,271.000,186.000
453.327,274.692,287.648,195.701
452.000,269.000,282.000,184.000
459.000,272.000,269.000,186.000
459.000,262.000,275.000,194.000
459.000,272.000,268.000,188.000
458.000,266.000,269.000,195.000
453.000,281.000,275.000,176.000
458.821,273.704,280.395,192.912
455.892,267.575,278.469,192.282
457.613,265.701,281.297,190.775
453.000,261.000,279.000,189.000
457.000,269.000,275.000,187.000
455.000,266.000,275.000,187.000
460.270,267.953,280.335,185.733
459.768,267.231,282.681,186.992
462.000,264.000,263.000,190.000
458.000,270.000,265.000,186.000
450.000,263.000,277.000,191.000
450.000,265.000,281.000,189.000
454.000,270.000,277.000,180.000
456.000,266.000,272.000,189.000
456.000,264.000,273.000,184.000
462.000,274.000,268.000,183.000
458.000,264.000,271.000,189.000
459.000,262.000,273.000,195.000
460.000,264.000,273.000,187.000
457.000,272.000,277.000,184.000
457.000,273.000,280.000,183.000
459.000,267.000,274.000,188.000
462.000,269.000,278.000,188.000
460.000,266.000,273.000,190.000
465.000,270.000,265.000,188.000
463.027,270.920,271.689,191.910
457.909,271.835,280.969,193.957
468.000,271.000,268.000,185.000
462.616,273.673,270.869,198.618
459.550,273.372,278.559,198.242
462.838,270.533,275.012,197.095
465.076,269.228,272.898,194.012
466.098,268.484,272.150,191.252
465.271,268.593,270.405,191.884
468.693,268.019,270.248,193.852
466.722,265.633,270.604,193.603
470.090,268.107,267.827,192.329
471.768,268.385,266.240,193.650
474.000,263.000,260.000,192.000
474.958,265.266,256.603,192.703
475.948,265.099,254.830,192.167
477.651,264.029,253.301,192.552
479.737,263.296,250.679,192.502
481.064,263.824,247.830,190.934
482.121,263.479,245.532,189.253
481.145,264.532,245.597,187.838
479.217,266.565,246.520,186.546
480.622,267.883,246.368,185.621
480.515,267.923,246.061,185.197
480.925,268.839,246.935,182.370
485.071,269.325,243.280,181.624
485.817,268.048,242.585,182.579
483.482,268.958,245.645,182.237
485.301,270.203,245.577,182.876
498.000,270.000,230.000,168.000
497.000,270.000,231.000,173.000
493.000,267.000,237.000,181.000
493.794,269.278,234.665,179.452
496.049,270.087,235.000,178.484
498.000,269.000,229.000,175.000
497.000,269.000,231.000,175.000
499.000,268.000,226.000,177.000
499.000,270.000,227.000,171.000
500.000,273.000,227.000,168.000
494.000,269.000,233.000,166.000
503.000,273.000,225.000,160.000
498.000,269.000,228.000,167.000
499.000,268.000,230.000,176.000
502.000,260.000,231.000,188.000
491.000,263.000,247.000,182.000
491.000,255.000,249.000,193.000
499.000,259.000,242.000,188.000
492.000,258.000,248.000,177.000
496.000,260.000,243.000,162.000
499.000,264.000,222.000,172.000
496.000,262.000,234.000,170.000
493.000,256.000,239.000,182.000
496.000,261.000,231.000,177.000
496.000,262.000,235.000,177.000
501.000,258.000,229.000,186.000
501.000,263.000,230.000,174.000
499.000,268.000,230.000,164.000
495.000,266.000,236.000,168.000
497.000,265.000,237.000,183.000
498.000,258.000,233.000,187.000
494.000,262.000,237.000,182.000
495.000,266.000,235.000,173.000
495.000,268.000,239.000,172.000
497.000,266.000,234.000,173.000
492.309,266.917,237.416,176.598
490.973,263.414,242.765,178.391
491.223,262.179,243.491,181.137
485.232,263.723,249.504,179.510
471.840,261.719,250.957,181.533
471.807,265.668,263.280,180.517
491.000,268.000,237.000,173.000
488.327,266.871,241.317,177.810
477.976,263.306,246.529,178.778
481.544,266.421,250.595,179.132
479.854,262.088,254.965,183.733
474.055,262.012,258.371,186.911
491.000,264.000,243.000,177.000
485.057,267.725,247.441,181.763
482.027,265.795,259.068,188.344
482.257,267.089,262.234,187.924
481.553,269.087,264.517,184.283
480.942,270.422,267.028,181.305
476.760,269.484,271.132,181.611
473.689,268.938,271.714,182.747
472.213,268.778,273.074,182.722
471.779,266.856,273.348,184.228
468.304,263.908,270.259,186.315
467.439,261.022,263.678,188.243
467.482,261.157,262.525,190.158
466.148,260.615,263.791,190.959
464.997,259.457,265.857,190.747
460.045,261.774,269.757,184.831
457.985,262.942,270.992,181.927
460.006,264.167,271.621,180.092
457.935,263.177,267.136,179.009
461.665,264.150,261.727,180.361
464.180,265.244,254.614,179.687
467.958,261.076,249.124,181.998
471.083,256.224,243.886,185.458
472.881,255.520,239.370,186.813
474.485,254.158,236.372,187.828
473.969,252.495,233.921,189.895
475.009,252.304,232.958,191.357
473.903,252.494,231.671,192.273
474.244,252.245,231.340,192.465
473.227,252.250,232.822,192.550
471.038,252.387,234.374,192.464
473.361,258.848,235.179,190.307
479.935,255.954,233.321,187.922
479.291,256.207,231.450,186.378
478.986,260.688,234.536,182.919
482.642,262.890,238.601,182.624
479.712,259.943,241.709,181.271
480.026,261.219,246.132,181.467
477.991,261.081,248.074,181.968
492.000,268.000,223.000,153.000
498.000,268.000,221.000,157.000
496.000,259.000,217.000,167.000
497.000,268.000,223.000,151.000
499.000,268.000,223.000,148.000
501.000,267.000,225.000,154.000
505.000,270.000,223.000,149.000
505.000,269.000,221.000,151.000
502.000,267.000,227.000,150.000
509.000,265.000,217.000,152.000
503.000,264.000,224.000,159.000
502.000,273.000,223.000,146.000
503.000,265.000,228.000,157.000
504.366,269.363,216.074,162.044
508.533,269.247,223.253,165.434
502.053,270.059,216.980,168.119
504.181,268.861,228.587,170.406
504.497,267.642,220.868,171.942
506.902,264.892,224.501,173.002
505.205,263.485,222.908,175.667
504.058,262.320,227.014,177.869
503.436,262.444,227.860,179.075
504.374,263.405,226.457,178.579
505.473,264.518,227.452,179.241
503.557,262.529,228.883,176.684
506.085,262.366,231.801,176.195
505.308,263.473,230.963,175.273
502.735,263.106,227.991,176.464
503.352,263.981,228.567,180.670
505.434,264.064,220.487,180.533
506.458,264.317,220.955,180.318
505.538,263.435,219.005,180.309
505.949,263.076,219.336,180.616
504.766,262.642,219.704,180.357
505.691,260.500,221.107,177.741
507.160,259.057,225.005,174.189
509.000,269.000,221.000,136.000
511.795,272.311,211.638,142.229
511.838,270.641,205.476,148.956
514.502,271.080,206.400,150.220
518.799,269.150,206.740,153.500
519.405,267.534,207.390,156.623
517.739,268.053,208.438,158.711
519.327,268.886,208.080,161.964
519.012,268.825,208.073,165.453
516.442,269.710,206.325,168.399
520.355,270.563,205.626,169.914
511.000,271.000,215.000,140.000
518.819,272.053,207.907,150.109
514.000,272.000,221.000,139.000
511.000,268.000,225.000,141.000
509.000,266.000,231.000,146.000
511.000,270.000,223.000,141.000
512.000,267.000,230.000,140.000
518.833,271.299,218.963,145.625
513.000,270.000,225.000,140.000
511.000,268.000,232.000,141.000
518.156,271.394,223.367,150.588
510.499,269.219,221.815,154.212
516.660,266.121,217.511,162.436
511.600,264.586,223.561,164.353
511.867,264.135,227.010,169.319
508.868,261.386,230.566,173.644
507.451,262.678,231.158,177.897
507.000,269.000,213.000,139.000
511.000,265.000,209.000,149.000
511.000,265.000,211.000,140.000
518.606,267.454,208.273,142.760
504.000,264.000,218.000,144.000
505.000,268.000,214.000,148.000
509.000,264.000,210.000,149.000
506.000,260.000,212.000,154.000
514.046,264.647,208.606,155.740
507.000,262.000,209.000,153.000
507.000,267.000,212.000,152.000
505.000,265.000,214.000,151.000
510.950,265.764,210.188,154.517
509.990,266.450,208.430,154.433
508.000,265.000,212.000,150.000
508.000,264.000,212.000,150.000
507.000,264.000,216.000,153.000
510.000,263.000,212.000,151.000
508.000,264.000,215.000,150.000
511.000,262.000,213.000,151.000
513.000,263.000,211.000,155.000
507.000,262.000,218.000,153.000
508.000,262.000,213.000,151.000
509.000,268.000,214.000,150.000
510.000,270.000,212.000,143.000
509.000,268.000,210.000,145.000
507.000,264.000,207.000,149.000
506.000,264.000,214.000,151.000
510.000,263.000,210.000,153.000
503.000,268.000,217.000,148.000
507.000,268.000,216.000,143.000
505.000,269.000,219.000,141.000
506.000,267.000,208.000,146.000
506.000,266.000,214.000,152.000
503.000,272.000,216.000,142.000
506.000,268.000,214.000,144.000
505.000,264.000,216.000,149.000
501.000,264.000,219.000,152.000
505.000,266.000,219.000,151.000
500.000,270.000,218.000,143.000
503.000,268.000,218.000,144.000
502.000,271.000,221.000,143.000
502.000,275.000,221.000,139.000
502.000,271.000,224.000,145.000
501.000,274.000,222.000,144.000
500.457,275.482,222.517,146.015
505.686,273.363,221.603,149.768
494.000,268.000,220.000,148.000
502.000,272.000,223.000,150.000
503.000,277.000,218.000,137.000
499.000,271.000,219.000,146.000
499.000,277.000,226.000,139.000
499.000,270.000,222.000,149.000
499.000,267.000,223.000,154.000
497.000,267.000,223.000,151.000
502.000,271.000,219.000,150.000
500.000,270.000,224.000,153.000
500.000,265.000,217.000,161.000
498.000,267.000,218.000,154.000
496.000,266.000,219.000,152.000
499.000,270.000,219.000,149.000
495.000,270.000,221.000,149.000
493.000,266.000,225.000,156.000
501.000,273.000,220.000,149.000
498.000,269.000,219.000,154.000
499.000,269.000,224.000,154.000
501.142,269.591,228.001,156.757
493.000,269.000,229.000,153.000
503.000,272.000,217.000,152.000
499.000,268.000,216.000,155.000
497.000,271.000,225.000,149.000
501.000,272.000,219.000,149.000
501.000,265.000,218.000,159.000
501.000,268.000,219.000,155.000
500.080,268.903,221.435,156.976
500.080,268.630,225.479,160.322
497.000,267.000,225.000,159.000
499.837,269.289,227.277,158.616
502.381,266.543,225.218,162.396
502.004,266.863,226.470,163.387
499.362,268.580,225.819,164.573
498.209,273.269,227.011,166.970
500.781,275.537,227.576,167.530
503.423,271.628,229.246,170.218
507.000,276.000,220.000,155.000
505.000,272.000,225.000,158.000
506.000,275.000,223.000,150.000
509.000,269.000,220.000,154.000
505.000,272.000,229.000,149.000
507.000,272.000,230.000,150.000
508.000,268.000,223.000,155.000
507.000,272.000,226.000,149.000
513.000,267.000,224.000,160.000
510.000,267.000,221.000,154.000
512.000,272.000,227.000,147.000
515.000,269.000,222.000,154.000
517.000,271.000,222.000,150.000
512.000,273.000,226.000,152.000
518.000,274.000,231.000,150.000
517.000,273.000,228.000,148.000
522.000,270.000,220.000,156.000
519.000,269.000,224.000,155.000
521.000,272.000,225.000,160.000
521.000,274.000,231.000,158.000
524.000,271.000,225.000,160.000
520.000,273.000,230.000,153.000
519.000,273.000,233.000,152.000
525.000,274.000,236.000,153.000
521.000,275.000,237.000,152.000
519.857,272.010,237.376,160.026
521.219,269.815,238.276,164.601
521.616,268.829,235.533,167.738
527.000,272.000,225.000,158.000
528.616,271.392,229.259,160.494
526.651,271.042,231.452,163.440
523.598,270.449,233.303,163.469
523.488,269.760,234.935,161.931
523.629,268.378,232.236,161.667
524.867,268.431,229.983,159.634
524.824,268.805,228.081,160.239
525.000,264.000,228.000,162.000
524.868,270.278,221.369,157.248
526.000,268.000,228.000,158.000
523.000,265.000,229.000,161.000
531.284,266.759,221.157,160.165
525.000,270.000,231.000,152.000
525.000,270.000,227.000,153.000
529.000,267.000,229.000,159.000
530.000,268.000,222.000,150.000
525.000,271.000,221.000,146.000
531.894,270.645,223.844,152.129
535.137,266.097,219.084,155.576
527.000,268.000,223.000,150.000
528.000,268.000,221.000,151.000
526.000,270.000,227.000,145.000
524.000,265.000,229.000,151.000
526.000,265.000,225.000,150.000
526.000,270.000,224.000,144.000
533.000,266.000,222.000,145.000
534.000,267.000,218.000,147.000
535.077,267.074,221.736,153.495
533.000,265.000,223.000,151.000
536.000,267.000,221.000,148.000
540.000,269.000,222.000,146.000
541.000,267.000,224.000,149.000
547.000,263.000,219.000,151.000
551.000,263.000,215.000,151.000
554.000,267.000,224.000,146.000
554.000,261.000,214.000,154.000
555.000,270.000,220.000,151.000
562.000,266.000,215.000,155.000
564.000,266.000,218.000,156.000
562.000,262.000,223.000,157.000
562.000,262.000,226.000,162.000
564.000,260.000,224.000,158.000
567.000,262.000,223.000,162.000
569.000,260.000,227.000,160.000
566.000,260.000,234.000,155.000
571.000,261.000,232.000,153.000
573.000,263.000,228.000,152.000
572.000,259.000,227.000,158.000
571.000,260.000,233.000,155.000
572.000,264.000,235.000,150.000
562.000,256.000,244.000,167.000
574.000,260.000,241.000,161.000
561.000,261.000,250.000,154.000
572.000,263.000,243.000,152.000
577.000,262.000,236.000,156.000
572.000,261.000,243.000,157.000
567.000,259.000,246.000,158.000
580.000,268.000,234.000,150.000
582.000,263.000,227.000,155.000
576.000,255.000,234.000,162.000
577.621,254.106,236.765,170.565
574.000,264.000,236.000,154.000
574.696,262.273,241.173,166.204
570.000,259.000,233.000,165.000
565.000,259.000,236.000,163.000
570.873,265.875,242.330,170.181
563.000,260.000,236.000,172.000
555.000,261.000,245.000,167.000
556.000,259.000,241.000,170.000
555.000,259.000,242.000,171.000
546.000,254.000,247.000,181.000
561.000,262.000,234.000,179.000
555.000,258.000,242.000,186.000
547.000,253.000,251.000,194.000
535.000,253.000,256.000,195.000
536.000,255.000,261.000,191.000
534.000,256.000,256.000,195.000
524.000,254.000,267.000,198.000
522.000,253.000,271.000,201.000
522.000,252.000,264.000,201.000
523.000,249.000,266.000,200.000
524.000,252.000,265.000,207.000
514.000,252.000,272.000,204.000
525.000,249.000,263.000,206.000
516.000,247.000,266.000,209.000
510.000,256.000,271.000,193.000
508.000,252.000,277.000,208.000
507.000,247.000,273.000,209.000
502.000,252.000,282.000,201.000
503.000,250.000,279.000,204.000
480.426,254.578,291.755,202.370
493.000,250.000,285.000,207.000
472.262,257.612,297.784,200.659
482.000,251.000,293.000,222.000
496.000,258.000,282.000,200.000
489.000,252.000,290.000,208.000
487.000,250.000,285.000,218.000
477.000,255.000,295.000,208.000
482.000,249.000,292.000,211.000
474.000,261.000,305.000,208.000
479.000,254.000,301.000,210.000
482.000,252.000,295.000,217.000
482.000,244.000,293.000,214.000
478.000,262.000,296.000,207.000
468.000,243.000,302.000,215.000
472.000,267.000,302.000,201.000
469.000,256.000,308.000,201.000
481.000,253.000,286.000,211.000
454.267,275.628,304.988,200.542
459.083,266.291,318.753,205.060
457.627,262.454,320.651,206.709
450.724,261.163,327.147,207.931
444.964,261.305,329.867,210.342
445.925,258.887,332.676,212.045
474.000,274.000,291.000,183.000
464.939,265.642,297.739,196.576
459.010,264.091,298.948,203.956
458.933,260.201,305.143,210.478
454.248,260.678,308.225,208.867
451.707,262.849,309.627,205.451
447.347,260.778,309.512,205.289
447.932,265.352,309.157,204.158
443.901,261.818,317.013,205.499
438.099,263.535,320.653,202.750
436.927,264.662,324.050,201.420
460.000,256.000,286.000,209.000
450.446,260.873,296.012,206.572
459.000,260.000,287.000,195.000
449.621,266.330,292.746,204.290
455.000,258.000,289.000,216.000
451.000,263.000,292.000,192.000
454.000,270.000,288.000,195.000
447.349,267.070,305.172,201.494
455.000,264.000,289.000,195.000
457.000,263.000,283.000,192.000
458.000,259.000,281.000,197.000
458.000,255.000,277.000,204.000
451.011,264.336,293.813,203.349
447.567,262.497,306.539,206.111
448.000,260.000,297.000,197.000
449.758,265.317,297.962,200.510
454.231,266.652,304.499,202.723
453.416,267.469,304.151,201.117
458.000,256.000,288.000,200.000
457.000,251.000,279.000,201.000
454.118,264.819,285.042,204.640
455.133,266.650,299.794,207.209
456.032,266.871,300.404,205.423
467.000,252.000,274.000,201.000
461.000,265.000,276.000,193.000
462.686,264.567,289.671,201.790
455.807,262.092,304.436,207.127
454.183,258.903,310.248,207.187
468.000,266.000,283.000,202.000
464.000,249.000,288.000,205.000
464.000,254.000,285.000,203.000
461.122,262.073,291.101,198.785
459.483,264.638,293.822,200.067
459.401,264.071,295.232,201.895
467.000,263.000,278.000,200.000
464.348,262.932,289.179,206.870
461.925,260.119,296.978,209.608
457.743,256.695,303.117,211.451
451.235,254.419,307.334,210.384
448.536,256.470,311.025,209.211
453.890,256.246,307.039,210.530
463.898,253.490,299.430,211.931
460.981,255.361,300.053,210.923
462.555,252.816,300.842,211.008
461.244,254.609,299.353,207.796
464.035,253.792,294.335,209.356
463.400,256.486,294.960,209.052
468.365,252.947,291.808,211.370
466.070,255.850,292.602,209.700
467.389,254.517,292.679,211.316
466.664,254.851,292.913,210.334
475.000,243.000,279.000,208.000
466.786,259.451,282.451,202.086
464.159,260.272,286.721,206.088
467.828,255.952,286.280,211.890
466.053,253.183,289.580,213.368
460.637,254.281,290.937,211.339
465.243,252.533,284.651,212.187
471.353,250.501,282.782,213.245
468.729,252.406,281.729,212.042
468.180,253.821,283.463,212.941
474.732,250.529,287.190,213.691
478.000,261.000,267.000,199.000
473.727,261.423,275.116,200.760
471.914,259.221,281.656,204.924
473.485,256.395,282.123,208.202
476.838,253.741,282.152,209.563
475.534,253.714,276.047,209.458
470.981,254.890,278.982,208.112
474.000,260.000,276.000,199.000
473.908,255.919,277.931,208.010
471.000,249.000,275.000,216.000
487.000,248.000,262.000,204.000
482.000,253.000,268.000,209.000
484.000,261.000,264.000,201.000
478.612,257.395,276.130,208.049
479.709,251.252,276.808,212.387
479.994,247.077,280.414,216.184
485.000,256.000,256.000,193.000
482.915,252.893,274.325,212.453
480.418,250.209,281.712,214.057
480.683,243.482,279.992,215.802
477.572,246.093,279.266,211.836
478.329,242.787,277.418,215.343
480.418,247.009,273.032,212.973
483.143,244.148,276.486,215.985
502.000,245.000,245.000,209.000
497.853,242.446,262.338,217.536
495.179,239.011,270.235,218.622
502.922,236.531,266.884,219.621
504.909,234.944,269.001,220.872
503.309,239.982,273.114,216.999
535.000,257.000,249.000,202.000
534.875,248.833,258.177,205.647
551.502,241.281,254.780,209.341
559.622,247.297,259.002,202.427
562.218,245.144,259.374,204.502
571.025,245.205,260.759,206.480
594.863,237.786,254.517,212.810
602.552,235.653,257.523,214.029
610.304,238.254,259.415,215.166
619.313,237.261,263.501,217.902
624.427,238.234,266.280,215.681
630.893,239.352,267.567,218.035
643.000,234.000,267.000,222.000
651.692,239.177,268.090,219.879
656.844,241.378,272.323,218.354
667.968,241.888,272.575,216.618
674.181,240.751,272.734,214.754
684.000,241.000,269.000,208.000
685.160,246.037,277.587,214.124
690.242,243.550,275.851,213.349
696.469,241.957,278.448,214.146
694.585,246.332,288.702,211.189
696.875,246.305,296.319,212.123
695.070,245.939,309.602,218.516
699.732,250.021,328.399,225.707
703.536,252.239,344.251,232.379
711.449,254.769,354.989,231.477
705.962,253.506,367.786,232.078
702.647,252.493,375.860,233.473
702.339,252.394,382.003,237.055
707.629,253.642,381.791,237.888
719.693,253.303,382.744,237.433
722.537,254.477,390.298,233.692
