647.000,484.000,17.000,11.000
645.467,481.657,18.716,12.374
648.000,482.000,17.000,13.000
647.000,484.000,17.000,12.000
648.000,484.000,17.000,13.000
650.000,483.000,17.000,12.000
649.000,484.000,17.000,12.000
650.000,484.000,17.000,12.000
651.000,483.000,17.000,12.000
651.000,482.000,17.000,12.000
652.000,482.000,17.000,13.000
652.000,482.000,18.000,13.000
652.000,482.000,18.000,13.000
653.000,482.000,18.000,13.000
653.000,482.000,17.000,13.000
652.000,482.000,18.000,13.000
653.000,482.000,18.000,13.000
652.000,482.000,18.000,13.000
652.000,480.000,16.000,13.000
650.000,479.000,18.000,14.000
652.000,479.000,18.000,14.000
651.000,479.000,16.000,14.000
650.000,480.000,18.000,14.000
650.000,479.000,18.000,14.000
650.000,480.000,18.000,14.000
651.000,479.000,17.000,14.000
649.000,479.000,18.000,14.000
650.000,480.000,18.000,14.000
650.000,480.000,18.000,13.000
650.000,480.000,19.000,14.000
650.000,481.000,19.000,14.000
650.000,481.000,18.000,13.000
648.912,479.085,19.326,14.174
648.715,478.954,20.361,15.225
648.701,479.723,20.880,15.372
650.694,478.708,20.831,15.847
650.821,477.407,20.480,15.916
651.068,478.550,20.233,16.046
651.947,477.418,20.591,16.300
651.385,476.487,20.358,16.926
652.184,475.353,20.355,17.423
652.363,473.042,21.183,18.999
652.709,473.354,20.223,19.057
652.336,472.493,20.821,19.977
652.906,472.520,20.822,20.444
653.050,473.390,20.247,19.746
653.110,473.218,20.220,19.612
653.283,473.096,20.204,19.451
652.863,473.601,19.918,19.528
653.364,474.674,20.072,18.922
653.874,474.367,20.181,19.036
653.000,475.000,20.000,16.000
653.771,474.436,20.646,17.602
652.241,474.684,21.831,18.627
652.128,475.058,21.571,18.684
652.622,474.796,22.030,19.384
652.350,474.867,22.186,19.613
651.765,473.577,22.382,19.979
652.049,473.485,21.787,19.721
651.371,474.118,22.473,20.191
651.556,473.218,22.537,20.578
651.563,472.468,22.042,20.220
651.852,472.486,22.169,20.203
651.921,472.190,22.404,20.741
651.945,473.028,22.398,20.173
650.339,472.807,23.542,20.114
651.365,471.897,23.647,20.067
652.499,471.545,24.152,20.874
652.265,471.817,24.730,20.766
651.491,472.441,24.140,20.658
651.878,473.693,23.786,20.907
651.580,474.169,23.357,20.365
651.083,473.739,24.056,20.245
652.316,473.256,24.431,21.021
653.229,472.486,23.824,20.423
652.534,472.631,23.896,20.038
653.230,471.782,24.053,19.754
652.898,469.744,24.202,19.824
653.024,469.036,24.172,19.730
654.443,468.276,24.478,20.145
655.266,470.070,23.661,20.548
655.644,470.460,22.840,19.632
655.065,469.977,23.502,19.818
655.473,470.383,24.463,19.983
655.650,471.072,24.267,20.349
655.000,471.082,24.389,19.826
656.478,471.005,25.113,19.855
657.406,471.121,24.718,19.764
658.594,470.711,24.447,20.265
658.324,470.230,24.821,20.544
658.096,471.359,24.512,20.132
658.289,471.587,24.061,19.489
659.174,471.485,24.358,19.857
658.903,471.643,24.849,20.626
658.729,473.075,24.438,20.719
659.508,473.646,24.624,20.583
660.401,474.720,24.050,20.066
661.661,475.771,24.013,19.761
660.884,475.249,24.658,20.367
661.015,474.227,24.901,20.221
661.941,473.823,25.771,20.281
662.005,473.567,25.584,20.573
661.167,473.331,26.472,20.083
661.296,472.822,26.842,19.723
660.389,472.236,26.304,19.797
661.359,472.337,26.589,20.261
659.990,472.378,26.634,20.089
661.347,473.249,26.808,20.342
659.636,472.897,26.657,20.054
660.008,473.125,26.457,20.512
660.938,474.260,26.301,20.211
660.329,474.247,26.283,20.129
659.924,475.411,26.259,20.574
660.276,474.015,26.274,20.227
659.785,475.197,27.079,20.493
660.044,474.425,27.540,20.551
660.609,474.071,27.381,20.467
660.291,473.851,26.939,20.206
660.451,474.258,26.551,20.293
659.408,472.950,26.853,20.259
659.676,473.445,26.814,20.892
660.399,474.132,26.988,20.972
659.716,474.282,27.217,21.528
659.917,473.534,27.516,21.200
660.694,473.788,27.508,20.701
660.617,473.233,27.364,20.799
660.068,473.396,27.273,20.936
660.726,473.185,27.510,20.516
660.545,473.465,26.921,20.292
660.448,473.766,27.325,20.870
660.164,474.035,27.282,21.046
660.566,473.837,28.181,21.541
660.384,473.449,27.922,21.587
660.921,473.794,28.221,21.962
659.960,473.604,28.012,21.964
660.760,473.002,28.185,21.953
660.035,473.617,28.338,22.327
660.342,471.912,29.395,21.845
659.509,471.730,30.181,23.300
660.170,470.627,30.198,22.919
658.763,471.449,30.464,23.590
658.613,471.232,30.829,23.054
659.007,472.119,31.331,23.276
658.457,471.940,31.092,23.800
658.167,472.222,31.442,23.679
657.963,472.910,31.445,23.343
657.797,473.266,31.082,23.070
657.393,474.080,30.607,23.049
657.019,474.846,30.944,23.176
656.707,475.496,31.340,22.820
656.879,475.613,32.000,23.035
656.673,475.767,31.845,23.095
657.289,475.575,31.995,22.594
656.624,475.905,31.289,22.439
656.178,475.925,32.058,22.353
656.079,475.422,31.849,21.396
655.361,475.268,31.768,21.393
655.982,472.683,32.262,20.928
655.156,472.982,31.668,21.216
653.750,472.069,31.315,20.913
654.245,472.374,30.864,20.825
653.961,472.392,31.091,21.628
653.859,472.315,30.815,22.033
653.285,472.770,31.267,22.604
653.154,472.662,31.568,23.808
652.791,471.864,30.821,25.036
651.674,470.681,32.136,25.899
650.364,470.553,32.815,26.645
650.844,468.845,34.144,27.315
649.043,468.082,33.949,27.905
648.175,467.426,34.385,28.051
648.180,465.917,34.550,29.091
647.992,465.328,34.677,29.961
647.282,464.555,33.881,29.832
645.841,465.258,34.436,30.269
646.040,464.390,34.169,31.063
645.956,463.225,33.649,31.638
645.387,462.546,34.308,32.495
645.690,461.742,34.205,33.804
645.691,461.248,34.575,34.056
645.513,460.448,34.344,34.698
645.201,459.191,35.477,34.680
644.266,458.409,35.510,34.988
647.000,460.000,32.000,30.000
644.478,461.782,34.370,31.717
644.455,460.532,35.533,31.865
643.677,458.281,35.629,32.432
643.561,457.906,36.416,32.387
643.270,457.071,37.495,33.309
642.297,456.346,38.122,32.872
642.264,456.944,38.452,33.582
642.094,457.225,39.261,33.500
647.000,466.000,33.000,24.000
645.000,461.000,34.000,29.000
645.000,465.000,35.000,26.000
644.000,460.000,35.000,31.000
643.000,466.000,37.000,27.000
643.000,462.000,37.000,30.000
643.000,471.000,34.000,24.000
643.000,474.000,37.000,22.000
641.000,474.000,37.000,21.000
642.000,473.000,37.000,20.000
642.000,473.000,37.000,21.000
642.000,472.000,37.000,21.000
641.000,471.000,37.000,21.000
642.000,472.000,37.000,22.000
643.000,464.000,37.000,29.000
640.000,461.000,38.000,32.000
640.000,460.000,39.000,34.000
642.000,460.000,37.000,32.000
641.000,459.000,38.000,33.000
640.000,458.000,39.000,32.000
641.000,460.000,39.000,34.000
641.000,458.000,39.000,33.000
642.000,458.000,41.000,34.000
640.000,458.000,41.000,34.000
641.000,457.000,38.000,33.000
642.000,456.000,41.000,35.000
639.000,456.000,42.000,34.000
642.000,457.000,41.000,34.000
642.000,457.000,40.000,34.000
641.000,457.000,40.000,33.000
640.000,465.000,43.000,29.000
641.000,464.000,43.000,30.000
641.372,464.387,42.408,31.205
644.000,462.000,40.000,34.000
644.000,460.000,41.000,33.000
643.000,465.000,41.000,32.000
643.000,470.000,42.000,30.000
642.000,464.000,42.000,35.000
642.000,462.000,42.000,35.000
642.000,460.000,43.000,38.000
644.000,459.000,42.000,37.000
641.000,456.000,43.000,37.000
643.000,455.000,43.000,37.000
641.000,457.000,45.000,38.000
643.000,457.000,43.000,39.000
640.000,459.000,45.000,38.000
639.000,458.000,45.000,38.000
641.000,464.000,45.000,35.000
639.000,462.000,46.000,39.000
640.000,464.000,47.000,40.000
639.000,463.000,46.000,39.000
638.000,464.000,46.000,39.000
638.000,463.000,48.000,37.000
637.000,463.000,47.000,39.000
638.000,461.000,47.000,40.000
637.000,461.000,46.000,40.000
638.000,460.000,48.000,41.000
637.000,461.000,47.000,41.000
637.000,460.000,47.000,42.000
636.000,460.000,47.000,42.000
635.000,462.000,48.000,42.000
632.000,460.000,49.000,39.000
633.000,459.000,48.000,41.000
629.136,462.316,51.680,43.589
630.649,462.239,49.712,40.943
629.283,463.873,50.992,43.204
627.531,464.348,51.838,41.885
627.199,465.228,52.028,43.235
627.370,466.389,51.513,44.153
627.111,466.985,52.116,42.758
626.250,468.271,52.453,44.786
626.076,466.836,51.671,43.453
626.296,466.226,51.332,44.012
626.305,467.046,52.653,43.611
624.998,467.181,52.168,43.066
625.395,467.526,52.502,43.914
625.348,466.013,52.018,44.910
625.839,465.065,53.118,44.550
624.158,465.263,54.083,43.689
624.368,464.205,52.782,44.426
625.279,464.449,54.186,44.409
623.602,464.996,53.790,45.239
625.202,464.971,53.424,45.136
623.385,466.263,55.231,46.756
624.058,465.443,54.932,45.181
623.946,466.975,55.262,47.317
624.352,465.987,55.174,46.585
623.935,465.723,56.450,46.876
624.451,465.057,55.828,46.957
624.601,464.551,55.896,47.287
623.530,463.976,56.811,47.511
623.615,464.410,55.601,48.387
623.275,463.932,57.894,47.530
622.422,463.826,56.981,48.763
623.430,462.251,56.695,48.462
623.526,462.654,56.959,48.449
624.706,463.224,54.116,47.806
623.862,462.615,56.568,47.756
624.000,459.000,56.000,48.000
622.444,463.044,57.978,50.808
622.634,463.218,57.036,49.072
622.648,463.744,57.670,49.219
621.687,465.643,57.791,50.202
622.657,464.218,58.015,50.464
621.415,464.977,59.525,50.675
620.456,465.829,59.819,50.369
621.073,465.443,60.083,49.991
620.707,465.138,59.553,50.760
620.082,464.747,61.421,50.773
619.719,464.977,61.593,53.504
620.236,463.438,60.966,53.673
619.733,464.467,63.272,53.637
619.549,463.616,61.778,54.093
618.988,463.774,63.672,55.232
619.785,462.389,62.483,55.088
618.811,462.472,64.210,56.264
618.967,462.124,64.706,55.232
618.297,461.840,63.799,55.604
619.175,460.980,64.563,56.457
618.835,459.742,64.488,55.635
617.864,460.201,66.705,56.334
618.106,460.352,66.182,55.904
616.506,461.526,67.680,57.676
617.544,461.556,66.543,57.094
617.232,462.024,67.027,57.979
618.399,462.189,66.392,58.748
617.831,463.199,68.113,57.862
616.953,463.471,68.239,59.001
617.221,462.177,65.445,58.616
618.330,463.497,67.175,59.793
616.985,462.692,67.870,58.869
617.361,462.592,67.104,61.094
615.824,462.452,68.684,59.326
615.889,461.743,68.107,61.734
614.462,461.718,69.191,60.480
615.709,461.490,68.434,62.358
613.149,459.362,70.402,62.007
613.133,459.877,70.177,62.505
611.616,460.048,70.623,61.892
612.863,458.851,69.695,64.077
611.151,458.198,72.077,63.323
610.586,458.984,72.115,64.734
609.232,458.593,72.278,63.451
610.316,457.784,71.234,64.597
608.341,458.025,74.142,63.902
609.100,458.589,72.814,64.750
607.953,458.670,74.332,63.453
608.793,458.295,73.422,66.147
606.753,457.996,74.342,64.859
607.531,459.827,74.144,66.250
606.203,459.798,75.806,64.202
606.020,459.424,76.738,66.574
605.545,461.096,76.450,64.848
605.610,460.214,77.914,66.164
605.002,459.131,77.293,66.132
604.629,459.796,76.845,66.863
605.085,459.299,76.719,67.051
605.155,456.856,77.718,67.706
604.136,456.737,78.314,69.061
605.000,454.000,77.000,68.000
604.871,458.562,74.434,67.478
604.000,452.000,77.000,68.000
604.000,451.000,79.000,73.000
605.000,452.000,81.000,70.000
605.000,452.000,79.000,71.000
605.000,450.000,77.000,73.000
606.000,454.000,81.000,73.000
604.000,454.000,82.000,69.000
604.000,452.000,81.000,71.000
606.000,454.000,84.000,72.000
602.000,452.000,82.000,71.000
604.000,452.000,81.000,75.000
603.000,452.000,82.000,74.000
604.000,450.000,83.000,72.000
601.000,452.000,85.000,74.000
603.000,451.000,85.000,74.000
603.000,447.000,85.000,77.000
603.000,450.000,84.000,75.000
602.300,455.058,85.324,77.204
601.789,451.224,86.161,76.221
603.598,452.257,87.552,79.510
603.000,450.000,84.000,76.000
602.162,453.367,87.907,79.627
599.238,453.031,87.346,78.320
602.784,452.822,88.450,80.482
602.000,454.000,90.000,76.000
599.727,454.760,90.222,81.980
603.000,454.000,90.000,82.000
597.099,453.524,90.236,83.707
602.000,450.000,91.000,82.000
600.000,451.000,94.000,83.000
599.000,450.000,93.000,82.000
598.270,454.849,88.537,83.413
598.781,455.746,91.377,82.034
597.565,455.244,91.963,82.916
596.560,454.476,92.936,82.350
597.947,455.253,94.631,83.776
595.881,454.674,94.124,84.055
595.258,455.122,94.416,84.379
594.685,455.278,95.983,85.112
592.698,455.410,95.482,85.015
594.083,454.946,96.108,84.820
594.343,455.620,96.399,85.500
593.594,454.737,96.849,85.721
593.127,455.236,96.866,85.691
594.549,453.234,98.142,88.319
596.000,453.000,96.000,83.000
593.320,455.087,98.490,88.563
592.390,451.948,100.152,89.050
593.095,451.595,98.838,88.891
593.616,451.614,98.822,88.227
592.637,451.092,101.229,89.699
594.125,450.903,100.397,90.827
591.421,452.046,101.817,90.106
594.808,449.766,101.032,94.281
592.176,451.477,102.756,92.059
594.093,450.134,101.589,92.353
592.803,449.957,104.587,93.139
592.837,447.699,101.985,95.839
594.729,448.605,103.301,94.772
592.588,448.985,103.312,94.271
594.412,446.788,103.149,95.645
590.581,447.997,107.833,95.099
593.970,447.620,105.414,95.751
596.000,449.000,107.000,91.000
593.000,445.000,105.000,91.000
595.000,446.000,108.000,95.000
595.000,448.000,104.000,92.000
596.000,444.000,104.000,97.000
594.000,445.000,107.000,95.000
592.000,448.000,107.000,93.000
595.000,446.000,107.000,94.000
597.000,446.000,106.000,97.000
591.000,445.000,110.000,96.000
594.000,448.000,107.000,97.000
593.000,448.000,110.000,96.000
592.000,445.000,110.000,100.000
592.000,444.000,110.000,102.000
595.000,443.000,108.000,98.000
593.000,446.000,111.000,100.000
593.000,446.000,114.000,99.000
594.000,446.000,112.000,96.000
591.000,446.000,113.000,100.000
590.000,444.000,115.000,97.000
593.000,445.000,114.000,102.000
591.000,443.000,114.000,98.000
595.000,446.000,114.000,100.000
596.000,443.000,111.000,104.000
594.000,445.000,116.000,101.000
590.000,443.000,116.000,100.000
593.000,445.000,116.000,102.000
592.000,444.000,117.000,106.000
593.000,442.000,115.000,100.000
593.000,445.000,114.000,104.000
591.078,449.511,118.856,110.041
591.000,445.000,122.000,103.000
586.913,446.208,117.821,106.171
591.557,445.223,119.547,107.936
589.362,449.006,120.305,108.451
592.319,446.539,120.142,109.108
589.698,450.113,121.758,108.222
593.356,448.406,121.402,110.318
588.948,448.975,123.439,110.082
592.233,448.236,122.422,110.064
591.000,444.000,119.000,104.000
597.000,444.000,118.000,107.000
595.000,449.000,120.000,107.000
594.000,446.000,120.000,102.000
592.040,451.537,123.963,112.858
592.000,445.000,122.000,107.000
591.232,449.793,124.921,111.677
591.139,447.143,125.365,111.103
591.982,446.398,126.271,112.042
590.847,445.648,126.552,112.724
592.377,445.820,126.267,112.176
588.825,444.940,129.207,114.508
591.580,445.821,128.171,114.550
590.386,444.854,128.730,115.435
593.381,445.186,126.401,116.091
591.559,445.248,127.325,115.499
592.723,445.644,127.124,114.765
591.706,443.427,127.226,116.214
593.734,444.276,128.565,117.093
590.400,442.756,129.527,117.339
594.316,444.498,130.469,118.160
590.270,443.691,131.383,117.141
593.837,446.037,131.051,116.866
591.372,444.598,131.708,118.633
589.184,441.795,132.417,118.165
592.151,445.305,130.464,118.128
591.852,445.954,133.385,118.076
592.407,447.107,134.197,117.720
594.233,444.733,134.222,120.115
598.000,439.000,127.000,115.000
593.649,448.710,133.714,120.944
596.494,446.826,132.871,119.776
595.234,445.615,134.078,119.134
596.976,443.317,135.240,121.271
595.141,444.850,135.208,120.521
598.152,442.278,135.644,121.265
596.075,443.962,134.258,121.508
598.000,443.000,132.000,117.000
595.180,444.328,136.072,121.053
595.878,443.953,137.102,120.782
594.285,445.198,137.116,121.019
596.427,442.285,139.366,125.239
592.368,444.214,139.091,124.682
595.759,443.200,140.289,125.111
596.000,439.000,139.000,119.000
591.744,443.092,141.082,123.446
594.481,442.138,139.949,123.023
591.822,442.417,139.917,123.676
593.000,442.000,136.000,118.000
591.947,444.226,138.984,124.229
592.000,442.000,138.000,118.000
592.000,440.000,135.000,124.000
594.000,442.000,139.000,121.000
590.000,442.000,137.000,124.000
594.000,443.000,135.000,124.000
591.000,441.000,138.000,124.000
581.538,441.162,141.242,129.256
590.000,442.000,140.000,125.000
587.000,442.000,141.000,123.000
591.000,443.000,135.000,121.000
584.000,439.000,139.000,122.000
588.000,441.000,142.000,125.000
588.000,442.000,139.000,128.000
583.000,440.000,142.000,125.000
582.000,441.000,143.000,124.000
581.000,442.000,138.000,121.000
580.000,440.000,141.000,126.000
576.940,440.978,146.529,132.415
573.903,439.865,146.824,134.015
575.342,439.883,149.447,135.125
571.631,439.237,148.428,136.990
573.119,437.685,150.273,139.351
569.690,436.641,148.991,139.763
572.440,435.603,150.396,140.327
568.005,435.186,149.797,139.162
569.980,434.999,151.168,138.177
567.647,436.505,149.988,136.509
567.914,437.136,150.693,137.100
567.166,436.744,151.523,137.153
566.245,437.153,151.287,138.292
566.704,436.660,152.190,138.835
572.000,438.000,149.000,130.000
562.289,438.943,151.384,137.732
567.459,436.544,154.566,140.605
570.000,435.000,146.000,134.000
562.086,435.507,153.920,138.382
564.119,435.600,155.150,140.881
561.980,435.166,154.133,139.900
560.731,432.308,154.661,141.701
562.425,433.251,154.954,141.910
559.965,433.212,155.144,140.719
560.711,433.418,155.345,142.949
559.357,432.840,155.155,142.915
559.136,433.127,156.218,143.442
559.093,433.358,156.331,143.462
557.743,433.695,156.123,143.550
557.843,433.439,156.306,144.698
557.274,434.094,156.840,145.566
556.208,434.122,157.100,147.257
554.748,434.770,157.386,148.775
556.437,433.149,158.883,150.899
552.885,433.227,158.106,149.860
553.846,432.046,157.701,146.998
553.535,432.188,157.214,144.664
552.589,433.072,156.760,143.440
552.243,433.572,156.575,143.091
551.699,433.426,157.350,143.881
556.000,433.000,154.000,137.000
547.878,433.558,159.245,143.922
550.079,432.869,159.438,144.274
548.263,433.692,158.492,144.838
555.000,437.000,151.000,136.000
545.207,436.194,159.789,143.816
547.430,434.812,161.089,144.891
545.799,434.523,160.546,147.339
544.707,434.862,161.627,148.139
546.376,434.165,161.802,147.399
546.636,434.618,160.654,145.469
547.807,435.852,159.838,144.333
546.343,435.725,159.340,144.474
543.298,434.520,157.892,145.823
548.714,436.321,158.888,144.978
544.389,436.950,159.161,144.707
546.433,436.843,161.111,144.857
544.097,436.387,159.941,145.200
545.240,436.851,160.573,144.244
544.776,436.721,160.779,143.951
544.390,436.174,161.764,143.524
543.609,436.542,161.479,143.867
547.100,435.705,163.212,145.058
548.000,434.000,157.000,132.000
549.648,437.160,163.625,142.269
549.051,435.892,161.377,142.317
549.104,435.876,160.860,142.738
549.632,435.790,160.548,143.261
550.900,435.377,159.692,142.797
549.504,434.396,159.573,143.245
549.468,435.594,159.152,144.210
549.921,436.135,159.553,142.586
550.030,436.662,159.599,143.029
550.919,436.627,159.413,142.969
552.579,438.499,157.747,143.082
553.467,439.251,155.566,141.862
554.490,439.536,154.510,140.644
553.756,440.267,154.108,141.592
555.555,439.816,154.524,140.600
554.234,439.277,153.527,139.538
554.023,439.114,154.374,140.834
554.401,438.800,154.759,140.008
552.702,439.126,154.794,139.053
554.244,439.682,154.930,139.631
552.100,439.502,155.425,139.089
549.963,437.081,157.810,141.422
557.000,438.000,154.000,139.000
554.000,443.000,158.000,135.000
555.000,439.000,148.000,131.000
556.000,444.000,151.000,134.000
558.000,439.000,149.000,131.000
547.342,442.856,151.715,137.708
553.690,440.851,152.523,136.012
550.488,439.853,151.647,136.442
549.964,439.464,152.075,137.542
549.384,438.930,151.849,137.801
549.423,438.363,152.266,137.998
548.489,438.056,152.081,137.766
547.349,438.905,152.362,138.444
547.009,439.341,153.094,138.208
550.000,440.000,154.000,127.000
547.272,441.570,155.243,136.178
553.000,439.000,143.000,130.000
546.298,444.128,150.903,136.681
548.000,439.000,149.000,126.000
549.147,442.927,150.288,134.834
547.748,442.237,148.704,134.260
548.253,441.806,147.816,134.115
547.711,441.579,147.397,135.903
547.007,440.492,148.144,135.939
546.985,439.697,148.651,137.048
546.984,440.368,148.065,136.725
547.865,439.709,148.186,136.858
547.072,440.035,147.851,136.179
548.000,442.000,146.000,125.000
547.061,441.945,148.096,136.150
549.000,444.000,142.000,121.000
546.867,444.502,146.954,130.385
550.481,444.195,142.279,131.661
548.013,443.399,144.293,132.476
547.991,442.766,144.451,132.450
546.990,442.598,143.446,132.418
548.491,442.903,143.315,132.645
546.409,442.068,143.506,133.040
547.371,441.794,143.644,134.056
547.702,441.629,143.594,133.888
546.013,441.364,144.711,133.993
546.511,440.964,145.714,133.150
546.686,441.097,144.629,132.122
545.895,441.832,145.302,131.393
545.546,441.930,144.533,129.946
548.383,442.836,144.201,130.770
548.769,444.027,141.497,129.852
549.163,444.561,142.109,129.324
548.188,446.465,141.511,128.819
548.771,447.064,142.013,128.426
549.219,446.571,141.912,127.124
546.951,447.580,141.631,127.560
548.000,448.000,146.000,120.000
548.158,451.351,143.030,129.780
548.487,448.206,143.035,128.481
548.525,448.479,142.039,126.572
547.771,448.049,143.070,126.541
546.330,447.111,143.285,126.264
547.426,445.604,144.568,126.171
548.805,446.018,141.473,125.435
550.156,444.765,140.394,127.369
551.074,444.041,139.076,127.602
550.733,444.422,138.514,126.106
547.000,439.000,140.000,120.000
554.000,447.000,135.000,118.000
550.000,440.000,138.000,118.000
551.000,444.000,140.000,122.000
556.000,443.000,133.000,115.000
553.000,448.000,136.000,118.000
554.000,445.000,137.000,118.000
550.000,445.000,140.000,118.000
556.000,447.000,135.000,117.000
556.000,446.000,136.000,119.000
557.000,445.000,132.000,117.000
557.000,446.000,135.000,118.000
556.000,446.000,136.000,114.000
561.000,445.000,134.000,116.000
556.000,445.000,138.000,119.000
560.000,448.000,136.000,117.000
560.000,444.000,137.000,117.000
562.000,443.000,136.000,117.000
561.000,442.000,136.000,116.000
566.000,443.000,134.000,119.000
565.000,441.000,137.000,117.000
567.000,446.000,140.000,115.000
569.000,446.000,136.000,115.000
573.000,450.000,132.000,113.000
569.000,446.000,135.000,114.000
576.000,450.000,136.000,116.000
579.000,449.000,129.000,113.000
579.000,451.000,129.000,114.000
583.000,453.000,130.000,114.000
581.000,452.000,132.000,109.000
582.000,450.000,132.000,111.000
585.000,448.000,130.000,116.000
581.716,452.094,129.771,117.140
586.665,450.634,131.731,115.870
591.000,448.000,128.000,111.000
592.000,450.000,127.000,109.000
591.000,450.000,133.000,110.000
591.000,446.000,129.000,109.000
591.000,445.000,132.000,113.000
592.000,444.000,133.000,113.000
592.000,444.000,133.000,111.000
592.000,446.000,134.000,112.000
591.000,441.000,129.000,110.000
595.000,446.000,129.000,113.000
592.000,446.000,132.000,110.000
591.000,445.000,130.000,113.000
595.000,447.000,121.000,109.000
591.000,448.000,128.000,109.000
593.000,447.000,127.000,109.000
592.000,447.000,125.000,106.000
593.000,449.000,126.000,108.000
592.000,446.000,127.000,105.000
593.000,448.000,126.000,107.000
591.000,445.000,124.000,106.000
592.000,454.000,124.000,108.000
589.000,450.000,127.000,104.000
590.000,455.000,127.000,108.000
590.000,454.000,121.000,103.000
590.000,459.000,120.000,103.000
592.000,459.000,124.000,105.000
590.000,457.000,123.000,102.000
589.000,460.000,124.000,102.000
589.000,458.000,117.000,105.000
592.000,460.000,122.000,104.000
582.020,461.591,119.397,104.886
589.927,463.410,119.558,104.132
589.000,459.000,122.000,103.000
588.000,461.000,119.000,102.000
591.000,459.000,117.000,99.000
589.000,463.000,116.000,99.000
592.000,460.000,116.000,97.000
591.000,460.000,119.000,100.000
590.000,459.000,116.000,99.000
589.000,460.000,117.000,100.000
590.000,460.000,115.000,98.000
589.000,461.000,117.000,98.000
589.000,458.000,121.000,100.000
590.000,458.000,114.000,102.000
590.000,456.000,115.000,97.000
588.000,461.000,120.000,97.000
587.000,457.000,119.000,99.000
586.000,456.000,121.000,102.000
588.000,453.000,115.000,99.000
591.000,456.000,113.000,101.000
587.000,458.000,114.000,97.000
588.000,457.000,118.000,101.000
588.000,458.000,115.000,96.000
587.000,456.000,113.000,99.000
589.000,460.000,116.000,98.000
583.000,457.000,114.000,97.000
591.000,459.000,116.000,100.000
589.000,459.000,111.000,96.000
586.000,455.000,115.000,100.000
588.000,459.000,116.000,101.000
586.000,457.000,114.000,98.000
584.000,458.000,120.000,98.000
581.845,464.154,116.332,98.847
584.422,460.739,116.701,99.081
584.112,462.731,119.079,100.364
585.000,460.000,111.000,97.000
581.993,464.966,113.223,100.882
582.000,458.000,112.000,97.000
580.000,457.000,115.000,100.000
586.000,458.000,113.000,99.000
582.000,459.000,112.000,97.000
580.000,459.000,113.000,99.000
580.000,456.000,114.000,95.000
579.000,459.000,115.000,100.000
578.000,458.000,119.000,96.000
581.000,454.000,115.000,97.000
578.000,456.000,117.000,96.000
578.707,457.476,115.838,104.215
577.000,453.000,115.000,95.000
579.000,453.000,114.000,99.000
580.000,450.000,116.000,98.000
579.000,450.000,113.000,100.000
578.000,450.000,114.000,99.000
582.000,448.000,111.000,98.000
578.000,451.000,116.000,99.000
581.000,448.000,112.000,97.000
580.000,455.000,115.000,97.000
579.266,458.540,112.490,101.619
580.000,454.000,112.000,93.000
576.051,460.953,118.859,102.306
580.000,454.000,111.000,95.000
575.870,461.162,120.103,100.893
584.000,453.000,110.000,97.000
582.000,454.000,113.000,96.000
575.537,455.306,114.639,98.667
581.000,452.000,118.000,96.000
582.000,449.000,112.000,94.000
586.000,453.000,112.000,98.000
583.000,452.000,114.000,95.000
583.000,448.000,117.000,97.000
586.000,454.000,116.000,96.000
587.000,451.000,112.000,94.000
588.000,451.000,113.000,99.000
587.000,453.000,114.000,95.000
586.000,452.000,113.000,97.000
590.000,454.000,110.000,96.000
588.000,454.000,115.000,93.000
589.000,451.000,113.000,98.000
590.000,452.000,114.000,96.000
591.000,453.000,114.000,98.000
588.000,452.000,117.000,96.000
592.000,452.000,110.000,94.000
588.000,453.000,113.000,94.000
591.000,454.000,111.000,97.000
590.000,453.000,115.000,97.000
590.000,454.000,114.000,97.000
592.000,455.000,113.000,96.000
592.000,454.000,115.000,96.000
593.000,454.000,114.000,95.000
593.000,456.000,113.000,97.000
591.000,455.000,115.000,93.000
593.000,455.000,114.000,94.000
594.000,455.000,113.000,93.000
595.000,457.000,112.000,95.000
596.000,458.000,114.000,92.000
596.000,457.000,112.000,94.000
591.256,460.304,110.943,97.457
597.000,457.000,111.000,93.000
597.000,455.000,113.000,94.000
601.000,453.000,110.000,95.000
596.000,455.000,116.000,94.000
600.000,454.000,111.000,94.000
599.000,455.000,115.000,94.000
600.000,452.000,113.000,93.000
597.000,451.000,114.000,98.000
602.000,451.000,112.000,97.000
602.000,451.000,109.000,94.000
606.000,453.000,107.000,94.000
602.000,452.000,113.000,94.000
604.000,453.000,109.000,95.000
605.000,451.000,113.000,93.000
604.000,452.000,111.000,97.000
603.815,459.880,111.635,102.128
604.000,455.000,112.000,95.000
603.000,454.000,113.000,96.000
606.000,456.000,111.000,94.000
605.204,465.477,111.846,97.475
606.000,456.000,110.000,95.000
607.852,466.064,110.745,98.983
608.000,456.000,107.000,93.000
605.689,466.570,113.244,96.894
607.000,460.000,112.000,91.000
606.930,465.440,114.550,95.640
608.000,461.000,114.000,94.000
602.323,463.889,118.183,94.531
607.000,458.000,111.000,95.000
603.236,464.453,115.588,96.151
606.000,458.000,112.000,96.000
600.981,460.219,111.831,95.900
604.783,461.696,109.971,95.479
605.000,456.000,112.000,95.000
602.000,460.000,114.000,94.000
603.000,458.000,111.000,92.000
603.000,457.000,108.000,93.000
602.000,458.000,112.000,93.000
600.000,458.000,113.000,93.000
597.000,454.000,111.000,95.000
599.000,459.000,108.000,94.000
598.000,458.000,106.000,91.000
596.000,455.000,107.000,95.000
595.000,456.000,110.000,95.000
593.000,456.000,111.000,95.000
592.000,457.000,114.000,96.000
595.000,457.000,110.000,95.000
593.000,458.000,114.000,95.000
590.000,458.000,114.000,96.000
586.000,456.000,120.000,95.000
592.000,456.000,111.000,97.000
589.000,456.000,115.000,93.000
588.000,457.000,114.000,95.000
586.000,453.000,112.000,95.000
589.000,457.000,109.000,95.000
586.000,457.000,112.000,90.000
585.000,457.000,113.000,97.000
587.000,454.000,112.000,92.000
586.000,455.000,114.000,95.000
586.000,456.000,116.000,98.000
583.000,455.000,116.000,94.000
584.000,456.000,115.000,96.000
586.000,458.000,114.000,95.000
577.581,459.432,114.695,97.871
586.000,456.000,116.000,93.000
586.000,456.000,118.000,99.000
584.000,454.000,116.000,96.000
588.000,454.000,115.000,97.000
585.000,456.000,118.000,97.000
587.000,453.000,115.000,97.000
585.000,453.000,121.000,97.000
585.000,454.000,120.000,97.000
587.000,453.000,118.000,99.000
588.000,455.000,116.000,95.000
586.000,454.000,118.000,97.000
585.000,452.000,122.000,102.000
587.000,453.000,122.000,100.000
586.000,453.000,121.000,99.000
589.000,452.000,120.000,98.000
588.000,452.000,120.000,101.000
587.000,452.000,119.000,99.000
588.000,455.000,116.000,99.000
590.000,456.000,117.000,94.000
588.000,455.000,121.000,99.000
589.000,453.000,117.000,98.000
588.000,452.000,118.000,99.000
587.000,455.000,124.000,99.000
587.000,452.000,120.000,98.000
590.000,450.000,119.000,99.000
588.000,450.000,120.000,97.000
588.000,454.000,122.000,100.000
584.000,450.000,124.000,97.000
589.000,451.000,120.000,101.000
585.000,448.000,123.000,98.000
584.000,447.000,122.000,101.000
579.046,452.846,119.089,104.442
583.000,450.000,123.000,100.000
582.000,449.000,128.000,99.000
583.000,451.000,122.000,101.000
581.000,453.000,123.000,99.000
579.000,450.000,124.000,101.000
581.000,449.000,120.000,102.000
579.000,452.000,123.000,104.000
579.000,450.000,120.000,98.000
578.000,450.000,121.000,104.000
578.000,449.000,121.000,104.000
578.000,447.000,120.000,105.000
578.000,454.000,118.000,102.000
577.000,451.000,121.000,101.000
577.000,452.000,118.000,104.000
578.000,452.000,119.000,100.000
577.000,451.000,120.000,102.000
578.000,451.000,122.000,101.000
574.000,447.000,124.000,102.000
579.000,450.000,121.000,105.000
578.000,447.000,123.000,102.000
580.000,451.000,123.000,103.000
581.000,450.000,123.000,101.000
581.000,448.000,128.000,102.000
583.000,450.000,128.000,103.000
581.000,449.000,132.000,102.000
585.000,447.000,128.000,104.000
585.000,450.000,133.000,105.000
586.000,446.000,131.000,101.000
594.000,450.000,126.000,103.000
594.000,442.000,127.000,105.000
596.000,444.000,130.000,108.000
594.992,452.330,127.458,109.765
599.723,451.260,130.774,104.670
601.130,452.208,131.328,106.040
607.248,447.616,127.902,106.998
612.592,445.268,126.651,109.507
615.000,438.000,127.000,103.000
626.000,439.000,119.000,103.000
627.000,437.000,125.000,104.000
633.000,438.000,122.000,105.000
633.247,442.215,127.552,111.710
644.000,437.000,117.000,105.000
650.000,435.000,119.000,104.000
651.478,441.374,129.850,111.819
658.000,437.000,123.000,105.000
663.000,435.000,119.000,102.000
671.000,434.000,118.000,106.000
675.000,434.000,116.000,106.000
677.000,436.000,119.000,106.000
683.000,435.000,117.000,102.000
687.000,437.000,117.000,104.000
696.000,434.000,113.000,104.000
695.951,437.324,118.331,108.318
700.476,435.887,118.595,110.951
704.336,435.232,118.506,111.083
715.000,436.000,113.000,99.000
711.698,439.636,116.671,103.627
716.181,438.457,117.675,104.005
727.000,437.000,111.000,97.000
723.766,443.925,111.843,99.521
730.255,441.449,114.634,101.201
739.000,443.000,107.000,95.000
736.525,446.098,110.959,95.516
738.527,445.550,112.495,99.904
744.668,446.296,112.195,99.901
755.000,450.000,105.000,93.000
759.000,453.000,103.000,90.000
758.000,452.000,108.000,90.000
764.000,452.000,105.000,88.000
769.000,452.000,100.000,90.000
768.000,452.000,105.000,88.000
774.000,451.000,102.000,85.000
780.000,452.000,100.000,86.000
779.000,453.000,105.000,85.000
780.000,451.000,107.000,89.000
789.000,455.000,97.000,86.000
792.000,454.000,97.000,84.000
795.000,452.000,99.000,85.000
803.000,454.000,91.000,86.000
801.000,452.000,98.000,82.000
799.689,453.289,97.735,84.853
807.000,457.000,100.000,81.000
806.565,453.018,100.619,84.939
816.000,457.000,96.000,79.000
812.968,454.436,97.512,81.793
820.000,458.000,97.000,79.000
826.000,456.000,92.000,78.000
830.000,455.000,92.000,80.000
834.000,457.000,91.000,78.000
832.000,457.000,94.000,80.000
835.000,457.000,94.000,76.000
835.000,458.000,95.000,78.000
841.000,457.000,92.000,79.000
844.000,458.000,94.000,77.000
844.000,457.000,91.000,75.000
840.066,455.438,96.341,77.727
849.000,458.000,89.000,76.000
853.000,457.000,88.000,74.000
853.000,465.000,91.000,73.000
844.510,460.639,91.956,76.596
850.000,462.000,94.000,75.000
848.203,460.537,94.128,76.358
848.357,461.180,94.087,75.678
856.000,463.000,90.000,73.000
864.000,466.000,82.000,71.000
858.468,468.096,83.337,72.220
862.000,469.000,85.000,69.000
864.000,470.000,81.000,69.000
856.000,475.000,91.000,67.000
857.000,471.000,88.000,69.000
864.000,472.000,81.000,68.000
866.000,474.000,81.000,69.000
857.742,472.733,82.420,70.679
854.395,471.979,86.416,71.098
857.000,474.000,87.000,69.000
852.817,472.613,88.242,70.146
850.079,473.158,90.951,69.827
848.233,473.083,92.191,70.027
846.290,473.375,92.664,69.280
856.000,474.000,83.000,66.000
847.602,477.437,80.926,68.785
840.798,475.970,86.974,70.564
850.000,484.000,74.000,57.000
843.657,479.961,79.330,65.806
849.000,478.000,71.000,64.000
838.000,479.000,80.000,65.000
828.000,476.000,83.000,64.000
816.787,475.982,84.721,65.547
814.315,473.570,88.925,67.123
822.000,475.000,80.000,62.000
821.000,475.000,75.000,62.000
817.000,475.000,75.000,63.000
813.019,476.477,73.881,63.824
814.000,475.000,73.000,61.000
807.000,479.000,74.000,55.000
799.000,493.000,80.000,41.000
803.000,476.000,71.000,58.000
801.000,474.000,72.000,59.000
788.000,473.000,82.000,58.000
786.000,477.000,81.000,54.000
779.000,479.000,85.000,54.000
775.000,480.000,85.000,47.000
770.000,487.000,88.000,38.000
772.000,486.000,84.000,40.000
772.000,486.000,79.000,40.000
774.000,472.000,74.000,54.000
766.000,469.000,78.000,56.000
758.000,468.000,85.000,59.000
754.000,469.000,84.000,54.000
754.000,468.000,84.000,59.000
750.000,474.000,84.000,56.000
749.000,471.000,81.000,56.000
746.000,473.000,78.000,52.000
742.000,476.000,84.000,54.000
744.000,467.000,77.000,56.000
738.000,470.000,81.000,56.000
737.000,471.000,82.000,55.000
738.000,472.000,78.000,56.000
737.000,468.000,75.000,54.000
730.566,467.108,77.008,59.183
726.980,467.081,79.712,58.113
723.172,466.220,80.450,57.820
720.796,465.725,82.851,59.433
718.293,464.286,81.340,59.086
713.575,465.149,80.906,59.191
713.698,467.624,79.550,58.359
709.300,466.678,79.616,58.139
706.486,465.328,78.499,58.953
701.260,465.580,77.891,57.505
700.825,468.149,76.043,57.797
697.468,467.057,75.914,57.868
694.743,466.824,76.367,57.330
691.800,468.668,74.855,56.579
689.352,467.298,74.782,56.542
686.206,466.818,74.117,56.524
684.234,465.180,74.625,57.481
681.460,465.354,73.485,57.206
680.618,465.927,72.693,56.555
678.643,464.946,72.109,56.734
674.543,466.473,70.648,56.810
673.023,467.442,70.140,56.812
671.379,467.388,69.536,57.017
668.713,467.587,69.733,56.547
666.415,468.621,68.791,56.130
664.588,468.125,69.015,55.823
660.688,470.338,67.951,55.400
658.680,469.779,68.385,54.948
656.999,469.481,69.377,54.841
664.000,471.000,61.000,50.000
655.516,472.285,63.745,52.200
660.000,472.000,64.000,52.000
651.624,471.564,64.282,52.219
662.000,472.000,58.000,53.000
659.000,473.000,57.000,52.000
654.000,472.000,62.000,51.000
655.000,473.000,61.000,50.000
656.000,477.000,61.000,52.000
652.000,475.000,61.000,51.000
653.000,476.000,58.000,53.000
652.000,477.000,59.000,54.000
650.000,475.000,56.000,52.000
650.000,478.000,58.000,54.000
645.000,477.000,60.000,52.000
644.000,476.000,61.000,52.000
645.000,475.000,60.000,51.000
642.000,474.000,61.000,54.000
642.000,472.000,58.000,50.000
641.000,474.000,59.000,53.000
641.000,471.000,57.000,51.000
642.000,475.000,57.000,51.000
640.000,473.000,60.000,51.000
639.000,472.000,61.000,53.000
637.000,473.000,60.000,54.000
638.000,473.000,63.000,54.000
639.000,472.000,60.000,52.000
637.000,472.000,61.000,54.000
637.000,471.000,59.000,52.000
638.000,471.000,60.000,53.000
640.000,470.000,57.000,52.000
638.000,468.000,58.000,54.000
640.000,469.000,56.000,53.000
640.000,468.000,56.000,53.000
638.000,466.000,59.000,53.000
637.627,468.841,58.926,55.809
636.094,465.537,60.951,55.793
637.523,468.164,60.268,57.266
636.690,466.793,59.999,56.347
637.120,468.228,58.839,56.507
641.000,470.000,53.000,53.000
634.890,468.532,61.686,55.662
639.000,470.000,58.000,52.000
635.353,468.358,59.970,54.470
635.499,468.863,59.461,54.090
635.141,469.479,59.468,54.357
635.352,468.964,61.473,54.552
634.287,467.457,62.472,55.266
633.732,466.942,63.959,55.260
633.631,468.092,62.960,55.142
634.066,467.523,63.718,54.381
634.333,467.963,62.132,55.126
636.000,472.000,61.000,50.000
633.651,469.242,62.878,54.543
632.344,467.625,65.086,54.708
632.765,469.974,62.145,53.670
632.982,469.261,63.601,55.229
635.000,475.000,60.000,50.000
632.301,471.306,62.598,53.319
636.000,470.000,56.000,51.000
632.699,470.761,59.616,54.757
631.291,468.199,61.242,54.243
634.000,472.000,59.000,47.000
631.532,470.268,60.000,53.764
632.000,467.000,60.000,51.000
629.000,468.000,64.000,51.000
632.000,466.000,60.000,47.000
630.166,469.174,59.868,50.643
632.000,468.000,57.000,47.000
627.000,468.000,62.000,45.000
627.000,475.000,61.000,39.000
626.000,464.000,59.000,47.000
625.000,466.000,58.000,44.000
623.000,468.000,58.000,42.000
619.789,465.865,62.159,47.734
618.832,461.502,60.947,48.115
616.709,461.842,63.400,52.416
619.000,464.000,59.000,48.000
612.982,464.224,62.985,50.533
611.794,464.129,62.967,51.611
610.153,463.407,62.598,51.736
609.228,464.517,62.051,51.570
608.304,464.881,61.999,50.825
608.252,465.348,60.651,51.875
607.581,463.354,63.087,53.218
607.979,463.346,62.453,51.633
609.362,464.300,61.880,50.240
610.809,462.050,61.446,51.967
611.925,462.374,61.025,51.384
613.214,459.333,61.134,53.408
615.627,461.003,59.005,52.515
617.524,460.221,61.097,53.726
619.293,462.718,59.069,53.698
618.956,464.988,61.669,52.697
618.844,465.616,60.387,53.036
619.547,465.851,60.515,52.646
620.639,463.438,59.407,53.508
618.538,464.756,60.309,53.293
620.386,462.470,59.702,52.801
625.000,461.000,56.000,49.000
622.000,460.000,58.000,50.000
619.942,460.327,57.624,50.872
621.228,459.571,57.077,50.077
620.585,459.335,56.765,51.943
620.759,458.519,57.365,51.812
620.930,460.608,57.244,51.374
617.674,461.614,58.152,50.875
619.741,460.013,57.161,52.383
618.402,461.938,57.808,51.799
616.057,461.442,58.082,51.288
621.000,464.000,54.000,49.000
613.501,462.613,57.923,51.562
621.000,465.000,54.000,48.000
619.000,466.000,55.000,48.000
621.000,467.000,55.000,49.000
615.916,468.908,58.819,52.710
617.935,468.432,59.308,52.126
618.039,468.267,59.551,51.862
619.509,467.291,58.836,51.924
618.631,467.589,58.911,52.497
620.016,467.237,59.341,51.936
620.031,466.690,59.462,52.982
619.598,466.154,61.145,52.171
620.385,465.124,60.543,54.125
622.499,463.575,60.617,54.483
623.909,466.018,61.042,53.508
624.300,466.653,59.729,55.707
629.000,469.000,56.000,49.000
627.155,467.839,59.155,54.455
627.306,467.901,59.999,53.747
627.033,468.231,61.108,54.912
627.477,469.608,60.778,51.226
627.694,469.336,59.393,50.714
629.013,471.188,58.253,52.245
631.327,471.930,59.242,50.857
633.139,471.195,58.258,50.190
633.772,470.358,59.037,51.208
635.558,469.865,58.541,51.919
636.572,470.075,59.299,51.171
639.228,469.126,58.977,51.421
641.966,468.123,59.173,51.604
646.000,469.000,56.000,47.000
642.694,469.728,57.848,51.352
645.577,469.191,58.398,50.489
647.312,468.707,56.699,52.849
652.000,470.000,56.000,48.000
649.257,471.040,58.157,52.032
649.983,469.362,57.762,49.837
649.097,468.373,59.107,48.666
651.447,466.605,56.987,49.856
649.998,465.629,58.181,49.782
652.518,465.018,56.697,49.440
652.750,466.375,57.045,50.617
651.844,469.148,57.316,49.798
651.480,469.354,60.757,50.415
650.972,468.943,59.358,50.925
651.789,470.658,58.300,49.357
651.628,471.691,58.742,50.126
651.927,470.450,60.632,50.213
656.000,470.000,56.000,47.000
653.070,470.548,57.587,50.644
653.127,470.754,58.877,49.963
655.364,470.008,57.581,51.677
659.000,471.000,54.000,48.000
657.502,471.451,56.785,49.754
657.791,469.635,57.098,48.462
658.716,469.380,57.316,50.134
660.241,468.432,58.150,49.241
659.710,467.860,57.643,49.730
660.890,468.510,57.993,49.939
660.897,467.588,58.011,50.354
665.000,469.000,52.000,48.000
660.867,469.486,56.620,50.614
663.000,469.000,55.000,47.000
659.338,467.586,56.932,50.629
663.000,466.000,52.000,45.000
659.252,465.747,56.418,50.943
661.000,466.000,54.000,50.000
660.000,464.000,54.000,46.000
655.075,464.239,57.737,50.304
653.768,463.169,57.827,48.251
653.143,464.361,57.938,51.661
651.892,464.049,59.328,49.002
651.301,463.294,59.221,49.559
652.005,462.786,57.764,49.226
650.869,464.842,57.575,48.859
649.563,462.142,57.932,48.797
652.000,463.000,56.000,46.000
648.917,464.566,57.929,50.537
649.000,464.000,54.000,44.000
648.517,464.854,60.154,50.049
650.000,463.000,53.000,46.000
651.000,468.000,52.000,45.000
649.000,466.000,52.000,46.000
646.399,469.647,55.511,48.659
648.000,470.000,54.000,47.000
646.829,471.210,55.175,47.759
649.000,470.000,53.000,45.000
649.000,469.000,52.000,47.000
645.789,470.635,53.930,49.375
645.932,469.362,55.641,48.148
649.000,469.000,51.000,46.000
646.831,469.563,53.284,50.476
648.000,467.000,51.000,47.000
646.920,469.216,53.571,50.455
650.000,472.000,51.000,45.000
647.009,468.455,53.062,47.753
653.000,466.000,47.000,46.000
649.716,466.996,50.567,48.135
648.611,464.891,53.123,46.883
648.657,464.098,53.302,50.323
648.059,461.720,54.320,47.637
650.000,462.000,51.000,44.000
651.000,463.000,50.000,44.000
650.000,460.000,50.000,45.000
653.000,462.000,49.000,45.000
650.000,460.000,50.000,45.000
649.000,461.000,51.000,47.000
650.000,461.000,50.000,46.000
649.000,462.000,51.000,46.000
651.000,462.000,48.000,44.000
649.000,465.000,52.000,45.000
649.000,465.000,51.000,46.000
653.000,466.000,47.000,45.000
650.000,464.000,49.000,44.000
653.000,463.000,47.000,44.000
651.000,464.000,49.000,43.000
650.063,465.758,49.834,45.059
647.394,465.400,52.437,43.864
647.842,465.342,51.085,47.275
646.672,466.516,51.935,47.593
645.243,466.652,51.914,47.490
645.908,466.834,51.852,49.145
644.035,468.135,51.826,47.933
643.435,469.742,51.813,47.845
642.304,468.528,53.737,47.061
641.503,469.355,53.381,49.092
640.834,468.514,53.722,48.138
640.623,469.213,52.285,48.451
638.720,469.788,54.127,47.687
638.610,468.374,53.814,48.102
636.337,468.673,54.614,46.832
635.332,468.310,54.080,47.652
633.433,467.271,55.193,47.171
632.730,467.363,54.004,47.858
631.559,467.704,53.851,47.382
636.000,468.000,47.000,43.000
630.623,469.954,51.384,46.792
626.666,469.092,54.818,45.300
625.185,468.525,55.736,46.212
623.732,470.866,55.504,46.339
621.970,471.510,56.479,46.213
620.067,471.763,56.654,46.968
626.000,473.000,49.000,44.000
620.448,475.063,51.860,46.585
617.309,475.517,54.226,46.451
623.000,475.000,45.000,44.000
617.140,477.193,49.891,46.752
619.000,476.000,48.000,44.000
614.527,478.651,48.950,43.839
610.478,477.105,52.556,44.212
615.000,475.000,45.000,43.000
610.780,476.354,47.738,44.641
606.753,475.397,51.669,45.534
604.564,473.644,52.368,46.206
608.000,475.000,49.000,45.000
600.708,476.316,51.508,46.264
604.000,475.000,47.000,43.000
602.000,475.000,47.000,44.000
602.000,472.000,47.000,44.000
597.000,472.000,48.000,44.000
596.000,471.000,48.000,44.000
593.000,472.000,51.000,43.000
589.287,471.380,52.459,44.619
585.971,469.944,54.415,44.915
584.321,469.374,56.383,45.727
581.617,469.912,57.493,44.738
579.342,469.900,58.744,45.739
580.000,470.000,55.000,43.000
576.393,470.436,54.230,44.935
578.000,469.000,47.000,40.000
576.000,470.000,49.000,43.000
572.938,469.468,49.354,43.593
571.980,468.010,48.262,44.581
571.294,466.884,49.170,44.908
569.672,465.899,48.152,45.974
571.000,465.000,46.000,44.000
566.679,467.929,47.970,47.170
564.846,466.734,49.789,46.462
567.000,472.000,47.000,42.000
564.000,471.000,50.000,42.000
562.226,473.344,48.888,42.705
559.423,473.459,49.381,44.081
558.603,473.757,50.580,43.937
556.560,473.124,49.352,45.323
555.844,474.470,49.830,45.384
554.710,473.721,49.166,45.375
553.810,473.261,48.636,45.789
551.901,472.992,48.825,46.348
551.057,472.487,50.074,45.698
552.000,472.000,47.000,40.000
549.226,473.709,51.258,45.246
552.000,472.000,47.000,41.000
546.342,473.875,49.743,45.389
544.806,471.054,51.605,44.776
541.783,471.769,53.952,46.896
545.000,471.000,48.000,42.000
538.944,471.516,54.360,47.496
543.000,473.000,48.000,45.000
536.387,469.917,53.762,47.799
538.306,467.430,53.164,48.279
538.043,467.971,53.642,50.118
536.524,467.490,54.043,48.634
536.403,468.397,53.387,50.591
538.000,474.000,47.000,43.000
533.544,472.612,50.504,47.245
536.000,475.000,48.000,46.000
529.613,471.005,54.098,47.877
532.000,472.000,52.000,45.000
531.043,468.837,54.062,49.678
529.943,468.061,56.092,50.175
529.920,467.246,56.812,50.595
529.669,465.399,57.917,52.316
530.928,467.549,57.655,49.478
529.625,467.210,57.435,50.073
531.464,466.336,56.611,50.588
531.370,466.105,57.903,51.149
531.594,467.223,57.884,50.800
533.547,466.460,57.430,50.605
534.660,467.132,58.225,50.943
535.842,466.826,58.701,51.263
536.579,465.470,58.595,51.439
537.880,465.138,57.983,51.882
539.996,464.094,58.247,51.697
542.144,462.426,57.407,52.121
543.748,460.901,57.786,52.174
545.775,461.164,57.482,52.275
548.469,461.901,56.931,52.622
550.786,462.312,56.824,52.784
550.401,462.103,58.002,52.787
552.516,461.300,58.024,53.477
554.105,460.571,59.111,54.085
555.258,459.777,59.142,54.523
556.989,459.555,59.719,54.165
558.157,459.667,60.589,53.935
559.454,459.014,61.112,53.202
561.519,458.380,61.048,53.350
562.395,457.451,62.186,54.296
563.866,457.346,61.768,54.548
565.857,457.384,62.128,54.215
567.886,456.127,62.141,55.053
569.495,456.137,62.651,54.757
571.467,456.797,62.605,54.095
573.397,457.300,62.045,54.601
574.877,456.909,62.546,54.317
582.000,468.000,57.000,43.000
585.000,472.000,53.000,38.000
585.000,468.000,55.000,43.000
587.000,466.000,55.000,46.000
586.000,462.000,56.000,49.000
590.000,466.000,55.000,46.000
589.000,460.000,55.000,48.000
590.000,464.000,58.000,48.000
592.000,469.000,56.000,44.000
594.000,466.000,54.000,46.000
591.808,465.243,56.599,48.646
597.000,466.000,56.000,47.000
599.000,466.000,56.000,42.000
598.107,464.223,58.345,46.965
603.000,464.000,56.000,47.000
600.526,461.480,57.762,47.762
606.000,468.000,55.000,45.000
602.824,463.194,55.726,48.634
608.000,464.000,53.000,45.000
609.000,469.000,53.000,45.000
606.871,468.004,54.865,47.888
607.325,466.427,56.207,47.946
614.000,469.000,49.000,47.000
611.091,468.132,55.161,47.144
617.000,470.000,50.000,43.000
615.955,469.645,55.224,47.810
621.000,466.000,50.000,46.000
622.000,470.000,53.000,44.000
621.372,469.977,54.155,45.429
624.000,467.000,53.000,44.000
624.952,467.219,55.278,46.212
626.000,465.000,54.000,45.000
626.519,467.453,54.102,44.845
626.369,467.547,54.327,43.814
626.053,467.580,55.468,46.406
626.671,466.197,56.088,46.101
625.635,467.722,55.337,47.070
631.000,471.000,54.000,44.000
626.324,469.437,55.130,45.242
627.453,469.917,55.295,45.986
633.000,471.000,52.000,43.000
630.615,472.420,54.024,45.128
634.000,470.000,51.000,46.000
631.997,472.084,54.284,45.288
633.678,470.146,53.347,46.720
634.214,471.092,53.158,45.748
634.631,471.072,53.460,46.806
637.355,469.472,53.060,46.527
638.876,468.549,52.022,47.660
641.232,467.721,52.059,48.297
643.000,468.000,51.000,45.000
644.879,467.752,51.313,49.230
647.000,465.000,51.000,46.000
648.000,466.000,50.000,45.000
649.000,465.000,51.000,45.000
647.760,465.739,52.381,46.948
651.000,465.000,50.000,44.000
648.509,466.893,53.243,47.294
650.000,468.000,52.000,46.000
653.000,469.000,50.000,45.000
650.259,470.852,51.289,48.922
653.000,469.000,49.000,44.000
653.000,467.000,49.000,43.000
654.000,465.000,49.000,45.000
652.644,466.483,49.602,47.019
652.000,464.000,51.000,44.000
652.000,465.000,52.000,46.000
648.162,463.882,54.021,47.087
649.000,467.000,52.000,44.000
646.724,467.330,54.704,47.413
649.000,472.000,49.000,45.000
649.000,472.000,50.000,45.000
646.331,471.472,52.234,49.358
649.000,475.000,50.000,43.000
650.000,473.000,49.000,44.000
651.000,472.000,50.000,44.000
648.651,471.623,50.443,47.560
652.000,470.000,49.000,44.000
651.000,471.000,51.000,44.000
651.000,470.000,50.000,43.000
652.000,471.000,51.000,44.000
652.000,472.000,49.000,42.000
649.902,471.505,51.826,46.247
649.000,471.000,50.000,43.000
652.000,471.000,50.000,44.000
645.611,471.405,52.627,46.847
648.000,470.000,52.000,46.000
646.010,470.506,52.721,47.136
649.000,472.000,51.000,46.000
648.000,471.000,50.000,43.000
648.000,473.000,51.000,45.000
650.000,472.000,49.000,44.000
651.000,472.000,50.000,44.000
650.000,473.000,50.000,45.000
651.000,470.000,51.000,44.000
650.000,471.000,51.000,43.000
652.152,472.094,49.973,43.468
651.522,470.434,50.362,44.485
652.000,464.000,51.000,45.000
652.000,466.000,52.000,46.000
652.000,464.000,49.000,44.000
652.000,465.000,49.000,43.000
651.000,466.000,52.000,43.000
653.000,469.000,50.000,45.000
651.000,468.000,51.000,43.000
652.000,465.000,51.000,46.000
651.000,469.000,52.000,44.000
651.000,468.000,51.000,45.000
650.000,467.000,52.000,46.000
650.000,468.000,51.000,46.000
647.895,469.004,53.369,47.575
650.000,468.000,51.000,46.000
645.792,468.411,54.036,47.697
651.000,467.000,50.000,45.000
648.000,468.000,51.000,46.000
648.000,468.000,49.000,45.000
644.619,467.999,51.749,46.895
647.000,467.000,50.000,46.000
646.000,468.000,49.000,44.000
646.000,469.000,49.000,45.000
647.000,466.000,50.000,44.000
644.000,469.000,50.000,45.000
644.000,468.000,51.000,44.000
642.000,468.000,50.000,45.000
641.000,469.000,52.000,44.000
640.000,469.000,52.000,46.000
637.000,468.000,53.000,45.000
639.000,469.000,51.000,47.000
634.177,472.219,52.804,47.278
634.000,469.000,52.000,48.000
634.000,469.000,50.000,48.000
632.000,469.000,51.000,47.000
632.000,470.000,50.000,46.000
632.000,470.000,48.000,45.000
629.000,467.000,50.000,45.000
625.000,467.000,54.000,46.000
623.000,465.000,54.000,43.000
621.000,466.000,58.000,46.000
621.000,461.000,56.000,45.000
622.000,464.000,57.000,44.000
621.000,461.000,61.000,44.000
620.000,464.000,60.000,44.000
619.000,462.000,59.000,45.000
619.000,464.000,60.000,44.000
618.000,466.000,62.000,47.000
617.000,468.000,57.000,44.000
618.000,467.000,52.000,45.000
618.000,468.000,49.000,46.000
617.000,467.000,51.000,43.000
615.000,469.000,54.000,44.000
613.000,467.000,57.000,45.000
612.000,466.000,55.000,46.000
612.000,465.000,56.000,45.000
611.000,465.000,56.000,46.000
610.000,465.000,53.000,47.000
609.000,464.000,52.000,45.000
607.000,464.000,57.000,45.000
610.000,465.000,51.000,47.000
606.000,464.000,52.000,47.000
606.000,464.000,54.000,47.000
604.211,468.511,55.454,47.249
605.000,468.000,51.000,47.000
602.000,465.000,54.000,46.000
601.000,469.000,54.000,45.000
601.000,465.000,53.000,47.000
594.975,467.057,58.534,48.261
598.000,465.000,56.000,47.000
593.549,465.307,58.454,50.325
596.000,464.000,59.000,46.000
592.935,464.738,59.911,51.012
592.309,464.917,61.029,48.715
592.391,463.911,60.325,48.725
597.000,466.000,54.000,48.000
589.438,466.830,60.458,48.594
596.000,467.000,51.000,48.000
592.001,465.182,55.388,46.965
598.000,466.000,51.000,47.000
594.000,465.000,51.000,45.000
591.607,465.451,53.811,48.953
590.497,463.589,55.070,47.032
589.707,464.067,55.057,50.539
592.000,463.000,53.000,47.000
589.617,464.468,54.519,50.688
591.000,462.000,57.000,49.000
590.000,466.000,57.000,46.000
592.000,463.000,55.000,49.000
587.646,463.221,54.484,51.975
586.288,463.642,55.799,48.985
591.000,463.000,49.000,48.000
585.172,465.248,57.175,50.121
590.000,461.000,48.000,49.000
583.896,463.432,57.163,53.220
588.000,465.000,52.000,48.000
587.000,463.000,51.000,48.000
588.000,464.000,50.000,48.000
585.000,462.000,54.000,51.000
587.000,464.000,49.000,50.000
587.000,464.000,51.000,49.000
585.000,464.000,55.000,47.000
586.000,466.000,53.000,49.000
585.000,466.000,53.000,48.000
584.000,465.000,53.000,46.000
584.000,466.000,54.000,48.000
586.000,468.000,53.000,48.000
587.000,469.000,51.000,46.000
585.000,469.000,53.000,46.000
584.000,467.000,51.000,45.000
584.000,470.000,53.000,44.000
585.000,470.000,52.000,47.000
583.000,468.000,54.000,47.000
582.000,468.000,53.000,47.000
582.000,467.000,51.000,47.000
581.000,468.000,54.000,46.000
581.000,467.000,53.000,46.000
579.000,468.000,53.000,48.000
578.000,466.000,54.000,47.000
581.000,465.000,52.000,47.000
579.000,466.000,54.000,48.000
578.000,466.000,55.000,48.000
577.000,467.000,54.000,47.000
576.000,466.000,56.000,46.000
576.000,466.000,54.000,48.000
577.000,465.000,53.000,48.000
575.000,463.000,56.000,49.000
574.609,466.868,57.571,48.695
573.739,464.968,57.450,47.386
573.833,465.929,57.733,48.830
573.753,464.816,58.019,47.216
572.413,466.452,59.275,49.790
575.000,466.000,59.000,47.000
571.100,465.944,57.598,50.311
574.000,466.000,59.000,48.000
571.199,467.715,58.675,49.637
569.666,467.379,60.313,48.298
573.000,465.000,60.000,48.000
572.000,466.000,58.000,48.000
570.940,467.174,61.395,50.122
571.406,466.275,61.961,49.131
571.892,464.904,62.769,49.536
573.161,465.030,62.255,50.808
573.532,465.180,63.440,51.217
577.000,465.000,61.000,49.000
575.562,464.259,62.988,51.952
576.487,463.644,62.912,51.561
577.880,460.924,61.887,53.166
578.888,459.806,62.762,54.554
584.000,461.000,58.000,49.000
582.115,460.644,63.704,54.663
583.800,457.291,60.672,55.505
587.000,460.000,59.000,51.000
588.000,463.000,61.000,51.000
585.519,463.174,59.934,51.656
587.140,461.779,60.990,51.021
588.266,460.949,60.312,51.826
589.785,461.273,60.118,52.892
590.524,461.328,59.963,52.758
591.891,461.626,58.815,51.102
594.052,460.951,58.742,50.548
594.533,460.701,58.323,51.215
594.403,461.034,59.099,50.820
594.293,461.458,59.324,50.394
595.245,461.578,58.577,51.858
594.611,460.709,59.475,52.285
594.509,460.652,59.351,52.052
594.316,460.770,59.960,51.493
595.393,461.161,59.555,52.924
593.630,460.760,60.539,52.784
594.080,460.230,59.770,53.957
594.182,460.085,60.031,53.998
594.851,460.712,60.136,53.860
593.485,460.208,60.936,54.243
594.003,459.833,60.726,53.556
594.850,460.800,60.503,53.134
594.814,460.287,61.573,52.634
600.000,462.000,55.000,48.000
595.864,463.006,60.522,51.323
594.331,463.616,62.323,48.988
593.553,463.175,63.173,49.492
593.291,463.400,62.959,50.788
602.000,468.000,57.000,47.000
598.126,466.002,60.419,48.258
598.786,463.609,59.634,51.253
598.964,459.921,59.876,52.329
599.422,459.640,60.597,55.178
601.179,456.829,60.737,54.157
600.891,455.602,61.060,55.980
600.560,457.229,60.896,55.989
605.000,460.000,56.000,50.000
602.926,461.900,57.613,50.515
602.437,460.466,57.401,50.387
604.000,459.000,53.000,48.000
602.182,458.715,57.210,52.690
601.633,457.708,56.659,49.910
603.279,457.050,55.881,52.953
601.755,457.415,56.838,52.293
599.894,457.695,58.545,52.036
601.005,458.523,57.455,52.798
599.936,458.886,58.157,52.132
601.085,460.266,56.772,53.506
600.060,461.343,58.094,52.155
600.227,461.807,57.422,51.313
605.000,464.000,54.000,46.000
601.164,463.868,57.521,50.551
601.963,462.532,56.628,50.657
606.000,463.000,54.000,47.000
602.674,462.584,55.200,49.941
601.961,462.281,56.884,50.019
601.461,461.308,58.107,50.505
601.779,460.668,57.453,51.735
601.368,460.258,58.095,52.166
600.863,459.304,59.042,52.620
601.900,459.735,58.882,52.562
601.448,459.547,59.289,52.151
601.112,459.786,59.338,52.308
605.000,463.000,53.000,48.000
602.447,462.366,58.481,50.001
602.503,462.197,58.085,50.955
602.857,462.644,59.076,50.367
602.224,462.285,60.166,49.297
604.045,462.245,59.891,51.260
606.000,461.000,57.000,46.000
608.000,459.000,54.000,51.000
608.000,464.000,54.000,46.000
608.000,462.000,55.000,48.000
610.000,462.000,55.000,48.000
609.000,464.000,54.000,47.000
610.000,463.000,54.000,48.000
611.000,461.000,53.000,49.000
609.000,461.000,55.000,48.000
613.000,460.000,53.000,50.000
611.000,461.000,54.000,49.000
613.000,460.000,52.000,46.000
612.000,460.000,52.000,49.000
612.000,459.000,53.000,47.000
614.000,458.000,51.000,49.000
614.000,460.000,52.000,47.000
613.000,461.000,54.000,49.000
614.000,460.000,53.000,48.000
614.000,459.000,53.000,49.000
614.000,463.000,57.000,49.000
614.000,462.000,55.000,46.000
617.000,460.000,53.000,49.000
616.000,460.000,53.000,48.000
615.032,461.909,56.569,50.853
614.682,461.906,58.275,49.396
620.000,464.000,52.000,47.000
619.000,462.000,54.000,47.000
619.000,461.000,52.000,48.000
619.000,461.000,54.000,50.000
616.475,461.725,58.634,50.483
616.946,461.337,58.748,49.336
618.856,460.477,58.441,49.840
618.668,462.503,59.427,47.197
618.255,461.464,57.944,48.862
619.044,461.199,58.648,47.930
620.148,461.974,57.282,49.961
620.052,462.590,58.230,49.083
621.067,462.152,58.039,48.818
620.487,462.288,57.567,49.445
622.581,462.968,57.075,48.710
624.300,462.621,55.665,48.849
623.145,462.972,56.573,48.694
624.763,461.621,55.599,48.115
624.752,461.662,55.850,50.358
629.000,462.000,52.000,46.000
625.309,463.015,55.722,49.594
627.558,462.046,56.190,48.117
625.859,462.430,56.574,51.173
627.275,462.062,55.879,50.246
628.836,462.488,56.086,50.651
628.844,463.764,56.882,49.363
629.987,465.026,56.220,50.725
631.168,464.490,57.301,48.762
631.634,464.558,55.851,50.694
632.748,463.328,57.344,48.861
634.405,464.001,56.500,50.315
635.584,464.570,57.062,48.898
636.162,465.072,57.273,48.942
637.045,465.573,58.362,48.487
640.000,464.000,57.000,45.000
639.883,466.186,60.100,51.099
646.000,467.000,57.000,44.000
646.427,466.561,59.298,48.743
652.000,462.000,56.000,46.000
653.450,464.665,55.724,48.494
655.000,462.000,59.000,45.000
661.000,465.000,56.000,45.000
663.000,463.000,56.000,44.000
668.000,462.000,55.000,48.000
671.000,462.000,54.000,44.000
676.000,461.000,53.000,45.000
679.000,459.000,56.000,47.000
683.000,458.000,53.000,45.000
688.000,460.000,52.000,46.000
690.000,458.000,55.000,45.000
690.000,457.000,56.000,44.000
692.000,457.000,58.000,45.000
702.000,456.000,51.000,46.000
705.000,455.000,51.000,46.000
708.000,454.000,50.000,46.000
712.000,455.000,49.000,46.000
715.000,456.000,53.000,46.000
717.000,455.000,55.000,44.000
720.000,455.000,56.000,46.000
725.000,456.000,53.000,45.000
728.000,456.000,50.000,43.000
730.000,456.000,51.000,44.000
732.000,455.000,49.000,45.000
736.000,455.000,49.000,47.000
736.000,455.000,47.000,43.000
740.000,457.000,48.000,45.000
739.000,456.000,50.000,43.000
742.000,455.000,48.000,46.000
743.000,457.000,51.000,44.000
746.000,456.000,50.000,43.000
750.000,457.000,48.000,43.000
746.466,458.015,50.713,43.687
751.000,458.000,50.000,43.000
755.000,456.000,50.000,43.000
756.000,457.000,49.000,43.000
758.000,457.000,49.000,43.000
760.000,457.000,49.000,44.000
763.000,461.000,47.000,42.000
764.000,462.000,50.000,41.000
763.000,462.000,49.000,41.000
771.000,463.000,47.000,43.000
773.000,464.000,47.000,42.000
776.000,464.000,45.000,40.000
780.000,465.000,45.000,40.000
781.000,465.000,48.000,39.000
783.000,465.000,48.000,41.000
785.000,464.000,49.000,40.000
789.000,464.000,48.000,41.000
793.000,464.000,46.000,41.000
797.000,465.000,46.000,42.000
799.000,466.000,46.000,41.000
802.000,466.000,47.000,41.000
807.000,465.000,45.000,40.000
809.000,466.000,45.000,40.000
812.000,466.000,46.000,41.000
818.000,465.000,45.000,42.000
821.000,468.000,47.000,41.000
823.000,466.000,47.000,41.000
826.000,466.000,46.000,41.000
830.000,466.000,46.000,40.000
837.000,466.000,42.000,37.000
838.000,466.000,46.000,39.000
842.000,465.000,45.000,38.000
842.712,466.432,46.341,40.338
847.000,466.000,47.000,40.000
856.000,468.000,45.000,38.000
859.000,467.000,44.000,39.000
860.000,468.000,46.000,39.000
865.000,470.000,44.000,39.000
867.000,469.000,45.000,37.000
867.000,469.000,47.000,38.000
872.000,468.000,45.000,39.000
878.000,472.000,43.000,35.000
879.000,468.000,46.000,38.000
880.000,466.000,44.000,37.000
882.000,465.000,47.000,38.000
885.000,466.000,45.000,41.000
889.000,464.000,43.000,38.000
891.000,464.000,44.000,38.000
891.000,464.000,46.000,37.000
894.000,463.000,46.000,37.000
892.000,464.000,48.000,37.000
896.000,462.000,47.000,40.000
898.000,462.000,47.000,38.000
901.000,466.000,46.000,35.000
902.000,464.000,47.000,37.000
906.000,470.000,44.000,33.000
909.000,467.000,43.000,36.000
909.000,469.000,45.000,35.000
912.000,469.000,44.000,36.000
912.000,473.000,45.000,34.000
915.000,471.000,44.000,34.000
917.000,471.000,47.000,37.000
917.000,471.000,47.000,34.000
923.000,471.000,44.000,34.000
922.368,471.388,45.480,34.361
928.000,468.000,41.000,33.000
929.000,474.000,41.000,30.000
922.000,477.000,49.000,26.000
922.000,479.000,52.000,22.000
923.000,480.000,52.000,22.000
927.000,470.000,47.000,32.000
928.000,474.000,48.000,28.000
928.000,477.000,48.000,25.000
928.000,478.000,48.000,22.000
929.000,479.000,49.000,23.000
929.000,474.000,50.000,28.000
929.000,477.000,49.000,23.000
930.000,468.000,49.000,33.000
929.881,465.645,52.085,34.151
934.000,470.000,42.000,28.000
936.000,472.000,43.000,27.000
934.000,475.000,44.000,23.000
933.000,469.000,43.000,26.000
932.000,473.000,43.000,23.000
935.000,463.000,41.000,30.000
931.000,471.000,43.000,23.000
930.000,473.000,45.000,21.000
929.000,468.000,45.000,26.000
931.000,470.000,43.000,25.000
930.941,469.745,43.631,26.036
930.640,469.735,43.855,27.250
930.442,470.506,43.536,28.173
930.552,471.054,43.417,29.340
930.084,471.535,44.032,29.857
929.525,470.706,45.132,30.723
928.873,470.035,45.506,31.879
937.000,469.000,37.000,32.000
937.000,468.000,35.000,32.000
939.000,467.000,34.000,32.000
937.000,467.000,36.000,34.000
934.972,467.756,38.561,33.763
940.000,467.000,33.000,32.000
936.000,467.000,37.000,32.000
939.000,468.000,34.000,33.000
939.000,467.000,33.000,33.000
936.000,466.000,36.000,33.000
939.000,470.000,30.000,30.000
933.000,472.000,36.000,26.000
932.000,476.000,35.000,21.000
930.000,477.000,37.000,19.000
930.000,479.000,38.000,19.000
932.000,471.000,33.000,27.000
935.000,470.000,29.000,29.000
938.000,473.000,25.000,26.000
940.000,470.000,20.000,28.000
942.000,473.000,17.000,25.000
942.000,473.000,17.000,25.000
942.000,473.000,17.000,25.000
942.000,473.000,17.000,25.000
942.000,473.000,17.000,25.000
942.000,473.000,17.000,25.000
942.000,473.000,17.000,25.000
942.000,473.000,17.000,25.000
942.000,473.000,17.000,25.000
942.000,473.000,17.000,25.000
942.000,473.000,17.000,25.000
942.000,473.000,17.000,25.000
946.943,478.772,34.000,25.008
937.946,477.520,46.782,20.954
936.616,477.928,49.530,19.203
939.963,476.531,50.500,19.360
944.393,475.443,51.010,19.555
945.679,475.530,52.292,19.224
951.733,475.900,52.237,19.323
956.731,476.428,51.849,19.403
964.117,475.294,51.317,20.107
964.380,477.575,53.586,20.306
969.532,477.397,52.951,20.979
857.000,480.000,45.000,31.000
795.000,480.000,52.000,35.000
717.000,483.000,58.000,34.000
719.574,481.104,61.521,37.948
720.237,477.726,62.713,41.307
723.000,471.000,61.000,49.000
724.000,471.000,63.000,50.000
721.431,470.967,65.352,50.606
723.935,471.857,66.383,52.532
724.531,471.790,69.240,53.519
724.717,470.942,70.784,54.466
727.584,470.021,71.347,56.720
727.055,469.235,73.574,57.354
728.707,468.451,73.999,59.424
729.861,466.348,74.880,60.947
739.000,467.000,68.000,57.000
734.553,467.227,72.807,61.606
741.000,469.000,71.000,57.000
736.639,466.498,74.995,63.104
736.971,465.310,75.895,64.581
739.480,466.431,77.105,64.289
748.000,470.000,72.000,60.000
745.833,470.018,73.621,59.727
752.000,467.000,71.000,59.000
753.000,468.000,73.000,62.000
756.000,470.000,72.000,60.000
752.000,468.000,78.000,61.000
757.000,470.000,75.000,64.000
759.000,468.000,75.000,62.000
759.000,469.000,77.000,64.000
764.000,469.000,75.000,65.000
767.000,469.000,74.000,65.000
762.000,476.000,84.000,61.000
764.000,473.000,85.000,69.000
762.000,475.000,90.000,63.000
760.000,478.000,97.000,65.000
764.000,478.000,93.000,66.000
767.000,482.000,96.000,61.000
764.000,484.000,105.000,60.000
763.000,485.000,110.000,59.000
764.000,484.000,109.000,59.000
769.000,484.000,109.000,62.000
769.000,483.000,114.000,63.000
773.000,476.000,116.000,69.000
770.000,483.000,124.000,65.000
775.000,481.000,125.000,70.000
776.000,483.000,132.000,67.000
783.000,484.000,128.000,67.000
786.000,486.000,131.000,70.000
785.000,465.000,140.000,90.000
791.000,469.000,140.000,92.000
797.000,476.000,140.000,85.000
807.000,480.000,138.000,86.000
809.000,485.000,144.000,83.000
804.276,480.238,155.643,86.986
829.000,468.000,143.000,105.000
836.000,475.000,147.000,99.000
841.000,485.000,150.000,92.000
846.000,488.000,164.000,90.000
853.000,488.000,176.000,91.000
861.000,488.000,179.000,95.000
870.000,487.000,183.000,97.000
881.000,486.000,188.000,103.000
891.000,486.000,193.000,108.000
903.000,488.000,198.000,112.000
911.000,481.000,210.000,119.000
924.000,476.000,221.000,134.000
934.000,480.000,239.000,136.000
952.000,485.000,244.000,137.000
968.000,487.000,253.000,139.000
986.000,480.000,272.000,158.000
1002.000,487.000,279.000,156.000
1019.000,489.000,266.000,168.000
938.000,493.000,259.000,161.000
954.000,490.000,300.000,170.000
972.000,479.000,312.000,199.000
992.000,492.000,278.000,192.000
1018.000,506.000,253.000,159.000
1039.000,509.000,250.000,158.000
1062.000,509.000,230.000,175.000
1087.000,508.000,216.000,180.000
1123.000,509.000,217.000,198.000
1166.000,493.000,184.000,216.000
1166.000,493.000,184.000,216.000
1166.000,493.000,184.000,216.000
1166.000,493.000,184.000,216.000
1115.555,450.313,234.658,218.364
1089.867,411.670,315.539,229.094
1009.375,369.889,425.940,235.813
858.888,349.026,566.885,238.018
775.302,323.637,661.636,228.146
694.071,322.323,745.991,214.575
601.488,333.399,820.967,212.957
460.851,347.956,882.421,210.000
300.522,370.242,976.185,220.991
317.538,374.510,1088.898,229.309
282.429,393.239,1173.138,254.458
128.562,462.742,1219.017,322.843
175.289,444.290,1280.000,294.488
108.703,430.975,1241.909,281.006
56.343,435.127,1228.280,283.456
49.716,418.031,1214.892,278.462
18.579,413.452,1193.293,278.545
47.232,412.686,1138.227,278.444
13.537,416.664,1126.349,272.500
16.187,413.317,1070.345,270.789
19.153,416.603,1027.510,263.072
66.541,410.626,988.138,260.031
99.849,411.134,947.650,250.169
132.070,426.624,947.098,254.254
188.534,415.191,983.855,253.114
245.090,408.907,1043.970,269.095
229.831,419.803,1108.163,277.680
200.832,427.793,1143.721,285.045
150.477,423.370,1182.192,289.689
130.199,415.192,1214.717,300.498
92.084,413.057,1272.015,301.830
73.892,408.743,1276.643,305.805
46.430,405.523,1164.789,276.146
52.419,386.319,1143.305,273.078
92.238,375.530,1097.982,276.638
193.128,400.129,1058.639,313.016
290.417,385.149,1023.132,288.103
285.670,378.601,986.519,271.138
317.763,431.754,944.180,298.610
222.585,413.777,1005.768,258.932
254.380,372.201,1035.632,263.719
330.004,402.994,971.710,281.101
247.547,425.299,1016.407,270.560
179.269,422.067,1095.278,274.284
150.557,410.483,1144.513,279.742
77.140,396.571,1158.163,286.648
46.292,381.029,1160.439,295.297
46.779,379.313,1127.757,292.784
39.701,377.033,1111.333,283.238
64.264,367.374,1070.127,277.952
112.594,394.322,1003.310,301.528
139.837,389.236,998.110,289.887
199.410,373.577,947.342,278.705
305.696,373.721,870.407,282.453
384.924,377.295,862.103,277.522
229.435,400.561,947.670,276.520
270.317,394.967,975.192,287.151
277.938,384.856,978.463,287.061
291.498,369.838,998.944,283.123
332.236,386.276,996.618,295.150
260.406,408.567,1052.642,291.455
130.037,435.292,1122.101,298.639
202.507,423.774,1155.698,281.983
149.449,432.328,1151.592,282.842
155.384,434.084,1011.735,254.815
138.903,423.731,983.643,253.166
118.313,426.296,968.819,255.841
116.474,414.880,969.181,254.024
95.259,415.686,984.754,261.319
52.578,406.994,1028.024,258.453
35.083,408.575,1060.777,269.093
101.630,404.700,1035.093,271.804
95.641,415.991,1039.567,281.576
66.570,435.103,1040.201,280.595
54.329,416.025,1096.794,275.241
28.229,410.865,1102.636,276.063
65.094,396.945,1061.337,273.684
39.123,380.687,1078.093,280.837
45.955,374.894,1074.730,287.641
38.331,363.861,1082.938,297.036
78.958,358.305,1070.187,299.011
168.307,369.022,1061.486,298.250
280.502,370.006,1035.751,289.533
199.388,392.603,1107.166,299.800
149.363,404.349,1139.622,303.407
94.172,409.569,1171.579,301.083
88.263,414.277,1201.292,297.086
81.229,418.774,1200.014,296.152
66.826,415.695,1216.388,298.585
45.834,420.914,1224.938,299.333
79.610,412.289,1189.907,298.788
22.670,418.293,1232.876,296.666
42.555,413.886,1225.714,294.235
67.361,398.608,1230.486,293.886
16.559,396.407,1232.144,306.919
47.122,384.964,1221.608,310.417
24.777,373.011,1123.761,298.667
52.345,349.703,1012.795,282.360
10.028,369.374,967.929,321.535
53.559,364.331,926.724,285.879
113.602,370.202,887.769,292.642
234.135,344.222,881.112,274.335
150.906,335.320,933.817,274.658
137.944,299.774,1020.415,271.944
57.989,288.956,1079.827,265.689
68.062,285.289,1057.796,253.010
43.121,267.464,1037.835,229.589
41.583,260.209,1043.046,236.790
43.275,255.766,1048.330,242.537
42.123,251.830,1057.685,244.024
46.216,247.446,1049.812,249.575
28.898,238.468,1032.294,256.009
31.502,225.172,1026.024,259.158
15.833,200.171,1024.486,267.344
0.000,172.469,1012.266,294.628
24.728,150.982,992.527,312.155
26.251,128.874,1016.953,329.201
18.407,102.426,1034.311,352.374
29.609,96.746,1055.227,390.744
72.744,44.040,1070.016,404.838
16.641,62.978,1080.140,409.599
27.610,69.334,1081.632,406.597
43.158,70.009,1078.319,403.144
25.385,66.333,1082.784,410.631
42.323,65.379,1103.316,417.096
1042.000,190.000,225.000,119.000
1042.000,190.000,225.000,119.000
1092.044,163.747,203.637,119.978
1103.830,150.409,177.518,122.590
1124.341,121.576,170.954,128.363
1146.479,97.006,146.314,150.108
1182.593,56.995,117.151,170.850
1214.270,43.173,88.799,171.968
1237.854,0.000,80.054,164.139
953.000,463.000,164.000,70.000
959.000,472.000,150.000,60.000
961.000,468.000,125.000,65.000
967.000,462.000,114.000,73.000
971.000,469.000,112.000,65.000
