809.000,305.000,302.000,133.000
809.550,304.258,302.791,139.732
806.000,297.000,324.000,133.000
798.000,306.000,340.000,129.000
811.249,306.734,335.250,139.546
799.000,301.000,345.000,134.000
795.000,307.000,363.000,134.000
815.088,297.754,353.581,149.929
811.707,289.416,376.038,166.056
818.931,279.173,367.306,174.683
817.248,274.823,363.090,175.837
820.754,273.993,357.506,174.349
814.583,273.779,366.990,175.807
825.701,272.887,358.396,173.914
819.919,279.660,365.350,170.263
833.557,276.379,353.159,172.413
827.145,277.336,358.516,172.756
839.036,278.675,350.440,170.956
835.789,282.938,356.749,168.500
829.173,281.815,359.839,166.189
818.909,279.656,379.853,163.666
821.822,279.597,372.602,164.808
818.188,280.186,377.465,164.379
816.134,278.492,378.719,168.153
813.942,271.229,382.994,173.357
801.197,265.498,395.787,177.391
786.796,264.299,421.929,176.958
785.621,268.177,421.452,175.623
779.869,269.968,433.193,173.640
774.172,271.334,437.765,169.127
771.708,273.239,440.904,166.361
765.142,274.186,449.564,164.389
767.567,278.135,455.318,158.214
752.720,280.334,467.794,161.755
746.885,282.679,471.231,158.330
736.583,283.318,472.701,158.297
727.128,283.982,482.759,158.456
721.940,284.525,488.043,159.121
727.168,284.011,485.620,164.503
725.240,283.109,494.493,166.985
720.748,282.663,504.420,170.175
718.929,280.186,503.472,173.033
709.691,280.758,512.912,174.850
710.831,280.672,509.452,175.433
705.834,282.385,518.929,174.856
701.341,277.343,515.615,175.338
700.642,271.148,512.497,172.641
688.995,264.736,524.510,170.523
655.422,256.085,525.239,172.026
525.601,241.765,529.053,168.221
511.522,253.051,523.396,175.659
407.000,307.000,269.000,132.000
693.000,280.000,259.000,126.000
674.004,281.879,257.337,138.167
690.024,286.869,240.482,143.486
688.782,293.997,246.362,144.729
693.094,285.778,238.146,144.682
684.982,275.945,243.143,144.715
690.958,276.131,244.393,143.419
686.757,277.266,245.673,141.340
688.778,273.254,248.504,144.073
687.748,271.916,249.109,146.522
689.535,270.591,249.251,148.565
687.748,267.907,247.828,152.387
691.495,266.602,246.716,154.317
689.254,263.005,251.120,160.318
692.895,258.282,253.133,167.677
694.431,255.574,251.319,167.526
697.891,251.482,244.660,167.987
705.948,245.988,244.142,174.564
714.639,231.924,247.642,182.990
708.048,210.898,260.105,191.607
726.719,192.581,272.838,209.774
758.715,173.720,275.532,233.181
817.056,159.385,267.601,255.270
840.269,152.526,276.694,265.604
846.125,156.404,292.450,254.710
847.859,159.137,293.374,239.683
830.383,167.418,312.497,227.815
833.213,176.710,315.151,220.030
834.044,186.891,308.091,214.293
827.525,204.179,296.985,201.959
820.994,216.267,294.528,195.566
816.804,230.713,298.295,190.336
805.758,237.855,304.323,186.100
786.210,244.800,309.985,179.644
762.790,247.552,315.544,175.604
746.172,250.751,319.081,170.166
755.776,254.303,298.149,166.931
762.549,253.893,284.124,165.648
754.813,255.878,278.154,164.476
742.457,256.502,290.837,161.414
729.409,258.960,313.825,156.160
725.312,262.471,326.440,152.897
731.568,261.156,286.029,156.410
721.536,264.800,276.481,154.396
709.803,270.521,273.092,144.386
673.710,268.865,280.033,145.839
653.097,269.330,288.876,143.595
650.902,270.855,291.725,142.026
642.378,269.986,287.586,142.734
637.128,271.698,271.373,144.157
621.764,275.067,264.509,142.303
605.114,275.461,263.687,141.972
596.208,274.680,267.729,144.772
586.306,271.991,274.310,145.904
579.081,269.948,268.414,152.511
576.346,266.803,258.829,151.284
569.961,267.728,254.564,151.918
568.631,266.807,253.643,152.440
563.368,265.515,255.100,152.921
556.747,264.703,266.437,153.413
554.911,264.902,273.020,155.715
545.397,263.550,277.351,155.328
553.189,261.299,263.381,157.339
556.215,262.797,258.182,153.911
560.421,265.072,246.795,151.952
567.124,265.998,242.946,153.031
571.481,267.564,242.998,152.722
572.757,271.106,247.365,151.983
574.746,272.165,250.005,152.579
574.041,272.775,255.362,152.486
571.685,274.512,263.320,151.062
570.233,275.762,267.852,151.033
571.308,276.526,266.204,151.216
573.495,276.807,264.909,149.358
575.903,277.390,262.465,147.249
580.188,277.991,260.355,146.687
589.172,281.764,257.869,141.705
592.607,282.535,255.775,140.945
600.859,283.258,253.847,139.186
610.987,284.850,248.432,136.924
619.196,284.085,244.048,135.805
616.033,286.789,247.118,133.624
625.986,286.294,245.250,133.039
619.185,287.075,247.596,132.124
625.960,286.585,248.336,133.511
622.405,286.376,251.093,134.248
626.114,284.968,253.019,135.795
631.375,283.433,250.014,137.537
636.440,282.662,248.870,139.472
643.047,282.354,244.940,139.323
650.662,283.506,239.286,137.711
649.981,284.403,239.589,136.930
655.110,283.832,237.581,137.570
651.225,285.584,239.140,136.501
655.457,285.056,238.543,136.266
649.142,285.809,243.320,135.423
646.309,285.730,249.448,134.281
642.567,286.020,251.434,133.080
642.735,287.588,253.273,133.829
643.097,288.112,252.808,132.397
642.676,288.406,252.562,132.568
642.169,289.509,254.104,132.687
644.255,290.015,253.181,132.268
642.061,289.584,251.600,132.095
643.362,289.346,253.654,132.467
641.090,290.892,255.772,130.870
643.988,290.533,254.510,131.866
640.384,290.356,254.533,131.689
645.353,293.109,252.912,126.710
641.290,291.805,252.795,130.774
642.844,291.585,252.975,130.542
639.800,291.599,253.987,130.527
643.609,290.975,251.160,131.389
638.492,292.314,254.142,130.442
642.489,290.325,252.060,132.079
641.072,290.985,251.742,131.980
642.432,290.446,252.778,131.918
641.549,290.635,252.763,132.066
642.502,290.521,252.993,131.798
641.411,290.552,253.561,132.357
641.550,290.519,253.796,132.464
641.188,290.720,254.014,132.342
641.181,290.780,254.943,132.039
643.030,290.437,254.608,132.175
639.454,290.157,254.316,132.360
644.055,289.527,252.620,132.919
638.357,290.657,254.465,131.917
643.167,289.838,254.102,132.728
638.847,290.118,254.774,132.637
644.226,289.924,253.133,133.085
638.865,290.833,255.199,132.001
643.048,289.919,253.169,132.221
637.989,290.734,254.161,131.840
643.619,289.567,252.954,132.321
638.699,291.365,255.019,130.970
642.831,289.767,253.947,132.404
639.441,290.757,253.868,131.834
642.318,289.886,253.582,132.454
639.467,290.848,255.226,132.084
642.073,290.276,255.142,132.356
643.348,293.195,253.446,127.086
641.034,292.680,253.995,129.642
641.126,292.085,255.058,130.171
642.628,291.239,254.386,131.610
639.610,292.075,256.190,130.868
642.192,291.302,255.239,131.465
640.310,291.889,256.256,130.921
642.047,291.445,255.062,131.035
639.862,291.105,254.200,131.870
643.610,290.300,252.179,132.745
639.060,291.150,254.623,131.912
645.445,289.031,250.741,133.170
638.346,290.407,253.602,131.675
644.393,289.552,251.780,132.709
640.865,291.380,252.865,130.417
641.618,290.141,252.166,132.154
638.774,291.112,254.223,131.524
640.403,290.570,253.231,131.783
639.134,291.176,252.941,132.336
638.054,291.505,255.294,132.125
638.250,292.009,255.935,131.919
637.647,292.062,255.964,131.883
637.681,292.149,255.007,131.756
638.504,291.795,254.038,132.235
638.556,291.364,254.143,131.813
638.183,291.177,252.833,131.899
637.262,290.569,253.619,132.660
637.616,290.522,253.997,133.236
636.656,291.035,255.431,132.290
637.771,290.369,253.337,133.143
638.035,290.607,254.889,132.451
639.031,291.172,253.305,132.249
642.132,292.633,251.625,128.679
638.839,293.836,253.924,130.118
640.606,293.282,253.103,129.881
637.814,291.847,255.684,130.288
639.248,291.299,252.338,131.677
638.380,290.883,251.956,132.466
638.514,290.219,253.105,133.563
638.588,290.678,254.461,132.824
637.046,291.068,255.211,132.438
638.591,290.071,253.256,132.954
638.257,290.287,253.834,132.843
638.529,290.361,253.511,132.643
638.118,290.476,254.217,132.770
637.961,290.521,253.459,132.888
637.733,290.397,254.337,132.965
639.027,290.219,253.308,133.154
637.377,290.259,254.700,133.284
638.784,289.913,253.776,133.789
638.087,290.405,254.524,133.727
638.371,290.115,255.165,133.030
638.269,289.855,254.417,133.447
637.431,290.070,254.592,133.264
638.601,289.020,253.462,134.131
637.293,290.322,255.206,133.070
639.179,289.143,254.175,134.330
635.947,289.343,255.949,133.516
636.154,289.177,254.880,134.679
638.107,288.551,255.309,134.399
638.112,289.431,255.023,133.524
638.105,289.719,254.266,133.481
638.087,289.507,255.127,133.503
638.189,289.962,254.207,133.095
642.974,291.402,250.673,129.784
639.308,292.657,254.063,131.237
637.990,292.535,257.023,130.522
638.734,292.213,255.239,131.166
636.468,292.404,256.566,131.386
638.497,292.296,254.030,131.513
635.226,292.924,258.805,131.672
636.505,293.588,258.151,131.427
636.649,293.730,258.027,131.274
636.456,294.094,257.829,131.039
636.337,294.761,257.182,130.544
636.501,295.108,258.067,129.834
636.364,295.398,256.941,130.189
635.295,295.006,257.760,130.402
636.570,293.897,258.822,131.414
637.223,294.123,257.261,130.650
636.571,294.380,257.035,131.175
637.586,293.097,257.621,131.251
637.406,293.245,256.865,131.662
637.252,293.841,259.256,131.153
639.159,293.451,256.790,130.868
636.494,293.058,258.855,131.031
635.136,293.397,262.544,131.254
637.074,292.239,262.020,131.841
633.213,293.957,266.239,130.220
636.036,292.938,265.277,130.877
637.322,293.577,266.108,130.325
639.312,295.301,263.102,129.606
640.342,297.175,265.428,128.518
642.713,300.147,262.767,125.136
642.206,300.371,264.977,124.464
642.150,301.693,266.737,123.190
645.669,303.585,265.440,118.860
643.987,303.740,268.803,120.012
646.035,305.230,266.953,118.630
645.645,305.100,265.539,119.047
648.197,305.487,266.316,119.858
652.402,304.949,262.165,120.193
656.758,304.836,259.808,119.828
660.259,304.908,255.730,118.848
659.963,304.693,257.967,119.089
661.331,305.132,259.987,118.041
657.725,304.117,263.001,118.709
659.174,303.539,268.658,118.980
656.494,302.126,273.518,118.257
656.766,303.941,277.030,116.105
657.504,304.226,277.056,115.911
659.648,305.367,278.241,114.798
659.679,306.070,279.115,113.489
660.276,306.206,279.099,113.471
663.132,305.993,279.629,112.601
667.332,305.916,279.779,112.010
666.907,306.006,283.207,111.807
669.823,306.254,285.001,111.233
668.622,306.924,287.112,110.691
671.454,308.030,288.316,109.923
675.115,309.142,287.244,110.013
676.455,309.315,290.178,109.775
679.225,309.167,289.036,108.883
679.196,308.312,285.590,109.147
680.670,308.142,288.078,109.480
682.455,308.256,285.583,109.280
684.321,308.564,285.551,109.233
690.653,309.170,277.916,109.023
700.689,312.194,271.082,106.508
695.286,312.467,268.646,107.437
711.503,312.232,264.362,106.637
713.000,321.000,244.000,96.000
726.663,314.029,239.966,103.862
727.000,321.000,228.000,94.000
731.822,313.428,235.629,104.409
736.435,310.600,243.616,105.454
738.933,309.743,246.777,109.661
741.649,308.693,248.721,109.550
741.305,308.131,249.763,109.643
743.194,307.078,249.057,111.068
747.189,306.495,248.177,110.741
749.562,305.792,247.856,110.741
753.343,305.702,250.187,110.455
758.298,305.660,248.211,110.314
759.165,304.991,246.079,110.482
758.830,304.343,248.771,110.501
759.507,303.771,250.859,111.096
759.118,303.033,250.945,111.153
759.649,302.757,251.275,111.735
758.889,302.218,251.444,112.483
759.640,301.767,252.159,112.536
758.554,301.617,252.787,113.602
763.900,301.572,251.401,112.815
759.272,301.262,252.115,113.121
763.641,301.131,253.235,112.993
762.623,300.649,252.707,113.542
763.413,300.493,253.400,112.795
765.446,299.750,253.642,113.539
767.807,298.585,252.868,113.823
768.589,297.002,250.966,114.091
790.000,315.000,228.000,95.000
797.000,317.000,225.000,92.000
789.791,310.199,230.267,98.674
780.928,306.226,243.770,101.977
779.088,305.001,245.338,106.539
783.770,304.057,242.207,109.324
789.000,320.000,245.000,97.000
788.936,302.035,235.515,106.646
785.805,303.266,253.035,113.827
793.871,298.479,245.032,114.794
792.489,295.777,246.250,117.195
798.813,293.729,243.056,119.929
801.000,289.123,240.983,122.788
797.503,282.988,239.927,128.924
804.367,277.436,235.088,135.076
802.881,274.855,237.713,139.347
806.143,274.507,239.709,141.759
798.924,276.402,246.412,142.848
796.928,278.864,252.987,145.044
789.624,279.783,260.646,147.987
789.795,279.633,261.907,147.654
787.933,280.528,265.317,149.079
792.119,280.662,263.720,149.002
795.424,279.775,263.081,149.165
796.080,279.414,264.095,149.604
794.905,278.540,265.617,150.312
800.143,277.893,263.751,151.037
802.692,278.106,265.107,150.394
807.108,279.494,262.870,149.942
812.548,280.241,262.087,149.389
814.474,280.507,263.365,149.622
817.702,281.044,263.197,149.338
826.279,284.702,251.565,142.881
830.892,284.235,248.927,143.360
837.484,285.718,248.201,142.224
836.737,283.078,243.398,143.320
836.754,285.160,244.335,142.217
834.386,284.238,242.946,145.369
830.151,284.947,244.832,146.830
826.691,284.996,247.386,147.778
826.558,285.460,249.925,148.280
828.963,283.894,251.867,149.374
826.745,279.601,253.311,153.005
826.651,279.113,254.215,152.135
817.887,278.550,255.998,153.081
816.802,279.559,254.294,150.435
822.110,279.772,252.230,147.268
827.350,280.411,249.981,146.100
827.679,281.271,248.750,146.235
829.068,281.181,246.795,147.210
830.877,281.464,246.656,148.252
829.352,281.520,250.877,148.840
836.423,281.077,250.777,147.979
840.331,281.318,251.277,147.640
846.397,279.991,250.131,146.103
859.268,280.482,243.928,142.514
857.466,280.150,245.535,142.557
859.438,280.358,245.096,142.296
858.309,280.911,247.343,141.332
854.673,279.572,251.303,140.860
855.599,281.875,253.245,139.604
855.750,282.400,254.967,140.202
855.743,283.685,259.581,138.472
853.787,283.468,264.115,138.735
859.053,287.404,263.121,134.389
858.826,285.555,264.718,135.953
861.625,285.274,264.007,137.580
863.562,285.520,268.302,137.735
867.358,287.002,274.055,137.475
870.109,287.860,278.001,137.628
872.433,289.620,282.111,136.148
873.641,288.133,282.244,137.973
876.029,290.017,284.535,137.550
876.080,289.957,285.454,137.360
880.373,290.378,286.244,136.938
888.715,292.381,283.911,135.385
902.705,293.684,278.699,130.727
918.711,294.945,269.330,131.010
933.865,295.751,263.219,127.477
938.787,297.057,259.745,126.797
942.863,298.499,258.653,125.637
943.992,297.365,260.800,126.018
945.259,296.366,257.625,126.610
947.089,293.378,254.924,128.500
954.883,293.865,253.173,129.162
958.772,292.461,252.296,129.828
962.270,293.876,252.141,128.175
968.624,294.939,253.227,128.604
969.900,295.806,258.803,129.635
967.290,298.248,264.199,129.715
961.034,298.407,269.202,131.377
960.012,298.396,272.707,130.890
962.827,298.766,274.982,130.423
963.465,298.141,276.087,129.263
970.400,297.294,275.765,127.180
989.939,296.431,267.726,124.757
999.291,299.364,262.982,118.742
1006.443,299.455,260.804,116.831
1014.794,297.199,260.015,115.003
1015.497,295.173,260.747,114.542
1012.655,293.496,258.167,114.255
1009.014,294.259,262.243,113.098
1016.899,296.357,257.225,110.545
1024.974,297.053,255.044,108.606
1039.797,297.755,238.586,105.154
1053.888,300.110,231.568,104.728
1061.402,299.224,221.090,105.837
1059.888,298.295,219.256,105.545
1056.562,298.608,219.127,102.410
1057.325,298.779,218.566,100.915
1057.796,300.978,214.938,101.608
1066.117,302.113,206.577,104.888
1083.131,303.650,196.018,106.545
1098.413,304.710,179.508,103.568
1109.158,306.072,168.276,102.846
1123.446,310.595,156.074,97.877
1135.325,313.869,144.389,96.319
1147.878,316.289,135.731,94.007
1158.000,334.000,124.000,73.000
1164.729,329.901,115.608,79.439
1168.791,327.374,116.708,81.577
1171.423,325.467,114.168,83.679
1176.219,322.820,109.472,86.718
1190.964,325.566,95.714,84.583
1203.801,327.758,85.136,83.434
1213.846,332.794,77.731,81.437
1222.000,362.000,78.000,43.000
1222.000,362.000,78.000,43.000
1229.124,364.416,69.111,56.861
1229.820,368.873,68.142,70.962
1222.637,369.043,80.850,75.426
1209.504,375.836,99.220,81.909
1193.541,382.720,121.478,94.393
1121.351,402.356,154.717,109.392
1094.438,394.371,194.775,138.840
1062.004,387.460,233.695,164.359
1035.066,378.252,268.990,187.978
959.738,366.873,324.302,227.542
635.436,336.964,422.104,225.303
629.581,334.058,379.235,140.842
701.487,353.420,287.767,89.109
653.200,345.173,324.459,97.713
688.291,347.299,290.144,94.014
657.235,346.755,313.475,91.614
683.185,346.174,284.689,91.557
659.729,347.816,302.333,89.510
685.509,347.733,268.281,88.234
656.466,349.195,298.029,88.126
684.714,349.062,283.800,87.136
655.252,351.186,288.157,85.917
683.740,350.722,276.904,85.506
657.587,353.964,284.575,83.676
679.726,352.819,274.972,84.374
659.275,354.235,286.374,84.770
676.885,354.506,276.570,83.418
660.384,355.104,288.450,82.625
680.553,355.392,273.057,82.126
657.926,356.281,282.755,81.935
677.925,355.061,281.545,82.653
654.469,357.814,283.890,80.750
671.397,355.351,280.861,80.817
652.906,356.231,284.973,81.120
663.445,355.143,280.189,82.080
651.984,355.019,283.939,82.170
657.479,356.412,278.000,81.207
646.469,356.132,284.528,81.716
651.427,355.207,278.364,82.615
644.914,356.625,279.421,81.676
643.913,357.414,282.994,80.585
643.144,357.283,278.109,80.819
638.113,358.027,286.181,80.277
638.263,357.972,280.450,79.581
635.533,357.759,287.532,79.739
635.936,357.793,284.094,79.173
635.601,357.243,292.475,79.509
635.304,357.643,284.143,79.021
637.376,356.620,289.145,81.046
630.878,358.005,290.193,79.466
637.745,357.034,285.702,80.105
631.077,357.917,290.971,79.479
635.769,357.334,286.055,79.451
633.178,357.985,291.154,78.497
634.792,357.236,283.841,79.636
634.118,357.631,292.518,79.653
629.162,356.516,285.024,81.612
634.860,356.490,288.481,79.953
628.608,355.824,286.377,81.944
634.615,356.225,284.915,80.153
628.283,356.772,288.295,81.225
633.750,356.477,281.394,80.356
627.152,357.415,291.054,81.009
625.934,356.192,289.420,81.500
629.901,357.111,290.027,79.310
627.731,358.066,290.322,80.760
625.306,357.299,290.385,81.145
627.347,357.626,288.369,79.643
624.630,357.473,288.008,80.342
627.274,358.277,287.643,78.531
626.657,357.298,281.783,80.018
627.699,358.017,286.113,79.533
627.749,357.262,284.312,80.716
627.067,358.128,284.696,79.671
627.845,357.219,286.169,80.588
625.861,358.325,282.001,78.727
631.480,356.772,283.316,80.686
618.104,358.063,284.365,78.942
633.121,357.150,283.793,79.772
618.131,358.284,284.814,78.717
630.956,356.014,286.339,81.234
617.143,357.919,284.730,78.727
631.441,357.540,284.086,79.744
616.785,357.739,285.197,79.885
630.404,356.474,288.767,80.406
612.396,358.251,288.432,79.298
628.644,357.343,287.355,79.777
617.780,358.245,286.775,78.672
629.146,355.777,285.647,80.869
616.013,357.284,291.112,79.465
629.890,357.214,283.583,78.558
617.772,357.806,291.993,79.302
628.500,357.098,283.686,79.202
617.475,358.373,292.582,78.916
626.665,356.471,287.690,79.622
618.730,357.937,289.216,78.936
633.818,357.801,281.364,76.740
617.912,358.152,288.295,79.619
632.373,357.713,284.802,78.436
619.480,358.844,284.436,77.610
633.108,357.612,282.116,79.192
616.264,358.232,287.064,78.484
633.357,357.377,282.428,79.773
617.182,359.113,289.301,77.751
630.542,356.459,283.051,80.808
618.391,358.723,291.242,78.809
630.339,356.977,285.165,79.498
618.430,358.887,289.025,78.563
629.729,356.966,285.749,79.828
619.300,358.290,286.924,78.056
630.127,356.913,283.043,79.224
618.807,358.633,291.229,78.604
629.110,356.707,283.577,79.369
619.747,358.369,290.463,78.827
629.303,356.442,283.884,79.513
620.049,358.132,290.879,78.889
630.798,357.751,281.995,78.487
619.849,358.331,290.053,78.643
629.612,356.262,285.137,79.214
619.037,357.905,291.485,79.733
628.990,357.233,284.756,78.182
620.701,358.383,290.164,78.080
631.185,357.347,279.329,78.476
620.481,359.277,292.015,78.222
630.702,357.206,281.509,79.187
619.589,359.629,290.898,77.465
630.363,357.528,278.712,79.797
621.513,358.846,288.382,78.988
635.172,357.615,279.895,77.186
620.398,359.252,286.556,78.897
635.059,357.302,280.225,78.736
619.314,358.453,283.502,77.384
636.809,357.782,278.114,78.765
615.500,358.853,286.300,77.763
635.085,358.193,280.740,78.262
616.432,358.627,284.694,77.396
632.651,359.464,280.277,76.289
614.279,361.305,283.364,74.156
626.138,359.967,289.258,76.619
606.492,361.619,292.089,74.118
616.817,360.998,302.605,73.154
597.834,361.496,295.583,73.633
606.090,362.746,291.799,71.618
588.466,363.967,283.527,72.231
596.213,365.366,275.074,71.664
581.095,365.886,279.885,71.869
581.752,363.653,277.616,73.070
565.789,363.749,285.340,73.607
572.695,364.037,277.533,73.571
556.494,363.800,284.506,75.016
562.768,363.684,277.636,75.620
539.644,364.050,294.360,77.157
550.261,363.218,282.726,78.144
525.852,363.707,299.454,78.058
537.250,364.434,279.842,78.823
521.136,365.122,281.501,80.771
529.301,365.770,276.569,81.277
514.239,366.680,280.748,80.680
517.863,365.449,281.935,81.518
507.905,366.510,279.733,81.154
515.001,367.516,276.430,78.691
494.598,366.724,280.954,83.525
508.035,365.108,269.870,84.291
483.261,366.132,276.640,86.255
498.997,363.929,268.872,86.938
476.571,366.853,271.247,83.791
489.369,365.651,262.915,86.862
470.536,366.455,273.391,87.042
482.910,365.421,262.235,88.796
464.677,366.396,270.689,89.310
470.281,365.272,274.383,90.768
454.894,364.552,272.692,92.603
456.407,363.477,278.941,94.241
451.204,360.684,276.661,98.953
456.318,358.472,274.254,102.030
444.549,359.067,276.111,102.396
440.841,357.220,284.768,106.877
434.835,356.572,283.017,106.928
432.626,357.445,283.816,107.104
425.438,357.582,286.526,107.269
421.557,357.391,289.380,107.662
424.340,358.620,285.644,107.165
424.152,356.827,285.981,108.187
423.589,357.100,285.426,108.438
426.401,356.965,287.662,109.020
422.067,355.475,285.400,111.134
423.610,357.613,283.184,109.824
420.403,356.848,282.707,110.480
422.851,357.004,283.812,110.268
424.793,356.437,277.452,111.240
429.712,354.930,276.371,113.444
430.925,353.188,273.319,115.101
437.486,355.465,270.531,111.131
437.017,349.978,266.433,116.420
440.027,349.464,272.155,115.934
441.364,346.830,262.332,119.751
444.593,346.471,269.248,119.952
445.257,344.878,261.825,122.794
446.139,344.388,267.450,123.203
450.273,342.485,266.461,124.779
452.023,341.756,267.107,125.337
451.603,340.863,268.150,126.459
454.725,340.573,266.631,126.582
450.501,340.306,264.561,126.415
456.121,341.930,261.210,125.859
450.855,341.509,262.127,124.461
461.721,343.367,256.520,121.834
460.838,340.444,255.903,122.142
466.251,340.738,256.396,120.980
461.888,339.939,261.602,120.946
466.488,337.354,257.274,123.440
465.474,337.501,261.403,122.797
466.046,335.703,260.091,124.653
466.551,334.400,259.437,125.157
466.364,333.936,258.076,126.117
467.362,333.194,253.829,126.709
468.894,331.907,255.830,127.208
469.785,330.211,247.283,127.694
471.652,330.003,249.560,126.756
473.329,328.405,243.161,128.706
467.023,326.801,252.403,130.686
470.941,324.137,253.824,132.055
478.355,323.157,252.104,132.432
481.781,321.257,255.165,133.918
489.016,323.492,253.592,128.633
488.285,323.092,259.249,130.146
490.038,320.715,253.270,131.427
490.035,319.457,239.104,132.525
496.618,317.544,232.689,136.782
500.197,316.221,232.065,137.585
504.175,314.436,237.529,138.676
503.723,312.940,235.968,136.823
511.112,312.010,231.540,137.628
514.693,310.136,226.261,136.822
516.217,310.187,226.262,137.043
516.805,310.096,227.776,137.987
517.255,309.890,225.768,138.763
515.271,310.744,231.055,139.192
514.543,311.524,234.667,138.090
515.348,311.901,232.599,137.123
516.620,312.636,232.068,136.627
517.533,313.541,232.735,135.808
519.722,313.962,233.289,135.795
519.614,314.890,237.953,135.503
520.559,314.543,240.378,135.925
521.437,314.067,241.246,135.022
521.413,314.086,242.645,132.980
519.331,312.274,251.557,134.367
516.483,311.882,243.546,134.568
516.158,309.053,239.142,134.420
517.360,308.206,228.317,135.085
522.303,307.070,214.504,135.880
520.626,307.453,216.510,135.258
516.484,306.949,221.085,133.586
511.696,306.383,226.957,131.452
504.655,307.158,230.556,131.446
500.395,310.305,232.252,126.995
492.209,305.331,230.841,129.856
488.158,301.497,238.440,130.857
485.569,295.627,239.645,132.604
484.785,291.920,238.651,134.227
480.834,289.693,237.444,134.312
478.279,289.634,233.546,134.997
474.106,291.818,239.460,134.555
469.853,293.217,243.478,134.098
465.463,295.253,247.329,133.452
462.686,299.185,248.551,133.179
459.412,303.740,252.842,131.610
459.102,307.540,251.849,131.927
453.798,311.317,251.105,130.494
452.943,317.209,249.229,127.552
447.065,322.185,251.633,127.022
441.298,326.219,254.626,126.356
437.913,327.664,259.648,126.344
433.812,326.843,265.746,126.942
425.733,326.359,271.013,126.405
420.348,326.795,273.398,127.181
418.869,328.334,274.886,125.669
422.024,332.779,272.292,125.046
422.469,332.884,271.566,126.195
420.922,329.825,272.077,125.665
419.128,325.228,269.771,127.282
416.741,325.424,271.319,125.731
395.137,326.758,274.062,126.069
359.243,329.062,275.084,125.735
340.227,325.062,273.296,128.038
336.653,325.693,282.658,125.810
343.266,324.523,280.248,124.326
348.677,328.340,281.354,118.053
342.423,326.392,279.642,121.794
342.514,330.103,284.062,117.587
345.110,331.463,285.909,117.245
360.704,334.039,284.532,113.329
359.809,342.695,289.237,110.057
368.132,349.879,285.808,110.909
363.740,356.706,293.787,107.483
366.267,357.734,291.433,108.399
361.124,357.504,295.631,107.804
364.276,356.204,293.258,107.151
360.908,357.503,299.462,105.270
363.901,356.866,297.562,105.933
358.462,359.199,301.223,104.872
363.396,358.687,298.441,106.885
355.922,360.435,304.826,106.724
366.410,360.228,298.173,108.808
357.924,362.497,308.363,108.023
366.010,361.075,303.094,109.607
358.889,359.114,305.091,110.253
367.472,358.337,301.414,111.049
357.578,357.978,305.819,111.335
366.194,358.604,301.657,111.234
356.566,358.682,309.298,111.147
363.009,357.303,297.511,114.150
352.145,363.658,302.414,111.036
372.544,361.058,292.668,113.700
375.935,357.011,299.443,112.338
383.209,351.712,292.450,114.138
381.887,354.328,298.417,110.280
385.087,351.466,293.926,114.288
389.673,349.782,294.759,115.087
407.294,351.071,274.705,112.920
412.385,349.524,270.031,116.550
423.931,350.976,264.229,115.249
429.827,349.779,261.815,117.094
433.974,347.972,263.478,116.403
434.280,348.302,262.942,118.553
437.847,346.931,266.957,118.220
436.844,347.073,264.868,117.088
443.585,347.164,266.030,119.234
448.650,346.250,269.263,116.879
454.959,346.332,265.950,117.493
474.426,347.435,263.173,116.633
481.556,344.822,267.568,116.185
502.678,349.308,262.620,114.305
518.847,348.583,265.709,113.776
509.768,348.147,267.318,114.886
495.054,349.487,272.362,114.212
495.158,346.787,270.404,116.222
483.939,344.955,275.506,116.835
505.185,345.701,274.602,116.705
492.784,342.920,275.411,118.425
487.202,343.418,277.093,119.464
467.978,343.759,279.232,120.457
454.805,344.587,284.571,120.609
477.676,347.706,279.798,120.679
469.241,347.574,293.891,120.455
474.444,350.759,288.841,120.560
493.755,350.017,290.543,122.936
483.855,351.620,298.826,122.759
475.109,350.680,296.770,127.038
475.555,355.159,303.940,128.410
471.822,357.779,306.422,130.023
471.321,363.106,310.850,127.529
456.523,362.750,316.447,132.078
459.541,362.123,319.260,136.871
474.617,364.463,324.566,139.856
486.742,364.968,333.729,141.003
511.892,366.083,338.886,142.567
516.914,368.469,351.451,144.446
541.782,368.623,353.818,146.302
560.394,372.580,358.403,148.021
588.758,372.842,370.344,150.288
599.642,370.770,379.844,153.525
611.688,371.609,391.744,157.260
618.717,370.707,400.208,160.561
620.426,371.075,404.886,164.190
631.748,370.189,409.612,167.259
651.148,369.148,414.799,173.374
677.970,367.366,421.641,178.945
693.588,363.145,431.150,185.747
710.862,358.528,436.377,192.748
721.496,352.726,438.044,200.149
725.821,349.357,437.578,204.361
732.727,347.028,426.959,207.780
738.049,342.000,427.988,211.658
740.725,339.867,424.451,213.442
745.696,333.820,421.424,218.701
757.826,331.772,415.539,221.951
755.395,329.776,421.001,225.234
766.739,326.753,410.241,225.811
762.423,323.899,423.877,227.290
770.128,318.788,413.632,233.168
769.289,316.781,411.215,235.238
777.742,315.655,408.731,238.448
781.945,317.939,402.138,229.494
784.445,315.171,403.333,234.788
785.647,315.089,401.314,237.688
789.053,313.340,398.344,241.662
784.738,313.860,405.224,241.044
789.626,315.235,403.476,240.069
784.912,314.218,404.355,239.734
787.904,312.825,407.243,241.895
789.992,312.603,405.386,242.661
791.993,311.272,405.857,244.408
793.086,307.875,406.196,246.840
791.206,304.668,404.298,249.154
800.215,303.550,397.549,250.056
804.637,303.557,394.125,249.367
815.343,302.903,384.659,247.245
820.837,301.470,381.167,248.946
822.741,300.749,380.146,248.754
824.091,301.556,377.037,248.356
827.348,303.514,376.354,249.231
826.924,302.731,377.908,247.680
828.228,301.079,380.385,248.036
828.186,300.813,380.683,247.412
829.909,299.530,378.479,247.824
831.018,297.945,375.193,249.859
831.534,297.355,373.794,249.694
833.227,299.337,370.509,249.543
831.709,299.101,372.695,250.173
833.761,298.614,372.573,248.818
833.225,299.845,371.789,248.308
833.411,300.013,372.853,248.304
833.676,300.974,371.924,247.917
832.503,301.424,373.462,246.572
838.846,308.597,369.655,236.454
831.093,308.198,378.389,241.654
839.996,307.839,369.667,240.786
827.446,306.935,379.848,239.867
832.877,308.018,375.550,242.578
827.886,307.388,381.941,243.189
828.090,306.074,381.441,243.197
828.088,308.838,379.463,243.041
830.148,308.587,378.601,242.118
831.036,309.353,376.337,240.795
821.451,311.749,375.821,241.862
822.018,307.665,371.520,236.759
807.646,306.377,372.303,237.299
801.426,309.248,367.865,236.598
802.922,306.151,363.708,233.254
806.023,300.300,366.993,232.966
808.195,297.495,367.128,233.211
801.640,291.893,366.870,231.942
799.771,289.133,356.689,231.161
793.683,289.548,347.191,231.036
788.089,289.072,346.415,230.787
790.504,288.737,349.572,231.087
789.327,286.763,355.925,231.841
790.795,286.936,357.913,232.427
790.727,287.450,357.757,233.068
791.681,285.923,358.136,235.423
788.910,283.092,357.815,238.435
787.408,280.933,354.910,241.698
787.840,281.112,354.528,240.546
781.424,280.746,361.147,240.293
782.265,278.285,362.443,242.628
778.248,278.136,368.173,246.088
788.384,281.414,364.977,238.696
778.854,282.329,372.118,241.453
786.702,279.076,368.274,243.588
786.696,279.872,363.806,246.241
789.655,279.506,358.044,248.279
786.877,279.949,357.217,246.824
783.879,279.502,360.309,247.626
782.171,279.438,359.442,246.191
778.254,279.816,364.365,246.200
777.003,280.088,362.833,244.742
775.148,280.478,366.991,245.609
776.628,280.589,365.427,245.400
775.020,280.876,368.962,245.138
774.571,281.136,372.581,244.137
774.605,281.640,371.500,243.404
767.687,283.455,375.186,242.243
763.343,283.269,366.365,242.355
762.506,283.286,354.362,240.064
762.980,284.306,348.754,239.326
760.424,284.784,351.660,238.620
756.808,283.873,357.124,238.500
757.283,284.958,357.299,236.834
755.037,285.355,357.225,235.859
751.944,285.995,359.180,235.759
755.833,286.193,352.080,234.988
748.318,286.945,361.253,235.334
751.480,288.121,350.228,234.108
746.994,286.763,353.478,234.089
748.917,288.177,349.901,232.536
744.480,287.434,355.079,232.659
737.978,287.842,356.723,232.328
735.270,288.438,356.824,231.816
737.791,291.142,358.548,224.536
730.445,292.421,367.700,227.615
732.214,291.365,361.202,228.006
733.284,291.588,356.701,227.887
732.444,290.068,357.026,229.347
731.967,289.343,355.789,230.089
731.306,288.932,357.228,229.963
732.002,288.822,356.197,231.370
731.717,287.681,355.338,234.036
729.985,287.449,355.268,234.849
729.063,286.675,355.979,234.492
728.997,288.044,357.984,234.973
727.355,289.006,359.134,233.731
725.695,287.197,357.996,233.867
725.720,290.172,357.633,233.313
722.328,289.350,359.843,232.893
722.796,292.261,364.811,233.456
722.257,292.415,368.048,235.056
723.193,293.009,369.727,237.384
721.832,294.177,375.554,238.077
718.976,295.673,379.026,235.356
710.660,296.542,382.261,236.371
692.137,300.274,382.679,234.992
676.940,297.183,373.483,233.223
667.383,299.220,372.181,231.602
669.819,295.119,369.757,232.368
666.875,293.855,373.457,232.272
667.324,293.874,367.111,232.756
652.664,296.677,367.820,233.149
645.177,299.598,363.292,231.369
642.783,295.595,357.242,229.003
639.995,289.362,358.511,228.083
646.134,290.406,356.359,221.559
639.968,289.979,362.554,223.707
634.143,287.433,368.122,224.080
629.817,286.202,370.244,225.799
623.200,286.961,373.670,227.539
616.572,288.888,377.269,227.906
614.824,288.555,376.407,228.883
614.153,287.884,376.151,229.152
613.667,288.937,377.862,230.450
612.199,288.646,379.394,232.731
611.570,292.740,383.475,236.114
623.067,295.508,385.764,241.298
627.232,298.945,391.725,239.899
626.085,298.895,391.279,240.156
624.406,297.532,393.483,238.964
627.935,292.986,388.406,239.200
628.173,290.142,383.570,238.217
632.829,290.050,383.243,240.218
638.570,290.902,381.067,240.623
643.126,290.894,373.981,238.620
642.608,289.468,374.786,239.253
644.678,288.051,375.966,239.689
643.434,288.233,380.288,241.203
644.133,288.708,384.639,242.585
647.076,290.692,383.473,242.353
649.159,288.837,385.079,244.047
648.093,289.633,389.500,244.419
650.023,290.221,393.444,243.461
645.393,291.794,399.318,242.549
606.341,291.419,393.124,238.337
594.799,290.104,391.637,243.184
583.720,287.903,391.810,245.516
580.321,285.577,389.247,242.015
591.575,287.499,392.386,250.306
592.475,281.575,398.283,251.401
584.699,276.094,397.180,253.760
567.733,266.597,390.333,254.929
549.445,260.918,387.499,256.880
534.746,257.281,385.295,257.907
521.733,252.995,389.844,260.350
506.665,250.531,391.202,263.986
490.156,248.554,394.854,266.564
472.122,247.980,399.053,271.152
444.020,247.141,400.567,277.732
414.942,246.349,403.588,283.178
386.725,248.785,413.620,292.235
352.629,250.212,423.604,298.335
303.310,254.606,441.164,302.276
260.436,255.171,461.661,307.958
202.189,256.460,481.150,314.063
138.634,255.319,507.785,320.984
57.595,256.841,540.613,329.485
23.419,240.722,521.473,318.261
0.000,232.369,505.031,308.836
6.782,234.183,472.690,325.989
0.000,235.023,439.985,323.658
3.031,233.419,405.887,336.893
0.000,227.895,369.549,351.061
0.000,244.066,337.136,351.431
0.000,253.975,286.355,348.560
0.000,258.302,247.192,357.994
0.000,258.858,216.355,343.672
0.000,256.104,197.967,324.732
0.000,267.310,174.305,300.443
13.722,287.377,142.912,254.832
0.000,286.009,160.851,223.361
14.571,294.906,118.326,195.002
8.785,310.997,102.440,147.214
10.561,312.873,83.345,127.248
8.289,313.833,75.383,121.246
0.026,308.934,70.091,119.091
0.000,305.181,61.533,114.071
1.044,302.203,62.147,110.498
20.255,303.967,63.012,108.688
48.069,306.527,62.475,105.698
66.153,308.585,59.067,103.369
95.056,321.865,61.632,103.209
109.877,333.383,62.449,96.301
110.439,330.729,70.138,89.036
97.019,303.157,101.968,88.859
0.000,276.000,310.000,326.000
0.000,296.000,359.000,305.000
0.000,324.000,397.000,272.000
0.000,324.000,429.000,264.000
25.672,295.770,422.586,272.228
13.498,290.364,448.759,275.368
24.442,290.782,503.226,279.318
62.156,301.154,529.914,284.090
66.723,304.495,540.044,288.338
57.826,312.635,553.389,295.826
60.580,319.849,551.606,305.664
52.986,325.252,566.821,326.747
23.870,323.581,580.870,347.557
1.992,318.132,578.865,356.504
16.420,305.717,571.823,363.638
8.230,311.542,586.139,364.958
21.923,323.456,585.866,361.978
22.732,318.287,589.030,361.609
21.073,312.896,604.744,364.425
26.422,303.089,597.378,363.901
10.181,301.179,620.977,358.102
22.459,295.457,612.356,368.225
0.000,295.231,634.556,376.165
20.626,292.941,627.193,388.013
7.040,293.875,644.397,389.536
27.689,293.336,636.374,392.206
15.131,293.576,647.311,390.834
37.534,284.338,635.246,389.489
2.934,269.922,667.884,393.622
30.711,262.703,639.155,397.863
1.781,261.113,676.606,395.240
31.462,257.866,656.381,402.194
3.497,258.571,682.791,407.147
37.614,257.336,648.548,413.563
13.031,260.800,640.640,403.708
36.870,271.608,637.401,409.376
54.367,271.275,641.315,410.532
94.966,259.115,612.364,418.554
126.316,260.620,627.683,431.852
187.941,254.705,622.048,432.990
237.078,256.186,636.040,435.154
296.972,259.008,636.901,437.588
345.154,260.097,644.847,436.161
402.004,259.429,657.557,441.089
455.138,261.362,669.029,445.449
517.270,258.750,647.121,446.498
552.721,259.099,643.014,446.064
596.402,255.783,639.131,450.486
622.419,259.737,644.367,431.480
649.256,251.729,623.232,430.766
689.883,258.354,581.304,414.167
721.099,261.484,559.025,410.758
743.817,257.880,544.606,415.153
765.858,258.440,507.306,413.506
780.555,255.874,498.068,417.427
794.785,254.730,484.132,415.823
806.143,255.963,475.732,415.721
814.420,256.644,460.003,414.320
822.516,257.312,469.027,419.280
827.949,256.370,462.734,414.861
820.270,258.502,476.165,421.538
801.101,265.835,487.395,427.717
798.484,285.745,488.114,414.615
792.842,293.357,491.648,402.453
788.811,296.338,498.734,398.742
792.273,297.264,491.025,396.925
787.467,296.178,495.165,394.588
787.861,292.120,488.313,395.713
786.131,290.250,480.161,397.794
792.481,291.898,479.701,399.322
791.745,293.147,483.758,402.130
794.407,293.935,484.808,404.756
794.939,292.849,484.866,407.674
796.598,291.356,481.678,412.333
794.180,290.568,480.632,414.285
793.438,288.399,474.056,415.846
794.663,287.855,470.971,418.259
792.999,292.342,476.451,415.499
787.910,292.124,483.501,418.414
786.130,293.871,485.427,417.656
791.247,303.409,476.103,401.729
791.829,299.247,475.969,404.822
790.982,297.143,478.007,408.317
793.367,297.532,482.897,410.734
789.735,302.343,479.655,406.080
792.048,300.172,487.624,407.118
790.132,301.350,485.877,403.670
786.375,302.057,485.030,404.153
789.551,299.199,481.547,410.128
790.628,299.496,485.134,412.406
790.221,300.157,484.238,411.992
791.466,299.335,483.909,412.716
792.213,299.566,485.748,411.787
789.146,300.764,488.555,411.103
788.975,301.804,486.516,409.574
790.654,300.629,483.985,411.852
789.911,301.325,486.165,411.883
786.970,305.285,485.882,408.923
787.208,304.907,488.386,410.666
787.433,308.016,489.101,410.496
787.121,312.094,490.744,408.172
785.880,315.157,494.355,404.622
787.195,317.978,494.186,401.667
783.558,315.793,494.339,400.507
784.900,316.937,493.031,400.162
785.074,317.212,493.210,398.665
784.509,315.881,492.765,397.552
787.342,316.242,491.861,396.375
784.200,317.232,492.106,395.778
783.981,316.459,489.096,396.923
784.155,315.241,490.880,398.106
783.227,315.822,490.034,399.243
783.304,326.879,484.749,383.803
782.226,323.690,492.698,389.187
783.941,324.824,486.431,389.350
784.811,320.571,490.160,392.489
784.972,321.631,486.070,393.397
784.585,320.844,486.205,393.479
784.487,320.048,488.892,394.015
785.134,319.851,486.724,394.717
784.673,319.747,488.595,395.695
784.286,320.132,489.405,395.956
783.213,320.329,490.388,396.751
782.619,320.306,491.433,397.666
782.122,321.116,491.814,397.859
782.238,321.504,492.814,398.253
781.336,321.840,495.170,399.311
779.177,321.856,496.650,398.031
778.515,321.967,495.913,397.985
778.035,321.566,498.652,397.684
777.729,320.391,495.933,397.329
775.535,319.452,497.508,399.404
775.788,318.930,501.793,400.203
772.736,321.228,501.020,399.469
774.188,320.823,501.733,399.121
770.664,320.135,504.466,399.297
766.704,321.349,508.513,399.858
760.460,322.659,514.018,399.634
759.290,322.734,516.698,399.288
759.906,323.959,521.027,399.076
756.421,321.536,524.986,398.759
749.208,322.072,534.661,399.853
743.495,322.761,537.923,398.550
739.883,326.664,538.110,395.912
739.156,337.958,532.760,378.519
737.072,336.560,543.336,380.676
736.437,333.882,543.997,381.214
741.616,332.050,541.524,382.316
742.170,330.389,540.454,383.088
741.608,327.511,540.466,384.164
741.046,325.455,541.874,387.433
738.736,320.705,542.207,388.357
739.286,316.387,543.379,392.659
737.329,315.861,542.460,394.200
739.951,315.427,545.355,394.878
736.854,314.246,543.385,396.728
739.715,315.127,545.835,396.452
736.127,313.291,542.688,397.586
739.465,316.016,541.403,396.167
736.104,313.541,540.934,396.959
737.561,316.099,538.469,395.163
736.832,316.698,538.859,395.670
740.062,315.303,537.554,396.979
735.366,314.059,541.476,395.626
739.518,315.599,537.271,395.614
738.301,313.620,541.070,398.303
737.378,312.316,541.356,397.811
738.874,310.643,538.609,396.869
736.616,311.458,540.112,396.471
738.008,310.782,537.406,395.923
737.724,310.962,535.991,395.550
738.015,311.626,534.665,395.796
738.827,311.214,535.211,395.340
738.589,311.243,534.780,395.740
739.372,311.657,535.132,395.105
739.160,311.573,535.432,395.010
741.897,323.162,525.800,379.890
741.695,320.248,530.289,379.965
741.406,317.757,531.151,382.862
739.982,317.002,531.592,386.545
741.758,316.965,532.201,387.982
739.797,314.966,530.333,389.604
740.128,316.604,533.540,389.266
739.786,314.807,531.626,390.828
739.174,315.942,535.037,390.858
740.831,314.930,531.761,390.584
738.003,314.589,535.636,391.345
739.891,314.814,532.687,391.176
738.132,314.605,536.367,391.736
739.122,314.728,533.859,391.901
738.840,314.721,537.697,391.952
738.468,314.690,533.882,391.908
738.312,315.083,537.255,392.510
738.376,314.348,535.773,392.677
739.180,314.805,535.806,393.347
737.364,315.209,536.819,393.958
738.066,314.914,537.682,394.219
737.000,315.793,537.863,393.760
738.495,315.926,538.009,393.907
737.420,316.148,537.951,393.761
737.789,315.421,538.706,394.363
738.411,315.876,538.442,394.055
736.607,317.171,540.381,393.350
736.525,317.220,539.919,392.865
735.420,317.948,541.463,392.492
736.529,318.443,540.956,392.142
736.280,318.241,541.415,392.054
736.036,317.290,542.594,392.189
738.507,328.227,533.263,376.320
736.090,327.018,539.514,375.826
738.569,324.737,539.713,379.936
736.314,323.962,539.116,383.283
737.278,323.354,541.195,385.555
735.405,321.897,540.545,386.134
736.496,321.288,542.226,388.236
732.232,320.149,544.624,389.077
732.897,319.968,546.538,390.308
732.043,318.901,545.835,391.611
730.520,319.398,548.389,392.511
732.232,319.340,545.483,391.795
729.719,319.356,549.246,392.603
731.854,319.388,546.992,391.437
730.397,318.083,547.640,392.398
732.146,319.018,547.283,390.941
728.989,317.977,548.527,391.961
730.741,318.699,548.563,391.488
729.994,317.640,548.192,393.171
730.898,318.648,548.169,392.504
728.941,317.820,549.165,393.364
730.424,318.682,549.218,391.918
729.144,317.742,549.408,393.143
730.411,318.957,547.548,392.502
729.259,317.385,550.036,393.006
729.118,318.835,548.246,392.267
730.771,317.872,549.728,392.894
728.776,318.138,549.019,393.578
730.685,317.971,549.287,393.298
729.889,317.413,549.422,394.230
728.522,317.607,549.684,394.907
731.074,317.578,547.366,394.495
731.251,329.140,538.718,378.944
731.096,327.150,546.675,379.394
732.324,325.660,542.619,381.820
730.585,324.126,545.564,385.068
731.757,323.511,544.263,387.268
731.993,321.874,545.339,388.508
729.230,321.092,546.484,389.448
731.789,320.727,543.977,391.128
729.859,319.176,546.418,391.341
731.272,319.249,546.320,393.006
728.550,317.606,548.161,393.620
724.160,324.861,554.180,391.458
714.140,323.720,563.335,390.844
714.457,323.901,564.286,391.298
711.743,323.030,567.692,391.367
711.747,321.803,569.272,391.285
711.541,319.178,568.103,391.577
708.740,318.763,570.906,393.461
711.830,318.055,567.221,394.261
715.224,319.864,566.366,393.257
716.743,321.376,567.032,392.055
711.506,323.782,572.460,392.867
701.616,323.501,577.326,393.805
697.663,322.945,584.836,394.278
689.633,323.206,592.300,394.518
681.594,322.090,600.135,397.142
682.342,320.839,596.621,399.369
682.212,320.800,599.517,400.491
681.498,321.508,598.865,401.086
682.651,320.260,599.187,400.238
678.590,321.222,602.746,400.241
684.518,318.127,593.977,401.508
681.186,331.957,595.840,388.030
685.097,327.203,588.936,389.914
682.510,325.235,597.976,389.525
681.430,328.335,600.185,391.694
682.230,324.711,594.752,393.277
680.423,325.370,603.101,393.109
681.642,323.989,597.624,393.897
678.335,324.000,601.826,394.733
681.485,324.096,598.163,395.130
675.947,325.051,606.322,395.582
684.754,321.664,596.550,397.916
674.373,325.261,611.773,395.270
684.389,323.150,599.576,399.858
673.655,324.266,615.358,396.935
684.605,323.473,605.816,400.853
673.460,324.863,616.960,399.215
682.848,323.925,608.528,401.447
673.970,326.523,618.521,399.000
675.738,326.476,616.085,398.123
664.327,329.031,624.416,394.826
655.940,330.317,630.032,393.804
650.572,328.397,641.138,392.873
639.331,327.161,647.090,395.130
630.765,328.128,657.762,395.163
625.197,328.284,661.966,397.550
615.316,327.962,669.992,396.116
616.325,327.721,672.893,396.469
603.311,328.964,684.138,394.131
597.603,329.593,689.547,393.546
582.733,331.688,700.554,391.516
570.140,331.024,708.768,391.401
559.675,331.962,726.531,392.538
537.680,341.079,737.966,375.205
523.385,340.897,759.343,379.070
504.665,338.694,771.766,381.090
482.720,341.396,795.600,382.288
460.949,340.016,809.981,385.100
438.401,341.591,832.412,388.216
417.758,341.399,851.676,388.723
399.475,341.752,865.707,390.711
384.192,341.914,878.915,392.188
371.371,341.135,886.122,393.215
359.901,340.641,895.920,394.932
350.163,339.534,901.686,395.919
343.882,338.599,907.722,396.582
342.450,339.754,915.416,395.594
340.570,338.960,916.854,395.708
341.109,339.520,920.650,395.139
340.041,340.357,922.765,394.922
339.811,340.562,923.723,394.836
338.194,340.777,925.963,394.874
335.342,340.707,927.944,395.115
332.946,341.144,932.500,394.312
327.937,340.911,937.164,394.560
323.286,341.158,944.366,394.954
316.710,341.515,946.517,394.461
311.193,341.067,952.523,393.856
303.790,341.909,954.071,393.230
296.934,342.078,960.211,393.243
288.684,341.645,964.270,391.795
277.708,343.584,969.487,392.588
267.199,342.793,976.210,392.201
254.155,343.015,990.148,391.387
242.542,345.426,994.466,390.101
249.220,355.305,982.818,370.761
240.124,345.236,985.887,376.507
245.971,349.443,982.787,380.048
239.441,346.057,989.162,383.280
245.845,345.877,984.064,382.870
236.223,345.333,992.204,385.489
244.526,343.909,982.829,386.659
236.380,345.823,994.366,386.906
243.888,341.431,983.682,389.357
233.098,345.351,998.716,388.361
240.053,341.109,985.893,390.284
238.342,343.302,994.468,389.505
239.414,342.818,993.884,390.205
237.042,342.771,995.366,389.667
239.638,342.807,993.270,389.596
237.842,343.771,996.887,389.578
239.254,342.776,993.073,389.023
238.238,343.193,993.767,389.501
239.239,343.863,992.056,389.111
240.746,343.903,990.447,388.740
238.588,344.540,992.906,388.372
240.599,344.939,988.673,388.293
239.890,344.558,989.226,387.849
239.689,344.718,988.763,387.848
241.274,344.229,987.341,387.792
240.316,345.734,992.716,387.048
241.198,344.184,989.609,387.499
238.147,345.797,994.642,386.839
241.851,344.312,988.265,388.192
236.818,345.611,993.970,386.436
240.819,344.588,985.961,387.440
240.048,345.067,992.386,386.671
248.231,356.159,979.184,368.910
241.407,347.341,977.373,377.935
246.747,349.665,988.075,377.117
237.519,345.969,986.817,381.747
245.839,347.176,980.686,381.075
239.132,346.999,985.606,383.190
245.910,345.996,982.230,383.120
238.340,347.183,985.765,383.562
245.664,345.335,980.930,384.276
239.176,347.527,987.597,383.552
243.640,345.175,982.334,384.132
233.959,347.510,993.426,382.876
242.617,345.719,982.201,383.317
234.194,346.880,998.538,382.289
241.680,346.032,986.191,382.855
235.743,346.814,995.120,382.347
241.474,345.613,986.735,383.730
235.269,347.509,995.207,382.899
242.134,345.674,984.276,383.669
235.368,348.246,997.021,381.727
243.986,346.299,986.758,382.402
232.588,348.688,1004.735,381.369
241.494,350.853,989.564,381.209
244.708,345.075,993.402,384.797
236.658,341.933,1004.450,385.061
236.780,335.280,1005.658,392.240
220.637,333.600,1026.857,395.594
229.127,325.226,998.924,403.643
229.399,324.089,1011.269,405.947
234.017,321.100,1012.866,411.230
258.017,323.820,997.596,412.499
280.223,328.105,991.990,416.133
291.498,342.953,956.202,397.174
296.157,342.275,967.214,399.860
307.515,340.852,965.249,401.161
297.707,344.946,977.456,398.558
284.624,351.491,973.223,394.526
277.345,357.770,999.211,387.305
272.424,361.793,994.540,380.902
294.641,365.682,970.042,377.349
319.724,371.353,959.060,373.896
319.113,376.052,946.054,371.380
324.763,382.988,948.311,364.883
320.743,386.418,936.419,360.057
329.844,392.836,947.168,349.411
322.601,396.171,935.599,345.029
334.239,400.013,933.756,340.900
322.157,402.685,943.922,339.068
331.738,406.176,938.617,333.541
317.668,411.287,953.998,327.383
338.049,414.656,934.367,320.890
321.412,421.723,956.381,315.290
323.804,423.946,925.848,314.127
336.685,424.447,948.805,313.328
325.444,429.287,948.972,309.007
344.328,431.388,923.227,308.564
349.380,434.788,940.353,306.844
360.895,437.771,931.948,304.654
363.723,441.243,923.522,301.894
369.656,442.651,924.001,298.919
372.547,445.437,912.443,296.681
372.330,445.360,921.620,295.059
376.160,447.359,918.341,293.705
377.421,450.794,919.562,290.969
382.688,458.633,916.024,280.238
377.251,456.550,904.295,281.985
386.753,458.590,898.883,279.166
387.153,462.477,902.749,277.165
387.169,463.296,899.520,277.009
391.149,463.741,893.883,274.691
392.097,465.632,887.706,270.242
393.167,466.487,871.287,267.730
399.499,465.061,874.364,268.209
407.676,470.774,865.859,263.363
406.193,473.490,857.775,260.314
409.846,476.928,861.459,258.089
413.648,479.309,846.116,254.520
421.031,479.772,849.846,254.321
422.110,481.716,832.517,251.763
428.283,482.062,837.253,253.173
433.552,485.364,827.289,250.162
440.333,487.053,818.360,248.792
451.569,487.575,810.536,248.868
470.428,490.284,792.394,243.207
486.371,495.437,786.754,241.027
507.398,496.245,765.699,240.238
534.329,499.349,750.390,235.828
550.760,500.814,736.637,234.773
556.716,505.312,733.493,230.939
543.400,504.023,744.039,230.755
547.114,509.060,754.450,226.412
544.696,511.622,746.484,225.393
543.930,511.021,752.664,225.574
541.935,512.899,756.336,223.151
542.862,515.063,755.266,218.849
541.459,517.329,754.857,214.612
538.993,523.825,757.084,203.978
518.091,521.613,766.908,202.549
507.479,521.493,778.225,204.813
498.365,519.809,778.074,208.579
480.498,523.743,796.084,207.203
470.160,532.108,814.211,203.142
469.331,533.774,815.621,198.345
465.175,535.802,813.953,194.023
461.578,542.016,819.900,188.902
465.537,545.254,816.370,183.846
468.463,548.637,820.034,180.881
471.528,549.794,813.303,177.650
471.193,550.870,803.474,177.548
468.693,553.443,801.286,174.776
460.877,555.502,803.542,172.541
463.652,557.877,792.612,170.611
463.915,558.358,798.061,171.091
459.212,558.023,797.246,170.255
452.544,559.032,806.796,169.643
451.614,558.766,803.289,169.997
452.760,559.714,797.381,168.891
453.955,559.895,792.480,167.949
454.989,559.880,791.208,166.733
457.927,561.047,791.238,165.344
458.531,561.085,792.291,164.376
457.725,562.240,784.512,162.521
464.170,562.636,781.185,163.081
461.922,563.580,783.498,161.587
461.593,564.006,783.717,160.175
460.792,563.928,783.802,159.355
458.550,564.364,781.397,159.113
459.974,564.537,780.836,159.430
452.000,574.000,716.000,163.000
463.000,583.000,699.000,145.000
473.000,579.000,687.000,157.000
476.000,577.000,686.000,159.000
479.000,576.000,679.000,159.000
472.000,576.000,686.000,157.000
475.000,580.000,683.000,158.000
466.000,568.000,698.000,163.000
465.000,570.000,696.000,161.000
462.000,576.000,708.000,157.000
474.000,574.000,682.000,155.000
470.000,572.000,692.000,164.000
471.000,572.000,695.000,159.000
464.000,588.000,704.000,145.000
475.000,569.000,692.000,161.000
478.000,569.000,675.000,162.000
468.000,583.000,695.000,151.000
480.000,578.000,690.000,154.000
501.000,582.000,664.000,148.000
491.000,578.000,692.000,151.000
472.000,575.000,721.000,157.000
479.000,568.000,712.000,164.000
472.000,571.000,723.000,163.000
476.000,567.000,720.000,170.000
478.000,568.000,720.000,168.000
501.000,566.000,704.000,173.000
502.000,561.000,708.000,175.000
519.000,553.000,698.000,179.000
536.000,557.000,692.000,183.000
558.000,557.000,677.000,182.000
555.000,562.000,682.000,174.000
560.000,565.000,692.000,175.000
567.714,550.593,711.399,178.198
586.000,545.000,667.000,185.000
595.000,555.000,632.000,180.000
598.000,537.000,635.000,191.000
604.000,548.000,643.000,194.000
618.000,529.000,626.000,206.000
601.000,533.000,655.000,197.000
603.000,511.000,643.000,209.000
609.000,507.000,626.000,217.000
599.000,504.000,643.000,217.000
592.000,486.000,650.000,234.000
576.000,491.000,689.000,235.000
441.000,498.000,758.000,230.000
458.000,472.000,802.000,248.000
412.000,472.000,849.000,261.000
410.000,468.000,845.000,262.000
378.000,467.000,873.000,256.000
309.000,452.000,946.000,271.000
300.000,453.000,959.000,271.000
259.000,446.000,1005.000,289.000
234.000,439.000,1037.000,289.000
242.000,440.000,1040.000,284.000
220.000,446.000,1069.000,278.000
240.000,437.000,1041.000,289.000
259.000,449.000,1025.000,276.000
264.000,433.000,1014.000,287.000
278.000,430.000,1000.000,289.000
274.000,455.000,1005.000,278.000
272.000,430.000,992.000,278.000
236.000,420.000,1017.000,308.000
215.000,411.000,1037.000,326.000
161.000,401.000,1098.000,332.000
161.927,372.381,1041.374,343.627
259.000,388.000,1024.000,338.000
233.085,329.465,1043.727,371.189
162.262,332.023,1117.486,383.345
134.089,319.813,1098.370,389.564
183.135,314.395,1080.916,398.043
157.687,313.057,1063.476,403.553
157.228,313.348,1059.150,402.259
132.287,314.029,1089.901,405.213
121.763,315.392,1091.799,400.506
113.165,318.758,1094.882,398.363
100.915,321.856,1098.982,395.038
93.879,324.530,1094.929,391.495
81.373,325.016,1117.777,393.224
63.716,325.661,1111.253,389.336
53.113,326.538,1125.069,392.067
65.679,327.327,1110.861,391.270
98.749,331.649,1088.138,386.372
122.160,335.030,1078.341,385.409
133.339,342.635,1091.777,379.947
103.781,345.593,1107.668,377.329
127.775,349.497,1064.178,373.744
110.904,351.628,1092.533,368.798
106.328,355.442,1088.629,369.881
93.620,357.322,1096.303,368.104
85.442,357.424,1095.457,367.490
69.376,357.000,1090.329,367.738
59.045,359.504,1087.752,368.837
64.004,356.304,1087.365,370.558
60.056,360.538,1086.397,368.710
60.960,364.546,1079.440,367.721
79.456,369.092,1068.544,366.255
101.921,390.296,1036.511,343.984
100.906,386.500,1022.670,344.590
106.770,385.691,1025.802,344.664
114.348,387.709,1022.239,343.858
124.362,391.769,1008.289,341.788
127.611,394.070,1001.457,343.583
133.632,396.402,990.316,341.404
129.805,396.704,980.269,341.194
141.390,398.953,969.864,341.902
133.102,400.760,984.740,342.507
147.126,403.263,964.960,341.484
145.472,406.786,989.927,339.753
157.139,409.802,992.352,335.177
151.874,414.182,1006.479,330.658
151.697,417.226,1006.605,325.576
152.261,420.636,995.708,320.448
157.810,422.137,985.340,318.489
160.856,425.049,987.484,315.769
155.842,426.619,994.444,314.227
158.427,427.749,986.138,312.645
161.027,429.394,979.985,311.529
163.194,430.344,979.202,310.254
165.122,431.380,976.512,309.905
166.338,432.420,976.778,308.874
165.844,432.978,975.361,308.267
166.552,432.431,970.688,308.791
164.910,433.088,967.594,307.557
167.244,433.680,970.453,308.451
167.276,435.030,972.808,305.975
169.958,436.814,967.564,303.887
170.130,438.952,967.489,302.076
171.015,440.759,964.466,300.285
184.770,450.702,949.144,284.246
176.815,449.992,933.700,288.218
173.711,451.703,930.094,288.650
170.096,451.884,923.995,286.801
174.269,450.756,924.090,290.482
171.106,451.301,929.467,288.885
168.859,451.692,927.775,287.280
175.011,451.300,915.137,286.187
172.769,452.676,907.157,286.159
176.882,453.137,898.598,286.476
172.551,452.495,898.985,287.458
173.915,454.683,893.982,284.282
175.355,455.937,889.444,282.667
172.830,457.848,882.305,281.497
165.155,457.039,861.003,282.723
171.877,459.822,871.241,283.613
168.293,460.789,861.929,280.414
169.353,461.530,864.787,283.482
170.819,462.748,863.149,280.523
161.896,464.120,870.535,279.686
165.710,465.262,869.939,277.279
161.928,465.608,867.017,276.160
163.596,465.485,869.792,274.461
165.936,467.808,862.435,272.233
160.095,467.704,857.209,272.935
160.669,468.301,859.187,273.309
154.982,466.276,860.143,275.137
149.924,467.840,862.305,275.818
147.459,467.844,856.593,274.546
139.627,467.863,864.822,274.343
143.479,468.512,859.587,272.256
140.921,468.588,863.564,273.329
164.766,478.999,843.753,261.788
129.164,473.548,868.187,265.062
155.408,471.812,839.839,262.351
149.816,473.785,858.132,265.875
150.743,472.472,857.379,267.763
149.263,472.750,860.498,269.424
142.609,473.269,858.795,268.826
143.783,473.947,861.213,265.591
140.426,475.144,861.629,263.578
140.246,475.605,855.206,260.734
135.732,474.791,858.887,260.685
136.956,473.822,855.394,260.871
137.043,475.779,851.571,258.685
136.242,477.156,847.950,257.838
140.072,477.469,832.548,258.942
143.135,477.918,837.589,257.035
150.810,477.994,830.434,255.609
158.124,477.569,822.352,253.846
158.416,480.955,819.644,250.174
158.789,480.826,814.014,249.193
159.916,481.801,813.433,249.604
166.755,483.797,799.904,247.232
168.671,484.379,795.951,245.191
165.747,486.163,798.802,242.181
165.988,486.200,796.849,240.786
174.642,489.047,793.200,237.838
183.787,491.807,784.536,232.981
187.010,493.422,780.902,229.883
189.540,495.860,775.659,227.719
190.339,495.796,767.854,225.157
188.154,496.450,762.050,225.766
194.653,498.365,755.610,221.648
208.030,506.619,730.976,215.746
207.236,501.638,727.886,218.301
216.214,505.200,712.534,216.698
219.481,504.610,708.311,217.583
225.864,505.759,702.976,216.124
223.285,503.872,700.711,217.926
227.997,506.509,698.677,216.908
222.907,502.586,707.225,217.952
215.586,504.394,709.779,219.225
195.750,503.268,739.102,221.354
182.402,501.090,759.358,226.089
178.059,500.924,800.344,227.833
154.787,494.547,823.757,230.861
147.201,488.006,847.141,236.922
99.800,480.641,882.895,247.652
96.513,472.644,883.726,255.082
78.065,467.518,904.789,261.006
61.255,462.468,909.962,264.787
46.743,453.879,917.548,275.533
38.624,443.763,922.238,283.474
37.133,431.331,926.029,293.009
37.099,417.529,920.194,305.925
45.462,397.913,915.578,325.612
50.594,385.947,909.243,336.345
41.723,374.613,930.336,348.716
43.385,360.814,939.732,358.013
33.843,351.863,946.999,364.121
52.950,347.960,954.644,370.928
55.821,342.753,941.350,373.435
59.776,337.983,925.319,378.706
57.637,332.809,922.954,386.403
54.319,326.185,909.846,392.174
72.178,336.321,882.815,385.877
68.330,329.594,894.642,395.071
60.361,323.649,900.285,398.801
59.884,322.833,898.488,403.047
56.042,321.006,897.482,404.520
40.772,327.363,895.429,397.382
48.948,333.620,883.062,395.642
28.396,340.059,895.643,388.879
25.340,343.518,882.719,383.426
25.775,349.728,887.767,378.674
24.914,352.536,891.559,377.104
19.879,355.420,892.487,373.557
0.000,402.000,880.000,341.000
48.657,372.759,828.407,361.139
9.000,409.000,838.000,338.000
56.010,382.292,802.476,356.692
1.631,377.882,832.379,355.531
31.563,375.128,802.205,355.691
0.000,415.000,866.000,317.000
42.030,381.387,770.711,349.883
5.802,379.788,820.103,347.136
25.979,378.583,765.411,347.687
16.324,383.645,786.336,341.533
13.191,384.361,772.478,341.427
14.167,387.020,781.812,340.997
9.067,386.681,769.651,341.595
13.671,388.323,770.419,340.710
15.187,388.398,751.381,339.500
28.623,386.884,722.007,338.032
35.138,384.703,708.634,338.239
31.197,378.329,692.609,344.042
5.000,394.000,737.000,336.000
42.060,370.439,646.496,359.298
42.367,357.604,673.165,372.219
41.561,336.040,637.722,390.270
43.841,327.542,663.674,399.279
39.658,313.081,633.063,410.160
44.527,316.055,649.774,413.415
40.928,309.388,617.557,418.258
60.164,313.511,630.148,419.718
57.220,313.091,618.755,424.896
67.001,317.399,620.005,420.504
72.413,314.565,605.395,419.543
92.535,312.036,585.044,420.932
108.800,317.498,572.258,418.357
99.361,316.237,591.003,419.762
72.602,311.741,593.806,420.684
70.838,301.617,620.503,425.088
55.782,299.091,624.905,416.284
45.550,295.673,635.102,414.866
31.352,295.463,668.782,420.957
29.858,302.093,689.878,423.150
26.028,301.418,697.542,412.139
28.538,302.017,701.959,404.977
20.846,306.204,704.633,403.221
31.098,297.479,682.499,406.913
25.344,289.678,651.326,415.551
38.355,280.941,643.126,419.597
39.301,285.719,644.259,428.311
46.911,276.643,620.649,422.112
44.295,280.540,622.167,418.567
38.343,281.805,621.027,418.507
39.481,291.816,602.605,405.918
42.669,299.776,589.331,395.993
38.154,325.058,574.612,378.276
33.848,318.867,553.963,380.370
30.647,320.928,556.968,376.642
13.623,319.741,553.765,383.487
9.397,313.548,540.160,394.361
16.938,312.796,534.875,395.546
1.151,324.092,536.920,396.466
0.000,501.000,532.000,217.000
22.033,483.726,492.333,220.383
0.000,525.000,517.000,188.000
29.920,516.245,482.865,189.601
18.373,508.531,485.195,195.762
16.940,512.215,464.475,191.494
21.005,517.224,452.671,186.481
19.518,518.749,447.729,187.107
22.382,520.835,444.586,184.719
24.506,522.209,441.508,183.346
0.000,569.000,457.000,148.000
22.994,555.970,454.191,149.844
0.000,563.000,455.000,159.000
0.000,563.000,462.000,159.000
28.196,549.822,452.806,155.941
29.260,540.010,440.715,163.718
0.000,545.000,482.000,172.000
2.000,552.000,471.000,162.000
24.378,536.787,469.828,167.668
0.000,565.000,490.000,162.000
0.000,564.000,503.000,159.000
18.987,543.886,491.738,161.547
22.092,549.676,480.961,159.157
20.318,553.969,496.597,158.262
21.860,554.318,508.807,158.611
17.820,559.884,509.371,155.635
23.978,560.937,510.883,156.350
0.000,578.000,544.000,145.000
27.303,568.890,531.307,144.434
43.672,573.239,520.399,143.349
46.235,574.870,513.735,144.980
47.282,578.556,518.255,141.166
58.275,583.044,513.880,135.983
60.985,582.804,509.950,134.958
58.083,581.233,514.081,135.669
53.168,576.637,526.880,141.249
64.898,568.387,533.930,147.796
73.894,559.627,514.071,160.288
77.766,546.760,499.354,168.105
65.617,531.141,476.812,189.725
23.855,505.362,458.219,205.669
33.911,502.607,402.460,211.317
20.005,509.566,377.388,202.623
16.103,514.639,366.610,201.744
12.979,514.984,342.513,197.420
13.077,513.551,344.222,199.509
17.988,508.022,349.500,203.653
14.299,498.690,354.083,211.031
24.654,491.235,360.209,218.771
24.246,480.267,363.138,222.383
24.174,474.168,371.221,229.496
23.945,468.068,373.735,229.099
26.391,468.370,377.177,227.458
25.520,467.330,379.156,227.301
28.388,469.554,380.807,228.548
28.213,471.961,386.732,230.577
28.377,475.802,388.896,231.995
26.912,482.816,380.531,227.487
24.680,476.038,390.811,231.157
43.760,468.171,390.110,237.750
55.142,451.300,389.820,241.076
88.496,438.705,382.706,238.887
123.192,422.611,367.329,228.944
159.797,398.995,341.948,218.855
171.167,397.311,340.887,200.690
197.103,393.795,329.037,191.968
204.750,402.017,325.458,180.874
217.166,406.539,314.934,177.352
234.755,410.770,303.091,176.517
259.606,405.607,290.918,171.688
263.679,405.800,291.695,174.234
280.609,403.220,290.563,171.556
297.651,399.697,281.449,169.415
301.429,396.696,286.270,168.313
316.431,390.665,281.983,166.481
324.202,386.807,278.406,164.306
308.268,374.141,288.088,153.143
467.000,455.000,562.000,279.000
447.000,429.000,591.000,298.000
379.000,351.000,629.000,366.000
239.000,226.000,718.000,509.000
143.000,138.000,792.000,596.000
185.737,20.374,774.894,705.776
172.000,52.000,805.000,618.000
278.000,37.000,803.000,495.000
276.000,24.000,777.000,446.000
296.460,4.701,786.735,509.724
231.284,0.000,778.910,647.899
56.000,17.000,1018.000,708.000
119.981,8.640,1062.330,692.733
147.734,0.807,998.359,695.554
194.691,5.404,897.785,713.500
198.999,3.238,770.646,715.339
250.918,34.124,792.727,708.571
271.103,70.038,829.098,667.822
282.659,97.303,842.795,635.806
