869.000,250.000,133.000,315.000
869.635,275.511,142.962,322.528
876.000,309.000,143.000,280.000
890.000,338.000,138.000,288.000
901.000,363.000,144.000,311.000
908.000,333.000,148.000,342.000
909.000,331.000,143.000,347.000
909.414,338.578,144.917,351.024
906.000,329.000,144.000,337.000
899.000,327.000,140.000,333.000
886.000,342.000,142.000,323.000
872.000,345.000,145.000,337.000
868.000,337.000,143.000,337.000
845.000,362.000,143.000,337.000
823.000,365.000,138.000,349.000
809.000,385.000,142.000,334.000
797.000,389.000,135.000,337.000
776.000,405.000,145.000,315.000
775.000,403.000,144.000,317.000
769.000,401.000,136.000,322.000
748.000,404.000,149.000,315.000
740.000,392.000,153.000,328.000
729.000,390.000,154.000,333.000
728.000,414.000,149.000,308.000
716.000,414.000,160.000,305.000
712.000,423.000,165.000,305.000
703.000,425.000,163.000,293.000
692.000,432.000,167.000,299.000
687.000,437.000,166.000,288.000
682.000,429.000,168.000,294.000
676.000,424.000,176.000,295.000
667.000,425.000,186.000,299.000
658.392,412.997,181.372,297.316
640.000,430.000,196.000,289.000
635.000,434.000,194.000,293.000
635.000,439.000,182.000,286.000
640.000,448.000,190.000,281.000
629.000,448.000,185.000,272.000
632.000,443.000,184.000,276.000
629.000,439.000,184.000,270.000
615.000,424.000,203.000,279.000
613.000,408.000,204.000,281.000
615.000,409.000,196.000,283.000
611.000,398.000,205.000,284.000
615.000,383.000,207.000,280.000
615.000,364.000,211.000,289.000
617.000,357.000,216.000,291.000
618.000,342.000,209.000,298.000
611.000,347.000,218.000,287.000
623.000,344.000,211.000,292.000
623.000,338.000,202.000,289.000
635.000,333.000,200.000,280.000
628.000,326.000,198.000,291.000
623.000,326.000,200.000,286.000
621.000,328.000,211.000,289.000
608.000,318.000,209.000,290.000
611.000,327.000,199.000,281.000
610.000,319.000,186.000,280.000
603.000,312.000,181.000,274.000
588.000,303.000,188.000,273.000
591.000,308.000,187.000,275.000
577.000,306.000,189.000,268.000
559.000,291.000,184.000,272.000
535.000,290.000,185.000,282.000
517.114,283.551,177.789,287.845
465.000,297.000,157.000,284.000
469.000,292.000,153.000,292.000
420.000,307.000,140.000,280.000
368.000,313.000,140.000,282.000
315.000,317.000,141.000,286.000
260.000,318.000,144.000,290.000
205.000,330.000,144.000,289.000
207.000,322.000,144.000,299.000
148.000,346.000,140.000,291.000
83.000,365.000,143.000,294.000
20.000,382.000,137.000,297.000
0.000,391.000,101.000,306.000
0.000,391.000,101.000,306.000
17.360,311.262,152.826,275.434
56.984,282.352,204.943,271.882
76.772,237.633,214.784,226.456
100.042,222.730,201.214,239.816
104.168,231.303,192.227,243.599
73.930,239.291,180.816,242.649
59.141,239.509,173.301,241.392
28.619,243.108,164.127,238.626
11.582,250.947,163.521,234.493
12.170,269.053,162.106,224.625
38.577,264.074,163.939,229.276
59.990,311.753,161.236,221.828
76.099,304.298,188.967,199.640
0.000,300.555,202.352,216.220
0.000,278.066,222.817,191.398
2.201,295.489,264.307,179.453
0.000,327.487,327.912,163.184
13.465,317.965,300.071,157.458
0.000,316.502,287.965,147.865
0.461,327.274,267.954,138.456
3.445,338.151,245.793,128.835
7.054,344.651,227.702,115.490
0.000,345.416,223.733,106.926
3.388,344.428,200.788,98.428
0.000,342.156,190.779,94.587
4.874,335.954,182.237,93.803
2.516,328.999,181.841,92.121
5.791,325.363,188.311,92.733
3.631,324.307,192.472,92.581
1.295,314.547,195.862,91.260
4.582,325.006,205.944,92.775
9.026,319.582,202.074,93.302
4.291,311.995,198.530,92.884
0.000,318.660,212.250,96.702
70.287,349.516,205.587,136.038
168.388,274.881,211.068,139.732
207.092,196.753,203.126,146.759
295.899,176.318,195.584,150.339
372.594,231.101,182.688,181.745
440.953,182.501,182.447,179.885
35.000,301.000,163.000,322.000
85.000,289.000,190.000,322.000
82.000,272.000,194.000,347.000
123.258,279.699,193.657,332.391
182.563,281.252,189.958,329.873
233.000,250.000,187.000,370.000
265.809,268.930,189.421,352.667
305.030,262.630,181.816,353.798
303.692,253.285,178.686,357.785
328.613,265.312,188.218,359.199
355.000,274.000,195.000,361.000
376.000,284.000,211.000,358.000
386.000,287.000,223.000,353.000
421.000,290.000,202.000,362.000
439.000,288.000,185.000,364.000
456.000,280.000,191.000,380.000
481.000,254.000,194.000,409.000
489.000,263.000,205.000,406.000
556.000,265.000,149.000,400.000
551.000,257.000,181.000,400.000
537.000,260.000,193.000,398.000
602.000,298.000,143.000,357.000
601.000,288.000,167.000,355.000
624.000,285.000,170.000,359.000
673.000,302.000,142.000,337.000
691.000,293.000,149.000,333.000
684.000,299.000,156.000,330.000
702.000,289.000,163.000,339.000
727.000,290.000,161.000,343.000
725.000,289.000,184.000,344.000
737.000,296.000,191.000,337.000
756.000,288.000,198.000,354.000
751.000,283.000,203.000,357.000
762.000,292.000,182.000,354.000
749.000,301.000,171.000,324.000
743.000,311.000,164.000,298.000
740.000,309.000,143.000,275.000
737.000,295.000,130.000,258.000
730.000,297.000,140.000,259.000
726.000,287.000,120.000,241.000
720.000,295.000,108.000,231.000
710.000,293.000,91.000,213.000
706.243,300.527,91.037,203.245
715.000,295.000,79.000,203.000
718.000,300.000,82.000,194.000
719.000,299.000,82.000,198.000
726.000,305.000,77.000,194.000
728.000,301.000,83.000,203.000
732.000,303.000,83.000,206.000
737.000,312.000,83.000,203.000
740.000,313.000,81.000,208.000
740.000,312.000,84.000,206.000
742.000,315.000,86.000,212.000
743.000,325.000,85.000,212.000
742.000,331.000,89.000,210.000
732.000,337.000,101.000,213.000
733.000,344.000,105.000,212.000
720.000,336.000,117.000,221.000
725.000,337.000,119.000,229.000
731.000,342.000,116.000,214.000
752.000,347.000,100.000,212.000
766.000,349.000,87.000,203.000
775.000,341.000,85.000,209.000
778.000,344.000,79.000,210.000
775.000,339.000,91.000,208.000
776.000,339.000,84.000,204.000
782.000,342.000,87.000,197.000
784.000,338.000,89.000,199.000
784.000,333.000,95.000,207.000
785.000,330.000,88.000,210.000
789.000,329.000,93.000,209.000
790.000,325.000,93.000,210.000
790.000,327.000,97.000,207.000
793.000,327.000,94.000,205.000
800.927,318.429,89.803,210.001
802.262,322.605,90.535,208.740
800.000,321.000,84.000,206.000
797.000,317.000,76.000,209.000
790.000,318.000,78.000,203.000
779.000,310.000,81.000,209.000
765.000,299.000,84.000,215.000
767.000,292.000,83.000,224.000
756.000,293.000,81.000,218.000
739.000,305.000,83.000,208.000
724.000,316.000,87.000,202.000
708.000,318.000,95.000,206.000
692.000,334.000,94.000,198.000
695.000,336.000,101.000,194.000
681.000,342.000,97.000,196.000
665.000,353.000,91.000,184.000
655.000,357.000,92.000,192.000
645.000,361.000,89.000,192.000
631.000,368.000,117.000,188.000
632.000,368.000,105.000,186.000
616.000,367.000,105.000,187.000
613.000,373.000,93.000,177.000
599.000,371.000,102.000,187.000
597.000,372.000,94.000,180.000
597.000,375.000,91.000,183.000
599.000,375.000,88.000,179.000
598.000,373.000,84.000,184.000
589.000,373.000,87.000,185.000
582.000,368.000,83.000,188.000
571.000,368.000,84.000,186.000
564.000,373.000,84.000,180.000
560.000,369.000,86.000,183.000
552.628,359.795,91.675,187.118
541.303,354.203,93.259,188.736
531.749,352.794,93.829,191.368
520.774,359.471,94.067,186.433
507.763,368.396,95.363,180.724
498.887,373.098,98.543,178.709
497.000,380.000,93.000,166.000
484.451,383.457,99.103,173.718
474.914,390.997,99.340,168.883
460.000,403.000,105.000,159.000
456.133,410.923,104.567,153.162
448.000,411.000,115.000,154.000
458.570,411.280,106.300,154.831
454.187,411.160,105.913,154.164
458.798,409.851,106.777,156.514
463.000,408.000,109.000,150.000
471.771,407.318,102.243,156.450
469.628,405.673,99.700,159.118
480.564,401.708,101.474,162.736
485.513,401.787,109.995,160.996
493.556,397.528,115.442,163.119
493.809,401.804,126.285,161.787
497.448,401.705,131.205,162.349
495.622,400.803,130.809,161.250
511.724,396.820,127.934,163.795
520.724,393.146,126.655,165.423
535.791,393.703,129.606,164.103
547.690,388.052,133.550,163.583
561.838,379.719,136.522,165.128
558.680,381.049,141.956,161.839
577.277,365.713,137.365,172.315
587.394,353.269,138.957,174.841
596.713,344.710,139.371,174.604
618.669,332.994,134.475,179.351
644.196,326.563,128.613,180.706
648.634,329.757,117.510,176.783
666.199,321.299,111.270,179.051
679.926,317.506,104.286,181.475
702.000,327.000,84.000,167.000
712.000,331.000,71.000,173.000
711.000,342.000,74.000,172.000
704.873,338.421,79.038,176.041
714.000,342.000,82.000,175.000
709.331,340.523,85.802,181.246
708.849,345.186,88.411,185.478
715.000,364.000,81.000,180.000
700.954,368.915,91.760,187.890
695.968,374.372,94.057,189.057
687.000,413.000,87.000,172.000
667.914,430.826,92.758,180.146
647.775,466.853,90.754,179.967
631.839,500.938,87.194,176.737
611.950,534.666,90.776,175.756
611.501,540.999,88.555,168.489
608.000,569.000,82.000,151.000
595.000,594.000,94.000,126.000
596.127,595.938,97.782,126.382
613.000,635.000,83.000,88.000
612.000,653.000,87.000,67.000
619.000,655.000,76.000,65.000
615.000,667.000,82.000,52.000
619.134,667.091,78.798,52.553
622.165,671.576,75.296,49.541
625.528,678.048,71.317,45.661
631.306,687.836,62.232,38.970
641.337,690.340,55.242,34.291
650.204,695.503,53.849,31.688
656.789,696.259,70.817,27.125
672.267,697.328,77.201,24.772
665.966,696.523,77.164,24.707
661.031,686.596,82.054,27.155
623.000,684.000,77.000,55.000
613.393,651.988,81.942,62.191
623.000,684.000,77.000,55.000
623.000,684.000,77.000,55.000
623.000,684.000,77.000,55.000
623.000,684.000,77.000,55.000
623.000,684.000,77.000,55.000
623.000,684.000,77.000,55.000
623.000,684.000,77.000,55.000
748.000,674.000,78.000,52.000
780.000,651.000,76.000,65.000
805.000,628.000,80.000,75.000
800.000,624.000,87.000,94.000
847.000,557.000,81.000,115.000
885.000,496.000,92.000,133.000
977.000,477.000,87.000,154.000
996.985,411.665,84.133,161.828
1061.000,395.000,94.000,183.000
1065.000,392.000,93.000,189.000
1088.000,357.000,91.000,200.000
1113.000,344.000,82.000,189.000
1117.000,324.000,92.000,187.000
1134.000,312.000,85.000,179.000
1141.711,306.339,85.991,178.323
1138.000,305.000,89.000,172.000
1148.883,302.677,87.514,170.559
1156.905,294.401,81.633,172.477
1160.222,295.199,80.974,171.646
1147.978,296.731,80.462,170.704
1136.443,299.809,82.774,174.185
1130.774,306.041,83.258,177.077
1129.846,304.533,81.606,179.344
1120.517,314.421,85.613,178.972
1113.000,313.000,79.000,182.000
1107.000,315.000,77.000,182.000
1104.000,321.000,77.000,178.000
1101.000,322.000,78.000,178.000
1097.000,322.000,83.000,174.000
1095.000,327.000,86.000,177.000
1095.000,329.000,81.000,179.000
1092.000,326.000,79.000,183.000
1093.000,332.000,77.000,183.000
1085.909,337.036,79.402,183.177
1088.077,336.464,74.982,183.736
1083.365,339.357,75.103,183.646
1072.937,343.015,79.775,187.709
1067.549,341.434,79.774,188.473
1060.856,333.961,83.776,196.430
1051.638,333.403,86.443,203.523
1053.708,337.415,83.051,204.616
1045.358,350.797,83.627,197.457
1043.622,364.302,81.436,186.887
1038.784,360.673,79.686,187.134
1034.081,358.603,78.012,184.809
1028.647,359.515,76.883,184.003
1029.460,358.283,75.628,182.526
1026.368,359.864,72.766,180.670
1023.511,362.353,68.167,176.619
1016.000,360.000,69.000,178.000
1006.000,354.000,77.000,181.000
1004.000,354.000,72.000,184.000
999.000,353.000,79.000,184.000
988.000,349.000,89.000,185.000
978.000,348.000,94.000,183.000
978.000,344.000,89.000,187.000
974.000,347.000,87.000,189.000
962.000,353.000,90.000,186.000
963.000,347.000,91.000,190.000
952.000,347.000,91.000,196.000
939.000,345.000,99.000,202.000
937.000,352.000,91.000,196.000
933.000,356.000,89.000,190.000
926.000,359.000,88.000,196.000
923.000,361.000,90.000,193.000
905.000,360.000,100.000,204.000
885.000,380.000,106.000,190.000
871.000,379.000,114.000,199.000
857.000,383.000,123.000,201.000
846.000,389.000,123.000,200.000
832.000,386.000,135.000,203.000
807.000,378.000,156.000,217.000
798.000,388.000,154.000,211.000
805.000,398.000,143.000,205.000
802.000,404.000,136.000,201.000
819.000,415.000,96.000,190.000
820.000,417.000,96.000,188.000
803.000,424.000,99.000,183.000
784.000,427.000,104.000,184.000
766.000,427.000,102.000,186.000
748.945,425.232,103.592,192.151
725.245,426.009,107.512,197.909
723.918,430.022,112.322,200.453
713.470,435.716,114.052,197.794
698.846,443.634,120.481,196.368
688.643,450.614,124.167,194.906
675.727,455.551,129.869,196.434
663.206,460.141,132.398,194.269
658.294,462.306,130.397,192.292
652.635,466.747,129.513,189.263
644.552,470.892,129.863,188.061
632.244,472.771,134.848,188.005
619.320,476.546,142.451,186.898
611.078,480.951,146.740,183.470
612.248,479.844,144.951,182.162
608.256,483.037,148.130,180.215
604.932,483.016,147.392,181.219
598.873,482.013,149.776,180.311
605.000,479.000,132.000,171.000
594.982,478.286,139.894,177.349
605.000,471.000,126.000,174.000
594.828,472.586,137.874,181.960
617.000,464.000,121.000,173.000
596.294,456.258,133.130,179.824
601.226,443.223,135.836,181.798
599.297,436.802,141.756,182.797
598.503,436.981,147.099,179.512
597.923,429.395,148.582,180.630
599.842,420.210,147.796,180.515
604.243,412.753,150.676,182.045
607.438,404.137,155.762,182.119
612.395,395.208,157.744,184.436
615.000,402.000,158.000,171.000
614.000,393.000,162.000,168.000
621.000,378.000,159.000,173.000
617.000,365.000,163.000,175.000
619.000,350.000,164.000,175.000
618.000,333.000,160.000,177.000
619.000,337.000,161.000,179.000
616.000,326.000,165.000,176.000
614.000,313.000,163.000,175.000
609.000,301.000,161.000,169.000
606.000,287.000,159.000,174.000
602.000,277.000,159.000,170.000
603.000,277.000,157.000,168.000
592.000,258.000,164.000,177.000
584.000,251.000,168.000,171.000
577.000,243.000,163.000,168.000
564.000,230.000,165.000,170.000
548.000,228.000,166.000,166.000
555.000,220.000,157.000,178.000
531.000,222.000,169.000,165.000
514.000,219.000,166.000,163.000
495.000,213.000,166.000,171.000
471.000,210.000,177.000,171.000
451.000,218.000,179.000,173.000
450.000,216.000,180.000,175.000
428.000,220.000,184.000,176.000
415.000,225.000,180.000,179.000
375.000,231.000,201.000,173.000
360.000,242.000,185.000,173.000
343.000,250.000,175.000,176.000
342.000,249.000,177.000,173.000
311.000,257.000,180.000,179.000
278.391,261.507,188.580,178.981
241.109,269.473,194.613,180.860
209.586,271.597,190.752,179.073
171.920,277.970,191.334,177.233
178.000,282.000,169.000,170.000
144.000,282.000,173.000,171.000
111.826,280.424,178.133,184.367
82.000,286.000,177.000,173.000
68.000,294.000,158.000,172.000
27.000,301.000,173.000,171.000
21.776,291.812,188.782,188.433
10.000,302.000,158.000,171.000
5.000,307.000,134.000,168.000
0.000,308.000,128.000,177.000
0.000,314.000,110.000,171.000
0.000,348.242,121.128,155.444
0.000,341.174,124.193,151.903
4.127,346.134,124.797,153.890
26.323,341.538,153.193,142.870
30.060,318.988,203.760,139.754
9.139,322.163,243.860,131.701
7.565,317.800,263.768,122.181
32.205,325.096,284.254,117.354
30.959,340.596,303.102,115.770
31.723,344.751,308.538,118.793
33.374,358.103,317.805,120.379
39.583,376.530,333.354,127.660
59.112,431.393,360.306,156.433
200.797,432.117,449.518,148.089
271.001,395.510,441.135,151.110
316.453,392.691,380.612,177.215
343.052,386.687,357.904,175.777
348.164,384.692,315.969,186.246
342.252,386.196,293.730,173.714
347.353,386.253,274.631,170.271
356.995,385.896,265.199,167.649
355.115,392.091,256.566,164.005
350.915,391.927,253.342,159.037
361.594,390.783,246.394,156.165
354.216,395.333,243.421,153.787
339.787,395.861,244.087,152.786
340.895,399.550,236.896,150.087
333.143,405.344,235.918,148.469
325.125,409.602,236.607,150.979
321.143,416.841,238.636,154.058
335.984,426.865,251.032,155.441
354.170,440.386,247.110,156.313
356.424,448.140,246.440,155.243
367.605,460.341,242.539,155.146
380.614,476.378,243.140,158.581
402.822,487.332,245.180,160.846
433.582,503.626,243.150,161.721
458.084,517.809,242.453,162.113
464.731,529.091,240.396,158.227
465.954,525.689,247.996,157.494
481.749,531.756,249.177,160.589
506.721,539.891,246.256,160.280
538.361,550.165,246.245,157.408
565.683,559.838,246.295,154.555
604.330,564.137,246.326,152.475
627.688,565.052,241.713,149.601
654.917,567.073,239.484,147.721
680.798,566.781,247.520,147.519
704.050,566.695,257.252,148.213
740.515,563.301,259.821,147.206
796.961,561.011,272.825,150.318
816.054,549.829,281.052,153.696
865.293,542.076,286.224,156.676
912.036,535.772,296.855,159.630
993.616,515.535,305.363,163.327
1014.547,523.778,261.404,157.098
1042.948,549.495,255.742,146.852
83.000,395.000,325.000,339.000
115.000,378.000,336.000,351.000
146.495,369.766,336.143,372.689
188.018,348.762,342.259,387.244
226.904,338.215,335.522,406.486
259.404,320.797,338.281,424.491
252.162,317.297,342.023,434.931
277.000,308.000,354.000,415.000
310.206,300.394,343.083,462.356
343.587,274.835,348.959,482.860
347.990,284.260,358.879,482.973
373.100,267.353,361.464,491.163
366.456,274.139,371.542,486.589
367.240,273.532,382.805,488.363
395.932,263.734,383.611,489.218
399.094,276.479,393.266,479.109
414.015,272.262,399.420,480.292
430.000,288.000,369.000,429.000
433.708,284.673,386.674,460.536
456.000,292.000,361.000,430.000
462.834,303.193,385.960,446.723
487.000,313.000,371.000,412.000
502.429,300.754,392.645,446.287
546.000,308.000,362.000,410.000
529.568,314.125,373.312,430.735
547.203,306.378,383.506,432.751
575.751,300.808,404.263,440.776
674.000,295.000,338.000,433.000
670.658,302.535,371.044,450.495
680.347,278.648,404.587,465.449
695.000,280.000,399.000,445.000
693.000,277.000,442.000,451.000
764.000,261.000,407.000,466.000
784.401,250.792,427.692,498.896
830.000,221.000,399.000,503.000
823.998,236.345,418.271,517.185
823.703,235.889,423.466,511.490
880.000,201.000,394.000,527.000
868.000,186.000,391.000,534.000
912.000,193.000,356.000,548.000
900.579,235.236,382.934,527.774
908.000,176.000,381.000,557.000
917.000,181.000,367.000,548.000
924.581,241.282,358.282,536.662
952.000,179.000,335.000,559.000
942.000,190.000,338.000,540.000
973.000,211.000,310.000,521.000
933.880,246.071,345.303,529.283
951.000,204.000,329.000,527.000
982.000,212.000,298.000,520.000
988.000,212.000,291.000,517.000
1005.000,236.000,285.000,488.000
1016.000,258.000,266.000,460.000
1039.000,230.000,251.000,498.000
1038.000,232.000,248.000,497.000
1045.000,230.000,235.000,498.000
1047.006,236.242,246.532,496.457
1062.895,255.958,219.655,483.535
1064.000,217.000,209.000,514.000
1068.000,219.000,219.000,503.000
1065.000,231.000,219.000,488.000
1077.889,259.692,213.433,482.658
1077.000,236.000,210.000,485.000
1072.000,232.000,215.000,502.000
1077.000,234.000,213.000,486.000
1068.000,244.000,220.000,474.000
1070.000,233.000,216.000,474.000
1065.000,221.000,226.000,505.000
1054.000,208.000,226.000,519.000
1036.000,225.000,252.000,507.000
1025.000,230.000,253.000,495.000
1015.000,228.000,273.000,500.000
1006.000,228.000,276.000,487.000
997.000,254.000,277.000,470.000
982.000,271.000,300.000,451.000
954.000,255.000,329.000,480.000
946.000,258.000,334.000,483.000
927.853,293.330,343.926,479.536
933.222,279.364,358.029,493.075
926.246,282.695,358.294,487.332
912.807,286.207,377.966,481.333
902.989,284.165,390.821,477.067
889.355,293.282,398.364,468.097
879.982,290.174,407.297,466.415
873.542,289.683,413.730,468.946
868.979,295.853,417.345,462.599
862.338,297.036,419.785,457.909
855.359,297.601,426.947,457.565
840.714,297.346,444.952,463.115
838.192,297.682,435.419,458.847
838.050,299.907,433.150,453.849
835.052,300.393,432.583,451.871
830.443,302.326,431.937,446.923
832.000,295.000,428.000,442.000
813.968,309.020,437.056,440.470
813.677,307.629,447.553,441.665
814.779,313.066,457.826,441.904
809.927,307.127,462.882,450.820
804.572,315.025,462.599,449.916
803.251,311.973,472.177,452.022
800.022,316.585,465.341,453.983
794.014,313.733,467.438,456.214
795.490,306.604,464.706,456.745
797.037,307.926,455.814,448.717
796.153,304.521,446.059,443.629
806.085,307.052,441.490,439.706
809.744,308.431,449.077,436.477
807.185,304.323,455.407,437.068
807.708,303.757,457.764,432.373
805.094,304.389,457.994,428.614
806.518,302.733,461.794,427.895
806.801,305.691,460.292,424.834
809.838,307.673,460.858,423.862
811.224,310.437,458.216,422.540
813.872,307.541,457.783,424.462
815.082,309.770,457.169,424.598
816.469,307.845,453.673,425.741
822.404,309.296,449.911,424.600
825.316,307.227,453.333,427.849
825.534,312.106,452.515,426.892
823.953,310.198,462.414,429.105
839.818,307.628,443.574,429.921
843.759,315.923,440.761,430.701
861.579,319.129,421.238,431.931
870.518,322.464,408.132,430.952
882.164,323.810,389.232,422.949
890.976,331.834,389.423,418.103
890.625,334.164,379.786,412.744
906.399,333.512,368.732,407.081
920.205,335.542,352.354,403.395
932.898,336.642,344.233,403.368
943.090,337.106,337.763,405.327
958.565,337.019,323.429,401.811
965.000,327.000,317.000,399.000
970.443,340.141,310.310,408.193
984.976,342.262,300.955,400.478
999.526,341.368,293.572,398.072
1015.130,342.379,277.460,398.330
1030.021,345.244,262.576,392.485
1028.362,341.921,263.599,395.841
1044.022,342.772,247.346,389.290
1055.591,340.707,242.491,386.341
1072.256,344.991,224.797,383.261
1084.862,347.888,213.497,380.898
1099.388,350.084,197.432,373.168
1094.300,353.348,193.329,369.555
1105.469,353.828,184.316,371.902
1115.283,362.130,171.739,369.270
1123.719,367.817,162.413,362.658
1133.837,375.424,152.197,352.871
1141.203,378.492,144.070,343.619
1145.028,379.201,139.494,336.241
1149.270,383.835,132.452,326.058
1151.995,391.161,131.556,322.149
1158.651,399.219,124.020,314.124
1163.472,410.816,118.885,293.082
1168.243,418.150,115.404,276.867
1167.883,421.232,114.384,271.686
1169.754,425.262,108.280,263.522
1169.642,423.796,109.104,260.410
1175.354,429.020,102.126,260.164
1179.379,431.289,99.985,254.582
1183.993,437.694,95.286,254.710
1186.923,441.579,93.529,250.391
1188.262,447.394,90.095,246.536
1192.324,453.267,89.190,246.325
1196.471,458.298,86.679,248.008
1200.277,465.550,85.383,246.070
1202.990,466.484,83.758,237.131
1203.763,463.349,84.753,229.696
1206.000,461.000,85.000,257.000
1207.959,465.402,83.039,217.814
1211.005,477.658,76.928,212.587
1215.479,484.008,72.517,200.280
1225.000,483.000,60.000,240.000
1229.000,485.000,57.000,232.000
1229.000,485.000,57.000,232.000
1229.000,485.000,57.000,232.000
1229.000,485.000,57.000,232.000
1229.000,485.000,57.000,232.000
1229.000,485.000,57.000,232.000
1229.000,485.000,57.000,232.000
1229.000,485.000,57.000,232.000
1229.000,485.000,57.000,232.000
1208.075,468.557,88.882,195.565
1229.000,485.000,57.000,232.000
1229.000,485.000,57.000,232.000
1229.000,485.000,57.000,232.000
1229.000,485.000,57.000,232.000
1229.000,485.000,57.000,232.000
966.000,563.000,72.000,208.000
966.000,563.000,72.000,208.000
966.000,563.000,72.000,208.000
966.000,563.000,72.000,208.000
966.000,563.000,72.000,208.000
948.840,605.558,102.510,118.512
950.188,601.017,100.025,122.693
959.623,600.130,105.626,119.096
971.470,600.300,100.082,118.153
977.076,599.100,94.864,118.761
987.759,601.787,90.148,114.586
995.578,600.711,92.498,114.299
1007.198,596.658,92.639,117.295
1018.134,590.922,93.749,122.477
1022.227,580.115,96.597,129.768
1023.323,575.394,97.510,134.343
1032.938,566.324,97.039,137.688
1038.606,551.568,98.526,140.916
1049.735,533.137,95.494,142.766
960.000,542.000,124.000,182.000
965.000,528.000,146.000,196.000
960.000,522.000,181.000,204.000
937.000,503.000,221.000,225.000
915.000,488.000,247.000,234.000
912.000,473.000,269.000,253.000
919.000,467.000,262.000,255.000
931.049,459.368,251.418,259.896
920.662,458.313,250.573,269.580
933.192,449.416,248.907,269.043
939.326,445.085,251.509,276.132
951.000,442.000,262.000,286.000
949.000,437.000,275.000,294.000
975.000,436.000,259.000,299.000
971.000,437.000,265.000,292.000
983.000,438.000,255.000,293.000
997.000,436.000,258.000,297.000
1007.000,435.000,253.000,295.000
991.000,425.000,280.000,307.000
1003.000,424.000,267.000,302.000
1003.000,426.000,270.000,304.000
1008.000,428.000,277.000,299.000
1025.000,433.000,258.000,297.000
1024.000,429.000,265.000,297.000
1028.000,430.000,255.000,294.000
1025.000,440.000,263.000,294.000
1027.000,429.000,254.000,290.000
1032.000,438.000,256.000,294.000
1022.000,439.000,265.000,283.000
1034.000,437.000,253.000,292.000
1033.000,428.000,250.000,306.000
1029.000,426.000,250.000,306.000
1034.000,426.000,256.000,315.000
1030.000,424.000,254.000,304.000
1032.000,420.000,248.000,303.000
1037.000,429.000,242.000,307.000
1040.000,428.000,242.000,308.000
1048.000,428.000,232.000,311.000
1037.000,434.000,246.000,299.000
1038.609,434.395,244.136,299.673
1039.146,439.657,239.714,292.106
1036.460,441.664,235.730,289.245
1041.000,445.000,239.000,287.000
1042.000,442.000,236.000,285.000
1047.000,445.000,233.000,286.000
1044.000,440.000,229.000,282.000
1056.000,446.000,226.000,287.000
1047.000,452.000,230.000,279.000
1046.000,452.000,237.000,280.000
1036.000,455.000,244.000,281.000
1045.000,452.000,239.000,275.000
1049.000,460.000,233.000,274.000
1046.000,461.000,235.000,263.000
1042.000,469.000,234.000,256.000
1048.000,476.000,231.000,250.000
1045.000,482.000,236.000,247.000
1041.000,477.000,239.000,251.000
1046.000,483.000,238.000,244.000
1050.000,484.000,228.000,243.000
1054.000,487.000,228.000,247.000
1060.000,493.000,219.000,241.000
1067.000,493.000,214.000,241.000
1050.000,486.000,228.000,248.000
1052.000,495.000,225.000,237.000
1035.000,493.000,242.000,240.000
1059.000,503.000,222.000,226.000
1067.000,510.000,214.000,220.000
1076.000,513.000,207.000,220.000
1074.000,506.000,211.000,224.000
1065.000,519.000,226.000,213.000
1056.000,537.000,233.000,194.000
1015.946,524.101,231.748,181.318
1089.000,551.000,224.000,165.000
1064.000,546.000,227.000,180.000
1109.000,538.000,211.000,185.000
1067.000,547.000,218.000,170.000
1090.000,546.000,191.000,181.000
1128.000,555.000,158.000,166.000
1114.000,545.000,183.000,175.000
1114.000,545.000,183.000,175.000
1114.000,545.000,183.000,175.000
1114.000,545.000,183.000,175.000
1114.000,545.000,183.000,175.000
1114.000,545.000,183.000,175.000
721.000,445.000,172.000,152.000
752.000,445.000,171.000,136.000
790.000,437.000,159.000,133.000
783.000,435.000,166.000,136.000
817.000,431.000,162.000,136.000
844.000,421.000,166.000,136.000
859.000,416.000,168.000,132.000
880.000,406.000,160.000,135.000
885.000,400.000,175.000,132.000
895.000,399.000,163.000,131.000
890.000,389.000,174.000,139.000
903.000,385.000,170.000,132.000
916.000,379.000,163.000,128.000
910.000,376.000,172.000,121.000
903.000,372.000,192.000,118.000
886.000,369.000,203.000,123.000
885.000,365.000,212.000,119.000
890.000,362.000,205.000,118.000
891.000,356.000,200.000,121.000
902.534,345.766,181.431,122.613
888.000,340.000,196.000,129.000
905.284,341.962,190.840,124.968
903.790,334.541,176.409,126.191
913.789,331.514,178.311,127.098
904.887,331.249,168.238,126.829
912.225,326.499,175.426,130.466
909.341,329.163,171.256,127.141
910.862,329.978,173.506,126.706
907.399,329.428,170.440,127.087
907.898,329.266,171.061,125.996
905.464,328.249,166.270,127.065
903.999,329.397,170.460,125.678
901.296,326.621,160.376,127.266
906.804,328.314,164.127,125.073
904.773,326.633,152.914,126.553
909.692,326.464,155.287,127.606
903.764,325.404,148.663,126.879
904.783,324.252,155.230,127.543
899.330,323.433,150.370,125.968
902.845,324.028,153.764,128.052
900.263,325.882,151.086,127.310
893.700,328.280,161.489,126.735
889.624,329.604,169.672,128.212
888.964,329.216,174.829,129.927
889.976,331.191,179.879,129.586
886.571,329.116,180.075,130.634
884.531,333.302,185.607,129.419
884.847,330.637,191.030,132.029
886.682,331.843,190.895,132.598
889.012,335.304,196.648,129.960
893.885,337.604,197.450,130.927
892.288,334.828,192.104,132.194
891.998,343.550,199.286,131.286
895.287,344.847,202.067,135.365
897.399,350.337,201.536,136.273
899.633,356.725,205.434,136.869
910.487,360.090,208.504,138.681
906.521,360.670,206.688,139.031
905.566,366.279,213.540,138.581
925.310,370.522,208.899,137.740
919.741,374.640,207.696,141.264
929.237,380.499,210.123,137.569
929.833,382.799,212.391,140.407
937.879,382.297,208.377,139.480
933.526,384.358,212.751,142.226
955.459,389.336,208.961,137.084
952.206,387.908,200.471,137.453
950.152,389.845,212.589,135.963
968.576,387.032,201.535,134.655
970.323,389.159,201.470,134.972
974.619,382.237,197.174,138.555
977.967,383.882,205.468,134.767
989.446,378.814,202.431,139.939
993.165,383.535,207.937,135.923
1003.469,380.959,199.161,139.491
1029.000,385.000,175.000,126.000
1019.000,384.000,191.000,125.000
1018.148,378.194,196.172,134.534
1044.000,382.000,175.000,126.000
1043.000,383.000,186.000,125.000
1060.000,383.000,173.000,122.000
1054.691,383.256,169.615,126.083
1055.652,383.614,173.898,126.007
1068.000,381.000,168.000,124.000
1070.000,385.000,169.000,123.000
1067.000,392.000,171.000,116.000
1064.000,393.000,172.000,117.000
1056.000,394.000,189.000,118.000
1043.000,401.000,200.000,115.000
1029.000,401.000,210.000,118.000
1032.000,402.000,207.000,116.000
1035.000,406.000,198.000,116.000
1019.000,405.000,204.000,120.000
1027.000,402.000,197.000,123.000
1025.000,406.000,190.000,119.000
1010.000,398.000,200.000,125.000
1021.000,399.000,181.000,122.000
1002.000,402.000,194.000,117.000
989.000,399.000,199.000,118.000
988.000,397.000,201.000,118.000
989.000,399.000,192.000,117.000
975.000,392.000,196.000,126.000
983.000,394.000,184.000,120.000
973.000,392.000,187.000,122.000
965.000,392.000,190.000,119.000
966.000,393.000,188.000,120.000
975.000,394.000,179.000,122.000
971.000,394.000,183.000,121.000
958.000,397.000,196.000,114.000
952.000,395.000,199.000,115.000
948.000,396.000,194.000,114.000
946.000,396.000,201.000,115.000
952.000,390.000,194.000,117.000
947.000,386.000,195.000,116.000
972.000,379.000,169.000,113.000
974.693,366.470,162.139,118.111
970.754,360.623,161.865,116.556
970.353,362.160,160.521,116.593
964.225,352.507,159.517,116.452
962.136,350.057,151.288,115.825
955.379,345.011,149.165,113.424
946.194,346.205,147.574,113.091
943.618,339.625,145.999,114.129
922.000,342.000,168.000,111.000
917.000,344.000,169.000,112.000
937.636,337.488,149.321,122.543
926.277,341.253,147.977,115.999
925.607,350.602,142.684,114.452
918.735,348.593,132.923,113.993
918.434,353.826,140.166,110.357
912.009,355.896,129.484,110.419
909.808,359.225,132.532,109.675
902.100,357.779,128.207,110.128
903.452,366.229,127.057,109.092
901.611,355.484,122.865,110.134
901.994,372.079,125.493,103.689
899.939,359.006,119.625,105.747
889.967,374.182,116.783,102.036
885.914,374.087,111.965,104.078
882.664,384.048,107.510,101.071
878.801,378.847,105.491,104.101
876.885,386.709,100.956,104.335
877.560,380.271,97.749,104.364
866.517,377.954,96.850,104.587
859.463,401.975,96.322,108.498
862.958,394.661,95.207,105.498
811.000,398.000,134.000,90.000
816.068,414.577,130.950,137.816
793.341,454.853,136.894,156.637
783.517,459.791,127.139,172.426
777.583,462.568,125.702,169.860
774.891,465.672,121.275,167.517
778.220,469.589,117.475,166.859
776.105,472.023,114.045,165.660
773.966,468.144,114.971,162.886
771.187,468.504,113.431,155.864
772.195,465.292,111.343,150.222
774.031,466.099,107.426,143.484
771.235,466.549,104.477,141.714
769.097,465.231,104.044,141.593
770.314,465.017,102.789,138.684
773.336,462.758,101.397,136.461
776.728,458.433,98.098,139.712
779.842,458.883,97.364,142.067
774.437,457.643,94.410,147.147
774.785,455.384,97.616,150.586
775.390,456.287,98.855,150.069
770.567,453.196,103.573,150.736
766.305,449.916,111.441,161.450
758.144,450.170,117.078,171.993
752.191,447.635,122.215,179.895
748.696,436.810,121.897,195.599
749.146,441.800,120.891,206.713
750.760,437.733,123.269,213.113
742.808,443.202,124.961,219.734
741.812,443.349,125.906,226.095
741.950,456.566,129.647,237.720
730.121,465.158,132.862,247.005
734.148,463.646,137.606,258.106
721.525,458.103,135.820,269.410
706.093,467.509,144.280,253.704
701.783,473.285,143.049,251.109
692.666,474.573,142.978,243.409
684.926,484.190,139.494,240.077
687.232,475.993,135.454,236.009
674.967,492.999,137.625,234.349
671.835,481.605,131.502,232.646
660.931,496.820,134.374,219.259
661.500,493.204,127.600,218.408
654.474,502.024,124.320,208.750
658.920,496.807,119.059,214.227
656.542,503.661,119.142,205.953
653.344,499.702,118.495,209.827
651.941,509.409,118.132,203.664
650.392,507.618,117.349,202.430
653.651,512.329,113.537,199.357
650.957,511.032,112.981,201.466
658.343,513.161,112.807,195.708
659.042,513.118,109.454,195.747
669.520,513.574,108.315,189.576
673.996,513.486,106.163,181.516
676.184,513.307,106.611,168.801
677.536,511.654,104.692,155.568
680.339,511.688,100.434,140.849
689.322,512.831,96.313,135.202
700.587,511.499,90.936,129.633
713.192,512.752,86.505,125.600
727.043,513.053,82.547,124.889
731.504,514.088,78.637,129.829
748.234,512.912,75.662,125.974
764.388,510.315,68.450,125.033
776.301,507.747,61.794,121.854
782.226,506.491,63.656,118.221
790.124,505.349,65.469,113.331
799.365,500.745,72.907,101.934
813.283,496.734,78.527,94.039
828.371,492.661,84.532,96.762
832.328,484.872,98.193,94.665
536.000,423.000,95.000,108.000
538.000,417.000,94.000,111.000
536.000,414.000,97.000,115.000
549.968,432.349,91.671,124.927
545.672,435.254,87.455,113.489
547.149,423.562,84.890,110.510
550.515,425.131,84.122,111.378
552.405,422.438,81.599,111.693
546.000,408.000,93.000,115.000
551.000,406.000,94.000,113.000
559.359,417.401,89.524,122.941
557.000,408.000,93.000,105.000
560.000,397.000,90.000,118.000
561.000,405.000,93.000,105.000
563.000,407.000,91.000,104.000
565.000,406.000,91.000,103.000
567.000,401.000,92.000,109.000
571.000,400.000,92.000,105.000
574.000,396.000,91.000,104.000
581.677,409.362,92.695,122.481
572.000,388.000,94.000,110.000
574.000,385.000,94.000,106.000
577.000,386.000,93.000,104.000
579.000,382.000,93.000,103.000
581.000,378.000,95.000,103.000
593.813,399.913,94.413,124.395
585.000,372.000,93.000,106.000
586.000,371.000,94.000,104.000
588.000,367.000,93.000,106.000
590.000,356.000,96.000,109.000
593.000,358.000,95.000,103.000
596.000,354.000,93.000,104.000
597.000,352.000,93.000,103.000
599.000,345.000,93.000,108.000
600.000,341.000,95.000,108.000
608.000,332.000,93.000,113.000
615.000,322.000,95.000,118.000
625.000,324.000,93.000,115.000
624.000,318.000,92.000,122.000
631.000,320.000,97.000,113.000
641.000,311.000,96.000,120.000
647.000,305.000,101.000,120.000
656.000,298.000,101.000,127.000
665.000,296.000,100.000,124.000
668.000,291.000,99.000,130.000
675.000,283.000,101.000,136.000
680.000,282.000,103.000,135.000
684.000,278.000,102.000,135.000
688.000,262.000,102.000,148.000
692.000,255.000,101.000,153.000
689.000,250.000,103.000,158.000
694.000,248.000,97.000,159.000
690.000,233.000,98.000,174.000
684.000,264.000,102.000,144.000
685.000,273.000,95.000,140.000
681.000,263.000,92.000,157.000
687.000,248.000,89.000,172.000
686.475,285.690,79.491,184.248
668.000,308.000,96.000,123.000
661.000,323.000,95.000,113.000
662.274,335.283,86.476,140.377
652.422,328.297,87.832,138.294
653.441,330.565,87.972,141.266
645.638,338.428,85.146,140.467
633.632,331.581,87.113,145.330
621.269,333.179,87.222,149.866
612.602,332.832,87.923,153.058
595.464,337.099,87.898,156.482
597.215,339.837,91.579,155.777
585.320,321.821,93.116,164.466
575.162,322.896,92.316,162.584
562.130,324.115,95.839,160.625
553.233,320.959,98.459,161.613
540.542,318.942,96.365,157.665
542.453,315.370,96.048,157.430
531.324,313.147,94.355,155.614
521.372,305.278,96.569,157.580
510.416,305.994,95.738,153.957
498.000,344.000,106.000,96.000
493.000,339.000,99.000,100.000
496.623,333.637,93.550,110.148
492.329,334.674,93.386,106.994
484.138,331.925,88.593,104.493
471.000,328.000,98.000,92.000
462.000,328.000,101.000,89.000
457.709,318.881,95.664,96.189
460.000,318.000,91.000,97.000
450.000,318.000,96.000,94.000
445.535,310.898,91.790,97.317
433.000,306.000,100.000,95.000
430.000,305.000,96.000,88.000
425.353,294.401,94.840,95.949
424.000,289.000,94.000,89.000
424.215,281.583,92.473,100.278
424.147,277.070,90.833,99.554
422.083,270.381,87.050,98.786
420.035,265.446,86.238,97.450
411.000,269.000,92.000,83.000
407.301,259.852,90.627,90.595
408.888,258.983,90.804,92.807
405.409,259.398,87.821,91.945
397.563,262.048,87.678,91.117
381.812,265.197,91.487,91.294
372.915,269.223,90.271,91.101
359.692,280.499,89.334,91.731
355.000,285.000,97.000,81.000
345.374,293.887,89.105,86.269
323.000,311.000,101.000,76.000
308.000,320.000,101.000,77.000
301.489,324.400,91.485,83.401
288.000,333.000,98.000,79.000
290.000,331.000,95.000,84.000
279.713,332.764,90.538,85.804
267.000,345.000,99.000,85.000
251.000,353.000,105.000,83.000
248.000,356.000,99.000,84.000
244.000,360.000,100.000,80.000
244.678,345.075,94.054,89.277
241.000,359.000,99.000,88.000
236.000,360.000,97.000,84.000
233.000,358.000,97.000,81.000
237.193,335.320,88.972,94.832
231.000,347.000,99.000,79.000
235.000,345.000,93.000,82.000
232.000,338.000,96.000,86.000
234.000,329.000,94.000,83.000
232.960,307.086,93.142,92.724
232.000,322.000,94.000,78.000
232.000,320.000,92.000,74.000
237.126,306.955,90.842,81.339
234.121,302.478,86.913,85.692
228.231,301.033,91.595,90.070
223.538,298.158,90.377,92.953
206.000,322.000,107.000,79.000
199.000,324.000,104.000,80.000
201.195,308.587,112.268,85.971
201.819,309.305,97.154,91.282
213.000,327.000,84.000,74.000
206.000,330.000,82.000,70.000
190.000,329.000,91.000,74.000
181.000,331.000,92.000,77.000
178.000,331.000,97.000,76.000
175.000,335.000,96.000,69.000
173.000,337.000,91.000,72.000
193.000,337.000,71.000,67.000
191.000,342.000,69.000,66.000
194.000,345.000,59.000,64.000
195.000,348.000,61.000,62.000
191.000,351.000,62.000,64.000
177.000,354.000,70.000,60.000
173.000,358.000,71.000,58.000
169.000,365.000,75.000,54.000
173.000,370.000,69.000,57.000
163.263,371.085,72.101,68.910
176.000,380.000,67.000,50.000
178.000,384.000,67.000,52.000
178.000,390.000,65.000,52.000
183.000,395.000,61.000,52.000
128.000,399.000,67.000,58.000
127.000,402.000,67.000,53.000
130.000,408.000,65.000,49.000
190.000,411.000,56.000,48.000
189.883,412.972,49.363,57.763
198.511,406.613,48.050,59.938
203.677,397.100,46.566,67.798
149.000,419.000,67.000,52.000
156.000,418.000,67.000,61.000
165.000,421.000,65.000,61.000
163.542,433.231,67.094,63.173
183.000,427.000,63.000,58.000
193.000,429.000,66.000,58.000
194.000,430.000,63.000,58.000
202.000,433.000,60.000,58.000
211.000,436.000,67.000,58.000
220.000,437.000,67.000,59.000
230.000,440.000,62.000,59.000
240.000,444.000,63.000,57.000
238.000,442.000,65.000,60.000
248.000,444.000,65.000,58.000
258.000,431.000,68.000,62.000
265.000,429.000,73.000,74.000
269.000,427.000,78.000,77.000
277.993,427.332,72.411,84.900
279.618,434.103,67.860,83.555
288.646,428.700,68.144,87.294
296.581,428.150,67.594,91.837
305.639,426.475,66.132,96.194
313.000,416.000,71.000,98.000
319.000,412.000,76.000,98.000
320.000,411.000,77.000,101.000
325.000,402.000,80.000,111.000
335.000,406.000,79.000,110.000
347.000,404.000,82.000,112.000
354.000,394.000,85.000,122.000
361.000,421.000,88.000,97.000
336.000,418.000,74.000,102.000
353.000,444.000,74.000,84.000
364.000,444.000,54.000,83.000
376.000,462.000,43.000,68.000
447.000,422.000,53.000,58.000
452.000,424.000,52.000,60.000
452.000,425.000,52.000,60.000
454.000,430.000,46.000,53.000
454.000,432.000,42.000,53.000
446.000,432.000,41.000,59.000
444.000,434.000,33.000,56.000
441.650,432.491,29.395,56.748
441.628,431.213,26.662,57.518
434.859,431.267,25.637,59.793
426.803,430.440,25.479,61.583
418.648,426.761,26.783,62.774
409.371,399.508,27.899,61.712
405.825,391.500,27.588,56.226
409.000,406.000,31.000,78.000
409.000,406.000,31.000,78.000
409.000,406.000,31.000,78.000
409.000,406.000,31.000,78.000
378.319,383.995,41.996,78.259
333.000,516.000,28.000,80.000
333.000,516.000,28.000,80.000
333.000,516.000,28.000,80.000
333.000,516.000,28.000,80.000
333.000,516.000,28.000,80.000
333.000,516.000,28.000,80.000
333.000,516.000,28.000,80.000
333.000,516.000,28.000,80.000
333.000,516.000,28.000,80.000
333.000,516.000,28.000,80.000
333.000,516.000,28.000,80.000
413.000,609.000,34.000,76.000
413.000,609.000,34.000,76.000
413.000,609.000,34.000,76.000
413.000,609.000,34.000,76.000
407.000,580.000,46.000,75.000
407.000,580.000,46.000,75.000
407.000,580.000,46.000,75.000
407.000,580.000,46.000,75.000
407.000,580.000,46.000,75.000
407.000,580.000,46.000,75.000
407.000,580.000,46.000,75.000
407.000,580.000,46.000,75.000
407.000,580.000,46.000,75.000
407.000,580.000,46.000,75.000
407.000,580.000,46.000,75.000
407.000,580.000,46.000,75.000
407.000,580.000,46.000,75.000
407.000,580.000,46.000,75.000
407.000,580.000,46.000,75.000
407.000,580.000,46.000,75.000
417.765,595.144,48.935,80.751
478.000,670.000,32.000,69.000
480.000,679.000,30.000,58.000
476.000,681.000,41.000,56.000
489.000,698.000,40.000,45.000
507.000,702.000,32.000,42.000
507.000,702.000,32.000,42.000
507.000,702.000,32.000,42.000
507.000,702.000,32.000,42.000
507.000,702.000,32.000,42.000
507.000,702.000,32.000,42.000
507.000,702.000,32.000,42.000
507.000,702.000,32.000,42.000
507.000,702.000,32.000,42.000
507.000,702.000,32.000,42.000
507.000,702.000,32.000,42.000
507.000,702.000,32.000,42.000
507.000,702.000,32.000,42.000
507.000,702.000,32.000,42.000
507.000,702.000,32.000,42.000
507.000,702.000,32.000,42.000
507.000,702.000,32.000,42.000
507.000,702.000,32.000,42.000
507.000,702.000,32.000,42.000
507.000,702.000,32.000,42.000
507.000,702.000,32.000,42.000
507.000,702.000,32.000,42.000
507.000,702.000,32.000,42.000
507.000,702.000,32.000,42.000
507.000,702.000,32.000,42.000
507.000,702.000,32.000,42.000
507.000,702.000,32.000,42.000
511.643,678.422,49.563,47.332
511.921,665.320,53.010,55.662
507.826,651.545,51.349,67.302
501.233,635.058,49.243,78.632
500.627,626.793,55.282,96.618
513.345,611.889,66.860,116.805
525.998,605.916,77.813,137.114
545.741,585.646,86.232,154.194
559.521,545.224,88.579,178.415
564.593,531.818,89.350,182.006
567.012,516.472,89.070,181.524
562.741,504.446,91.686,177.237
555.518,494.216,92.758,173.392
557.623,490.139,93.773,184.784
555.427,480.133,94.796,195.052
550.971,477.893,95.142,205.345
546.706,464.538,98.614,215.012
545.448,460.917,99.865,253.273
535.583,427.092,103.038,259.734
533.439,400.177,105.062,279.075
522.897,391.000,113.185,300.249
510.484,374.553,128.880,326.650
491.753,364.952,146.300,334.834
469.236,374.261,153.630,340.598
486.257,376.848,160.484,341.520
500.397,383.519,161.531,327.536
508.726,371.534,156.832,336.378
521.369,374.369,154.306,336.228
527.355,371.346,159.414,344.298
528.003,376.057,163.485,347.587
526.630,373.801,168.835,343.654
532.429,385.377,171.615,345.716
529.457,387.855,168.107,351.530
529.413,394.060,172.210,325.885
539.722,408.492,173.582,308.033
535.478,414.894,180.570,306.964
542.726,403.371,183.156,297.631
559.050,403.091,183.237,316.897
591.000,685.000,29.000,34.000
589.000,686.000,30.000,33.000
587.000,688.000,34.000,32.000
586.000,688.000,35.000,30.000
587.000,689.000,37.000,30.000
587.000,686.000,37.000,33.000
589.000,685.000,35.000,33.000
589.231,679.837,35.645,36.340
591.431,676.160,35.750,38.657
592.117,676.517,35.648,38.662
594.120,671.504,34.651,40.687
605.000,668.000,24.000,37.000
608.348,667.937,25.358,37.863
616.000,666.000,18.000,33.000
618.000,669.000,13.000,31.000
624.000,667.000,12.000,31.000
624.000,667.000,12.000,31.000
624.000,667.000,12.000,31.000
624.000,667.000,12.000,31.000
624.000,667.000,12.000,31.000
625.313,675.290,15.613,32.480
626.419,684.189,21.247,37.165
625.341,690.750,30.639,48.503
619.914,696.234,46.940,65.281
610.384,692.522,69.238,83.443
624.000,667.000,12.000,31.000
622.296,650.021,18.847,37.414
623.003,654.555,29.169,36.769
619.303,668.316,33.811,45.221
625.932,664.149,39.540,56.349
639.666,657.408,43.586,59.117
643.821,669.283,51.559,60.813
650.803,662.022,49.467,58.083
651.966,665.721,51.053,53.848
660.254,667.152,53.208,54.125
671.022,667.932,55.452,51.987
681.083,672.656,54.827,50.973
690.813,674.868,52.520,45.907
703.304,675.713,51.650,46.994
708.474,678.455,48.550,42.304
714.813,680.118,47.109,42.333
718.809,678.878,44.190,42.402
727.423,680.352,39.867,40.610
737.097,677.508,34.800,41.649
741.024,676.851,32.565,43.921
741.287,677.882,31.525,43.302
743.133,677.244,30.058,42.664
746.141,677.056,29.363,40.923
752.029,675.764,29.005,40.887
752.009,677.708,28.626,43.234
749.920,678.192,27.595,43.252
748.532,679.146,27.424,41.644
748.343,679.326,26.188,40.588
746.180,681.483,26.204,40.169
740.360,685.593,27.495,39.817
734.009,689.769,27.643,37.816
734.511,689.712,24.266,33.667
735.517,691.962,21.137,31.282
735.047,688.886,17.668,28.963
730.021,680.641,18.897,28.003
643.000,626.000,17.000,29.000
643.000,626.000,17.000,29.000
643.000,626.000,17.000,29.000
643.000,626.000,17.000,29.000
643.000,626.000,17.000,29.000
643.000,626.000,17.000,29.000
643.000,626.000,17.000,29.000
643.000,626.000,17.000,29.000
643.000,626.000,17.000,29.000
643.000,626.000,17.000,29.000
643.000,626.000,17.000,29.000
643.000,626.000,17.000,29.000
643.000,626.000,17.000,29.000
643.000,626.000,17.000,29.000
643.000,626.000,17.000,29.000
643.000,626.000,17.000,29.000
643.000,626.000,17.000,29.000
643.000,626.000,17.000,29.000
643.000,626.000,17.000,29.000
643.000,626.000,17.000,29.000
643.000,626.000,17.000,29.000
640.866,635.897,26.910,38.700
634.179,643.475,42.991,51.598
609.370,650.558,66.057,67.364
582.199,650.184,85.775,79.753
582.178,647.485,103.991,94.275
594.469,630.599,122.131,104.698
600.000,618.000,31.000,26.000
603.449,623.589,33.023,39.421
622.000,613.000,37.000,31.000
625.354,619.284,35.481,44.723
640.718,634.047,39.810,58.825
651.495,616.544,42.831,70.413
664.219,622.475,43.350,86.571
664.668,619.266,42.763,92.338
677.665,618.641,43.843,93.418
689.908,619.207,47.048,94.276
698.849,617.375,46.662,96.826
710.221,617.917,47.196,98.749
725.224,616.179,45.218,99.034
729.427,616.786,47.295,101.907
739.194,614.853,49.364,105.418
754.464,617.953,45.746,103.102
769.931,621.984,42.733,101.292
791.838,628.968,40.241,98.571
804.649,632.329,38.933,96.462
805.675,637.206,36.351,92.220
815.703,642.388,38.244,88.189
828.540,647.161,38.324,84.756
842.508,653.015,39.562,79.871
853.920,655.571,39.118,73.937
863.004,662.339,38.770,64.821
865.091,664.149,42.992,58.182
874.966,666.703,46.465,54.995
896.824,674.730,48.920,51.793
919.358,678.831,46.844,47.211
934.187,684.054,45.704,40.141
959.260,690.314,47.791,35.693
964.000,696.000,33.000,39.000
987.000,692.000,27.000,42.000
1013.000,691.000,22.000,40.000
1021.000,700.000,27.000,39.000
1030.128,698.588,45.999,38.560
1042.176,703.733,72.475,41.035
1041.926,708.500,115.153,47.693
1053.973,713.628,190.021,59.445
1084.000,693.000,33.000,35.000
1102.000,692.000,32.000,32.000
1118.000,688.000,33.000,34.000
1130.000,697.000,35.000,34.000
1132.000,695.000,35.000,37.000
1149.000,690.000,37.000,37.000
1165.000,688.000,36.000,35.000
1185.000,687.000,36.000,35.000
1208.000,686.000,33.000,36.000
1229.000,686.000,32.000,34.000
1230.000,686.000,31.000,34.000
1251.000,685.000,30.000,36.000
1251.000,685.000,30.000,36.000
1251.000,685.000,30.000,36.000
1251.000,685.000,30.000,36.000
1251.000,685.000,30.000,36.000
1251.000,685.000,30.000,36.000
1251.000,685.000,30.000,36.000
1245.562,671.711,31.889,32.784
1251.000,685.000,30.000,36.000
1251.000,685.000,30.000,36.000
1251.000,685.000,30.000,36.000
1251.000,685.000,30.000,36.000
1251.000,685.000,30.000,36.000
1251.000,685.000,30.000,36.000
1251.000,685.000,30.000,36.000
1251.000,685.000,30.000,36.000
1251.000,685.000,30.000,36.000
1226.729,669.013,32.379,36.420
1229.375,646.307,46.758,39.152
1214.729,624.611,52.690,43.658
1207.236,610.421,58.865,40.650
1206.665,599.993,66.309,38.758
1163.590,589.755,64.085,41.530
1199.416,593.496,90.245,48.684
1142.938,596.101,90.040,56.563
1167.097,595.702,133.897,60.660
1045.800,613.725,139.442,71.727
960.298,615.881,149.893,75.160
992.685,593.979,187.978,82.507
1028.143,577.043,144.563,97.376
1014.032,532.013,134.587,100.498
1046.319,488.054,130.810,111.444
1060.010,491.604,123.790,115.618
1059.144,491.379,123.256,113.452
1063.538,507.526,117.500,114.818
1065.898,504.557,109.116,110.184
1059.795,512.079,103.913,105.379
1065.604,520.527,97.637,100.676
1065.588,516.303,99.946,95.646
1058.996,540.103,100.569,97.866
1075.482,531.145,115.471,96.214
1057.804,565.316,118.644,106.667
1075.266,523.373,128.490,108.449
1071.370,566.823,129.356,118.647
1081.801,502.254,127.545,127.282
1067.989,533.785,118.245,137.847
1085.575,515.073,130.796,129.732
1080.319,519.703,127.196,126.718
1081.034,522.347,126.879,119.879
1084.301,522.369,123.980,114.711
1081.231,522.425,126.460,109.895
1085.301,513.052,123.976,106.945
1088.895,509.978,125.676,103.616
1097.552,505.415,124.159,98.479
1098.121,500.605,127.020,93.644
1097.455,500.051,130.244,92.974
1102.734,492.035,137.786,92.045
1111.883,491.638,134.521,99.140
1131.037,478.524,142.022,101.427
1121.702,459.300,144.602,103.421
1110.071,443.923,141.479,104.128
1109.517,438.621,133.278,106.236
1105.108,445.949,132.554,105.827
1101.634,449.651,130.191,101.048
1109.202,461.242,129.545,99.367
1096.797,462.691,130.359,91.798
1108.227,470.099,124.808,92.279
1101.178,474.299,126.063,89.198
1110.529,485.070,124.154,92.142
1099.180,503.535,124.169,94.570
1105.830,522.497,117.913,94.604
1109.406,517.818,117.273,95.686
1108.249,508.217,123.684,93.083
1095.014,518.034,121.833,91.386
1102.756,528.786,111.548,94.864
1103.638,532.321,107.382,97.555
1101.396,517.798,105.990,96.710
1093.317,528.694,100.862,100.718
1107.780,533.447,103.638,107.218
1093.931,544.691,108.810,102.220
1091.874,551.275,105.836,96.779
1098.506,565.306,102.085,98.294
1094.630,577.764,106.144,91.022
1082.677,579.000,116.906,89.416
1078.116,577.700,123.400,92.839
1083.745,578.706,119.312,93.429
1072.924,582.463,123.230,89.211
1072.155,585.661,114.331,87.819
1061.253,585.795,112.072,87.945
1057.874,581.686,114.849,87.690
1059.334,584.376,114.518,85.497
1057.038,582.273,116.652,85.521
1033.995,574.400,121.508,88.056
1033.224,572.602,108.448,87.853
1029.611,572.518,97.631,87.442
1021.197,575.368,89.165,87.153
1023.888,571.740,89.093,87.721
1027.150,570.740,83.970,85.033
1024.932,572.071,83.409,83.175
1028.573,569.819,83.250,84.059
1023.952,558.904,85.281,87.397
1045.908,568.969,93.393,87.619
1052.667,573.193,101.056,85.187
1047.934,567.483,95.723,84.211
1045.818,571.089,95.818,84.535
1032.640,568.125,101.134,84.307
1029.053,555.689,115.272,92.789
1045.911,546.530,118.835,101.016
1054.759,522.042,123.591,107.313
1077.277,494.860,115.981,114.922
1084.554,447.971,109.359,115.609
1088.810,451.682,117.825,120.827
1084.099,455.558,119.371,122.206
1086.301,453.096,118.716,127.539
1087.629,451.527,115.883,131.972
1091.013,453.300,118.043,133.959
1094.637,460.854,114.331,130.250
1094.056,459.106,111.149,127.697
1092.723,458.237,109.238,125.111
1097.473,455.155,107.680,124.299
1095.446,461.838,103.301,120.648
1095.401,462.461,102.637,120.574
1098.426,456.018,101.921,124.219
1098.170,458.966,96.892,123.669
1097.066,454.326,93.737,123.403
1092.294,457.340,91.495,119.428
1093.113,454.322,92.158,117.344
1090.863,459.903,89.827,114.628
1089.691,459.918,91.598,113.979
1088.834,452.401,90.355,115.130
1085.293,449.267,88.486,114.810
1084.013,443.719,89.891,117.537
1079.876,439.884,89.309,117.328
1080.255,447.442,85.111,117.898
1077.220,437.421,81.088,117.595
1065.150,427.211,79.534,118.522
1047.628,435.545,79.181,116.344
1030.236,421.190,79.364,111.474
1025.594,403.629,76.997,119.718
1021.935,410.715,78.644,132.742
1012.016,395.691,84.229,136.234
1006.428,393.328,87.495,150.279
1003.016,403.462,87.446,164.791
1009.418,403.865,86.437,154.690
1015.873,403.724,80.301,144.270
1010.205,404.155,74.060,156.947
995.067,427.600,77.245,142.403
974.153,418.812,80.692,126.262
940.000,429.810,80.020,124.531
932.423,420.306,86.445,118.777
921.207,411.624,83.283,121.159
917.882,418.325,81.639,126.992
903.670,409.677,81.720,124.336
877.838,408.640,86.518,129.389
864.521,387.096,91.568,132.426
853.733,382.580,98.344,143.191
839.396,386.429,105.463,152.010
834.921,371.934,111.137,162.231
821.971,374.646,114.294,168.778
805.606,374.818,119.879,173.841
789.520,375.124,124.186,179.433
773.112,374.764,129.078,183.269
765.867,374.596,130.379,184.583
762.212,368.200,132.846,188.873
754.702,370.194,136.055,191.243
750.191,371.912,134.048,189.456
749.293,371.177,135.252,186.907
749.519,371.749,136.718,185.599
746.658,375.823,139.791,187.143
747.676,375.103,143.044,187.672
738.097,388.886,144.738,190.262
732.103,390.806,146.074,188.460
710.133,391.924,150.516,199.780
678.844,389.704,158.349,197.816
654.973,391.357,165.465,196.367
642.143,382.279,167.843,207.907
1048.000,543.000,49.000,57.000
1041.777,532.428,54.640,62.166
1039.673,525.052,60.588,77.069
1161.000,417.000,52.000,67.000
1157.000,423.000,51.000,67.000
1157.000,422.000,52.000,69.000
1151.000,428.000,51.000,69.000
1145.000,434.000,51.000,64.000
1135.000,440.000,50.000,64.000
1124.000,442.000,54.000,63.000
1117.000,439.000,54.000,63.000
1118.000,439.000,53.000,65.000
1115.000,433.000,52.000,65.000
1112.000,431.000,52.000,63.000
1107.000,426.000,54.000,62.000
1105.000,420.000,52.000,65.000
1104.000,417.000,52.000,70.000
1106.000,416.000,53.000,69.000
1099.000,412.000,52.000,68.000
1096.000,408.000,51.000,69.000
1095.000,400.000,51.000,72.000
1092.000,396.000,52.000,68.000
1091.000,390.000,55.000,64.000
1093.000,391.000,53.000,61.000
1097.000,387.000,55.000,59.000
1100.000,387.000,55.000,60.000
1104.000,388.000,55.000,60.000
1107.000,389.000,56.000,59.000
1113.000,391.000,54.000,60.000
1112.000,392.000,55.000,61.000
1120.000,395.000,53.000,65.000
1121.000,401.000,53.000,60.000
1127.000,401.000,52.000,65.000
1136.637,398.249,47.469,85.967
1140.754,405.696,46.684,92.479
1141.488,401.228,49.206,102.836
1143.390,406.068,48.455,113.087
1148.989,410.207,49.233,125.010
1153.363,415.567,48.988,134.179
1159.808,420.219,50.673,142.800
1165.516,423.660,50.945,152.060
1164.740,421.258,51.654,161.447
1170.094,427.659,51.594,178.711
1175.360,438.624,54.905,182.059
1185.024,446.481,58.428,184.158
1197.576,449.329,58.776,184.871
1212.690,452.003,57.309,185.453
1217.750,449.394,55.032,187.686
1227.558,449.827,54.701,183.925
1214.306,445.369,57.147,181.704
1178.624,439.155,70.575,188.564
1158.274,443.548,76.873,188.269
1156.225,449.698,71.497,189.320
1165.978,436.798,73.226,199.460
1186.404,398.370,71.710,216.518
1207.877,355.908,66.729,252.621
1228.739,342.116,61.136,259.357
1209.925,398.974,63.806,259.900
1240.000,497.000,43.000,72.000
1240.000,497.000,43.000,72.000
1240.000,497.000,43.000,72.000
1240.000,497.000,43.000,72.000
1240.000,497.000,43.000,72.000
1118.000,476.000,38.000,83.000
1118.000,476.000,38.000,83.000
1125.873,482.370,43.587,79.471
1118.000,476.000,38.000,83.000
1118.000,476.000,38.000,83.000
1118.000,476.000,38.000,83.000
1118.000,476.000,38.000,83.000
1141.000,469.000,45.000,81.000
1141.000,469.000,45.000,81.000
1137.000,459.000,59.000,86.000
1137.000,459.000,59.000,86.000
1033.000,300.000,68.000,92.000
898.000,336.000,95.000,95.000
894.000,337.000,106.000,99.000
890.000,331.000,110.000,105.000
898.000,337.000,111.000,105.000
904.000,326.000,113.000,116.000
909.000,334.000,112.000,113.000
916.000,343.000,115.000,105.000
921.000,347.000,112.000,99.000
921.000,350.000,112.000,97.000
926.000,350.000,112.000,99.000
925.000,349.000,115.000,100.000
930.000,344.000,111.000,106.000
930.000,352.000,114.000,99.000
930.000,345.000,112.000,106.000
930.000,351.000,115.000,100.000
929.000,356.000,114.000,94.000
926.000,360.000,118.000,90.000
929.000,357.000,118.000,92.000
929.000,357.000,115.000,91.000
931.000,358.000,120.000,88.000
929.000,359.000,117.000,85.000
930.000,355.000,120.000,90.000
934.033,357.257,113.984,108.500
936.699,352.624,109.390,127.378
942.510,350.748,105.673,147.677
946.923,349.049,105.997,169.659
950.325,355.011,108.012,186.240
949.721,357.522,104.272,193.262
952.031,356.331,99.538,191.669
954.018,347.043,100.032,198.274
955.250,337.738,100.092,208.663
958.712,330.932,103.021,214.119
961.437,322.593,104.197,220.221
960.487,327.778,104.020,218.234
964.913,317.503,103.724,220.484
964.328,317.487,105.671,223.527
969.302,307.666,107.674,226.220
970.640,310.584,105.351,233.074
973.772,300.802,105.410,230.380
971.754,302.777,109.405,238.570
976.795,300.265,106.415,237.511
978.683,297.290,105.378,237.024
979.464,291.886,105.296,238.077
979.718,285.402,108.519,241.100
978.793,273.800,116.108,248.031
981.969,274.336,122.703,255.871
984.048,263.389,125.118,260.299
994.197,249.712,128.034,271.728
1005.354,224.641,135.978,288.914
1008.245,196.228,182.035,321.950
1017.415,178.816,238.260,347.451
1018.961,154.660,267.449,391.731
1017.102,158.826,257.062,392.106
1005.552,145.194,272.605,393.010
1010.673,140.023,266.135,380.426
1016.591,135.121,254.239,377.499
1009.859,134.961,258.649,376.556
1015.087,133.293,255.801,377.057
1015.554,133.799,250.373,372.879
1016.589,132.655,248.149,374.087
1013.090,132.801,251.619,375.723
1013.101,134.281,253.437,374.627
1007.494,138.403,259.597,374.416
1009.464,141.496,255.625,370.239
1001.440,144.820,263.519,376.505
1002.680,147.543,260.907,374.788
994.659,147.522,274.949,380.486
997.767,155.178,268.792,375.805
981.422,151.587,286.517,382.902
989.389,153.325,281.423,387.258
977.910,154.738,293.374,391.675
983.736,156.181,283.222,388.511
971.434,160.419,298.771,392.359
979.617,156.055,287.825,394.131
970.838,160.147,295.707,393.132
978.441,157.379,287.530,393.246
969.062,161.115,298.673,394.002
971.872,156.162,294.323,392.370
969.699,159.715,294.315,395.459
966.737,161.522,294.853,394.269
961.026,158.829,298.387,394.589
966.487,159.172,293.843,396.673
951.652,156.361,309.654,400.702
952.323,156.996,301.871,394.278
939.432,158.284,315.025,393.379
934.775,161.968,314.408,388.712
930.591,171.093,308.324,378.393
924.013,173.907,311.234,383.349
915.005,179.387,312.251,377.837
905.933,180.871,317.676,376.841
888.221,185.182,326.066,373.462
888.717,179.549,333.315,375.042
873.266,183.584,362.791,378.202
878.183,179.502,348.829,373.107
864.277,181.558,373.384,374.617
876.895,189.753,381.435,382.718
890.211,195.925,404.570,406.060
885.435,185.946,409.836,426.212
862.986,190.058,423.930,440.286
843.602,182.594,421.482,438.784
827.394,187.341,443.357,436.726
813.459,187.021,462.205,430.255
809.854,183.149,473.469,420.192
801.087,189.606,478.498,410.589
799.484,187.471,481.346,406.711
797.520,188.881,479.780,402.143
795.866,189.264,481.012,396.276
793.683,189.737,484.390,391.882
792.190,189.082,492.340,392.440
785.127,190.653,493.809,396.588
788.661,190.453,487.432,397.051
791.424,191.689,484.188,395.574
793.605,191.226,480.445,396.497
795.080,191.565,476.497,396.988
799.868,198.377,468.628,395.434
811.255,200.547,467.028,394.285
817.804,204.562,463.224,390.398
818.159,204.530,457.768,387.018
827.019,210.172,466.225,392.603
823.655,216.401,455.436,392.569
827.218,215.014,457.053,389.683
824.557,230.690,450.839,391.044
828.728,228.849,456.699,393.568
828.788,237.184,455.500,394.412
822.138,239.144,457.184,398.422
823.067,245.271,458.018,401.481
821.427,250.774,459.788,402.971
819.322,257.071,456.748,402.856
819.690,265.707,457.254,402.093
821.064,267.084,456.804,401.544
819.844,270.188,458.386,400.290
817.804,276.146,458.860,397.643
815.190,280.928,461.267,395.753
808.524,285.324,464.191,392.800
799.607,291.253,468.655,390.292
802.519,289.905,472.867,391.094
798.250,295.697,471.102,385.292
801.593,301.648,469.088,382.093
794.365,307.023,466.615,377.887
793.183,307.825,467.827,374.186
790.431,320.183,466.825,362.280
805.229,323.889,450.719,362.079
802.784,327.816,436.447,361.975
814.211,329.352,421.653,365.952
812.629,331.438,423.452,368.907
820.437,335.817,429.624,378.143
817.447,337.269,441.552,384.969
812.361,333.464,449.482,390.995
810.390,334.128,462.292,394.406
803.357,337.778,476.234,398.718
776.052,325.253,497.279,387.572
788.856,341.861,489.936,374.920
773.949,342.951,497.943,369.713
772.745,344.015,501.066,364.369
763.839,345.915,506.875,362.772
757.580,353.349,515.565,359.783
754.043,353.235,521.925,359.672
753.774,357.187,522.653,358.489
752.646,358.585,527.575,358.814
748.943,359.355,531.619,359.231
749.068,360.052,531.987,359.653
741.619,362.188,537.918,359.303
734.829,363.633,545.590,359.876
725.396,363.832,547.779,359.940
722.563,363.378,550.550,359.111
720.292,363.485,552.619,359.492
710.482,363.589,557.102,358.900
711.271,366.723,556.780,356.935
691.191,370.996,561.790,353.791
692.242,372.723,557.651,350.584
684.094,378.679,552.484,346.023
688.293,376.122,553.278,344.758
679.317,380.617,549.855,345.033
669.736,381.248,547.355,342.619
657.768,385.214,545.501,340.621
651.446,389.951,544.030,336.943
639.393,389.806,550.886,336.051
638.978,390.794,553.998,336.222
630.248,392.714,551.165,335.871
622.396,392.673,554.804,335.841
612.480,393.284,553.900,336.223
603.476,393.537,555.979,335.133
586.321,392.961,577.396,340.460
586.312,392.215,567.142,339.210
581.484,394.006,556.376,337.453
571.262,393.363,554.739,332.936
568.524,393.329,546.945,331.465
565.703,389.497,550.139,333.819
556.538,386.573,548.836,335.554
555.979,384.668,547.670,337.897
554.891,388.511,544.877,335.616
556.647,381.755,547.289,337.806
548.344,383.453,541.392,340.153
554.358,377.771,545.197,340.757
546.706,380.491,550.888,345.896
543.098,381.965,552.579,344.570
539.378,383.769,553.491,342.794
537.904,383.794,551.805,342.675
531.347,388.379,553.546,342.147
525.884,389.261,555.858,341.961
521.674,392.169,557.241,341.277
514.218,394.031,559.122,343.175
509.669,395.117,555.709,344.223
505.236,395.307,556.776,343.380
493.024,398.637,557.903,340.801
486.214,404.506,555.348,336.317
480.051,409.414,546.961,333.051
472.961,413.864,539.300,328.144
477.074,417.640,526.738,322.803
457.492,422.692,533.562,323.021
454.911,431.493,538.168,318.657
444.933,438.809,544.539,314.514
429.425,443.670,548.355,310.785
420.930,447.191,538.567,304.897
397.503,439.263,549.259,303.388
393.254,455.552,548.595,292.798
397.721,457.319,540.493,289.344
383.546,462.164,536.113,284.622
374.236,470.251,533.426,277.129
363.973,472.603,532.992,274.429
358.742,473.193,543.649,274.041
353.297,479.632,544.710,269.928
348.602,484.413,534.251,267.589
343.793,486.899,521.626,266.574
333.688,494.436,526.183,263.307
326.233,497.266,522.107,263.337
323.903,497.904,524.354,260.571
317.610,502.541,525.783,257.453
307.186,508.085,527.715,253.261
297.071,510.553,521.643,249.707
283.975,515.333,532.492,244.153
278.770,518.020,523.728,240.172
284.865,518.569,520.274,236.113
270.558,521.026,527.816,233.258
264.623,527.290,523.211,223.558
268.604,530.887,515.776,215.184
258.123,532.199,509.089,209.526
253.544,535.273,505.856,201.940
248.288,532.748,504.468,197.405
245.855,535.097,495.723,194.113
244.120,536.055,498.335,191.254
239.603,537.757,499.813,187.972
246.327,534.058,496.442,187.033
238.767,538.215,486.042,182.857
250.035,531.356,486.252,186.766
243.151,534.770,486.162,183.472
259.542,539.145,478.337,178.023
254.976,533.730,487.382,188.678
252.552,534.473,487.925,182.575
254.455,529.896,492.873,188.649
256.447,531.336,489.565,188.153
261.566,528.407,496.995,189.558
263.531,530.821,485.795,191.491
271.763,526.343,492.567,190.849
267.029,533.217,482.209,189.888
292.324,527.174,479.748,190.851
271.440,536.044,477.964,190.850
298.214,526.623,487.736,193.794
285.698,532.847,479.041,192.919
309.134,520.636,491.049,198.021
296.990,529.043,482.407,196.636
324.631,515.326,499.829,203.790
307.342,528.503,464.629,202.078
336.042,512.745,504.515,212.965
323.531,520.963,477.930,209.782
346.810,505.009,516.750,219.538
333.485,512.164,485.009,218.872
357.234,493.726,518.235,230.516
342.581,505.959,475.830,227.188
359.634,481.454,526.643,245.611
368.034,478.804,481.357,250.114
363.089,458.184,523.822,271.582
379.596,447.100,498.418,277.216
376.152,433.217,513.478,292.782
376.622,436.674,523.406,297.856
377.869,417.947,519.160,308.266
382.112,405.406,520.159,321.743
385.460,390.808,529.631,336.266
384.924,380.592,553.931,346.206
401.101,388.153,550.045,347.179
397.679,376.470,562.614,358.548
413.059,374.757,570.328,361.524
412.130,368.473,585.157,369.661
418.010,368.175,584.488,369.416
425.835,361.439,580.586,373.261
433.060,363.280,578.021,373.715
438.625,353.036,579.504,385.470
441.213,362.659,569.157,376.423
458.685,345.632,567.452,390.436
468.687,349.553,565.707,388.044
480.828,337.122,559.616,396.927
483.148,342.000,564.565,393.704
489.091,323.797,567.014,408.225
486.710,345.016,571.342,397.167
487.895,323.066,573.876,410.602
486.988,333.972,583.007,400.662
504.966,313.691,591.307,408.680
509.547,316.463,599.520,401.446
516.020,314.627,609.272,399.391
527.977,310.360,618.275,400.646
548.131,307.554,623.094,406.067
567.708,302.141,630.089,409.578
593.699,296.664,630.604,416.032
595.258,300.065,630.089,413.997
611.492,289.849,629.146,419.024
635.760,287.795,618.362,421.351
642.562,288.485,607.846,419.887
677.734,277.210,591.419,427.053
698.608,274.366,587.724,424.469
697.603,277.863,572.560,421.135
723.707,269.265,590.802,433.860
706.158,275.301,561.967,428.954
738.693,262.259,563.955,433.704
749.438,265.626,534.351,431.190
754.342,261.337,534.976,431.411
769.523,251.735,520.359,430.794
772.010,253.733,515.445,430.512
769.606,252.763,515.982,428.330
779.957,249.008,499.589,427.394
792.518,252.231,489.438,422.849
789.908,250.799,484.859,422.695
803.421,255.596,464.957,413.771
812.318,252.316,460.808,412.536
820.662,258.788,445.079,410.555
844.724,261.545,421.289,409.370
851.073,263.144,407.047,406.268
876.083,252.093,391.632,407.699
870.759,251.467,379.537,402.420
890.146,245.257,350.584,403.004
890.920,240.058,338.850,410.510
889.774,245.807,326.224,401.322
893.446,233.040,331.488,407.099
890.620,253.669,341.730,388.012
899.513,235.217,352.616,404.560
890.948,261.999,357.512,381.719
904.624,251.218,354.296,379.961
903.456,243.930,368.052,381.432
893.036,250.478,370.310,364.105
892.131,254.894,366.732,353.019
895.182,251.501,358.120,344.343
881.860,251.724,352.234,340.966
877.213,256.613,339.192,339.564
902.300,257.506,311.516,335.307
894.779,257.890,306.275,337.943
900.567,253.253,320.557,350.914
896.612,248.610,309.523,339.992
887.779,252.208,300.736,349.488
881.327,246.155,306.830,348.521
892.419,250.155,309.731,349.746
886.052,247.736,301.361,356.145
872.183,252.211,310.938,343.341
895.084,253.190,310.144,341.363
885.976,255.735,304.971,346.240
890.748,253.871,312.171,346.399
886.171,255.821,315.059,345.372
897.075,254.769,319.277,347.928
883.065,262.046,323.351,340.971
902.238,252.916,318.741,348.809
876.245,263.859,326.566,339.012
911.531,249.662,317.977,345.982
871.461,260.059,332.007,337.460
920.936,247.061,307.673,344.007
889.217,257.529,320.968,348.084
912.802,248.152,315.244,359.565
885.980,250.353,331.512,363.637
899.627,241.958,326.360,369.426
882.634,246.438,344.661,365.659
896.217,247.305,336.437,371.249
888.223,247.437,336.104,367.754
889.820,254.260,332.385,352.181
896.826,252.418,322.210,345.665
896.202,257.605,320.110,334.460
905.022,258.538,310.939,338.245
892.315,259.118,313.350,343.244
902.833,257.383,309.383,344.771
906.159,257.479,295.566,344.362
901.201,253.874,300.588,339.429
904.884,258.764,307.935,334.681
906.184,255.767,295.872,337.362
908.568,252.083,313.042,342.828
910.129,249.391,299.543,340.401
907.874,242.304,300.559,337.739
897.973,244.054,306.673,334.322
894.461,244.812,311.906,335.718
898.904,243.152,304.872,336.543
884.911,241.163,311.313,333.592
881.399,245.218,303.105,331.806
870.241,246.845,305.408,329.438
869.833,247.865,300.808,327.329
859.137,250.844,304.887,324.884
862.784,248.256,306.060,327.493
852.928,255.962,310.151,326.452
857.016,250.613,301.340,332.333
833.173,258.835,302.719,328.843
833.258,256.043,307.695,335.709
813.831,264.985,312.001,329.275
825.686,259.213,307.967,337.356
806.975,261.471,313.282,334.872
794.411,262.398,317.176,336.473
789.531,266.649,318.924,333.524
779.863,272.147,320.922,329.389
767.467,276.341,318.249,329.952
765.529,279.245,314.956,327.811
764.644,282.199,309.640,328.462
754.000,300.000,293.000,318.000
759.761,284.660,286.885,324.041
746.000,307.000,278.000,321.000
732.000,316.000,281.000,323.000
720.000,311.000,298.000,318.000
712.000,320.000,299.000,315.000
712.000,308.000,283.000,328.000
700.000,312.000,286.000,321.000
679.000,305.000,298.000,342.000
672.000,296.000,298.000,340.000
700.885,282.250,284.632,347.984
679.000,295.000,273.000,337.000
683.551,279.838,271.536,352.888
685.000,283.000,248.000,353.000
679.044,275.323,260.304,359.339
665.281,276.775,267.314,362.571
653.000,285.000,275.000,355.000
662.238,268.500,282.052,368.967
664.000,282.000,261.000,341.000
656.000,280.000,258.000,341.000
653.000,275.000,258.000,342.000
661.000,270.000,238.000,348.000
650.000,271.000,257.000,343.000
643.205,250.150,262.365,350.408
637.475,251.329,266.433,347.971
639.249,245.436,264.509,348.838
633.282,243.299,268.114,345.109
624.740,238.556,268.875,335.777
629.427,237.679,273.802,326.581
627.629,232.474,273.183,330.331
626.607,234.362,272.033,330.195
622.437,231.826,272.602,324.259
631.000,241.000,215.000,344.000
630.000,249.000,212.000,330.000
637.522,230.110,199.945,317.460
631.338,238.532,214.887,314.332
624.798,240.776,219.789,318.169
628.000,231.000,197.000,348.000
639.000,226.000,181.000,353.000
647.000,223.000,176.000,351.000
645.000,223.000,177.000,348.000
637.000,224.000,186.000,356.000
629.000,211.000,192.000,357.000
632.000,222.000,194.000,356.000
617.000,216.000,208.000,358.000
624.000,221.000,207.000,355.000
617.000,226.000,217.000,354.000
615.000,226.000,220.000,344.000
616.000,228.000,228.000,351.000
607.000,221.000,250.000,363.000
608.000,215.000,254.000,369.000
612.000,220.000,258.000,367.000
606.000,217.000,253.000,364.000
614.000,215.000,249.000,364.000
622.000,212.000,243.000,367.000
618.000,218.000,255.000,365.000
603.000,219.000,276.000,348.000
621.000,212.000,248.000,366.000
610.000,211.000,260.000,366.000
623.000,214.000,261.000,375.000
600.000,219.000,276.000,371.000
624.000,215.000,241.000,373.000
615.000,218.000,245.000,378.000
617.000,219.000,242.000,366.000
606.000,217.000,251.000,371.000
599.000,214.000,256.000,378.000
577.767,203.871,288.054,383.000
556.429,204.256,291.060,384.323
586.000,218.000,267.000,372.000
562.000,216.000,276.000,376.000
540.535,203.402,305.674,384.116
536.000,221.000,297.000,368.000
536.016,195.452,305.059,382.857
528.000,216.000,292.000,382.000
516.648,203.636,306.983,383.620
495.000,225.000,323.000,359.000
536.000,229.000,277.000,356.000
498.000,220.000,320.000,361.000
502.000,232.000,305.000,359.000
492.000,222.000,316.000,353.000
502.000,224.000,312.000,350.000
508.000,227.000,304.000,358.000
482.000,222.000,332.000,351.000
486.000,228.000,323.000,356.000
488.000,228.000,324.000,355.000
475.000,235.000,340.000,342.000
477.000,239.000,337.000,360.000
488.000,242.000,329.000,375.000
470.000,240.000,351.000,370.000
467.000,243.000,351.000,358.000
474.000,243.000,343.000,359.000
488.000,252.000,332.000,355.000
465.000,245.000,350.000,360.000
473.000,251.000,338.000,356.000
469.000,252.000,349.000,356.000
480.000,253.000,325.000,366.000
488.000,262.000,320.000,352.000
490.000,255.000,319.000,364.000
480.674,252.102,328.785,358.795
482.020,247.420,316.297,364.110
473.897,251.225,325.247,366.653
484.644,251.992,325.326,372.792
473.687,251.304,328.523,374.784
490.000,267.000,313.000,353.000
480.014,251.617,323.246,375.447
475.000,264.000,333.000,354.000
490.255,253.601,320.060,365.976
503.000,264.000,300.000,364.000
488.946,252.798,321.370,378.428
509.000,264.000,300.000,358.000
515.000,265.000,295.000,365.000
496.963,259.258,320.812,368.984
528.000,272.000,281.000,361.000
496.956,256.694,320.356,377.461
502.000,274.000,302.000,352.000
516.000,274.000,299.000,362.000
505.000,266.000,303.000,376.000
496.279,275.198,314.543,381.320
485.000,270.000,327.000,381.000
499.159,269.785,328.704,380.688
491.389,271.556,347.005,390.600
498.000,270.000,316.000,382.000
502.259,278.197,334.387,389.019
496.000,288.000,316.000,359.000
492.000,288.000,322.000,366.000
489.000,295.000,323.000,347.000
509.636,269.446,336.759,382.303
487.701,295.391,384.433,375.794
482.000,296.000,335.000,354.000
494.000,291.000,327.000,363.000
500.539,285.306,352.137,365.078
490.000,306.000,324.000,336.000
489.000,299.000,321.000,348.000
483.000,309.000,330.000,322.000
497.000,301.000,310.000,339.000
499.000,313.000,305.000,330.000
492.622,289.361,325.664,364.853
506.000,302.000,299.000,341.000
502.000,295.000,301.000,351.000
497.000,294.000,303.000,349.000
512.000,290.000,288.000,342.000
501.000,288.000,294.000,352.000
482.000,285.000,315.000,353.000
477.000,298.000,316.000,336.000
484.000,294.000,313.000,336.000
491.000,293.000,303.000,335.000
481.000,290.000,313.000,326.000
482.000,284.000,308.000,332.000
479.000,288.000,306.000,326.000
469.000,295.000,308.000,318.000
474.000,288.000,309.000,320.000
473.000,282.000,300.000,316.000
464.000,290.000,301.000,303.000
475.000,286.000,287.000,317.000
472.000,284.000,281.000,311.000
448.000,288.000,307.000,307.000
458.000,292.000,290.000,307.000
442.000,294.000,303.000,307.000
438.000,292.000,305.000,307.000
426.000,286.000,314.000,306.000
413.000,292.000,317.000,310.000
428.000,282.000,304.000,319.000
457.830,282.045,292.508,317.622
444.052,286.246,296.594,316.223
448.224,287.746,298.242,326.594
446.427,294.414,303.337,329.575
448.657,297.917,306.828,328.661
443.551,300.546,313.401,326.612
454.381,299.367,311.287,326.400
502.000,318.000,231.000,320.000
481.654,312.557,240.798,321.835
464.156,318.878,260.273,311.233
460.012,314.125,265.197,316.381
467.633,314.645,264.682,314.819
469.533,309.881,268.682,316.267
465.763,312.072,271.009,316.033
458.266,313.944,274.805,318.039
460.033,315.960,281.583,319.220
457.258,316.850,284.428,325.136
462.309,318.305,281.885,326.521
457.026,321.803,286.824,330.331
459.467,326.656,287.879,333.519
457.979,327.532,291.453,338.249
451.814,330.885,295.493,337.980
449.370,332.955,294.140,335.946
450.963,332.535,293.927,339.347
480.000,339.000,241.000,330.000
486.000,330.000,229.000,335.000
482.000,331.000,232.000,332.000
475.000,324.000,234.000,330.000
467.000,326.000,241.000,326.000
450.000,323.000,254.000,317.000
439.867,318.423,265.969,324.613
444.504,320.882,272.350,323.907
465.000,315.000,244.000,339.000
464.000,317.000,245.000,330.000
491.000,315.000,221.000,348.000
512.000,322.000,201.000,343.000
464.000,315.000,255.000,347.000
441.000,314.000,269.000,331.000
457.000,326.000,256.000,317.000
468.000,321.000,245.000,315.000
466.000,312.000,240.000,329.000
475.000,310.000,236.000,334.000
513.000,322.000,192.000,323.000
487.000,312.000,212.000,335.000
491.000,319.000,214.000,326.000
467.000,322.000,242.000,326.000
442.000,310.000,263.000,333.000
457.000,310.000,245.000,339.000
499.000,311.000,198.000,343.000
490.000,318.000,209.000,330.000
500.000,322.000,200.000,327.000
497.000,305.000,208.000,332.000
488.000,319.000,219.000,319.000
516.000,307.000,189.000,332.000
520.000,305.000,182.000,345.000
478.000,306.000,235.000,331.000
502.000,314.000,207.000,325.000
518.000,306.000,190.000,337.000
533.000,311.000,181.000,328.000
529.000,308.000,179.000,325.000
528.000,312.000,186.000,322.000
535.000,316.000,183.000,323.000
530.000,298.000,189.000,336.000
515.000,301.000,211.000,335.000
523.891,295.937,206.655,325.870
540.000,307.000,183.000,338.000
545.818,290.671,192.005,340.600
552.560,292.410,188.264,328.197
543.000,296.000,210.000,335.000
557.569,287.738,208.646,338.817
581.000,294.000,191.000,334.000
588.237,283.307,190.566,332.292
600.000,288.000,189.000,347.000
608.473,277.687,194.735,341.646
605.000,278.000,206.000,345.000
624.613,270.224,209.518,342.594
633.140,266.456,206.883,344.616
652.000,279.000,183.000,348.000
650.000,273.000,194.000,347.000
667.000,284.000,191.000,350.000
682.260,269.795,193.558,344.894
694.513,284.313,186.437,334.099
682.000,297.000,204.000,347.000
691.398,295.478,204.351,350.380
696.097,300.559,203.761,343.199
701.547,307.197,206.552,349.262
699.000,318.000,209.000,350.000
708.325,319.346,219.403,352.252
714.122,335.778,218.687,346.787
715.809,329.595,218.223,351.753
722.292,333.856,221.664,350.026
729.363,341.591,221.029,346.419
732.541,344.655,220.483,349.933
735.055,348.966,224.101,350.288
735.008,353.148,227.583,345.510
739.880,354.041,229.330,345.736
745.494,360.714,225.072,335.452
744.198,354.598,225.292,337.663
737.029,363.944,231.407,334.440
733.643,365.829,231.143,333.110
723.104,364.682,233.701,336.403
710.433,367.462,239.513,339.282
693.196,361.804,256.655,350.778
677.596,369.261,268.150,351.333
649.613,356.829,289.075,356.755
656.369,360.469,300.852,348.547
658.134,356.965,309.614,349.128
653.398,359.034,313.257,346.112
654.199,361.106,319.533,340.007
656.136,362.929,320.045,336.637
666.499,370.093,316.744,332.600
681.000,364.000,270.000,337.000
674.647,384.062,281.613,331.193
702.577,382.064,278.419,333.242
667.041,392.684,304.402,325.132
698.363,388.309,278.376,327.700
665.948,405.329,296.102,315.516
698.952,401.222,270.678,313.703
691.000,398.000,230.000,307.000
688.000,407.000,257.000,299.000
689.411,401.952,241.385,304.977
692.019,404.085,235.432,302.377
691.033,406.400,233.854,298.397
693.000,400.000,237.000,309.000
695.000,415.000,237.000,296.000
695.896,411.713,234.599,297.532
694.000,402.000,254.000,313.000
695.000,418.000,257.000,301.000
712.415,415.452,238.522,293.029
704.000,413.000,241.000,299.000
699.000,426.000,248.000,291.000
714.000,420.000,230.000,294.000
698.000,422.000,251.000,297.000
696.000,429.000,251.000,295.000
703.000,431.000,245.000,289.000
708.000,418.000,229.000,298.000
697.000,441.000,245.000,276.000
697.000,434.000,246.000,286.000
698.000,432.000,238.000,283.000
693.000,444.000,239.000,275.000
684.000,430.000,254.000,293.000
690.000,436.000,244.000,287.000
695.000,433.000,231.000,290.000
677.000,431.000,248.000,296.000
683.000,452.000,238.000,271.000
666.000,437.000,252.000,283.000
680.000,440.000,221.000,286.000
672.000,438.000,215.000,283.000
664.000,452.000,224.000,271.000
662.000,450.000,220.000,268.000
663.000,446.000,216.000,271.000
656.000,459.000,212.000,258.000
664.000,456.000,191.000,261.000
658.000,460.000,194.000,261.000
652.000,461.000,195.000,257.000
654.000,460.000,188.000,259.000
658.000,464.000,188.000,260.000
662.000,461.000,177.000,256.000
660.000,461.000,174.000,255.000
665.000,460.000,165.000,251.000
645.383,459.017,180.944,255.397
657.000,460.000,169.000,251.000
656.000,465.000,177.000,246.000
658.000,461.000,177.000,252.000
650.000,460.000,182.000,255.000
650.000,457.000,176.000,257.000
655.000,462.000,185.000,258.000
662.000,457.000,174.000,258.000
647.000,460.000,188.000,254.000
650.000,454.000,189.000,263.000
646.000,454.000,191.000,261.000
643.000,451.000,194.000,270.000
640.000,454.000,204.000,267.000
634.000,454.000,211.000,261.000
630.000,460.000,219.000,253.000
638.000,454.000,206.000,264.000
635.000,456.000,201.000,261.000
628.000,456.000,218.000,267.000
626.000,453.000,215.000,264.000
616.000,454.000,231.000,263.000
625.000,466.000,217.000,254.000
623.000,455.000,218.000,269.000
611.000,469.000,241.000,249.000
606.000,469.000,246.000,246.000
599.000,467.000,244.000,247.000
585.000,474.000,264.000,248.000
599.000,464.000,246.000,258.000
589.000,470.000,248.000,250.000
583.000,472.000,252.000,250.000
580.000,467.000,238.000,253.000
580.000,471.000,236.000,245.000
571.000,478.000,237.000,240.000
555.568,470.141,230.317,243.714
563.882,469.384,222.360,242.207
562.017,471.460,216.666,248.281
555.547,472.674,222.441,247.030
549.937,472.957,222.221,247.250
544.242,478.405,228.185,243.271
547.036,474.905,230.067,245.058
541.949,476.927,230.991,243.993
538.715,478.851,235.242,242.075
535.023,481.040,237.485,241.419
532.989,483.667,240.064,238.351
534.902,483.823,241.658,238.612
533.498,486.558,245.872,238.328
531.769,487.441,248.989,237.036
530.645,488.193,251.366,236.019
530.825,490.977,253.438,235.707
530.187,491.859,257.683,235.888
531.405,494.970,258.093,232.036
531.223,496.635,260.772,229.227
530.138,497.088,266.816,229.008
528.000,502.000,271.000,228.000
533.034,501.106,270.265,225.366
532.000,503.000,271.000,231.000
531.000,512.000,282.000,220.000
533.000,503.000,288.000,230.000
531.592,509.213,285.114,224.783
542.409,503.572,287.750,228.294
539.095,505.314,284.852,224.034
537.000,503.000,310.000,219.000
544.745,495.401,292.521,230.031
549.353,491.477,287.937,234.356
552.534,490.397,289.556,238.113
557.995,486.405,284.792,239.719
557.928,476.780,283.824,248.029
572.233,465.935,286.469,256.735
588.522,450.175,283.816,268.152
597.933,431.318,290.116,285.039
608.952,425.073,291.972,298.571
615.927,400.796,293.582,314.657
643.429,379.533,309.095,334.616
656.637,339.672,314.216,358.167
681.634,323.404,329.292,365.078
698.426,276.794,332.033,391.727
691.000,299.000,337.000,353.000
724.182,249.058,338.911,392.862
737.011,258.666,333.968,386.810
741.089,226.548,336.785,404.266
758.203,231.568,330.362,396.196
764.431,208.480,320.582,404.451
783.915,211.508,310.505,401.513
769.454,201.433,325.099,406.641
783.795,192.713,314.442,403.814
773.517,184.958,328.668,407.244
783.428,173.912,330.164,412.049
782.815,170.472,330.476,407.383
783.916,172.037,326.978,404.412
774.301,171.527,324.972,401.968
768.960,164.230,327.113,400.827
761.308,160.464,333.079,393.273
768.861,154.512,328.421,384.456
754.498,153.275,340.605,377.952
768.672,151.130,331.828,378.773
751.718,150.226,344.369,371.954
765.420,145.104,334.213,373.738
756.285,152.335,334.643,359.469
775.606,132.116,316.285,372.972
745.782,148.691,336.953,366.499
763.772,134.832,323.730,377.582
754.222,143.292,333.285,371.863
758.201,139.089,327.595,374.147
755.568,140.828,325.723,372.073
754.451,141.377,327.181,372.676
755.030,140.093,327.558,376.257
753.954,138.471,328.125,379.801
752.636,139.607,326.989,377.536
746.963,142.366,325.750,369.520
751.153,143.818,326.668,365.062
750.824,147.365,327.356,358.477
749.583,145.707,329.819,361.818
742.502,151.953,326.404,364.172
737.121,147.123,324.722,369.346
717.441,150.779,335.288,373.706
726.851,146.296,329.360,378.451
719.652,157.787,332.764,369.617
717.949,149.527,332.792,374.486
719.171,152.908,335.363,371.490
721.247,154.875,339.705,369.113
721.876,158.517,340.836,366.548
719.780,162.301,342.872,363.555
716.876,163.408,342.659,362.939
726.355,162.768,339.099,363.778
732.967,165.401,336.135,366.408
736.231,166.215,338.429,368.043
742.211,168.788,332.573,367.960
747.123,169.918,319.848,366.126
742.866,177.306,310.312,371.058
709.000,200.000,341.000,349.000
744.618,169.046,330.789,380.346
746.000,195.000,303.000,354.000
768.000,193.000,282.000,371.000
749.854,178.752,328.357,386.081
768.000,201.000,298.000,369.000
757.000,204.000,346.000,362.000
751.200,187.394,387.320,408.769
740.000,206.000,338.000,365.000
750.045,193.836,363.289,399.452
759.000,224.000,289.000,358.000
723.155,207.648,337.593,390.511
731.000,232.000,320.000,359.000
712.191,208.597,337.275,382.513
739.000,221.000,295.000,369.000
708.121,214.988,327.477,374.904
726.000,224.000,309.000,355.000
715.838,212.970,312.241,372.110
710.750,211.032,316.561,369.903
704.360,207.744,319.103,365.062
715.841,202.539,306.683,360.733
711.671,200.385,310.016,360.568
704.835,195.810,316.078,360.264
707.832,188.766,311.067,360.202
705.510,182.168,306.518,357.658
703.599,180.257,311.287,362.451
702.630,179.507,313.062,363.735
705.298,179.042,312.799,362.709
709.001,176.992,313.900,362.086
709.423,174.249,316.013,362.582
715.014,172.570,312.537,360.319
721.096,168.960,310.570,361.840
721.000,183.000,320.000,344.000
729.000,187.000,309.000,347.000
724.000,180.000,325.000,357.000
729.000,195.000,329.000,341.000
718.000,187.000,347.000,354.000
726.000,201.000,339.000,343.000
717.000,196.000,347.000,347.000
712.000,205.000,361.000,339.000
713.000,207.000,351.000,347.000
706.000,214.000,365.000,336.000
700.000,215.000,360.000,343.000
689.000,227.000,377.000,336.000
719.000,218.000,337.000,336.000
679.000,231.000,376.000,335.000
685.000,230.000,354.000,333.000
668.000,239.000,369.000,326.000
663.000,239.000,375.000,326.000
665.000,248.000,353.000,325.000
666.000,242.000,365.000,328.000
643.000,252.000,371.000,334.000
647.000,262.000,363.000,327.000
650.000,270.000,357.000,326.000
636.000,279.000,353.000,325.000
625.000,285.000,363.000,318.000
645.000,281.000,342.000,323.000
644.000,289.000,329.000,330.000
618.000,298.000,348.000,326.000
621.000,307.000,353.000,318.000
637.000,311.000,314.000,327.000
611.000,317.000,337.000,329.000
602.000,316.000,340.000,318.000
601.000,323.000,336.000,337.000
606.182,321.135,323.697,336.051
600.000,341.000,336.000,326.000
582.000,344.000,342.000,322.000
576.000,350.000,348.000,320.000
614.000,358.000,357.000,321.000
