13.000,403.000,160.000,173.000
16.860,395.718,162.227,178.959
19.567,390.908,164.038,181.227
21.452,385.482,165.796,183.068
25.952,379.773,165.062,184.909
25.024,372.926,170.666,187.895
33.302,366.752,167.434,189.565
30.000,355.000,185.000,183.000
44.390,350.201,178.483,206.549
43.000,341.000,191.000,195.000
48.686,335.405,183.574,206.186
51.629,328.890,192.811,207.242
57.163,326.323,190.073,204.574
61.557,322.997,192.900,208.205
65.371,320.440,189.109,207.683
67.610,317.136,196.085,208.578
67.508,315.147,198.201,203.573
74.529,311.538,201.391,204.367
74.207,312.467,205.599,202.443
81.000,309.000,188.000,202.000
78.118,302.506,205.136,208.230
82.885,302.022,209.175,207.808
82.475,297.385,214.087,209.494
88.740,293.126,215.164,212.627
93.990,285.764,218.290,217.011
98.336,280.097,220.326,225.937
101.066,274.708,220.450,225.979
103.239,267.778,223.295,230.129
108.623,266.117,221.197,232.220
112.775,261.655,220.449,234.125
117.000,266.000,213.000,234.000
117.564,262.196,219.203,232.455
117.325,269.979,221.996,225.954
115.000,263.000,228.000,220.000
118.000,271.000,223.000,224.000
115.000,267.000,232.000,224.000
110.357,271.940,245.771,220.784
106.949,267.889,262.842,222.575
109.196,265.849,272.583,222.573
112.045,265.490,280.883,223.823
111.903,263.090,290.272,228.146
107.823,259.400,294.688,233.334
113.444,252.192,292.418,240.226
115.704,249.363,291.251,244.224
122.228,244.525,289.354,248.882
128.986,241.234,286.700,254.303
133.911,235.635,287.489,260.048
135.966,235.717,280.595,263.191
146.007,234.885,277.059,265.468
153.566,232.324,273.379,265.480
164.145,236.172,267.423,260.859
172.579,239.669,266.121,255.696
187.000,240.000,245.000,248.000
164.355,238.866,264.959,252.082
188.000,245.000,251.000,247.000
173.559,238.013,272.738,255.526
182.387,239.472,270.927,253.843
176.174,236.730,270.575,255.496
183.634,237.915,277.416,259.924
175.091,229.769,271.009,260.359
186.063,229.718,281.023,265.538
174.589,223.434,274.158,264.106
190.695,221.757,285.281,272.729
176.133,214.895,282.594,276.679
190.710,211.771,274.021,280.751
180.753,207.449,274.712,286.406
186.950,201.664,276.446,297.403
185.304,201.896,277.657,295.758
195.132,195.561,271.086,297.359
196.505,198.934,271.433,295.541
200.042,200.782,264.428,291.617
207.000,205.000,248.000,273.000
198.117,214.248,265.021,288.092
200.000,212.000,269.000,278.000
195.000,210.000,289.000,274.000
193.074,206.652,277.248,287.600
202.000,209.000,257.000,285.000
200.000,220.000,273.000,260.000
189.363,199.401,268.127,287.670
202.000,210.000,251.000,280.000
196.000,200.000,274.000,276.000
202.000,202.000,258.000,281.000
195.375,203.029,253.530,294.455
201.840,198.480,250.610,301.772
201.394,193.376,252.667,303.886
210.000,188.000,251.000,293.000
194.264,194.828,261.942,302.315
197.973,187.137,265.129,311.959
205.000,182.000,262.000,301.000
192.507,187.986,272.498,310.094
207.000,181.000,272.000,305.000
196.183,178.247,278.767,323.617
191.566,171.110,280.836,327.752
198.512,167.659,281.668,331.252
203.000,176.000,289.000,311.000
197.513,165.608,288.122,325.054
212.000,166.000,274.000,315.000
212.000,169.000,274.000,321.000
214.000,166.000,268.000,326.000
208.000,171.000,275.000,315.000
214.000,170.000,272.000,312.000
215.000,172.000,266.000,317.000
211.000,165.000,262.000,319.000
216.000,166.000,262.000,323.000
215.000,168.000,263.000,310.000
213.000,175.000,268.000,314.000
214.000,170.000,276.000,309.000
214.000,172.000,276.000,319.000
225.000,163.000,275.000,329.000
218.000,164.000,276.000,331.000
222.000,160.000,282.000,333.000
209.780,155.171,273.266,338.848
222.405,158.417,260.264,339.897
217.883,152.342,258.033,351.108
225.000,153.000,246.000,343.000
226.000,153.000,246.000,341.000
222.000,157.000,257.000,333.000
220.000,151.000,266.000,336.000
222.000,151.000,249.000,346.000
218.368,149.665,248.427,352.027
219.000,151.000,254.000,340.000
216.000,143.000,258.000,342.000
221.000,146.000,229.000,351.000
220.000,152.000,240.000,352.000
216.816,144.573,242.548,366.748
223.000,149.000,238.000,352.000
206.868,150.546,247.788,373.777
216.000,144.000,254.000,366.000
215.278,151.896,251.504,366.754
218.000,144.000,235.000,359.000
210.000,155.000,258.000,356.000
212.000,144.000,254.000,353.000
215.000,144.000,255.000,367.000
208.000,150.000,262.000,366.000
210.000,154.000,273.000,360.000
204.000,146.000,282.000,369.000
210.000,144.000,248.000,358.000
206.000,153.000,258.000,365.000
206.000,153.000,269.000,356.000
207.000,148.000,251.000,365.000
203.000,146.000,259.000,366.000
198.000,155.000,281.000,374.000
200.000,150.000,282.000,372.000
199.000,145.000,301.000,382.000
199.000,156.000,268.000,364.000
197.000,161.000,277.000,372.000
195.000,151.000,292.000,375.000
201.000,148.000,266.000,366.000
196.000,139.000,273.000,384.000
192.000,149.000,283.000,392.000
191.000,145.000,286.000,374.000
186.000,153.000,292.000,368.000
194.000,148.000,276.000,375.000
190.000,146.000,287.000,381.000
196.000,151.000,266.000,380.000
187.000,144.000,290.000,386.000
187.000,155.000,297.000,374.000
184.000,148.000,290.000,376.000
185.000,154.000,317.000,385.000
180.000,156.000,289.000,367.000
190.890,155.882,278.712,388.081
184.733,153.748,276.154,393.664
185.305,153.111,271.348,390.490
185.893,150.472,273.035,397.417
185.000,148.000,289.000,390.000
185.000,149.000,279.000,379.000
186.000,150.000,287.000,384.000
188.000,155.000,289.000,376.000
181.000,150.000,271.000,374.000
189.000,156.000,269.000,380.000
184.000,148.000,282.000,378.000
183.000,153.000,293.000,385.000
184.000,143.000,302.000,381.000
180.000,153.000,299.000,374.000
190.000,153.000,279.000,380.000
191.000,141.000,280.000,388.000
186.000,142.000,297.000,388.000
187.000,145.000,287.000,390.000
191.000,144.000,279.000,389.000
187.000,146.000,294.000,387.000
194.000,145.000,282.000,389.000
193.000,145.000,279.000,383.000
191.000,152.000,290.000,388.000
197.000,145.000,288.000,385.000
196.000,147.000,293.000,400.000
200.000,144.000,290.000,393.000
200.000,146.000,282.000,387.000
201.000,145.000,290.000,389.000
197.000,142.000,307.000,386.000
195.000,143.000,314.000,394.000
205.000,146.000,287.000,393.000
205.000,146.000,273.000,387.000
209.707,149.339,271.829,409.310
209.000,144.000,285.000,382.000
204.000,139.000,303.000,393.000
217.000,144.000,278.000,398.000
214.000,145.000,290.000,392.000
221.000,141.000,275.000,386.000
215.000,146.000,296.000,393.000
216.000,140.000,308.000,396.000
221.000,142.000,309.000,391.000
219.000,141.000,311.000,396.000
228.000,141.000,298.000,392.000
224.000,141.000,311.000,384.000
225.000,145.000,326.000,397.000
235.000,135.000,267.000,398.000
230.000,148.000,288.000,404.000
237.000,148.000,271.000,388.000
246.000,148.000,257.000,389.000
246.000,146.000,260.000,396.000
244.000,144.000,282.000,396.000
250.000,139.000,277.000,402.000
249.000,144.000,298.000,382.000
253.000,144.000,296.000,386.000
264.000,143.000,294.000,406.000
261.000,140.000,294.000,398.000
268.000,144.000,295.000,398.000
275.000,140.000,297.000,387.000
274.000,138.000,300.000,406.000
280.000,139.000,298.000,394.000
285.000,143.000,288.000,394.000
290.000,147.000,294.000,399.000
293.000,144.000,288.000,387.000
299.000,145.000,284.000,400.000
301.703,150.783,281.529,411.564
307.000,149.000,282.000,396.000
317.000,157.000,261.000,387.000
321.000,157.000,260.000,380.000
324.000,157.000,261.000,394.000
326.000,158.000,273.000,385.000
331.000,164.000,268.000,388.000
338.000,166.000,263.000,382.000
330.000,165.000,275.000,390.000
338.000,158.000,268.000,383.000
343.000,165.000,270.000,392.000
352.000,163.000,255.000,391.000
352.000,162.000,259.000,396.000
356.000,171.000,257.000,397.000
353.000,170.000,268.000,382.000
363.000,174.000,262.000,388.000
362.000,174.000,269.000,381.000
369.000,172.000,252.000,383.000
365.000,182.000,269.000,386.000
371.000,176.000,280.000,377.000
371.000,183.000,282.000,372.000
372.000,172.000,287.000,376.000
380.000,180.000,267.000,393.000
381.000,172.000,253.000,381.000
385.000,184.000,243.000,372.000
385.000,178.000,254.000,373.000
383.000,175.000,255.000,381.000
386.000,182.000,263.000,372.000
382.000,186.000,268.000,373.000
392.000,183.000,248.000,371.000
390.000,181.000,242.000,370.000
391.000,188.000,240.000,363.000
394.323,189.681,239.507,381.296
394.548,184.375,240.376,385.282
399.000,181.000,228.000,365.000
398.000,189.000,239.000,360.000
395.000,184.000,235.000,362.000
396.000,188.000,249.000,368.000
391.458,190.689,247.696,376.039
400.000,183.000,226.000,362.000
397.000,186.000,236.000,361.000
397.000,182.000,247.000,356.000
397.000,188.000,262.000,367.000
399.000,181.000,229.000,356.000
400.000,196.000,230.000,350.000
405.000,188.000,226.000,350.000
400.000,192.000,240.000,350.000
397.000,196.000,244.000,343.000
400.000,193.000,244.000,343.000
397.000,196.000,236.000,340.000
400.000,188.000,236.000,346.000
398.000,188.000,239.000,345.000
396.000,191.000,241.000,339.000
403.000,191.000,223.000,345.000
402.000,190.000,221.000,348.000
397.000,192.000,228.000,336.000
400.000,196.000,224.000,344.000
398.000,192.000,238.000,331.000
398.000,198.000,242.000,336.000
403.000,196.000,218.000,335.000
398.000,199.000,225.000,335.000
398.000,198.000,219.000,335.000
394.000,201.000,213.000,325.000
400.000,199.000,203.000,335.000
405.453,197.323,219.220,364.037
397.000,203.000,220.000,332.000
396.000,202.000,223.000,334.000
401.022,197.769,224.636,359.222
398.831,194.778,229.317,362.028
387.000,193.000,241.000,343.000
379.622,192.069,243.222,360.733
396.000,197.000,224.000,343.000
389.000,195.000,238.000,339.000
394.000,201.000,228.000,337.000
387.655,194.970,239.802,356.268
393.000,201.000,220.000,334.000
394.000,196.000,223.000,342.000
399.000,197.000,210.000,340.000
397.000,199.000,208.000,341.000
402.000,204.000,198.000,342.000
397.000,196.000,212.000,346.000
377.248,202.696,233.535,358.469
375.000,203.000,246.000,339.000
353.000,196.000,279.000,349.000
330.358,191.644,276.883,357.941
321.052,194.108,302.166,357.603
353.000,196.000,259.000,340.000
365.000,204.000,262.000,347.000
377.000,195.000,241.000,334.000
378.803,200.333,252.829,366.137
386.000,202.000,234.000,351.000
389.000,204.000,228.000,338.000
386.620,198.199,244.172,368.566
391.000,210.000,236.000,352.000
389.000,199.000,237.000,348.000
384.313,205.286,245.414,358.557
389.000,200.000,235.000,338.000
391.000,205.000,247.000,351.000
400.000,197.000,225.000,350.000
404.000,199.000,219.000,352.000
395.000,197.000,238.000,340.000
403.000,201.000,235.000,348.000
388.000,198.000,243.000,356.000
401.000,202.000,240.000,346.000
400.000,204.000,241.000,353.000
377.195,210.829,253.587,349.790
357.000,200.000,285.000,357.000
295.000,209.000,339.000,337.000
289.000,192.000,364.000,341.000
297.000,193.000,344.000,365.000
294.000,199.000,364.000,334.000
302.000,204.000,346.000,367.000
305.000,208.000,341.000,347.000
306.000,207.000,319.000,340.000
301.000,200.000,366.000,347.000
319.000,211.000,326.000,351.000
314.000,202.000,328.000,340.000
310.000,207.000,356.000,356.000
315.000,207.000,346.000,341.000
306.000,206.000,352.000,348.000
316.000,207.000,332.000,359.000
314.000,204.000,330.000,342.000
319.000,211.000,311.000,344.000
323.000,206.000,316.000,347.000
323.000,219.000,306.000,342.000
316.000,211.000,326.000,341.000
323.000,215.000,305.000,341.000
335.000,217.000,283.000,346.000
314.289,216.987,299.432,358.011
334.000,218.000,291.000,341.000
339.000,228.000,279.000,334.000
342.000,212.000,281.000,344.000
355.000,224.000,248.000,348.000
344.000,218.000,271.000,345.000
355.000,218.000,251.000,342.000
346.000,221.000,288.000,343.000
350.000,220.000,271.000,336.000
355.000,221.000,257.000,350.000
364.000,215.000,250.000,352.000
361.000,218.000,258.000,353.000
360.000,218.000,261.000,350.000
362.000,227.000,255.000,351.000
370.000,214.000,254.000,358.000
372.000,222.000,257.000,352.000
374.000,215.000,251.000,347.000
374.000,223.000,252.000,361.000
375.000,211.000,258.000,367.000
378.000,227.000,249.000,362.000
383.000,220.000,243.000,359.000
379.000,218.000,254.000,356.000
384.000,227.000,240.000,367.000
391.000,229.000,229.000,354.000
387.000,226.000,234.000,349.000
382.000,229.000,250.000,365.000
385.000,224.000,248.000,358.000
386.000,236.000,237.000,349.000
380.000,234.000,249.000,347.000
376.000,233.000,260.000,361.000
382.000,231.000,253.000,354.000
384.000,232.000,247.000,356.000
379.440,235.458,255.862,367.977
386.000,234.000,235.000,358.000
384.000,237.000,247.000,352.000
381.000,240.000,260.000,355.000
378.000,236.000,258.000,354.000
379.000,237.000,261.000,357.000
378.000,244.000,257.000,343.000
380.000,236.000,257.000,362.000
370.000,240.000,254.000,341.000
365.000,236.000,262.000,365.000
365.000,243.000,247.000,338.000
363.000,242.000,256.000,359.000
366.000,243.000,222.000,342.000
362.000,246.000,237.000,355.000
352.000,253.000,264.000,339.000
351.000,239.000,269.000,352.000
351.000,247.000,236.000,346.000
351.000,251.000,232.000,336.000
342.000,248.000,254.000,353.000
343.000,245.000,249.000,348.000
344.000,255.000,238.000,344.000
335.000,245.000,241.000,345.000
335.000,239.000,246.000,351.000
330.000,246.000,231.000,342.000
324.000,247.000,245.000,348.000
324.000,235.000,237.000,354.000
321.000,250.000,242.000,341.000
319.000,234.000,246.000,339.000
316.000,252.000,225.000,333.000
315.000,244.000,234.000,341.000
311.000,242.000,236.000,332.000
306.000,247.000,244.000,334.000
308.131,239.337,244.309,355.568
302.000,239.000,245.000,341.000
294.000,237.000,266.000,333.000
291.000,222.000,268.000,346.000
296.000,238.000,242.000,329.000
289.000,229.000,260.000,338.000
293.000,221.000,253.000,353.000
286.000,224.000,261.000,342.000
282.000,217.000,268.000,355.000
289.000,233.000,213.000,325.000
284.000,218.000,207.000,338.000
282.000,220.000,215.000,347.000
274.000,214.000,226.000,339.000
268.219,219.698,228.034,363.208
268.000,210.000,238.000,346.000
265.000,214.000,242.000,354.000
262.000,213.000,252.000,339.000
259.000,202.000,262.000,348.000
258.000,207.000,264.000,351.000
257.000,199.000,257.000,347.000
256.000,199.000,257.000,364.000
253.000,193.000,269.000,351.000
249.000,196.000,250.000,353.000
243.097,199.919,250.433,375.813
248.000,190.000,266.000,371.000
244.000,193.000,245.000,356.000
241.000,184.000,259.000,360.000
238.000,181.000,279.000,369.000
239.000,176.000,280.000,374.000
231.000,179.000,281.000,362.000
234.000,189.000,283.000,362.000
231.000,177.000,255.000,364.000
234.901,182.206,248.413,379.250
224.121,180.797,249.888,387.095
230.749,173.473,239.856,394.203
224.655,174.109,241.447,392.401
226.497,166.942,244.004,396.026
223.165,168.136,250.213,397.036
219.894,166.886,254.630,394.333
219.855,164.551,256.302,393.346
218.857,164.393,257.322,397.120
216.828,162.044,258.796,398.181
216.241,160.661,260.028,397.835
215.099,158.665,263.447,400.822
214.785,158.327,267.378,402.499
214.758,156.448,267.486,405.273
212.885,154.794,271.356,407.772
213.219,152.455,275.793,407.745
212.699,151.295,278.455,404.291
211.363,152.902,281.306,407.659
212.505,149.821,283.135,408.567
210.338,148.752,286.497,410.211
209.245,146.390,288.119,412.090
211.383,144.856,287.380,413.570
207.570,146.733,288.682,413.745
213.833,142.767,287.204,417.455
205.501,148.361,290.837,414.926
213.298,142.963,289.745,419.347
204.066,149.041,293.018,415.237
211.190,145.039,291.833,419.099
209.446,147.003,293.667,419.310
208.989,146.109,295.091,422.740
210.712,145.769,296.681,422.570
208.073,147.036,299.497,425.066
210.000,149.000,312.000,393.000
214.000,162.000,289.000,388.000
211.000,155.000,301.000,385.000
216.000,163.000,300.000,401.000
215.000,155.000,309.000,396.000
212.000,155.000,303.000,392.000
216.000,158.000,306.000,406.000
212.000,149.000,321.000,397.000
213.276,146.095,305.694,439.549
226.000,162.000,250.000,399.000
218.000,156.000,275.000,399.000
216.000,163.000,302.000,411.000
219.404,162.201,302.514,429.735
218.532,160.255,303.977,432.711
226.000,158.000,305.000,409.000
215.901,163.705,305.332,440.682
229.000,161.000,307.000,415.000
214.461,168.228,308.631,441.614
231.533,160.935,298.673,448.101
219.996,170.284,305.020,444.515
231.155,163.805,298.882,451.418
229.898,175.597,299.602,447.025
233.790,172.143,298.112,450.358
234.211,176.937,298.455,454.227
234.859,180.886,298.263,453.957
240.067,178.170,297.438,455.624
235.235,182.318,301.021,455.937
244.631,179.627,296.118,459.360
246.000,181.000,291.000,420.000
234.850,177.291,311.102,455.703
247.429,182.705,298.864,456.128
240.576,181.878,307.141,456.402
258.352,181.225,293.064,452.894
243.395,184.532,305.845,450.498
257.682,175.916,296.215,461.807
256.425,190.555,299.263,466.160
253.660,178.124,301.738,467.620
266.855,188.279,295.560,467.535
248.554,185.520,308.667,463.100
260.818,179.177,305.130,460.789
259.437,193.607,308.044,470.496
253.816,182.287,308.911,470.339
258.320,185.129,309.454,466.475
257.206,181.896,315.788,467.073
262.202,188.490,315.111,469.969
259.187,184.498,315.186,473.975
261.223,183.438,314.698,472.986
253.437,185.926,320.820,473.743
260.141,181.773,324.127,477.385
261.482,180.404,320.583,475.769
258.976,187.757,322.684,477.729
268.797,186.038,323.413,472.431
266.635,185.505,322.397,470.900
266.036,187.972,326.116,469.397
228.996,191.794,348.167,461.316
195.584,194.506,378.604,463.809
202.061,186.896,383.733,460.567
212.335,188.145,377.615,457.989
221.546,193.600,381.234,463.027
216.572,197.456,385.253,463.545
229.225,191.606,376.043,464.477
259.000,205.000,346.000,441.000
222.014,195.785,373.998,465.046
234.020,198.115,373.018,467.205
262.000,197.000,362.000,433.000
274.000,208.000,365.000,449.000
277.000,206.000,362.000,435.000
290.000,211.000,345.000,437.000
281.000,194.000,353.000,443.000
290.000,198.000,346.000,461.000
303.000,208.000,325.000,443.000
300.000,206.000,328.000,442.000
297.114,197.174,330.481,468.241
307.000,194.000,310.000,454.000
309.799,203.147,315.876,473.347
317.421,199.323,310.344,474.401
316.168,201.001,307.424,474.045
321.798,203.410,309.629,472.498
322.663,205.433,304.735,475.999
323.877,205.042,307.058,479.159
325.248,202.079,306.501,488.861
319.614,209.506,308.495,483.655
324.503,198.307,308.382,489.966
314.071,210.377,311.564,484.480
318.908,201.983,311.260,486.373
313.275,212.878,311.277,480.645
315.425,201.989,316.422,488.826
310.664,211.572,317.082,481.351
310.576,203.684,319.159,490.817
306.937,208.086,319.548,484.489
299.812,212.925,319.307,482.949
300.354,211.320,317.455,484.873
288.900,218.959,321.306,481.603
293.133,216.905,314.812,485.960
285.856,223.365,318.083,482.576
284.739,224.504,316.781,480.934
283.000,233.000,348.000,457.000
282.000,235.000,336.000,456.000
271.000,238.000,336.000,448.000
275.000,240.000,337.000,447.000
278.000,242.000,308.000,446.000
268.000,248.000,339.000,450.000
257.000,243.000,343.000,441.000
261.000,248.000,336.000,449.000
259.000,245.000,336.000,445.000
264.000,253.000,317.000,437.000
260.000,252.000,323.000,451.000
258.000,252.000,330.000,447.000
249.000,255.000,349.000,440.000
247.000,263.000,326.000,447.000
246.000,256.000,324.000,446.000
251.000,260.000,320.000,448.000
245.000,256.000,320.000,450.000
243.000,259.000,325.000,443.000
244.000,265.000,334.000,429.000
233.000,257.000,327.000,459.000
236.000,262.000,331.000,442.000
234.000,262.000,349.000,437.000
227.000,260.000,308.000,443.000
222.000,260.000,333.000,424.000
227.000,259.000,324.000,432.000
224.000,257.000,315.000,423.000
222.000,261.000,315.000,415.000
220.000,252.000,303.000,428.000
218.000,255.000,307.000,413.000
219.000,244.000,309.000,431.000
221.000,247.000,286.000,410.000
218.000,242.000,294.000,417.000
216.186,258.030,279.979,423.546
209.008,253.395,278.219,423.002
213.764,251.385,275.593,421.872
209.077,258.895,277.174,429.321
198.752,241.419,285.948,435.598
202.242,240.868,280.615,423.849
201.119,241.940,277.356,421.312
188.081,236.779,280.843,418.515
183.665,235.204,280.963,415.150
200.000,228.000,278.000,415.000
184.988,239.812,279.969,417.561
199.000,213.000,292.000,401.000
197.000,229.000,288.000,378.000
192.000,213.000,316.000,403.000
192.000,225.000,288.000,378.000
200.000,218.000,294.000,394.000
205.666,221.937,284.747,403.706
202.248,218.973,284.834,403.541
208.206,221.386,281.075,405.660
198.417,216.416,281.188,401.115
200.000,206.000,272.000,392.000
203.000,197.000,273.000,399.000
203.000,200.000,281.000,393.000
199.000,200.000,276.000,385.000
205.000,194.000,271.000,393.000
204.000,204.000,274.000,388.000
201.000,206.000,278.000,374.000
200.000,198.000,286.000,385.000
199.000,194.000,279.000,378.000
203.000,193.000,281.000,373.000
200.000,188.000,279.000,386.000
198.000,189.000,308.000,388.000
209.773,194.501,283.249,388.235
205.000,192.000,267.000,382.000
198.000,187.000,287.000,379.000
199.000,184.000,296.000,378.000
203.000,188.000,297.000,372.000
201.000,188.000,295.000,369.000
206.000,187.000,286.000,375.000
206.000,183.000,280.000,369.000
208.000,181.000,287.000,375.000
208.000,182.000,300.000,378.000
206.000,181.000,298.000,373.000
215.000,169.000,283.000,392.000
215.000,178.000,278.000,379.000
214.000,177.000,287.000,386.000
210.000,171.000,291.000,399.000
216.000,177.000,273.000,385.000
215.000,179.000,279.000,378.000
220.000,180.000,265.000,376.000
217.000,179.000,275.000,379.000
227.000,173.000,275.000,385.000
225.000,176.000,265.000,379.000
229.000,179.000,266.000,402.000
222.000,176.000,279.000,396.000
228.000,179.000,277.000,379.000
226.000,175.000,285.000,378.000
223.000,189.000,295.000,375.000
229.000,181.000,278.000,375.000
231.000,178.000,274.000,380.000
234.000,180.000,264.000,374.000
237.000,182.000,270.000,376.000
238.000,182.000,276.000,381.000
236.000,180.000,277.000,386.000
235.313,185.846,271.587,392.379
238.000,185.000,266.000,374.000
238.000,190.000,274.000,378.000
241.000,189.000,275.000,378.000
246.000,196.000,271.000,375.000
245.000,196.000,285.000,376.000
240.000,196.000,270.000,377.000
250.000,191.000,260.000,379.000
254.000,196.000,259.000,383.000
252.000,201.000,266.000,374.000
248.000,198.000,282.000,383.000
250.000,205.000,273.000,372.000
257.000,201.000,271.000,390.000
261.000,213.000,256.000,376.000
259.000,209.000,268.000,370.000
255.000,211.000,274.000,380.000
257.000,210.000,261.000,376.000
257.000,219.000,266.000,371.000
262.000,218.000,268.000,369.000
264.000,220.000,263.000,380.000
267.000,224.000,262.000,375.000
261.000,222.000,271.000,366.000
262.000,226.000,279.000,376.000
264.000,229.000,261.000,359.000
265.000,234.000,279.000,368.000
265.000,232.000,290.000,372.000
268.000,237.000,270.000,365.000
268.000,231.000,271.000,371.000
270.000,237.000,268.000,368.000
271.000,233.000,262.000,364.000
274.000,228.000,259.000,384.000
273.000,232.000,254.000,372.000
274.366,234.714,256.662,390.555
272.298,237.703,258.243,397.332
273.466,233.660,252.112,396.090
275.216,236.066,251.568,392.264
273.322,236.880,254.579,394.851
275.173,238.586,250.244,391.658
273.362,236.992,252.624,393.035
276.435,240.319,248.546,388.233
272.250,236.503,253.788,390.314
274.901,239.054,251.070,386.644
276.404,233.408,250.675,390.363
270.163,241.407,251.036,382.878
269.786,227.756,256.465,386.281
274.304,242.177,251.497,373.970
269.779,228.793,255.255,384.221
272.300,238.486,248.752,372.304
266.773,228.027,250.705,378.831
270.626,232.997,244.625,370.343
267.760,230.671,246.030,370.613
267.677,230.858,244.905,367.340
271.000,229.000,245.000,344.000
262.824,225.439,247.697,368.798
265.434,226.625,241.047,361.326
263.570,222.838,242.333,360.948
265.533,222.787,239.484,359.285
262.787,223.453,240.571,357.392
261.275,220.553,239.923,358.498
264.381,220.110,237.835,353.057
261.566,219.585,238.968,352.899
262.612,216.768,239.232,352.552
262.792,217.303,239.741,351.437
261.447,215.056,244.219,353.755
266.000,218.000,234.000,330.000
262.000,209.000,227.000,327.000
257.778,216.573,229.883,342.766
264.000,210.000,232.000,332.000
264.000,211.000,221.000,339.000
259.000,213.000,229.000,318.000
262.000,210.000,223.000,330.000
261.000,205.000,225.000,326.000
263.000,211.000,218.000,329.000
259.000,209.000,229.000,318.000
256.329,207.471,229.390,342.361
262.000,207.000,208.000,320.000
262.000,207.000,219.000,323.000
263.000,210.000,225.000,321.000
261.000,209.000,232.000,324.000
264.000,207.000,230.000,323.000
259.085,208.393,235.138,339.660
265.346,205.406,230.711,340.828
263.083,208.686,234.919,339.332
269.954,201.403,229.009,341.526
264.305,207.105,237.170,340.678
273.615,198.915,229.532,342.659
267.885,208.192,236.066,338.715
273.908,195.807,232.956,347.106
278.000,201.000,222.000,320.000
286.000,200.000,220.000,319.000
268.924,204.388,234.403,339.171
283.000,203.000,232.000,307.000
286.000,195.000,233.000,328.000
285.000,196.000,228.000,316.000
287.000,196.000,234.000,318.000
282.478,200.037,240.905,331.262
299.000,193.000,206.000,324.000
297.000,197.000,225.000,325.000
299.000,195.000,228.000,322.000
298.000,196.000,227.000,306.000
292.000,193.000,240.000,310.000
303.000,197.000,221.000,313.000
296.000,197.000,234.000,305.000
301.000,189.000,232.000,313.000
300.000,191.000,231.000,323.000
307.000,187.000,222.000,318.000
304.000,186.000,227.000,314.000
305.000,184.000,228.000,314.000
301.000,188.000,246.000,313.000
306.000,185.000,235.000,320.000
306.000,180.000,244.000,335.000
307.000,181.000,248.000,331.000
306.000,178.000,244.000,321.000
312.000,176.000,234.000,324.000
321.000,176.000,221.000,319.000
308.000,174.000,238.000,312.000
319.000,174.000,226.000,308.000
313.000,174.000,235.000,314.000
310.000,172.000,239.000,304.000
324.000,166.000,225.000,325.000
318.000,166.000,229.000,307.000
317.000,168.000,234.000,309.000
315.000,168.000,248.000,308.000
309.000,171.000,251.000,303.000
320.000,169.000,247.000,304.000
326.000,170.000,231.000,302.000
332.000,167.000,234.000,311.000
327.000,162.000,255.000,317.000
316.241,168.508,262.945,321.550
318.000,165.000,282.000,312.000
326.000,167.000,259.000,312.000
318.000,164.000,278.000,308.000
319.000,170.000,273.000,291.000
321.000,168.000,286.000,297.000
317.000,164.000,282.000,308.000
313.000,161.000,290.000,301.000
313.000,159.000,285.000,302.000
321.000,157.000,273.000,309.000
318.000,157.000,287.000,300.000
311.000,162.000,289.000,298.000
321.000,151.000,277.000,307.000
321.000,161.000,282.000,300.000
322.000,150.000,280.000,306.000
320.000,152.000,285.000,303.000
331.000,157.000,268.000,295.000
336.000,148.000,247.000,301.000
337.000,154.000,263.000,291.000
340.000,153.000,272.000,299.000
338.000,149.000,269.000,304.000
320.000,152.000,285.000,294.000
316.000,147.000,297.000,295.000
284.000,156.000,324.000,283.000
266.000,157.000,360.000,289.000
263.000,154.000,376.000,292.000
270.000,145.000,361.000,286.000
266.000,149.000,369.000,297.000
267.000,145.000,388.000,300.000
277.000,144.000,354.000,299.000
283.000,142.000,358.000,302.000
290.000,145.000,358.000,306.000
285.335,134.880,346.273,325.057
299.000,148.000,342.000,302.000
296.000,145.000,346.000,298.000
300.000,144.000,342.000,297.000
305.000,148.000,349.000,305.000
297.000,144.000,353.000,298.000
313.000,143.000,332.000,309.000
316.000,145.000,331.000,305.000
310.000,142.000,341.000,299.000
311.000,145.000,336.000,306.000
324.000,147.000,332.000,306.000
331.000,143.000,312.000,296.000
318.000,143.000,338.000,305.000
322.000,142.000,329.000,300.000
333.000,142.000,329.000,301.000
300.629,132.889,324.757,325.493
328.000,141.000,328.000,308.000
334.000,147.000,322.000,302.000
339.000,142.000,306.000,305.000
332.000,142.000,331.000,300.000
338.000,147.000,323.000,308.000
306.364,132.080,320.005,323.124
350.000,149.000,296.000,307.000
336.000,144.000,318.000,302.000
346.000,146.000,308.000,312.000
317.318,133.537,312.694,328.647
348.000,148.000,300.000,309.000
348.000,145.000,306.000,300.000
343.000,154.000,304.000,297.000
361.000,149.000,289.000,305.000
353.000,146.000,291.000,306.000
358.000,152.000,292.000,299.000
356.721,138.936,280.018,319.851
369.000,155.000,269.000,295.000
371.000,153.000,265.000,292.000
370.000,144.000,262.000,294.000
374.000,147.000,261.000,303.000
372.000,149.000,266.000,298.000
376.000,150.000,253.000,309.000
377.000,149.000,255.000,299.000
374.000,150.000,257.000,304.000
375.000,148.000,259.000,294.000
374.000,153.000,265.000,297.000
368.536,136.560,256.735,317.154
382.000,147.000,247.000,312.000
379.000,148.000,263.000,300.000
380.000,150.000,259.000,306.000
382.000,138.000,258.000,313.000
382.000,144.000,256.000,312.000
383.000,145.000,257.000,311.000
383.000,142.000,254.000,305.000
383.000,150.000,250.000,305.000
383.000,151.000,254.000,296.000
380.107,139.295,248.019,319.755
383.000,144.000,257.000,306.000
388.000,149.000,249.000,305.000
387.000,149.000,249.000,312.000
388.000,143.000,251.000,309.000
389.000,151.000,251.000,311.000
392.000,143.000,231.000,305.000
393.000,155.000,248.000,308.000
380.000,143.000,262.000,307.000
383.000,145.000,266.000,315.000
390.000,151.000,251.000,310.000
386.274,142.025,243.802,331.767
394.000,147.000,234.000,316.000
391.000,143.000,242.000,305.000
391.000,149.000,251.000,315.000
392.000,141.000,241.000,325.000
393.000,146.000,241.000,314.000
391.000,151.000,247.000,310.000
396.000,148.000,239.000,303.000
401.000,152.000,237.000,315.000
395.000,150.000,241.000,308.000
397.000,150.000,243.000,320.000
400.000,149.000,238.000,316.000
394.000,152.000,245.000,306.000
398.000,156.000,239.000,313.000
395.000,151.000,246.000,316.000
398.000,153.000,239.000,312.000
399.000,152.000,241.000,315.000
400.000,160.000,233.000,306.000
397.000,155.000,240.000,315.000
399.000,156.000,242.000,312.000
398.000,155.000,241.000,313.000
399.000,155.000,242.000,312.000
396.000,156.000,246.000,313.000
398.000,160.000,234.000,305.000
401.000,158.000,238.000,309.000
404.000,157.000,231.000,316.000
392.000,157.000,253.000,315.000
395.000,162.000,244.000,309.000
399.000,159.000,238.000,310.000
402.000,153.000,230.000,320.000
400.000,161.000,236.000,316.000
396.000,156.000,244.000,316.000
393.505,150.355,242.048,328.822
395.639,153.032,238.340,329.490
394.395,149.793,240.379,334.103
393.873,151.432,239.114,332.644
394.780,151.024,241.095,336.664
396.036,148.765,238.115,335.063
392.767,148.217,241.326,336.318
398.493,148.581,238.966,337.828
392.915,147.310,239.419,337.603
396.958,149.085,238.921,338.422
395.514,147.360,238.267,340.322
397.039,146.480,236.906,341.422
395.926,146.854,238.189,342.446
398.074,145.775,236.165,343.222
395.515,145.598,238.424,344.254
396.433,144.409,235.375,342.449
394.730,146.778,237.288,340.762
396.193,147.096,238.530,339.157
394.127,147.136,239.332,338.364
397.345,147.352,237.897,340.084
391.913,147.875,239.860,335.692
397.318,146.431,239.335,339.251
392.628,147.001,239.441,337.808
396.337,146.269,240.042,338.045
394.886,148.274,240.223,336.610
395.239,147.810,240.690,335.786
394.585,147.906,240.608,334.165
397.044,147.349,239.702,334.593
391.997,146.107,239.138,335.178
397.610,147.700,240.714,337.558
392.277,147.127,239.969,336.832
397.685,145.811,240.354,339.244
391.971,151.398,239.451,337.523
395.176,148.755,240.439,334.421
395.291,146.843,237.287,334.446
394.472,147.323,237.626,335.005
394.947,146.598,236.495,335.788
393.491,148.483,236.827,335.934
396.303,151.304,235.739,337.180
391.855,148.908,236.459,335.585
396.305,150.011,236.326,338.765
392.244,149.592,236.284,339.770
395.509,151.103,234.864,338.691
392.671,150.246,235.954,341.661
395.415,151.530,234.718,342.139
392.660,147.888,234.140,342.750
396.635,152.476,233.303,343.149
392.045,148.874,235.185,342.730
398.433,149.406,232.050,344.652
394.364,149.791,235.606,341.401
398.074,150.837,234.108,343.889
393.687,148.080,236.858,346.873
401.039,149.858,232.758,343.643
391.686,152.888,238.074,339.330
399.349,151.352,235.751,349.640
392.992,153.223,240.678,343.636
398.145,150.667,237.084,349.049
391.763,155.417,241.871,339.089
399.373,151.646,233.272,352.653
392.058,156.495,239.050,348.282
395.533,153.461,236.947,354.010
390.818,151.163,239.319,353.442
393.410,150.646,236.960,356.544
390.534,149.030,236.943,353.717
395.442,155.290,233.818,352.214
389.000,159.000,240.000,320.000
387.920,154.850,235.076,342.377
388.131,156.372,235.803,348.025
385.391,155.090,237.001,351.977
386.105,153.367,236.346,353.673
383.212,152.489,238.570,356.835
383.053,152.728,238.866,359.158
381.126,151.532,239.318,360.169
381.085,151.433,239.327,360.482
378.177,152.314,240.035,359.412
378.519,152.255,240.082,357.992
375.593,152.942,241.562,356.268
375.401,150.890,238.527,356.979
371.358,153.202,240.120,355.458
372.394,152.545,238.389,358.260
369.929,151.947,240.627,358.156
372.000,166.000,245.000,321.000
363.989,153.283,241.804,340.838
367.169,154.411,237.950,341.252
359.878,153.502,243.064,342.922
364.778,151.217,238.586,346.877
358.438,153.634,242.416,342.570
361.924,150.779,238.419,346.099
354.870,154.833,237.615,341.307
356.736,151.796,236.657,343.804
348.194,153.982,238.641,338.362
347.000,165.000,245.000,304.000
346.565,152.948,235.227,331.692
338.000,172.000,251.000,309.000
333.189,151.298,238.840,329.217
335.791,160.304,241.289,325.803
331.533,159.837,240.364,328.431
332.213,158.791,238.276,333.589
327.389,159.129,238.381,334.110
326.555,156.797,237.961,336.019
324.477,157.762,235.692,337.650
319.278,157.715,237.479,337.675
314.963,156.427,238.664,337.971
312.503,157.213,239.334,337.844
308.572,156.990,238.901,337.243
306.297,155.415,239.368,336.787
301.037,156.893,239.808,333.807
298.391,156.204,242.250,333.621
292.575,155.645,244.557,332.051
284.546,157.722,248.990,330.272
277.452,155.875,253.372,328.871
269.531,155.194,259.500,328.023
262.273,155.565,264.665,325.834
258.959,156.588,268.171,326.515
252.259,156.692,270.222,323.232
267.000,163.000,262.000,299.000
239.367,156.765,264.594,321.240
275.000,155.000,244.000,311.000
242.914,160.957,259.002,321.187
232.899,159.325,272.495,317.872
251.000,165.000,260.000,310.000
233.567,154.420,269.154,323.482
229.000,172.000,285.000,306.000
227.290,152.752,272.048,326.164
247.000,163.000,256.000,303.000
238.639,155.183,256.277,327.789
257.000,155.000,240.000,314.000
242.000,164.000,261.000,307.000
230.243,157.962,259.359,321.131
241.000,161.000,250.000,315.000
245.000,165.000,243.000,308.000
219.927,158.843,260.554,319.733
231.000,165.000,252.000,305.000
227.000,163.000,255.000,308.000
228.000,164.000,252.000,308.000
214.790,156.020,257.691,320.360
208.290,160.509,267.689,322.198
194.285,155.864,281.805,322.693
130.000,159.000,365.000,305.000
104.892,152.975,379.920,330.697
112.337,155.512,381.285,315.288
120.495,146.322,373.572,326.388
110.851,148.700,374.891,322.576
126.000,161.000,376.000,293.000
106.880,151.656,379.620,321.337
121.000,149.000,366.000,299.000
110.758,155.036,363.731,317.303
118.493,150.616,365.112,316.808
136.000,157.000,348.000,302.000
149.000,166.000,316.000,301.000
140.000,163.000,339.000,297.000
134.426,152.136,333.894,316.357
142.816,153.137,336.288,319.627
138.946,150.236,335.476,321.926
142.134,152.725,333.192,321.319
146.857,151.499,329.043,324.103
148.561,149.181,326.107,324.186
153.831,151.876,322.771,321.685
159.385,149.036,314.954,324.490
170.000,155.000,305.000,302.000
162.393,156.397,308.675,326.380
167.613,152.870,311.488,326.144
167.308,150.858,302.765,326.697
170.013,153.160,304.446,323.481
171.871,149.810,299.977,329.035
174.901,149.611,300.624,328.569
175.849,150.288,299.394,327.565
180.608,148.419,298.253,329.788
181.720,149.838,299.145,333.523
182.085,149.813,301.531,336.409
195.000,157.000,295.000,307.000
177.239,146.324,304.034,337.640
183.120,151.791,303.606,334.089
204.000,162.000,277.000,304.000
180.427,146.372,309.213,340.044
202.000,155.000,299.000,307.000
177.919,144.863,314.762,343.500
210.000,152.000,284.000,315.000
183.758,147.415,313.458,340.483
216.000,152.000,286.000,315.000
222.000,156.000,280.000,317.000
193.723,143.436,295.978,346.803
222.000,152.000,276.000,319.000
202.684,141.069,294.134,347.468
228.000,147.000,272.000,311.000
206.111,144.617,286.532,351.624
210.044,141.103,285.988,352.592
218.266,138.697,279.172,357.155
230.000,145.000,272.000,313.000
227.689,139.790,268.857,359.726
233.540,139.911,264.852,361.768
238.000,153.000,250.000,310.000
236.775,147.071,256.486,349.377
237.384,151.010,252.327,352.991
235.713,145.501,257.388,360.415
239.546,143.413,255.187,361.132
234.434,142.251,258.299,359.621
236.859,145.869,252.780,357.616
237.585,144.583,251.730,355.310
238.004,147.076,250.561,352.246
240.351,147.295,249.721,352.051
236.218,147.950,248.595,349.006
240.754,145.473,247.869,351.023
237.635,145.399,250.599,350.378
241.279,145.298,250.278,354.146
236.907,145.425,251.789,350.578
242.536,145.735,248.976,352.702
237.891,142.612,251.235,349.355
239.000,148.000,252.000,314.000
240.631,144.635,253.393,337.976
241.285,147.508,249.569,339.387
240.089,143.935,251.118,341.590
235.000,148.000,272.000,312.000
237.305,140.255,261.661,342.455
234.000,154.000,270.000,299.000
236.638,136.199,261.767,335.504
241.034,143.993,253.549,333.457
237.817,141.751,261.567,340.073
233.000,150.000,283.000,310.000
239.782,133.463,268.025,345.120
235.477,143.638,263.016,334.969
235.000,148.000,287.000,310.000
239.305,133.067,275.691,341.605
233.348,142.376,270.682,334.157
233.000,144.000,286.000,325.000
241.816,140.647,274.288,341.066
231.238,146.612,274.546,342.017
240.000,145.000,282.000,323.000
242.000,142.000,271.000,329.000
251.000,130.000,265.000,341.000
243.000,145.000,275.000,334.000
238.000,137.000,288.000,333.000
237.000,128.000,306.000,347.000
237.000,139.000,292.000,342.000
239.000,126.000,305.000,354.000
246.000,137.000,284.000,345.000
243.787,116.647,283.210,369.627
240.000,146.000,280.000,328.000
241.000,134.000,283.000,339.000
246.000,133.000,259.000,341.000
247.699,127.239,258.413,348.864
250.056,128.393,255.639,351.011
250.353,134.420,253.366,347.236
247.213,136.093,257.202,350.516
253.262,142.664,253.049,346.281
251.269,145.837,256.045,344.385
255.121,146.267,258.326,346.241
250.814,149.016,263.322,349.712
247.000,140.000,352.000,341.000
254.090,136.708,347.658,343.399
256.825,135.030,342.926,353.859
256.631,133.363,342.531,355.697
258.072,132.261,341.081,353.221
266.000,138.000,263.000,339.000
270.000,134.000,303.000,356.000
276.000,135.000,290.000,358.000
271.094,138.609,293.732,359.785
277.125,143.841,293.080,353.612
277.000,135.000,307.000,352.000
281.000,135.000,318.000,371.000
280.000,137.000,315.000,360.000
292.000,129.000,305.000,381.000
279.350,134.210,313.856,381.343
279.415,134.945,323.283,384.474
278.591,130.734,333.179,384.156
279.167,132.989,346.143,383.636
296.000,136.000,302.000,370.000
302.000,130.000,295.000,377.000
289.000,138.000,306.000,360.000
286.000,131.000,307.000,362.000
280.000,140.000,306.000,345.000
286.000,140.000,301.000,349.000
289.000,139.000,293.000,349.000
280.000,139.000,301.000,345.000
277.000,140.000,314.000,329.000
286.000,132.000,302.000,337.000
293.000,133.000,293.000,345.000
293.000,131.000,294.000,363.000
280.000,131.000,314.000,367.000
287.000,127.000,303.000,363.000
288.000,121.000,305.000,388.000
283.000,125.000,302.000,359.000
286.000,121.000,292.000,380.000
290.000,122.000,294.000,379.000
285.000,130.000,305.000,350.000
285.000,129.000,311.000,344.000
278.000,128.000,310.000,336.000
281.000,137.000,306.000,304.000
278.397,127.843,332.943,316.700
273.000,127.000,310.000,331.000
279.000,129.000,300.000,318.000
274.000,127.000,309.000,320.000
287.000,120.000,308.000,355.000
277.000,127.000,317.000,327.000
290.000,128.000,304.000,350.000
275.000,120.000,317.000,357.000
277.000,125.000,319.000,331.000
281.000,123.000,312.000,333.000
277.000,116.000,320.000,351.000
280.000,114.000,311.000,347.000
283.000,119.000,308.000,363.000
271.000,120.000,321.000,331.000
273.000,119.000,310.000,313.000
276.000,125.000,310.000,296.000
281.000,128.000,297.000,302.000
275.000,128.000,302.000,297.000
277.000,125.000,303.000,301.000
274.000,126.000,277.000,286.000
283.000,129.000,300.000,286.000
275.000,126.000,315.000,300.000
277.000,121.000,302.000,305.000
271.000,126.000,307.000,284.000
274.000,118.000,314.000,302.000
264.000,124.000,330.000,291.000
275.000,115.000,309.000,309.000
277.000,121.000,307.000,298.000
282.000,120.000,304.000,311.000
280.000,115.000,306.000,315.000
279.000,115.000,303.000,312.000
275.000,118.000,304.000,285.000
277.544,118.933,309.408,292.604
280.435,120.623,323.398,301.502
275.097,114.906,339.594,302.282
267.733,106.181,344.364,304.330
265.814,111.971,348.085,299.361
267.023,109.164,356.894,299.905
266.287,110.426,361.265,296.118
267.000,121.000,312.000,274.000
271.000,122.000,309.000,272.000
263.637,119.611,311.933,277.013
273.000,123.000,304.000,272.000
272.000,121.000,314.000,270.000
272.000,121.000,306.000,271.000
264.026,119.131,310.904,274.654
265.827,121.361,308.163,271.184
264.885,121.085,305.195,272.599
271.000,124.000,305.000,267.000
269.000,121.000,318.000,271.000
263.000,116.000,313.000,272.000
273.000,117.000,305.000,277.000
263.017,115.730,316.106,273.243
269.000,117.000,305.000,272.000
268.000,122.000,308.000,267.000
271.000,120.000,294.000,266.000
265.000,121.000,308.000,269.000
270.000,118.000,291.000,268.000
272.000,116.000,288.000,274.000
276.000,118.000,296.000,266.000
270.000,115.000,305.000,274.000
271.000,113.000,300.000,277.000
275.000,116.000,308.000,276.000
274.000,122.000,299.000,266.000
263.993,111.320,307.537,280.718
273.000,124.000,307.000,267.000
270.000,119.000,312.000,271.000
272.000,114.000,313.000,282.000
264.000,117.000,331.000,274.000
268.000,121.000,321.000,270.000
272.000,125.000,332.000,275.000
270.000,120.000,343.000,283.000
264.000,115.000,338.000,290.000
272.000,111.000,347.000,301.000
272.000,117.000,353.000,303.000
275.000,122.000,359.000,297.000
273.000,121.000,358.000,299.000
267.000,122.000,361.000,297.000
270.000,122.000,368.000,298.000
268.000,130.000,345.000,294.000
276.000,128.000,353.000,289.000
270.000,130.000,330.000,289.000
273.000,136.000,262.000,269.000
283.000,137.000,248.000,272.000
290.000,138.000,236.000,271.000
283.000,134.000,244.000,274.000
289.000,137.000,233.000,264.000
297.000,132.000,226.000,283.000
293.000,139.000,224.000,278.000
294.000,138.000,226.000,271.000
294.000,140.000,238.000,276.000
292.000,138.000,252.000,287.000
290.000,146.000,254.000,279.000
299.000,137.000,244.000,292.000
292.000,136.000,244.000,289.000
294.000,141.000,241.000,282.000
297.268,133.025,247.472,304.403
293.192,133.546,250.418,309.956
296.467,130.605,246.146,318.740
294.538,130.948,246.599,321.904
300.019,132.494,240.604,322.019
297.480,132.089,242.490,323.332
300.211,132.013,240.246,324.958
299.447,131.172,240.629,325.558
301.116,133.368,237.325,325.568
299.042,130.723,237.740,325.127
301.960,132.852,231.389,321.219
300.980,130.796,230.115,319.799
303.467,133.467,226.371,313.945
301.055,134.843,226.215,309.391
304.081,134.932,222.412,306.787
300.668,134.673,224.411,301.156
301.838,137.759,226.971,299.375
299.376,141.603,223.878,296.399
300.112,140.106,224.517,295.795
300.894,142.837,223.564,293.381
301.319,143.422,223.335,292.321
302.197,143.694,223.649,292.720
300.348,143.752,222.926,291.590
301.111,142.045,223.247,294.130
300.694,139.871,224.324,296.641
300.811,148.216,225.725,295.539
301.710,148.358,223.963,291.963
299.242,154.920,230.932,292.256
301.412,151.468,233.602,300.452
303.975,155.858,241.768,308.713
304.924,148.936,240.358,318.240
304.402,145.649,249.281,327.389
305.921,142.777,258.379,337.580
308.703,149.842,265.742,345.925
303.000,164.000,170.000,261.000
307.000,165.000,162.000,262.000
304.000,165.000,162.000,263.000
305.000,172.000,159.000,258.000
304.000,169.000,160.000,259.000
304.000,171.000,157.000,259.000
304.000,168.000,159.000,262.000
301.000,176.000,164.000,257.000
303.000,172.000,158.000,253.000
300.000,176.000,159.000,252.000
302.000,176.000,152.000,249.000
300.000,170.000,156.000,260.000
301.000,180.000,148.000,253.000
302.000,169.000,151.000,262.000
296.000,176.000,156.000,257.000
298.000,174.000,155.000,260.000
295.000,178.000,155.000,258.000
297.000,173.000,146.000,259.000
299.000,181.000,138.000,256.000
294.000,175.000,140.000,252.000
292.000,176.000,141.000,257.000
292.000,175.000,142.000,256.000
289.000,175.000,145.000,257.000
290.000,175.000,140.000,259.000
287.000,182.000,136.000,247.000
289.000,179.000,130.000,253.000
288.000,178.000,131.000,260.000
288.000,180.000,124.000,250.000
283.000,176.000,130.000,256.000
287.000,179.000,119.000,261.000
266.056,174.198,158.431,265.745
283.000,182.000,117.000,253.000
281.000,179.000,113.000,255.000
279.000,177.000,111.000,261.000
277.000,181.000,111.000,256.000
274.000,186.000,110.000,246.000
272.000,184.000,108.000,249.000
270.000,186.000,107.000,251.000
268.000,185.000,103.000,245.000
265.000,188.000,104.000,243.000
264.000,188.000,95.000,240.000
264.000,183.000,94.000,248.000
259.000,185.000,89.000,243.000
257.000,188.000,83.000,235.000
255.000,188.000,82.000,238.000
254.000,190.000,76.000,237.000
249.000,189.000,77.000,238.000
248.000,188.000,72.000,235.000
249.000,190.000,62.000,235.000
244.000,190.000,62.000,231.000
245.000,186.000,62.000,237.000
245.000,186.000,52.000,230.000
240.000,189.000,52.000,227.000
241.000,196.000,44.000,222.000
241.000,196.000,44.000,222.000
241.000,196.000,44.000,222.000
241.000,196.000,44.000,222.000
241.000,196.000,44.000,222.000
241.000,196.000,44.000,222.000
241.000,196.000,44.000,222.000
241.000,196.000,44.000,222.000
241.000,196.000,44.000,222.000
231.983,249.216,80.107,243.369
233.575,319.969,128.251,264.455
253.034,327.432,143.474,261.813
252.827,339.276,142.346,255.188
249.577,335.584,133.876,256.370
243.536,340.866,133.390,252.407
241.171,342.220,130.815,247.770
241.589,343.383,128.324,246.233
243.161,354.208,121.437,243.048
248.955,358.214,108.297,242.558
248.946,360.063,106.210,245.810
249.689,359.043,105.041,247.448
247.833,361.186,101.364,248.403
244.544,357.223,96.174,245.081
239.826,359.447,90.662,242.230
237.624,350.870,84.800,240.755
237.729,342.500,75.075,246.306
232.953,340.083,70.495,251.569
226.135,330.727,67.002,251.751
219.479,320.054,63.642,245.664
210.873,322.210,61.454,255.279
204.305,319.238,59.504,248.602
198.067,313.419,56.354,252.533
188.482,315.452,58.584,257.294
181.364,316.734,57.436,253.572
172.439,319.486,56.166,249.804
160.609,326.422,56.257,246.130
150.789,327.112,57.964,240.669
145.275,326.408,56.354,240.727
137.262,329.989,53.379,238.616
129.857,327.635,53.104,237.944
120.364,328.676,54.020,240.123
20.000,168.000,156.000,208.000
20.000,168.000,156.000,208.000
20.000,168.000,156.000,208.000
20.000,168.000,156.000,208.000
20.000,168.000,156.000,208.000
20.000,168.000,156.000,208.000
20.000,168.000,156.000,208.000
20.000,168.000,156.000,208.000
20.000,168.000,156.000,208.000
20.000,168.000,156.000,208.000
20.000,168.000,156.000,208.000
20.000,168.000,156.000,208.000
20.000,168.000,156.000,208.000
217.000,138.000,179.000,222.000
222.000,181.000,154.000,260.000
223.000,179.000,114.000,280.000
229.000,180.000,83.000,289.000
222.000,161.000,84.000,308.000
217.000,154.000,82.000,322.000
211.000,156.000,84.000,322.000
239.000,151.000,115.000,319.000
207.000,171.000,80.000,313.000
200.000,164.000,85.000,323.000
196.000,166.000,84.000,325.000
194.000,175.000,82.000,322.000
190.000,178.000,80.000,318.000
183.000,173.000,84.000,329.000
177.000,181.000,88.000,326.000
168.000,186.000,94.000,324.000
162.000,189.000,96.000,325.000
159.000,194.000,97.000,326.000
160.000,207.000,72.000,316.000
136.970,275.122,93.684,284.000
95.000,211.000,93.000,320.000
64.000,217.000,119.000,323.000
40.293,231.931,131.385,322.990
86.000,216.000,135.000,318.000
74.000,223.000,149.000,356.000
49.000,230.000,164.000,357.000
82.000,204.000,159.000,368.000
76.000,272.000,194.000,411.000
82.000,309.000,245.000,397.000
66.000,215.000,297.000,468.000
179.000,198.000,401.000,525.000
976.000,140.000,337.000,495.000
994.000,114.000,312.000,431.000
994.000,114.000,312.000,431.000
994.000,114.000,312.000,431.000
994.000,114.000,312.000,431.000
994.000,114.000,312.000,431.000
994.000,114.000,312.000,431.000
994.000,114.000,312.000,431.000
994.000,114.000,312.000,431.000
994.000,114.000,312.000,431.000
994.000,114.000,312.000,431.000
519.000,175.000,297.000,438.000
514.627,201.433,347.706,480.182
536.000,158.000,373.000,404.000
545.000,145.000,414.000,428.000
560.000,153.000,416.000,373.000
584.000,139.000,378.000,419.000
594.000,129.000,400.000,368.000
612.000,119.000,361.000,442.000
623.000,109.000,376.000,474.000
616.029,89.240,371.744,522.775
628.000,92.000,429.000,511.000
635.000,97.000,435.000,504.000
643.000,83.000,414.000,510.000
647.000,73.000,397.000,528.000
672.000,60.000,364.000,544.000
689.000,60.000,323.000,531.000
685.098,62.127,366.736,539.351
679.000,63.000,385.000,486.000
675.000,63.000,400.000,492.000
686.000,54.000,352.000,505.000
692.000,61.000,337.000,490.000
679.000,64.000,338.000,499.000
668.000,63.000,329.000,489.000
686.000,67.000,298.000,501.000
669.000,71.000,292.000,486.000
658.000,83.000,289.000,474.000
657.000,85.000,286.000,478.000
630.000,98.000,306.000,459.000
620.000,100.000,304.000,463.000
616.000,112.000,281.000,450.000
595.000,114.000,302.000,469.000
580.000,118.000,290.000,455.000
571.000,136.000,287.000,443.000
547.000,131.000,298.000,440.000
537.000,151.000,291.000,419.000
527.000,156.000,279.000,426.000
510.000,168.000,294.000,413.000
499.000,168.000,293.000,432.000
501.000,179.000,288.000,396.000
495.000,180.000,284.000,387.000
480.000,182.000,282.000,405.000
469.764,181.359,299.282,429.930
453.000,191.000,294.000,403.000
436.000,196.000,330.000,397.000
463.000,196.000,280.000,383.000
449.000,200.000,285.000,376.000
448.000,202.000,263.000,385.000
440.000,201.000,278.000,391.000
425.000,204.000,305.000,382.000
443.000,205.000,275.000,381.000
426.000,203.000,293.000,390.000
419.000,208.000,297.000,384.000
441.000,203.000,267.000,382.000
429.000,199.000,268.000,395.000
424.000,204.000,298.000,376.000
427.000,202.000,302.000,378.000
428.000,201.000,295.000,380.000
435.000,200.000,284.000,358.000
438.000,188.000,293.000,375.000
436.000,188.000,286.000,361.000
439.000,186.000,292.000,346.000
429.000,172.000,294.000,362.000
433.000,178.000,303.000,340.000
445.000,169.000,266.000,351.000
444.000,162.000,273.000,350.000
444.000,159.000,274.000,358.000
445.000,157.000,269.000,345.000
441.000,155.000,278.000,345.000
450.000,155.000,260.000,332.000
446.000,148.000,271.000,334.000
452.000,156.000,255.000,324.000
442.000,141.000,269.000,336.000
443.000,153.000,265.000,338.000
423.716,154.332,281.012,345.407
432.087,144.689,280.911,341.932
423.401,148.366,290.495,342.099
430.324,148.050,287.172,339.640
425.436,148.315,294.232,338.812
449.000,150.000,252.000,315.000
431.084,149.529,269.288,325.492
452.000,157.000,258.000,294.000
429.057,153.006,270.759,327.132
430.811,149.190,272.766,329.918
430.311,148.380,279.446,327.943
468.000,162.000,238.000,271.000
448.228,154.332,252.618,320.030
428.362,156.848,273.125,323.541
455.000,153.000,251.000,296.000
439.997,158.999,267.737,314.979
437.775,152.149,274.074,324.943
439.006,153.722,277.006,326.570
455.000,157.000,254.000,296.000
438.661,160.474,271.054,312.142
440.529,154.836,274.782,322.284
468.000,160.000,230.000,274.000
442.140,160.435,253.100,303.948
439.076,159.796,263.803,315.674
435.905,158.302,270.487,316.641
435.756,158.818,273.910,316.218
430.641,164.098,278.016,313.879
452.000,166.000,243.000,287.000
428.739,172.574,262.203,297.061
426.009,172.959,272.314,302.591
425.686,177.290,275.411,301.558
422.002,180.628,275.028,301.032
437.000,185.000,243.000,282.000
433.000,188.000,244.000,271.000
425.000,190.000,252.000,280.000
417.000,195.000,259.000,272.000
421.000,202.000,252.000,268.000
417.000,199.000,253.000,266.000
409.000,205.000,256.000,268.000
398.000,201.000,266.000,276.000
406.000,208.000,260.000,263.000
406.000,201.000,254.000,255.000
405.000,203.000,252.000,266.000
404.000,191.000,255.000,262.000
391.000,194.000,258.000,262.000
397.000,190.000,244.000,258.000
393.000,184.000,245.000,260.000
405.000,183.000,227.000,256.000
390.000,179.000,240.000,262.000
392.000,181.000,232.000,247.000
374.000,181.000,247.000,262.000
372.000,181.000,246.000,245.000
372.000,190.000,237.000,240.000
353.000,182.000,242.000,258.000
352.000,188.000,227.000,239.000
339.000,189.000,221.000,240.000
321.000,197.000,226.000,241.000
302.000,198.000,221.000,250.000
272.000,209.000,243.000,235.000
256.000,217.000,236.000,236.000
237.000,219.000,228.000,239.000
212.000,227.000,228.000,236.000
191.000,235.000,220.000,229.000
166.000,247.000,220.000,237.000
113.155,259.856,248.431,234.230
111.000,259.000,222.000,229.000
61.648,272.742,245.642,229.730
63.000,280.000,211.000,227.000
16.471,300.081,231.789,224.591
1.961,307.280,238.181,236.223
7.666,315.941,221.098,234.371
16.000,329.000,195.000,232.000
1.004,326.035,212.138,238.176
7.507,325.336,207.811,239.631
7.061,320.453,211.769,240.177
10.061,311.060,215.474,240.975
17.878,295.586,222.515,243.633
23.751,286.548,228.050,246.981
26.238,276.521,233.768,249.473
35.262,264.223,235.828,248.700
38.824,254.654,237.309,248.255
40.760,245.896,239.284,247.614
40.660,241.182,239.963,244.687
39.085,238.320,240.141,241.947
38.268,234.119,240.934,240.267
31.190,232.312,243.599,239.379
32.694,227.634,241.260,235.667
26.047,225.010,243.185,233.868
19.292,221.913,245.155,234.895
15.013,221.711,245.789,232.385
11.414,221.636,243.593,229.673
9.760,221.950,238.760,227.249
7.300,222.973,236.681,226.485
5.716,225.251,234.844,223.815
8.427,226.031,232.653,221.169
10.134,227.056,233.352,220.949
11.193,228.003,228.558,219.612
23.000,232.000,201.000,207.000
7.000,233.000,216.000,214.000
19.000,236.000,196.000,202.000
10.000,235.000,203.000,203.000
14.000,240.000,201.000,204.000
11.000,236.000,195.000,203.000
17.000,241.000,184.000,202.000
9.000,242.000,190.000,199.000
9.000,239.000,183.000,201.000
13.000,242.000,174.000,196.000
14.000,250.000,176.000,192.000
7.000,243.000,182.000,196.000
14.000,243.000,167.000,203.000
9.000,248.000,172.000,196.000
8.000,246.000,178.000,191.000
10.000,250.000,168.000,190.000
10.000,246.000,167.000,193.000
8.000,249.000,171.000,191.000
8.000,249.000,172.000,188.000
11.000,252.000,163.000,188.000
10.000,253.000,163.000,189.000
10.000,253.000,162.000,183.000
13.000,254.000,159.000,183.000
14.000,250.000,160.000,195.000
16.000,255.000,159.000,187.000
16.000,254.000,162.000,187.000
10.000,260.000,171.000,186.000
13.000,257.000,168.000,183.000
20.000,261.000,162.000,186.000
16.000,260.000,165.000,182.000
21.000,265.000,168.000,183.000
7.898,261.908,189.601,186.347
8.476,260.478,189.376,187.794
13.000,266.000,188.000,179.000
10.904,264.290,193.523,186.950
6.859,264.086,199.182,187.964
14.000,269.000,200.000,173.000
11.473,265.216,205.539,187.643
17.000,275.000,212.000,167.000
21.000,268.000,202.000,171.000
26.000,274.000,205.000,170.000
26.611,268.800,212.449,187.660
46.000,271.000,189.000,162.000
51.000,280.000,191.000,164.000
37.194,275.649,212.805,184.007
54.689,269.313,204.166,183.159
66.000,275.000,187.000,159.000
70.000,283.000,196.000,167.000
78.000,273.000,187.000,166.000
69.610,281.493,200.727,173.915
96.000,285.000,187.000,154.000
93.000,284.000,203.000,155.000
93.624,282.404,202.437,169.660
117.000,283.000,181.000,151.000
107.359,281.188,200.948,171.325
126.000,275.000,180.000,155.000
126.000,282.000,192.000,154.000
138.000,285.000,194.000,152.000
136.045,280.101,200.591,166.956
141.162,278.547,197.995,163.014
156.000,274.000,186.000,151.000
162.000,278.000,189.000,141.000
170.000,280.000,186.000,142.000
166.334,273.446,197.130,157.905
179.000,270.000,189.000,149.000
176.195,268.036,200.388,158.869
197.000,266.000,176.000,143.000
200.000,262.000,179.000,139.000
191.601,262.633,192.536,156.362
212.000,260.000,176.000,139.000
219.000,255.000,172.000,136.000
228.000,248.000,165.000,144.000
230.000,248.000,171.000,143.000
238.000,244.000,166.000,136.000
225.860,240.495,182.322,153.325
246.000,233.000,165.000,136.000
251.000,229.000,163.000,140.000
258.000,223.000,160.000,141.000
263.000,220.000,160.000,137.000
265.000,216.000,165.000,137.000
269.000,209.000,162.000,139.000
276.000,205.000,157.000,141.000
281.000,205.000,159.000,139.000
289.000,200.000,153.000,138.000
292.000,195.000,154.000,140.000
293.000,191.000,156.000,137.000
296.000,187.000,159.000,138.000
299.000,186.000,160.000,136.000
305.000,185.000,159.000,134.000
312.000,184.000,152.000,133.000
317.000,180.000,152.000,135.000
323.000,182.000,147.000,133.000
321.000,178.000,151.000,137.000
325.000,176.000,149.000,134.000
326.000,182.000,149.000,134.000
324.051,178.836,161.794,140.187
332.000,182.000,145.000,130.000
343.000,182.000,139.000,132.000
337.000,180.000,146.000,130.000
338.000,183.000,149.000,130.000
343.000,184.000,146.000,129.000
355.000,185.000,137.000,129.000
354.000,185.000,139.000,123.000
354.000,187.000,147.000,130.000
348.868,193.322,152.782,131.021
359.736,193.222,149.648,127.290
361.000,197.000,146.000,121.000
364.000,201.000,149.000,119.000
366.000,199.000,144.000,118.000
371.000,198.000,144.000,115.000
367.963,199.919,152.278,123.900
376.000,198.000,140.000,120.000
375.000,197.000,141.000,120.000
379.000,195.000,139.000,119.000
376.000,190.000,143.000,121.000
380.000,192.000,139.000,122.000
383.000,190.000,143.000,113.000
371.915,190.034,143.073,120.243
383.000,178.000,139.000,122.000
390.000,178.000,131.000,119.000
392.000,176.000,128.000,112.000
394.000,177.000,125.000,113.000
390.000,170.000,127.000,113.000
392.000,164.000,125.000,113.000
388.000,158.000,133.000,106.000
393.000,155.000,130.000,110.000
395.000,146.000,131.000,105.000
392.964,148.405,138.332,110.764
395.000,141.000,145.000,107.000
400.000,135.000,146.000,103.000
407.000,128.000,138.000,107.000
416.000,125.000,130.000,109.000
409.000,123.000,142.000,105.000
418.000,120.000,132.000,108.000
417.000,112.000,140.000,102.000
424.000,114.000,140.000,107.000
422.000,107.000,139.000,110.000
427.000,112.000,139.000,105.000
437.000,103.000,130.000,107.000
444.000,110.000,125.000,102.000
441.000,104.000,129.000,110.000
447.000,109.000,133.000,105.000
440.000,109.000,143.000,107.000
447.000,113.000,141.000,98.000
459.000,117.000,135.000,107.000
465.000,116.000,136.000,102.000
452.000,116.000,153.000,105.000
462.000,123.000,147.000,103.000
464.000,122.000,147.000,98.000
472.000,126.000,147.000,101.000
476.000,131.000,143.000,105.000
478.000,139.000,150.000,100.000
484.000,148.000,144.000,102.000
485.000,150.000,137.000,95.000
486.000,157.000,138.000,101.000
488.000,155.000,129.000,105.000
491.000,167.000,126.000,102.000
492.000,170.000,129.000,103.000
494.000,181.000,131.000,105.000
494.221,181.870,130.702,108.847
506.000,197.000,114.000,101.000
510.000,206.000,116.000,106.000
503.000,209.000,117.000,106.000
499.000,223.000,128.000,106.000
496.000,232.000,121.000,97.000
486.000,245.000,133.000,94.000
480.000,251.000,129.000,94.000
475.000,258.000,123.000,89.000
470.000,259.000,119.000,85.000
478.000,262.000,108.000,86.000
469.000,262.000,109.000,91.000
463.000,269.000,114.000,89.000
462.000,270.000,110.000,89.000
459.000,275.000,112.000,92.000
459.000,279.000,113.000,92.000
461.000,290.000,116.000,91.000
460.000,294.000,124.000,105.000
462.000,308.000,135.000,104.000
481.000,330.000,132.000,105.000
485.000,346.000,149.000,117.000
514.000,369.000,141.000,129.000
511.000,402.000,166.000,132.000
512.000,412.000,182.000,145.000
514.000,423.000,192.000,141.000
511.000,408.000,195.000,148.000
487.000,383.000,224.000,158.000
469.000,342.000,233.000,175.000
441.000,304.000,238.000,177.000
408.000,259.000,246.000,174.000
369.000,201.000,255.000,179.000
338.000,155.000,252.000,177.000
298.175,108.561,255.262,179.289
267.675,43.023,268.727,189.381
253.000,0.000,239.000,162.000
232.000,0.000,232.000,142.000
213.416,0.000,238.306,123.850
211.708,0.000,259.616,96.983
295.907,0.000,295.486,84.587
330.823,0.000,306.678,119.824
340.638,0.000,355.536,144.715
394.598,0.000,447.060,169.571
520.882,0.000,597.613,192.233
238.000,0.000,217.000,119.000
300.802,0.000,242.047,108.561
315.563,5.273,231.569,109.965
337.000,0.000,229.000,141.000
361.653,9.165,236.527,160.076
368.250,34.450,257.907,179.240
361.560,60.685,270.020,181.015
359.818,90.937,278.225,182.275
359.000,130.000,268.000,186.000
334.273,149.668,280.609,184.487
353.000,180.000,229.000,172.000
305.155,203.875,237.982,171.069
267.918,215.719,250.638,175.992
222.140,229.648,246.046,179.154
184.000,231.000,220.000,195.000
117.521,237.939,233.293,184.161
49.584,236.661,240.128,181.177
6.000,219.000,225.000,178.000
0.000,227.412,214.948,174.298
0.000,213.000,189.000,164.000
9.516,204.383,175.232,142.347
264.000,222.000,106.000,110.000
