908.000,451.000,74.000,99.000
907.231,450.079,74.047,102.272
901.000,447.000,78.000,101.000
901.000,446.000,75.000,100.000
900.000,446.000,77.000,103.000
897.000,442.000,77.000,104.000
898.000,438.000,74.000,103.000
897.000,437.000,74.000,101.000
897.000,438.000,78.000,99.000
897.000,435.000,75.000,102.000
897.000,432.000,76.000,100.000
898.000,431.000,74.000,100.000
895.000,431.000,75.000,100.000
893.000,426.000,78.000,101.000
892.000,428.000,80.000,100.000
893.000,424.000,81.000,103.000
890.000,420.000,83.000,104.000
893.000,418.000,80.000,103.000
894.000,417.000,81.000,103.000
893.000,420.000,79.000,99.000
891.000,418.000,81.000,101.000
890.000,418.000,82.000,104.000
889.000,415.000,81.000,104.000
889.000,417.000,82.000,104.000
887.000,414.000,80.000,104.000
882.000,411.000,82.000,105.000
877.000,410.000,80.000,104.000
870.000,405.000,82.000,102.000
870.000,405.000,82.000,104.000
865.000,402.000,79.000,104.000
860.000,400.000,78.000,104.000
853.000,399.000,77.000,103.000
848.860,393.676,76.319,107.783
848.000,389.000,74.000,108.000
841.000,390.000,80.000,106.000
834.000,387.000,80.000,102.000
827.000,382.000,82.000,104.000
827.000,380.000,75.000,104.000
827.000,379.000,74.000,104.000
822.000,383.000,78.000,105.000
817.000,381.000,78.000,102.000
811.000,377.000,77.000,104.000
808.000,379.000,75.000,104.000
805.000,378.000,77.000,107.000
803.000,378.000,76.000,104.000
803.000,375.000,75.000,105.000
804.000,380.000,75.000,104.000
808.000,381.000,78.000,108.000
808.000,380.000,75.000,112.000
812.000,385.000,82.000,113.000
819.000,382.000,84.000,117.000
830.000,385.000,86.000,124.000
842.000,392.000,93.000,128.000
845.000,390.000,89.000,132.000
848.000,399.000,103.000,141.000
859.000,415.000,103.000,143.000
869.000,419.000,109.000,156.000
875.000,434.000,114.000,152.000
874.000,434.000,113.000,154.000
879.000,440.000,117.000,161.000
883.000,444.000,112.000,165.000
881.000,446.000,111.000,161.000
879.000,447.000,106.000,165.000
876.000,447.000,110.000,163.000
873.482,447.820,108.921,167.106
876.488,448.543,105.028,170.978
875.000,443.000,100.000,171.000
873.000,444.000,102.000,167.000
877.000,445.000,100.000,165.000
871.000,440.000,105.000,164.000
874.000,441.000,102.000,164.000
872.000,433.000,100.000,167.000
875.000,430.000,95.000,167.000
870.000,428.000,103.000,168.000
875.000,423.000,96.000,169.000
873.000,423.000,93.000,165.000
875.000,424.000,94.000,172.000
881.000,424.000,98.000,179.000
881.000,421.000,100.000,181.000
891.000,430.000,101.000,183.000
898.000,424.000,104.000,193.000
905.000,420.000,105.000,207.000
911.000,416.000,106.000,217.000
909.000,413.000,106.000,221.000
916.000,413.000,111.000,222.000
919.000,407.000,112.000,232.000
916.000,405.000,109.000,237.000
915.000,403.000,109.000,242.000
917.000,400.000,109.000,245.000
910.000,399.000,113.000,240.000
902.000,390.000,112.000,240.000
887.000,385.000,116.000,233.000
881.000,370.000,111.000,242.000
881.000,362.000,112.000,247.000
871.000,357.000,110.000,245.000
867.351,349.927,116.237,253.266
862.792,364.198,114.125,252.683
856.789,373.624,115.641,251.736
846.000,378.000,121.000,241.000
847.338,369.623,123.023,251.109
840.045,355.271,126.180,251.134
834.470,335.917,130.185,257.979
818.000,335.000,122.000,244.000
823.268,332.302,129.432,256.843
811.000,347.000,131.000,247.000
802.000,355.000,133.000,244.000
800.000,355.000,130.000,240.000
801.620,339.071,136.940,257.997
789.000,339.000,143.000,243.000
777.000,317.000,161.000,240.000
777.000,297.000,140.000,246.000
778.000,284.000,146.000,246.000
773.000,293.000,144.000,251.000
772.000,289.000,148.000,249.000
775.000,300.000,127.000,258.000
768.000,310.000,136.000,248.000
762.000,317.000,149.000,243.000
769.687,307.480,152.589,258.403
758.000,315.000,153.000,248.000
755.000,313.000,146.000,250.000
758.003,310.127,157.870,263.022
757.645,310.136,157.896,274.590
745.000,328.000,164.000,255.000
756.307,324.633,161.660,270.965
753.677,326.360,160.678,277.152
750.247,324.901,161.129,281.514
736.269,320.126,162.003,274.488
726.893,310.454,160.394,270.953
728.060,316.604,158.328,269.880
727.315,304.655,154.174,265.316
721.926,292.555,151.191,266.886
724.303,281.793,145.949,269.530
720.296,278.214,142.437,275.275
718.748,277.656,143.905,283.452
715.206,271.373,140.423,287.435
710.979,264.060,136.885,290.482
707.666,259.656,133.839,294.259
704.214,256.662,132.004,294.631
706.469,257.305,127.975,291.991
705.096,260.775,128.634,292.183
700.547,256.526,127.582,296.771
695.469,256.165,128.677,295.291
686.425,254.646,130.146,296.986
684.996,254.699,130.993,295.500
681.854,250.887,131.310,296.157
680.326,247.888,135.617,304.716
680.309,241.514,138.850,313.558
675.286,233.556,141.734,319.697
670.517,231.766,148.522,321.022
671.231,228.242,150.697,329.954
668.342,220.679,152.155,337.808
668.416,209.593,155.645,353.225
669.991,202.352,158.946,363.725
668.039,197.052,162.235,368.274
669.838,194.135,163.080,374.405
672.257,186.820,166.602,388.187
673.235,176.289,171.583,403.406
678.945,176.667,177.721,410.854
679.740,168.957,183.935,420.599
679.301,169.601,191.899,426.864
684.069,167.814,194.478,433.156
684.561,171.653,202.175,439.328
680.003,169.737,203.728,441.881
680.719,167.144,204.755,446.912
682.144,169.132,206.576,447.312
686.951,169.591,204.766,449.563
687.928,168.465,206.200,455.029
697.000,178.000,204.000,421.000
690.691,174.411,212.450,446.347
709.937,164.971,205.601,458.145
724.776,167.929,198.939,462.790
727.840,171.573,201.177,464.629
738.423,175.375,198.772,460.139
739.081,171.891,199.215,461.201
746.000,188.000,194.000,421.000
745.769,175.676,198.942,453.603
751.038,187.376,194.419,455.673
736.000,179.000,206.000,434.000
744.925,181.945,200.782,452.085
741.000,179.000,191.000,439.000
743.758,167.688,199.111,463.710
729.000,180.000,209.000,433.000
736.435,170.214,201.190,453.501
735.076,175.483,196.665,451.214
724.000,182.000,202.000,427.000
723.618,168.857,208.632,460.951
714.482,167.858,208.587,460.375
699.000,165.000,214.000,448.000
707.287,165.130,216.705,463.328
697.542,161.859,217.859,472.081
686.234,156.260,221.119,478.148
678.170,149.871,219.040,487.178
678.481,165.364,207.666,474.083
681.000,166.000,203.000,451.000
675.000,157.000,208.000,462.000
663.000,169.000,211.000,450.000
665.000,184.000,208.000,427.000
656.000,184.000,209.000,434.000
653.278,166.124,206.206,469.743
655.806,167.090,199.694,465.707
649.905,169.516,201.376,463.987
644.640,171.054,204.775,472.245
630.000,185.000,233.000,453.000
637.399,182.904,214.353,464.700
627.000,189.000,234.000,455.000
639.794,197.933,218.001,475.553
637.056,199.129,222.437,485.668
652.108,197.097,215.879,485.332
649.623,201.442,216.427,483.790
657.185,198.866,216.283,481.902
654.000,191.000,230.000,461.000
663.707,198.785,222.997,478.420
667.512,200.016,225.794,480.211
659.000,187.000,242.000,468.000
668.613,200.366,236.385,487.836
662.000,184.000,247.000,478.000
661.000,189.000,256.000,467.000
665.890,204.036,250.915,494.088
669.000,196.000,255.000,476.000
667.707,206.670,249.043,496.868
667.279,203.565,250.437,495.498
660.001,205.846,254.188,496.344
657.065,208.183,252.551,495.475
648.000,205.000,267.000,475.000
656.486,215.618,259.331,484.194
633.322,207.907,269.143,477.509
627.000,197.000,267.000,474.000
613.785,193.243,272.519,487.382
615.224,186.638,269.256,490.308
603.696,184.984,270.864,496.972
605.062,182.755,261.527,501.053
606.494,182.124,256.609,502.671
605.001,180.146,260.138,513.157
602.178,185.792,264.455,513.066
599.061,186.850,265.368,517.752
600.567,181.010,268.451,532.267
596.241,177.836,271.263,543.337
589.820,170.127,279.104,558.316
589.483,167.318,282.785,565.670
572.268,163.822,294.877,569.952
554.000,163.000,345.000,553.000
533.787,154.540,342.352,581.617
540.881,142.535,333.752,594.094
541.493,132.384,335.161,615.159
540.493,124.884,330.198,630.160
542.946,114.381,331.094,646.276
526.339,109.159,340.738,651.931
530.163,108.131,341.255,652.203
528.505,108.317,344.672,653.706
511.589,104.031,346.967,652.768
513.833,101.417,344.773,649.521
494.793,96.843,346.617,647.381
494.175,88.819,345.750,648.888
493.740,89.040,343.954,651.764
487.203,84.999,348.524,656.074
488.335,80.167,348.098,662.158
472.000,77.000,382.000,639.000
493.000,76.000,355.000,628.000
455.000,72.000,398.000,629.000
490.000,54.000,354.000,650.000
487.000,32.000,362.000,664.000
489.000,27.000,374.000,657.000
492.000,13.000,386.000,656.000
494.000,19.000,386.000,667.000
508.330,34.582,389.485,677.954
519.000,19.000,402.000,632.000
533.000,20.000,421.000,636.000
539.000,4.000,434.000,645.000
536.000,8.000,430.000,657.000
566.000,14.000,425.000,649.000
571.000,10.000,442.000,648.000
592.000,32.000,444.000,643.000
608.000,21.000,421.000,643.000
606.000,29.000,441.000,634.000
627.841,60.951,426.560,678.683
579.000,28.000,509.000,669.000
622.000,22.000,461.000,648.000
644.000,18.000,429.000,662.000
666.000,44.000,411.000,667.000
662.000,8.000,424.000,677.000
647.000,19.000,438.000,658.000
646.832,53.345,436.527,683.354
658.000,15.000,420.000,662.000
663.000,46.000,423.000,647.000
643.000,46.000,442.000,640.000
621.000,33.000,461.000,655.000
621.000,67.000,455.000,623.000
636.000,53.000,447.000,644.000
643.060,90.914,425.549,644.589
636.000,100.000,436.000,605.000
632.000,125.000,434.000,577.000
640.000,123.000,415.000,577.000
641.000,113.000,425.000,572.000
638.225,145.665,422.711,583.838
639.000,131.000,410.000,563.000
647.076,156.798,407.226,566.729
645.000,150.000,388.000,547.000
663.000,145.000,376.000,541.000
657.942,156.452,383.773,564.583
633.000,150.000,394.000,537.000
670.160,163.133,372.673,550.502
646.000,167.000,370.000,527.000
677.000,178.000,324.000,508.000
649.000,180.000,358.000,508.000
668.000,185.000,352.000,501.000
642.000,188.000,370.000,499.000
674.890,194.647,351.283,517.030
682.626,189.666,329.737,515.225
687.346,195.025,318.726,517.733
680.792,207.826,310.714,507.311
694.652,199.169,309.561,508.173
651.000,214.000,344.000,485.000
659.190,210.628,333.542,501.130
665.784,224.570,323.759,495.794
666.502,242.665,321.174,489.431
671.276,252.327,318.894,482.248
681.503,269.471,315.587,465.363
682.451,268.224,316.231,464.188
686.017,272.217,316.669,461.922
690.976,272.544,319.347,458.969
687.660,291.506,311.466,447.596
680.926,296.096,304.601,442.148
679.476,293.254,292.570,440.627
683.328,293.515,296.860,430.340
672.941,306.784,293.376,409.692
658.810,308.298,304.382,396.265
665.737,312.934,294.058,386.541
664.794,318.313,289.182,376.992
656.000,332.000,286.000,342.000
658.000,328.000,265.000,337.000
660.000,325.000,252.000,328.000
651.000,326.000,248.000,324.000
651.000,327.000,252.000,321.000
660.000,330.000,236.000,306.000
667.000,335.000,222.000,303.000
667.000,336.000,219.000,286.000
683.000,326.000,198.000,279.000
685.000,326.000,194.000,291.000
687.000,323.000,196.000,291.000
702.000,340.000,182.000,269.000
713.000,337.000,176.000,246.000
718.000,340.000,169.000,249.000
721.000,345.000,169.000,234.000
728.000,346.000,166.000,233.000
739.000,357.000,165.000,213.000
764.000,371.000,141.000,191.000
756.000,366.000,148.000,208.000
757.000,368.000,149.000,199.000
775.000,370.000,128.000,193.000
768.844,373.276,126.494,190.203
776.647,373.056,120.849,182.992
782.000,380.000,117.000,170.000
782.600,380.191,113.085,169.688
779.021,377.156,116.187,167.990
785.000,384.000,110.000,165.000
784.267,385.957,115.258,160.748
782.000,385.809,117.516,160.444
779.417,385.507,120.858,162.229
779.598,385.378,123.914,163.473
774.367,385.573,130.397,164.438
776.111,387.043,131.489,166.067
777.063,387.762,133.471,168.636
777.096,386.874,133.866,171.275
780.493,389.186,133.333,170.299
777.000,394.000,139.000,161.000
786.000,401.000,135.000,160.000
790.000,395.000,130.000,163.000
789.000,394.000,129.000,164.000
786.221,399.817,132.002,172.396
782.519,395.733,136.544,175.499
770.000,401.000,154.000,161.000
774.712,403.305,141.625,172.559
773.543,398.144,142.028,176.635
774.852,402.562,139.048,173.077
774.219,402.354,137.473,173.360
774.924,403.409,135.828,172.473
776.498,403.298,134.467,173.927
774.199,403.201,134.228,173.124
776.153,401.387,135.615,174.548
773.763,400.184,136.552,173.270
770.537,401.479,140.588,173.458
767.871,402.412,141.541,175.786
765.848,402.666,142.189,175.053
767.615,400.419,140.653,177.317
769.632,401.620,137.549,174.497
766.660,399.941,138.437,178.532
770.151,399.805,134.962,179.287
769.977,399.671,134.825,179.948
771.172,399.103,134.442,180.243
773.345,396.654,136.651,181.744
780.384,392.352,133.768,182.382
783.659,389.320,136.093,186.629
787.180,389.852,132.919,186.440
790.952,385.661,134.706,187.085
802.110,385.116,128.436,180.996
799.826,380.067,131.373,186.156
812.679,381.109,127.298,180.640
803.607,378.901,132.186,182.511
815.705,378.600,127.493,181.121
816.000,378.000,122.000,171.000
819.134,370.675,130.440,188.542
814.000,368.000,127.000,183.000
829.619,370.116,124.249,192.297
812.643,368.344,125.940,191.758
814.000,371.000,132.000,182.000
824.000,370.000,124.000,187.000
828.124,364.627,126.729,194.897
820.000,366.000,132.000,195.000
829.156,362.883,128.105,194.964
827.425,362.877,130.873,196.406
827.211,361.884,134.809,198.552
828.230,360.079,136.845,199.911
828.683,358.573,139.214,202.109
830.260,358.002,139.128,203.667
837.106,357.581,141.178,202.646
837.102,355.673,143.763,206.217
832.000,361.000,150.000,191.000
831.000,365.000,148.000,195.000
841.000,360.000,140.000,195.000
841.000,359.000,140.000,199.000
849.060,356.537,140.415,207.744
849.749,359.759,136.277,206.948
851.358,361.996,135.417,204.917
852.148,359.129,133.950,209.157
855.218,360.294,131.886,209.609
860.755,360.337,130.987,210.083
863.228,360.887,129.895,210.899
863.261,361.417,128.806,208.496
867.304,360.979,128.761,210.815
870.219,360.886,129.329,213.511
871.760,360.937,128.871,213.823
870.828,359.000,132.709,213.331
870.880,359.005,133.418,211.109
872.072,356.002,134.127,213.362
875.463,352.452,135.559,213.225
878.170,353.138,136.902,217.592
879.902,351.639,137.889,219.586
879.378,351.519,139.746,220.139
882.407,350.422,139.061,219.815
882.058,350.471,141.604,225.978
878.744,351.087,144.720,225.328
875.850,352.782,143.842,223.320
877.758,351.877,145.221,220.620
886.573,352.256,139.024,220.502
893.527,358.023,134.846,216.376
894.617,358.500,136.166,219.129
894.074,359.737,138.281,219.700
891.922,358.628,139.160,220.477
889.762,358.028,140.903,219.527
891.350,359.489,144.482,218.196
896.763,359.100,140.965,217.578
893.000,368.000,143.000,210.000
895.000,363.000,138.000,210.000
902.000,362.000,134.000,212.000
893.633,367.500,142.938,222.540
892.000,361.000,151.000,214.000
890.000,361.000,152.000,213.000
899.000,362.000,142.000,217.000
893.000,362.000,148.000,228.000
889.000,355.000,151.000,225.000
890.000,358.000,151.000,226.000
887.000,356.000,154.000,220.000
892.000,367.000,150.000,216.000
893.000,360.000,145.000,219.000
888.355,358.532,153.172,236.199
885.000,348.000,147.000,232.000
881.000,359.000,148.000,213.000
885.000,364.000,146.000,218.000
880.000,349.000,143.000,223.000
881.000,348.000,137.000,228.000
879.000,350.000,135.000,219.000
885.000,346.000,123.000,223.000
884.000,349.000,124.000,229.000
878.000,348.000,128.000,218.000
877.330,347.397,130.703,235.949
876.000,339.000,131.000,221.000
876.367,341.054,129.825,244.926
887.000,345.000,118.000,223.000
886.000,348.000,119.000,228.000
881.000,339.000,121.000,236.000
885.082,347.211,120.755,242.088
882.000,341.000,118.000,240.000
882.000,336.000,118.000,238.000
874.000,337.000,118.000,247.000
863.000,339.000,122.000,241.000
851.000,333.000,125.000,237.000
837.000,337.000,117.000,241.000
840.000,333.000,118.000,237.000
833.000,342.000,117.000,231.000
816.000,335.000,117.000,234.000
800.000,332.000,124.000,240.000
792.000,332.000,117.000,237.000
787.000,344.000,119.000,231.000
787.000,334.000,114.000,232.000
768.000,335.000,124.000,237.000
771.000,326.000,113.000,240.000
761.000,334.000,116.000,239.000
758.000,326.000,115.000,238.000
744.000,331.000,117.000,234.000
720.000,326.000,132.000,233.000
718.000,317.000,119.000,236.000
702.000,319.000,127.000,229.000
704.000,318.000,121.000,236.000
694.000,319.000,123.000,233.000
681.000,313.000,120.000,237.000
650.000,322.000,124.000,231.000
638.000,318.000,121.000,238.000
641.000,316.000,115.000,245.000
610.000,313.000,138.000,244.000
602.000,308.000,125.000,261.000
586.000,306.000,133.000,272.000
565.000,302.000,149.000,280.000
559.327,294.478,145.921,295.871
551.726,291.004,148.073,305.683
541.000,287.000,156.000,314.000
522.000,286.000,161.000,325.000
503.000,277.000,170.000,350.000
504.000,277.000,170.000,357.000
491.000,272.000,180.000,372.000
478.000,270.000,187.000,383.000
477.000,260.000,185.000,408.000
460.000,242.000,203.000,429.000
457.000,242.000,207.000,430.000
462.000,240.000,207.000,442.000
461.000,236.000,206.000,461.000
462.000,233.000,205.000,472.000
457.000,228.000,208.000,471.000
457.000,226.000,214.000,483.000
459.000,216.000,221.000,494.000
469.000,213.000,226.000,505.000
476.000,191.000,225.000,513.000
467.000,205.000,240.000,512.000
479.000,188.000,244.000,531.000
479.000,180.000,260.000,534.000
492.000,184.000,266.000,531.000
467.000,154.000,305.000,562.000
471.000,156.000,304.000,555.000
488.000,158.000,285.000,553.000
490.000,157.000,300.000,565.000
487.000,162.000,311.000,561.000
464.000,146.000,333.000,564.000
466.000,152.000,321.000,557.000
458.000,141.000,341.000,562.000
450.000,143.000,352.000,553.000
429.898,113.015,346.625,602.308
432.000,108.000,364.000,590.000
412.000,108.000,396.000,594.000
398.866,81.518,388.040,631.332
402.516,74.764,399.321,651.927
385.784,72.611,395.955,654.814
395.144,64.198,404.625,676.610
384.040,66.931,402.138,670.106
388.904,51.869,407.983,696.414
384.703,49.390,401.059,695.479
380.108,30.457,407.867,705.367
375.968,25.873,411.225,714.796
372.361,23.086,412.072,718.449
371.000,44.000,399.000,647.000
359.891,21.287,403.591,720.000
352.081,22.449,402.993,719.534
345.639,16.901,401.918,720.000
348.737,20.212,401.447,720.000
343.503,12.247,399.503,720.000
335.346,12.464,405.033,709.676
326.797,3.068,406.310,715.058
324.791,2.075,408.028,720.000
323.884,2.752,408.088,720.000
318.067,0.000,412.695,720.000
312.130,0.000,414.899,720.000
304.712,4.193,417.896,720.000
309.548,5.076,412.391,720.000
306.083,8.862,415.230,720.000
315.665,0.000,410.456,720.000
316.968,2.056,400.515,720.000
325.671,8.212,392.260,720.000
330.313,13.337,387.421,720.000
338.006,15.867,378.273,720.000
341.948,11.021,372.679,720.000
337.262,16.039,373.652,720.000
349.894,5.205,373.277,720.000
350.745,17.004,366.939,720.000
356.435,6.450,368.329,720.000
363.088,15.854,364.430,720.000
382.999,7.254,359.278,720.000
390.984,18.343,352.693,720.000
410.000,10.000,341.000,710.000
406.522,26.762,344.689,720.000
423.000,20.000,334.000,679.000
435.000,26.000,335.000,670.000
436.000,34.000,336.000,671.000
459.000,55.000,336.000,658.000
456.000,42.000,326.000,683.000
489.000,59.000,317.000,669.000
498.000,83.000,313.000,619.000
513.000,92.000,315.000,625.000
499.000,73.000,336.000,640.000
511.000,80.000,310.000,622.000
507.000,90.000,341.000,624.000
515.000,90.000,331.000,622.000
537.000,93.000,301.000,635.000
526.000,93.000,320.000,621.000
534.000,91.000,305.000,628.000
539.000,104.000,305.000,607.000
537.000,101.000,307.000,604.000
537.000,94.000,315.000,609.000
543.000,96.000,309.000,607.000
533.000,85.000,312.000,610.000
532.000,82.000,325.000,614.000
546.728,85.126,338.192,653.101
527.915,87.224,328.561,641.278
544.308,84.312,332.726,655.617
526.298,86.379,322.314,646.417
538.538,81.883,323.067,658.517
518.901,82.532,310.290,649.861
529.741,88.117,305.087,649.317
516.369,97.124,292.353,634.984
527.791,93.785,291.189,637.277
507.336,103.308,286.353,624.779
514.180,100.449,278.581,623.752
497.958,103.450,278.775,624.276
501.343,99.998,277.563,632.022
496.909,93.729,278.393,644.156
497.954,94.670,272.246,641.894
492.323,94.231,274.164,645.532
485.200,90.570,270.544,647.619
477.873,83.050,271.891,648.526
483.810,88.030,266.502,641.490
479.133,81.049,263.954,645.366
475.012,82.916,256.209,643.265
473.289,83.300,251.061,646.061
470.700,83.328,247.288,651.602
470.219,78.281,248.447,658.381
471.809,82.568,243.119,658.319
464.515,78.379,238.905,661.936
461.283,75.782,239.873,662.634
460.812,79.903,234.423,657.341
465.105,77.143,233.191,655.811
464.887,82.894,230.568,646.488
461.838,80.197,235.036,643.096
459.326,88.393,240.255,633.405
459.938,98.557,241.848,621.231
461.321,96.172,243.120,617.751
464.745,100.238,239.705,617.281
465.507,103.460,239.670,613.625
470.978,110.835,232.994,610.925
479.760,118.160,227.836,601.757
479.552,116.058,225.496,602.958
482.820,120.824,223.384,594.628
483.982,127.083,222.411,586.851
484.495,136.582,220.108,578.347
487.000,144.907,217.627,569.112
487.005,151.658,215.128,567.463
497.567,147.354,208.761,561.365
498.730,168.982,200.933,550.697
510.203,160.641,195.058,551.371
507.578,188.520,191.700,532.147
512.508,164.100,193.267,544.705
509.918,190.716,187.598,528.125
522.267,181.280,182.790,525.407
515.268,202.774,179.772,503.383
528.568,195.279,174.268,501.885
520.899,209.721,177.309,482.772
529.269,200.813,174.108,487.843
529.366,224.527,169.927,459.699
536.841,210.096,169.675,468.187
533.000,229.000,168.000,440.000
536.050,229.710,166.231,454.167
540.000,241.000,165.000,435.000
539.332,233.229,169.102,460.649
541.557,241.820,168.657,454.593
541.421,235.537,173.623,463.059
538.657,239.415,173.602,457.476
537.000,237.000,162.000,438.000
548.221,251.982,166.887,448.453
546.588,247.043,161.919,451.473
545.000,251.000,161.000,441.000
551.655,259.706,161.851,449.462
549.192,257.070,159.812,455.293
551.734,259.505,160.670,448.719
550.479,260.291,160.087,444.331
553.464,267.835,156.073,432.573
552.603,261.438,155.487,430.619
550.878,277.420,156.195,408.194
552.726,268.421,156.016,405.502
553.573,287.601,149.195,390.249
552.425,280.898,150.018,392.846
553.422,282.822,147.822,392.262
558.732,289.484,143.069,382.122
564.000,296.000,136.000,373.000
565.289,304.446,134.030,365.158
568.896,306.515,132.374,355.768
568.087,307.618,133.414,359.333
568.082,309.482,131.516,347.557
569.602,314.049,130.656,342.073
569.992,312.322,128.541,333.757
569.544,319.528,127.854,326.338
568.568,317.146,129.222,324.788
571.077,320.768,125.651,315.564
575.000,321.000,122.000,308.000
575.201,324.561,120.045,301.865
581.000,323.000,123.000,289.000
578.000,330.000,123.000,289.000
584.000,325.000,122.000,289.000
581.000,329.000,124.000,290.000
586.381,338.185,114.318,281.260
586.435,331.326,119.206,288.850
587.867,334.037,115.960,284.498
591.138,329.848,118.700,288.811
593.678,334.050,113.861,279.622
595.749,330.069,116.000,283.387
592.884,333.843,110.593,283.004
594.794,328.279,115.525,280.909
591.000,335.000,115.000,280.000
586.248,326.041,114.965,287.903
579.729,336.161,116.304,282.541
571.553,323.332,121.300,288.479
571.000,331.000,119.000,276.000
539.000,334.000,125.000,269.000
505.000,329.000,120.000,276.000
473.000,333.000,126.000,280.000
456.000,327.000,120.000,282.000
453.000,331.000,122.000,280.000
432.000,329.000,121.000,281.000
407.000,322.000,131.000,292.000
391.000,307.000,128.000,306.000
377.000,301.000,125.000,296.000
381.000,293.000,129.000,306.000
359.000,290.000,132.000,293.000
342.000,287.000,142.000,276.000
327.000,283.000,140.000,275.000
307.000,276.000,145.000,308.000
315.000,279.000,142.000,309.000
297.000,270.000,141.000,310.000
277.000,267.000,151.000,320.000
267.000,260.000,150.000,322.000
258.000,253.000,147.000,328.000
254.687,258.572,148.484,338.874
238.000,241.000,155.000,338.000
219.000,232.000,161.000,346.000
210.000,223.000,165.000,354.000
205.000,233.000,165.000,347.000
198.000,224.000,170.000,352.000
191.000,222.000,169.000,355.000
189.000,211.000,172.000,361.000
190.000,218.000,167.000,342.000
191.226,223.209,178.306,357.212
194.000,224.000,166.000,336.000
200.000,225.000,160.000,339.000
204.000,233.000,167.000,329.000
209.000,235.000,169.000,321.000
217.000,242.000,167.000,308.000
214.000,243.000,162.000,317.000
226.000,235.000,162.000,319.000
235.000,243.000,162.000,303.000
241.000,240.000,155.000,309.000
246.000,246.000,153.000,304.000
252.000,248.000,151.000,299.000
250.000,250.000,157.000,299.000
255.000,245.000,153.000,307.000
260.000,244.000,150.000,305.000
261.000,253.000,151.000,305.000
264.000,256.000,151.000,302.000
259.000,254.000,159.000,305.000
260.000,255.000,153.000,308.000
248.000,250.000,165.000,314.000
243.000,254.000,168.000,310.000
245.000,249.000,167.000,318.000
242.000,259.000,170.000,309.000
248.669,257.864,178.462,335.596
229.000,261.000,183.000,296.000
242.682,262.146,183.689,323.898
243.639,256.648,179.335,346.397
225.000,258.000,192.000,313.000
239.995,253.914,184.238,338.697
241.599,248.423,178.816,354.781
221.000,257.000,188.000,312.000
236.953,253.815,183.882,333.005
238.963,257.684,174.622,344.208
240.000,268.000,165.000,308.000
240.565,271.526,170.652,332.125
243.000,272.000,164.000,301.000
248.391,274.696,165.786,326.031
248.053,274.208,171.763,343.653
249.033,260.745,175.846,356.559
259.000,261.000,164.000,339.000
259.000,258.000,164.000,343.000
264.329,266.075,168.402,349.248
277.000,291.000,147.000,315.000
288.000,295.000,133.000,312.000
289.000,299.000,137.000,312.000
287.000,298.000,138.000,312.000
285.000,302.000,143.000,308.000
277.000,305.000,157.000,304.000
285.000,305.000,147.000,310.000
290.000,315.000,149.000,300.000
286.000,311.000,153.000,305.000
294.000,324.000,149.000,292.000
296.000,318.000,148.000,305.000
298.000,329.000,150.000,295.000
301.000,337.000,143.000,295.000
305.634,332.198,145.749,304.550
301.000,341.000,145.000,298.000
305.000,342.000,144.000,283.000
310.000,364.000,139.000,280.000
318.000,361.000,130.000,264.000
317.000,360.000,131.000,276.000
318.000,357.000,137.000,279.000
323.000,352.000,141.000,291.000
324.000,340.000,166.000,302.000
332.000,350.000,174.000,293.000
333.000,358.000,174.000,283.000
340.000,354.000,164.000,281.000
342.000,353.000,158.000,289.000
342.000,347.000,150.000,297.000
350.000,346.000,145.000,295.000
347.000,350.000,145.000,295.000
350.000,353.000,136.000,296.000
350.000,353.000,133.000,294.000
355.000,353.000,130.000,298.000
353.000,360.000,134.000,289.000
353.000,362.000,134.000,289.000
353.000,366.000,136.000,284.000
353.000,365.000,142.000,288.000
337.000,380.000,164.000,273.000
338.000,390.000,168.000,258.000
316.000,389.000,193.000,258.000
326.000,397.000,191.000,249.000
320.000,405.000,198.000,245.000
341.000,406.000,174.000,247.000
337.000,406.000,183.000,248.000
307.000,400.000,217.000,247.000
308.000,400.000,215.000,249.000
315.681,377.076,210.427,285.189
311.000,401.000,218.000,250.000
311.000,386.000,224.000,264.000
310.000,391.000,220.000,260.000
360.000,408.000,174.000,249.000
332.000,422.000,212.000,231.000
393.000,427.000,150.000,237.000
409.000,437.000,144.000,231.000
400.000,437.000,151.000,230.000
415.000,435.000,145.000,232.000
421.000,438.000,135.000,233.000
425.000,438.000,140.000,234.000
417.000,441.000,152.000,227.000
416.000,441.000,145.000,232.000
414.000,433.000,163.000,242.000
419.000,431.000,161.000,243.000
429.000,434.000,152.000,246.000
432.000,447.000,158.000,230.000
427.000,443.000,162.000,231.000
431.000,446.000,162.000,235.000
424.000,445.000,171.000,236.000
430.000,441.000,169.000,241.000
417.000,439.000,192.000,238.000
415.000,443.000,194.000,233.000
410.000,438.000,203.000,239.000
406.000,447.000,214.000,229.000
409.000,438.000,209.000,240.000
418.000,439.000,212.000,239.000
406.000,439.000,223.000,238.000
407.000,440.000,238.000,236.000
410.000,436.000,249.000,241.000
396.000,435.000,276.000,238.000
410.111,445.085,266.580,255.242
405.000,444.000,270.000,223.000
408.535,450.621,265.912,238.927
411.000,447.000,213.000,229.000
420.000,444.000,204.000,231.000
419.000,443.000,206.000,232.000
423.000,447.000,204.000,228.000
425.000,443.000,196.000,234.000
431.000,435.000,192.000,245.000
426.000,434.000,196.000,243.000
433.000,446.000,185.000,234.000
432.000,440.000,186.000,236.000
431.000,443.000,196.000,236.000
432.000,436.000,194.000,235.000
433.000,436.000,230.000,235.000
426.000,434.000,232.000,239.000
429.000,439.000,235.000,227.000
425.000,437.000,231.000,240.000
423.000,438.000,235.000,234.000
424.000,440.000,233.000,232.000
427.000,445.000,230.000,231.000
424.000,451.000,244.000,220.000
425.000,449.000,221.000,221.000
425.000,444.000,222.000,232.000
424.000,447.000,205.000,225.000
421.000,462.000,210.000,212.000
419.000,454.000,206.000,220.000
413.000,455.000,211.000,213.000
412.000,460.000,217.000,213.000
413.000,450.000,213.000,220.000
408.000,455.000,225.000,212.000
406.000,458.000,231.000,209.000
409.114,460.331,226.534,218.278
400.000,448.000,246.000,207.000
400.000,453.000,242.000,215.000
401.000,453.000,236.000,208.000
393.000,450.000,246.000,210.000
402.000,455.000,234.000,210.000
396.000,455.000,239.000,207.000
397.000,452.000,235.000,215.000
400.000,458.000,226.000,207.000
399.000,461.000,223.000,199.000
398.000,451.000,223.000,212.000
394.000,451.000,233.000,211.000
391.000,447.000,230.000,214.000
394.000,459.000,220.000,209.000
392.000,454.000,233.000,210.000
390.000,443.000,224.000,216.000
390.982,454.283,217.553,219.374
381.000,448.000,237.000,212.000
377.000,450.000,235.000,207.000
377.000,443.000,246.000,211.000
374.000,447.000,247.000,211.000
369.000,450.000,250.000,208.000
366.000,445.000,193.000,213.000
364.000,449.000,180.000,214.000
369.000,436.000,180.000,218.000
360.000,451.000,188.000,217.000
348.000,436.000,208.000,224.000
349.000,440.000,189.000,217.000
341.000,446.000,208.000,214.000
351.000,444.000,190.000,205.000
336.000,447.000,211.000,204.000
335.000,441.000,211.000,211.000
339.314,455.850,201.446,208.915
337.000,441.000,205.000,213.000
333.000,445.000,214.000,210.000
332.000,445.000,216.000,210.000
336.000,444.000,209.000,206.000
337.000,444.000,203.000,215.000
335.000,438.000,204.000,224.000
338.000,443.000,201.000,208.000
334.000,435.000,214.000,218.000
339.000,439.000,195.000,215.000
339.000,423.000,215.000,232.000
344.000,438.000,194.000,217.000
349.000,436.000,178.000,215.000
351.000,432.000,186.000,215.000
349.000,432.000,203.000,223.000
353.000,421.000,210.000,229.000
360.000,434.000,200.000,232.000
361.000,423.000,202.000,227.000
367.000,426.000,207.000,229.000
371.000,419.000,179.000,232.000
375.000,421.000,218.000,234.000
385.000,424.000,203.000,231.000
384.000,421.000,187.000,224.000
392.000,422.000,212.000,234.000
398.000,433.000,188.000,229.000
400.000,436.000,189.000,225.000
406.000,429.000,186.000,233.000
400.000,434.000,198.000,221.000
407.000,437.000,190.000,227.000
415.000,436.000,186.000,224.000
415.000,437.000,176.000,232.000
419.000,435.000,158.000,233.000
431.534,441.988,156.022,237.446
421.751,440.508,156.548,233.855
432.208,444.144,142.670,232.059
430.168,449.741,136.052,229.735
438.005,447.878,126.135,224.141
435.594,446.926,124.061,230.215
437.501,446.527,121.715,227.418
441.310,445.115,125.837,225.205
448.003,446.566,134.720,225.343
451.276,430.788,138.769,232.438
449.902,430.372,146.877,240.609
452.020,428.548,147.435,241.484
452.607,420.110,149.024,250.702
460.084,418.092,150.758,256.503
461.003,402.413,159.125,267.508
459.101,386.909,161.960,283.799
464.404,358.675,160.932,305.135
471.624,324.443,159.016,340.606
469.530,285.137,157.139,375.447
479.366,207.624,152.664,443.186
474.775,174.198,176.080,503.431
474.625,144.041,200.124,516.039
469.588,145.558,226.144,530.555
476.676,140.589,247.055,528.001
474.810,130.524,266.371,534.444
476.559,130.056,283.349,530.405
477.676,122.507,311.026,542.236
481.213,117.179,320.571,545.580
476.488,113.494,328.457,544.141
481.050,112.381,328.676,541.587
476.092,114.110,337.868,542.975
480.321,110.957,330.408,542.987
479.504,121.482,328.435,534.752
477.704,110.925,329.146,545.335
477.974,115.307,328.405,533.531
476.089,113.327,329.565,537.836
477.062,113.351,330.211,537.514
474.721,113.645,329.280,537.670
475.844,113.562,328.008,533.560
472.962,118.432,327.133,526.805
473.738,112.420,326.813,538.274
472.401,118.655,328.710,526.758
472.975,108.666,326.736,532.234
470.993,112.404,329.108,523.564
471.008,103.336,328.683,533.373
470.321,107.345,334.724,530.683
469.728,104.634,333.073,534.726
472.801,96.256,337.134,540.537
470.680,90.055,343.283,550.120
467.729,82.248,355.969,566.293
464.124,79.913,355.010,571.082
465.267,72.988,369.018,583.479
451.710,63.448,383.003,601.481
445.292,50.793,396.578,618.362
431.943,41.984,417.302,642.046
434.819,34.421,409.985,652.010
427.737,30.957,425.234,660.550
423.039,17.735,431.144,672.471
419.007,7.931,439.363,682.378
417.849,1.628,445.829,692.060
418.462,6.505,444.439,692.281
414.487,1.779,449.822,700.011
414.000,6.382,447.281,702.819
413.650,0.000,451.046,710.464
417.250,21.620,441.335,690.469
411.627,0.000,447.425,708.027
410.525,9.476,455.179,699.847
405.179,0.000,466.255,714.581
400.096,8.948,458.186,698.404
395.872,0.000,464.058,714.771
394.814,5.565,464.034,699.217
392.279,0.000,467.682,711.840
389.346,0.000,467.062,701.570
387.482,0.000,467.252,700.716
386.051,0.000,465.808,699.022
386.144,0.000,468.302,695.943
386.149,0.000,464.404,697.290
382.833,2.614,465.830,700.647
383.158,0.000,467.019,704.587
380.654,3.356,464.240,697.970
379.657,0.000,473.310,701.708
377.833,3.024,468.710,700.903
377.357,0.000,475.279,698.155
376.820,3.858,473.973,696.767
377.946,0.000,474.043,696.296
378.035,1.870,471.958,698.410
374.823,1.163,472.682,700.983
370.848,0.000,476.853,705.327
372.456,0.000,473.535,708.436
371.780,0.000,472.773,707.799
368.609,0.000,471.574,704.524
365.568,0.000,477.557,706.943
362.397,0.000,479.457,707.036
357.700,0.000,486.111,703.372
359.484,0.000,491.286,706.022
354.504,0.000,494.023,694.447
359.794,2.225,495.078,681.906
357.307,0.000,503.568,684.747
350.052,3.962,515.891,679.625
352.054,2.754,521.633,680.649
348.389,3.757,522.854,680.126
344.108,4.812,534.112,678.881
347.952,6.080,536.917,679.363
343.163,5.026,538.350,685.330
345.370,4.818,536.206,688.202
347.976,7.369,532.868,684.715
351.343,3.004,536.121,689.236
355.159,12.644,529.773,674.472
359.781,3.264,535.678,680.117
362.102,14.878,526.282,668.834
368.355,0.000,534.564,684.971
371.993,16.177,524.351,662.945
382.515,0.000,529.252,684.968
384.209,12.367,516.523,664.928
386.986,0.000,525.423,676.133
387.023,14.884,515.290,661.101
399.874,0.000,514.517,685.397
403.244,16.988,501.599,660.207
404.440,4.441,505.827,667.756
411.531,14.856,496.711,662.924
406.569,9.712,504.570,666.254
418.147,16.332,498.979,654.560
411.456,9.506,505.217,668.811
419.604,23.756,495.205,644.665
415.729,5.272,496.114,668.401
410.721,25.308,488.431,649.597
405.963,12.727,475.747,660.407
399.776,19.641,469.572,654.522
392.967,16.815,472.565,647.177
396.979,15.214,470.304,654.660
389.217,20.494,470.612,648.344
373.246,22.938,483.207,653.261
364.982,25.684,487.146,647.470
361.265,32.396,491.576,644.534
362.661,33.442,491.358,640.925
350.819,33.590,498.016,642.716
363.036,33.502,486.338,646.291
343.950,32.026,494.287,647.713
360.770,33.577,476.014,651.495
343.710,31.570,491.154,649.167
355.384,36.549,473.341,647.601
345.605,28.091,479.539,654.058
349.236,40.430,475.850,650.188
349.522,27.912,475.579,655.712
347.802,39.822,478.794,650.675
345.520,27.871,477.065,656.146
342.353,45.463,474.800,651.003
342.068,30.698,469.001,654.390
341.979,42.495,471.821,649.853
339.159,36.957,466.201,644.600
337.215,36.358,470.204,654.628
333.400,46.760,464.294,638.550
328.923,37.015,461.797,652.358
324.060,40.327,464.262,647.807
329.013,40.481,456.010,648.397
325.970,39.372,460.520,653.322
326.397,36.088,456.413,647.668
324.505,35.029,453.278,660.033
324.963,41.369,452.171,649.350
324.534,33.498,449.762,659.701
332.758,42.673,441.259,650.229
332.540,40.839,441.165,649.963
334.631,43.342,437.151,654.005
336.706,49.345,435.472,650.683
334.815,47.639,437.932,653.915
337.323,51.604,437.662,653.188
336.327,51.870,443.416,652.653
338.418,53.109,441.780,653.181
336.719,51.093,448.856,652.300
337.793,56.021,445.933,652.706
339.841,49.371,451.652,649.975
339.257,53.373,452.728,655.951
341.599,51.398,448.344,650.568
341.989,53.394,450.726,650.251
342.618,55.083,450.915,650.342
340.280,53.364,451.561,648.949
341.917,54.344,447.575,647.910
342.239,54.212,447.289,645.470
343.868,53.454,445.912,644.222
344.796,52.400,444.292,641.973
344.100,53.837,442.580,635.440
347.238,52.246,442.220,640.274
347.046,58.759,438.123,634.602
348.070,51.856,436.158,637.185
348.961,56.072,430.547,637.288
349.298,50.579,429.439,635.608
353.222,59.959,416.003,629.671
351.685,51.503,421.981,632.214
355.025,64.098,404.579,628.136
356.272,56.289,416.579,630.976
353.572,51.715,407.861,634.988
356.890,62.986,409.195,630.523
360.150,46.236,415.563,631.993
360.679,62.397,411.213,637.458
364.496,51.060,409.401,642.841
364.339,60.133,405.998,638.185
366.624,51.656,409.894,642.887
370.693,62.151,402.706,637.919
375.158,54.188,407.605,634.455
374.812,56.430,405.533,643.214
375.104,56.824,403.384,638.388
374.347,56.386,405.060,634.339
372.778,59.612,405.988,640.623
373.652,59.251,404.666,639.849
374.269,59.564,403.208,638.505
374.713,60.726,400.354,635.361
374.807,66.286,395.380,629.111
376.506,65.271,394.058,626.162
375.004,66.418,394.076,623.902
375.010,65.016,394.285,621.123
375.154,62.920,397.561,625.912
372.237,69.071,403.958,621.473
372.570,60.674,412.595,624.285
371.096,65.641,405.337,623.350
371.078,60.978,415.334,622.992
369.860,68.227,408.960,623.741
367.927,64.011,417.253,624.292
369.224,69.105,410.717,623.554
363.932,69.076,411.776,613.283
361.886,71.079,411.516,610.451
358.664,69.127,416.300,608.969
352.192,75.053,420.235,602.239
348.511,70.425,419.589,603.101
344.822,65.218,416.997,601.931
342.319,65.742,417.397,602.664
339.953,63.002,417.963,600.444
340.253,62.918,415.484,607.279
340.452,62.303,410.548,604.156
338.882,65.810,406.555,601.332
339.257,67.762,407.377,595.678
336.837,73.419,404.050,594.402
328.777,67.588,410.751,592.556
324.263,72.776,411.082,588.932
315.791,65.180,418.131,592.151
316.772,74.355,423.803,583.365
305.659,71.753,421.709,584.068
304.216,75.641,422.860,581.877
285.926,69.885,423.095,583.118
280.471,75.526,419.257,576.125
274.886,68.058,420.201,584.425
264.094,72.763,430.030,581.640
239.018,65.776,446.601,585.513
220.449,67.842,470.688,581.333
188.951,68.300,492.296,575.760
192.191,65.828,497.238,568.499
174.468,74.607,512.641,575.937
142.894,62.384,524.214,570.049
152.708,73.932,533.688,565.253
108.490,62.357,542.461,580.233
122.159,69.116,553.279,557.034
103.547,68.045,548.806,581.011
98.119,68.707,547.952,570.030
82.184,62.403,561.080,580.908
73.645,70.122,561.811,575.767
86.954,62.787,562.919,583.888
46.483,62.665,570.084,576.730
61.216,53.198,576.324,569.993
50.352,53.875,562.181,586.596
47.535,52.440,590.702,587.566
43.743,51.917,567.609,582.676
43.942,51.584,590.559,586.525
33.112,47.739,568.880,583.465
28.144,43.713,596.972,589.121
35.182,50.032,595.574,585.239
26.045,49.717,603.206,580.695
33.510,49.160,608.479,578.538
37.296,54.769,589.057,579.189
36.096,48.029,601.924,580.498
42.140,55.805,604.617,581.204
47.147,50.639,608.166,580.892
52.657,57.457,619.052,574.978
58.794,57.297,643.159,573.637
57.929,62.818,633.707,569.387
58.243,66.006,672.570,562.771
54.167,68.548,650.076,567.516
59.064,60.557,666.760,572.518
59.116,68.661,661.701,571.321
55.416,67.907,670.261,567.433
57.688,69.245,671.588,563.342
55.046,70.462,678.283,561.989
60.429,68.359,678.340,560.009
67.298,68.027,684.409,558.056
80.405,66.009,685.811,558.578
93.063,70.823,680.062,558.888
88.849,68.416,690.511,559.134
93.562,67.832,687.671,561.252
90.926,67.436,680.954,565.701
94.872,67.591,673.811,560.832
107.143,74.312,678.400,564.967
105.897,72.971,675.404,563.081
106.371,84.411,681.821,563.768
113.140,96.132,682.952,566.334
134.115,108.117,686.508,562.061
140.004,107.086,684.592,564.986
135.667,107.583,691.119,566.137
140.549,114.735,699.290,561.628
144.942,120.578,703.709,560.600
144.365,123.058,706.816,563.480
143.459,129.117,711.769,557.272
145.460,128.478,713.101,558.452
141.753,132.482,717.415,553.302
143.777,139.130,728.134,549.795
136.901,144.554,739.044,534.566
164.012,145.875,747.142,541.903
165.725,143.954,721.286,535.866
165.342,143.599,739.726,538.523
175.938,146.517,734.838,534.459
180.694,144.866,736.916,528.346
185.494,145.573,745.658,524.391
191.260,150.717,741.604,517.756
195.177,149.586,741.605,521.650
200.391,149.878,739.835,521.457
195.904,152.709,741.108,520.141
199.596,152.642,737.862,521.572
189.542,154.849,734.938,517.198
188.724,152.991,716.496,515.983
192.275,154.400,711.700,509.465
196.938,147.430,718.233,514.285
186.097,153.108,730.365,508.043
194.402,145.228,725.606,515.317
178.562,142.081,737.267,508.901
166.367,136.922,748.515,508.127
177.586,148.005,755.952,509.873
175.463,137.654,752.102,517.825
164.348,143.090,752.289,509.676
165.714,136.737,738.627,511.079
165.877,140.702,730.392,502.633
169.304,136.867,731.191,502.975
168.737,141.117,750.364,499.966
167.475,138.487,747.051,503.380
159.564,137.919,753.300,502.480
166.564,139.189,752.236,505.431
160.045,137.575,756.300,507.969
160.187,137.535,753.845,507.383
153.910,137.692,764.625,507.671
137.923,137.891,777.177,508.283
138.415,137.325,768.298,510.877
129.438,130.375,765.793,511.563
130.580,133.445,768.225,502.082
129.391,130.778,775.569,501.052
130.611,131.350,778.671,502.693
128.274,130.061,781.351,501.024
126.375,130.775,783.867,498.862
128.119,131.421,786.224,498.341
121.754,130.305,790.924,498.635
113.626,128.552,793.146,498.169
111.476,131.749,789.189,498.074
110.702,128.898,785.860,499.474
108.127,130.089,784.703,499.080
107.601,129.022,785.045,498.540
104.473,130.065,780.366,497.107
102.540,128.996,767.017,495.604
92.002,130.335,751.741,492.496
88.841,129.003,722.203,490.276
80.102,130.906,696.754,490.517
81.950,131.618,682.353,489.473
89.711,131.250,669.934,489.353
98.951,133.060,662.526,487.205
88.518,132.434,664.720,487.527
100.434,133.187,652.986,486.195
103.211,131.564,646.820,485.842
122.882,134.044,635.473,481.941
136.742,133.373,637.590,483.234
136.804,134.238,636.404,486.932
161.206,131.449,629.750,490.293
191.453,137.337,627.802,479.035
187.288,129.776,643.202,486.569
212.715,139.596,652.976,469.950
194.187,133.500,655.340,477.333
215.665,137.435,668.569,471.548
220.471,133.003,679.733,476.399
232.478,133.425,685.846,470.889
225.807,134.453,693.747,474.099
241.140,133.714,694.788,466.263
225.899,134.363,715.223,471.226
235.366,131.151,737.988,468.333
230.777,138.097,748.604,459.140
230.119,136.698,741.452,461.038
227.171,137.877,743.073,458.885
232.468,138.189,735.377,456.578
221.052,135.579,721.740,455.998
223.442,134.311,714.482,455.720
211.109,134.245,711.446,455.332
214.231,132.403,696.616,453.381
218.227,130.168,665.659,450.729
200.413,128.038,659.544,456.011
190.543,126.868,655.328,457.330
192.647,125.462,642.700,451.953
194.481,126.418,636.555,454.222
187.127,124.394,644.156,457.012
186.127,123.050,646.930,458.357
186.962,121.350,644.680,459.426
187.150,119.178,641.521,460.768
188.685,118.586,639.266,460.584
190.703,116.188,646.002,463.714
187.906,115.144,662.381,460.025
199.384,115.375,672.865,459.791
188.034,114.869,697.986,460.732
199.192,120.819,693.189,448.371
181.109,111.522,697.142,458.349
198.850,124.414,689.938,452.267
173.340,112.657,718.941,451.583
193.538,129.413,698.760,445.462
173.502,118.295,709.641,448.130
187.300,128.921,700.482,440.257
173.481,120.821,698.526,442.813
191.893,132.091,675.377,438.844
175.990,125.400,678.036,443.293
189.714,130.268,667.912,440.635
180.066,127.768,671.333,441.518
194.446,132.162,662.089,441.380
183.261,131.226,666.453,439.170
197.568,137.117,666.810,439.742
181.158,133.276,654.252,438.456
197.979,135.299,668.337,439.402
188.074,137.024,639.599,436.766
193.249,129.781,650.988,436.289
196.029,142.363,624.324,436.881
191.612,131.785,635.214,437.143
196.958,145.646,619.101,432.221
193.195,133.717,621.565,442.346
197.233,145.029,611.903,439.147
193.763,136.199,634.493,445.954
199.410,142.049,622.647,443.788
197.095,137.100,635.972,444.667
199.909,146.160,620.932,441.628
197.821,141.596,627.497,444.587
191.755,145.273,616.523,443.239
195.187,139.019,606.930,444.116
190.047,140.487,606.734,445.321
189.216,132.148,601.459,446.241
185.626,125.705,604.994,445.528
182.233,125.744,598.090,442.615
183.539,123.917,603.109,443.892
158.988,122.892,605.385,443.946
128.985,119.429,616.077,439.285
147.460,117.534,596.445,437.459
125.212,121.834,605.158,429.828
129.729,115.411,610.318,439.789
126.585,120.239,613.158,438.380
112.544,113.200,616.586,439.734
121.041,117.731,614.484,441.077
99.558,114.232,621.220,440.030
122.693,117.957,620.224,446.662
99.275,119.101,622.781,440.098
103.531,127.339,632.944,439.538
95.131,130.264,615.354,432.636
101.135,135.406,607.402,435.031
94.003,131.133,604.930,427.508
98.384,143.878,604.470,429.454
98.884,142.719,607.404,431.078
96.956,150.639,598.656,429.525
109.578,147.629,594.584,430.876
91.588,152.295,598.629,431.107
99.104,154.086,593.480,430.777
103.240,158.455,588.450,428.161
105.585,160.893,586.224,430.184
107.999,164.621,591.267,432.225
111.895,162.063,587.139,435.827
114.530,166.143,585.482,435.934
115.452,170.923,585.620,434.606
119.571,179.256,583.929,429.733
129.806,184.647,587.960,428.182
137.886,180.338,584.595,430.605
141.855,188.189,575.806,427.339
153.023,198.978,583.498,420.181
162.381,199.916,589.700,417.916
173.378,199.518,599.642,417.763
169.183,199.833,609.033,417.109
181.851,199.384,606.574,413.714
198.135,203.496,597.045,412.205
223.210,208.506,598.965,410.961
244.042,214.541,599.100,409.602
248.104,208.727,597.249,409.144
265.771,217.367,588.666,407.109
287.235,213.534,603.265,413.334
293.343,215.249,600.551,411.906
317.027,213.981,608.907,412.098
313.425,221.000,604.458,411.332
329.009,218.190,615.247,412.689
330.978,223.906,601.811,410.182
350.523,222.605,614.460,409.728
350.558,232.968,601.636,410.096
359.373,225.242,613.584,413.705
365.499,233.086,601.287,411.504
390.048,228.002,606.763,413.269
386.341,227.271,603.251,414.474
392.242,230.563,598.207,410.917
392.488,231.411,590.006,410.545
394.460,231.853,587.346,408.583
397.834,232.740,585.309,409.557
408.151,234.153,577.004,408.200
412.963,236.276,564.870,408.667
420.610,235.755,558.583,410.310
419.556,238.927,555.943,410.517
425.942,246.852,561.764,406.982
433.925,252.367,577.680,409.275
448.919,252.761,579.010,411.727
434.454,251.903,588.429,417.776
452.519,246.990,594.951,422.066
443.875,240.801,631.710,443.607
442.125,233.065,684.718,465.698
421.552,222.720,741.146,483.991
452.709,223.493,740.594,496.825
405.118,210.885,786.643,507.004
420.656,206.727,799.733,528.395
380.523,192.671,847.664,548.224
352.346,180.461,874.208,559.278
339.250,178.689,904.872,567.316
324.383,172.171,901.396,571.337
296.296,162.513,925.987,587.365
243.246,149.818,963.288,604.562
229.012,143.858,954.585,607.481
225.606,150.608,944.049,618.615
194.218,129.097,988.659,633.184
213.074,133.760,965.952,637.372
175.526,127.227,1016.453,638.497
187.569,124.071,993.605,635.531
176.206,120.364,1015.217,645.160
179.877,122.932,999.238,634.142
170.924,111.678,1033.354,643.961
179.277,115.838,1027.652,636.115
153.431,111.551,1039.816,632.051
146.217,121.206,1010.702,630.118
118.135,106.203,999.472,637.420
116.998,107.903,994.290,639.002
73.145,93.936,1005.684,651.488
76.722,86.369,1002.476,663.946
83.156,74.224,1003.761,671.191
72.378,58.583,981.273,675.091
57.655,54.546,987.544,683.833
20.271,48.013,977.201,693.248
26.614,40.585,978.736,689.563
30.316,44.359,962.447,678.816
