613.000,313.000,91.000,101.000
626.157,304.537,94.194,106.513
631.000,295.000,108.000,116.000
633.000,286.000,126.000,131.000
643.000,285.000,151.000,140.000
665.000,291.000,155.000,141.000
694.000,305.000,142.000,147.000
725.000,311.000,140.000,135.000
751.000,325.000,140.000,129.000
772.000,334.000,138.000,121.000
795.000,342.000,141.000,121.000
811.000,342.000,143.000,129.000
829.000,347.000,149.000,136.000
849.000,352.000,159.000,134.000
841.000,351.000,199.000,144.000
847.000,358.000,232.000,145.000
857.000,361.000,251.000,159.000
862.000,329.000,278.000,194.000
855.000,312.000,300.000,222.000
858.000,297.000,303.000,242.000
847.000,298.000,305.000,242.000
836.000,322.000,322.000,219.000
821.000,348.000,320.000,189.000
799.000,353.000,318.000,170.000
768.000,354.000,317.000,153.000
726.000,355.000,305.000,147.000
669.000,351.000,309.000,145.000
630.000,345.000,317.000,141.000
601.000,321.000,313.000,141.000
569.000,301.000,306.000,140.000
542.000,297.000,295.000,119.000
515.000,284.000,302.000,118.000
524.026,280.243,288.785,149.409
450.000,252.000,295.000,172.000
434.000,228.000,298.000,192.000
437.000,203.000,298.000,225.000
456.308,207.612,290.949,232.986
468.772,224.010,252.596,228.362
470.000,233.000,239.000,249.000
479.000,253.000,244.000,225.000
482.000,264.000,265.000,205.000
474.000,273.000,284.000,217.000
458.548,273.903,291.447,209.496
523.000,290.000,261.000,209.000
544.000,307.000,251.000,201.000
553.000,301.000,272.000,219.000
565.000,323.000,290.000,199.000
568.000,375.000,301.000,151.000
590.890,395.706,290.667,144.523
600.000,411.000,302.000,126.000
612.947,413.006,302.208,128.496
630.777,410.427,289.021,128.246
637.723,405.993,283.415,126.505
649.926,397.150,282.767,129.228
679.000,387.000,240.000,119.000
700.000,386.000,220.000,113.000
702.000,383.000,212.000,112.000
693.000,372.000,219.000,124.000
686.000,362.000,255.000,140.000
657.000,365.000,255.000,159.000
646.000,370.000,262.000,181.000
632.000,361.000,258.000,215.000
629.000,361.000,252.000,226.000
648.210,362.082,233.323,208.382
632.364,368.886,234.767,227.612
621.823,381.908,233.376,212.486
622.479,418.389,231.404,198.777
581.000,397.000,287.000,231.000
582.000,414.000,306.000,205.000
578.000,429.000,348.000,188.000
593.000,440.000,351.000,172.000
591.509,431.711,357.879,171.605
594.000,427.000,340.000,159.000
601.000,422.000,327.000,157.000
630.210,414.902,314.671,162.752
632.722,412.422,312.611,171.111
629.407,382.821,314.762,182.095
617.000,324.000,309.000,219.000
597.000,318.000,306.000,197.000
589.000,318.000,307.000,179.000
577.295,315.266,323.467,185.925
537.000,284.000,350.000,167.000
522.000,256.000,337.000,201.000
496.000,240.000,326.000,201.000
494.000,230.000,297.000,203.000
484.000,244.000,277.000,206.000
492.993,257.881,273.675,199.192
497.476,266.168,252.315,196.752
498.645,285.121,221.427,190.214
499.521,310.391,209.166,175.182
480.070,335.675,203.233,160.166
481.790,362.063,214.285,146.895
454.590,374.951,224.099,135.360
444.772,382.563,263.841,136.858
428.043,372.033,262.635,137.984
450.850,365.452,259.479,132.069
478.221,359.879,236.319,131.309
489.102,360.905,215.223,129.910
485.420,370.813,219.278,129.958
491.841,378.431,222.968,127.065
507.000,385.000,227.000,130.000
523.294,380.696,220.243,136.338
530.000,374.000,224.000,149.000
540.000,376.000,224.000,154.000
548.000,377.000,209.000,148.000
548.000,396.000,202.000,142.000
540.000,413.000,191.000,127.000
539.000,440.000,186.000,105.000
497.000,439.000,216.000,102.000
476.000,437.000,222.000,104.000
468.000,433.000,204.000,106.000
456.000,424.000,196.000,118.000
434.000,412.000,199.000,131.000
402.000,403.000,193.000,142.000
372.000,396.000,202.000,150.000
336.000,394.000,213.000,148.000
307.000,409.000,224.000,140.000
264.000,433.000,244.000,114.000
232.000,446.000,261.000,107.000
208.000,453.000,273.000,108.000
172.596,458.060,294.269,112.373
165.000,449.000,316.000,126.000
155.000,450.000,325.000,135.000
163.000,450.000,316.000,141.000
178.000,456.000,308.000,136.000
178.000,456.000,309.000,135.000
186.000,458.000,309.000,138.000
186.000,464.000,308.000,135.000
184.078,480.426,313.723,119.628
188.717,474.623,306.234,123.904
185.431,482.421,314.080,123.596
187.426,480.869,311.448,124.887
186.083,484.123,316.957,124.271
193.129,481.140,309.861,124.124
189.816,481.406,315.371,124.123
195.547,476.471,304.703,122.158
196.009,472.020,309.896,124.396
188.633,463.580,316.799,127.906
190.265,458.644,311.365,130.843
183.000,454.000,309.000,135.000
183.000,456.000,304.000,132.000
187.000,450.000,298.000,141.000
181.000,447.000,297.000,131.000
180.000,444.000,291.000,121.000
184.000,440.000,287.000,116.000
206.000,442.000,251.000,103.000
211.000,434.000,249.000,100.000
201.000,427.000,254.000,99.000
201.000,421.000,263.000,102.000
189.000,425.000,262.000,98.000
188.000,427.000,258.000,93.000
184.000,425.000,265.000,94.000
180.000,424.000,265.000,98.000
172.000,420.000,274.000,101.000
162.000,415.000,286.000,103.000
154.000,412.000,289.000,104.000
144.000,414.000,300.000,104.000
136.000,410.000,307.000,109.000
140.000,415.000,319.000,107.000
146.000,414.000,308.000,107.000
131.894,421.813,320.020,104.452
138.000,411.000,320.000,113.000
141.000,409.000,315.000,114.000
164.000,406.000,300.000,122.000
160.000,402.000,313.000,125.000
168.000,399.000,298.000,125.000
179.000,400.000,288.000,132.000
185.000,406.000,289.000,125.000
192.000,403.000,288.000,126.000
208.000,405.000,273.000,139.000
206.000,409.000,267.000,118.000
199.000,411.000,293.000,113.000
229.000,408.000,259.000,117.000
246.000,407.000,231.000,117.000
239.000,412.000,250.000,113.000
216.000,413.000,279.000,108.000
247.000,416.000,253.000,108.000
263.000,414.000,237.000,111.000
265.000,419.000,225.000,114.000
269.000,415.000,221.000,121.000
253.000,411.000,235.000,135.000
240.000,409.000,237.000,129.000
242.000,413.000,216.000,145.000
231.000,407.000,197.000,168.000
264.000,404.000,151.000,202.000
234.000,394.000,162.000,224.000
201.000,361.000,166.000,263.000
153.000,359.000,184.000,261.000
137.000,385.000,212.000,234.000
63.000,428.000,268.000,226.000
5.000,432.000,316.000,222.000
0.000,432.000,331.000,232.000
35.424,447.041,268.961,211.874
0.000,414.000,321.000,230.000
0.000,402.000,324.000,239.000
1.000,413.000,341.000,235.000
0.000,417.000,344.000,218.000
6.000,411.000,338.000,218.000
7.000,407.000,377.000,222.000
23.000,405.000,388.000,224.000
70.000,410.000,376.000,208.000
103.000,401.000,358.000,223.000
19.000,390.000,405.000,206.000
25.000,347.000,375.000,195.000
171.000,381.000,387.000,178.000
189.000,382.000,383.000,165.000
193.000,388.000,387.000,180.000
180.000,394.000,383.000,180.000
181.000,412.000,351.000,191.000
168.000,428.000,361.000,182.000
154.000,439.000,356.000,192.000
133.000,440.000,343.000,203.000
70.000,456.000,364.000,214.000
24.000,463.000,390.000,199.000
11.000,448.000,403.000,212.000
16.000,452.000,412.000,181.000
11.000,451.000,416.000,168.000
16.000,443.000,419.000,175.000
9.000,442.000,410.000,179.000
41.000,434.000,387.000,185.000
59.000,431.000,357.000,178.000
72.000,429.000,334.000,185.000
70.000,442.000,347.000,197.000
89.000,439.000,337.000,185.000
106.622,434.597,335.673,184.962
122.893,405.480,335.046,179.983
134.205,400.985,335.839,170.956
136.251,392.576,318.936,167.863
149.015,386.710,320.728,158.807
143.000,393.000,294.000,118.000
153.000,381.000,292.000,114.000
160.000,348.000,297.000,124.000
168.870,338.338,308.276,123.785
161.314,323.588,309.613,131.731
153.801,313.317,322.972,129.626
157.507,305.006,323.474,134.869
178.190,311.575,317.315,129.280
196.760,321.904,310.742,125.229
190.710,334.577,304.712,125.641
175.462,341.275,299.066,128.088
184.000,325.000,282.000,158.000
166.896,327.119,299.908,155.331
170.532,309.841,289.055,158.115
172.000,314.000,270.000,137.000
179.722,294.498,263.956,142.723
198.794,282.254,253.265,138.776
187.000,273.000,217.000,119.000
199.000,262.000,206.000,112.000
221.000,251.000,181.000,133.000
249.000,251.000,145.000,133.000
279.000,258.000,122.000,126.000
292.000,238.000,123.000,129.000
317.000,236.000,132.000,133.000
322.000,219.000,144.000,127.000
341.585,218.203,147.790,132.430
361.700,216.613,134.986,128.702
373.507,217.563,124.164,118.395
379.202,224.545,117.908,116.825
383.141,230.692,120.708,114.628
404.000,239.000,84.000,103.000
413.000,248.000,81.000,96.000
426.586,260.508,89.297,90.008
428.000,261.000,103.000,85.000
431.000,258.000,98.000,91.000
415.000,263.000,111.000,98.000
391.000,260.000,125.000,101.000
340.000,256.000,147.000,103.000
267.000,260.000,177.000,107.000
242.000,273.000,173.000,105.000
236.000,282.000,171.000,108.000
207.000,286.000,187.000,109.000
193.000,286.000,179.000,119.000
175.000,274.000,154.000,138.000
182.000,272.000,123.000,142.000
203.000,280.000,108.000,130.000
215.000,294.000,103.000,106.000
216.000,326.000,114.000,76.000
251.000,335.000,100.000,72.000
271.000,335.000,107.000,80.000
293.000,333.000,118.000,86.000
326.000,333.000,112.000,89.000
374.000,334.000,97.000,85.000
417.000,333.000,96.000,84.000
457.000,343.000,104.000,79.000
492.000,353.000,114.000,68.000
521.000,359.000,121.000,67.000
559.000,364.000,109.000,63.000
584.875,363.998,106.507,67.147
602.470,361.352,98.866,69.203
616.384,358.758,96.666,70.106
628.948,356.557,96.626,72.306
642.834,355.992,100.530,74.448
655.442,357.873,105.650,73.955
662.129,364.789,107.060,74.562
666.000,372.968,104.619,75.045
667.292,371.335,101.150,73.747
660.276,367.610,100.950,72.526
661.000,354.000,90.000,64.000
658.149,351.594,94.661,69.083
654.773,349.695,93.450,65.913
653.185,350.047,96.015,68.548
651.935,351.441,96.419,68.067
650.851,352.025,95.926,66.431
649.945,351.646,95.862,68.393
649.602,351.874,97.015,69.318
650.808,350.231,96.570,68.939
650.009,349.304,96.137,68.803
648.878,349.769,96.134,67.915
645.468,350.210,95.286,67.048
642.326,351.340,96.628,68.210
639.775,351.113,96.731,68.123
637.054,352.842,97.307,68.966
636.191,352.733,96.265,67.955
634.451,352.663,96.880,67.448
632.692,353.602,97.007,68.677
633.185,354.004,96.736,68.230
631.527,353.782,96.867,67.497
632.384,354.772,95.749,68.573
632.286,355.620,95.959,69.096
629.951,357.559,97.035,67.330
628.010,356.565,94.592,65.526
628.883,356.076,94.147,68.772
628.586,355.289,91.800,68.335
628.000,356.867,94.254,70.610
626.941,356.729,95.032,71.128
628.100,354.876,98.136,70.660
623.477,354.188,101.813,71.603
621.926,354.935,102.808,72.639
624.903,351.186,106.355,74.808
627.597,345.795,110.738,77.526
621.000,334.000,132.000,91.000
614.819,330.999,141.164,94.210
621.868,324.629,152.636,102.542
638.388,322.030,156.880,109.885
649.098,319.501,155.818,113.874
663.559,313.193,160.580,123.820
662.784,307.520,166.355,127.708
661.067,314.136,170.358,116.664
658.113,326.072,182.853,110.908
661.018,341.358,197.857,101.306
657.185,354.226,210.190,97.551
654.755,363.233,209.431,89.856
647.860,366.119,222.026,86.746
651.180,364.339,226.017,88.111
647.166,364.443,225.452,87.797
637.197,359.467,237.530,86.625
638.076,350.814,232.028,91.228
630.448,346.496,230.935,94.097
626.735,343.289,233.256,96.258
619.000,336.000,220.000,100.000
615.781,333.026,213.060,104.615
603.370,327.503,208.232,106.636
584.000,317.000,204.000,107.000
569.000,313.000,201.000,113.000
554.000,308.000,210.000,120.000
537.000,297.000,219.000,124.000
520.000,300.000,219.000,118.000
507.000,294.000,216.000,116.000
488.000,291.000,222.000,115.000
465.000,294.000,239.000,106.000
463.000,297.000,244.000,103.000
474.000,313.000,222.000,97.000
476.000,319.000,220.000,101.000
479.000,321.000,225.000,128.000
486.000,325.000,213.000,140.000
508.000,330.000,198.000,153.000
526.000,330.000,202.000,167.000
545.000,340.000,188.000,166.000
560.000,345.000,181.000,166.000
563.000,349.000,189.000,165.000
569.000,372.000,189.000,156.000
584.000,388.000,194.000,135.000
592.000,390.000,213.000,146.000
594.000,382.000,224.000,161.000
605.000,384.000,207.000,160.000
617.000,386.000,199.000,189.000
630.000,396.000,199.000,197.000
633.000,398.000,219.000,194.000
641.000,401.000,212.000,185.000
646.000,401.000,212.000,181.000
677.000,427.000,194.000,153.000
682.000,440.000,197.000,144.000
689.000,447.000,206.000,147.000
682.000,442.000,227.000,151.000
690.091,465.953,218.410,134.379
687.497,458.217,218.909,146.305
701.312,450.287,211.256,158.252
713.544,455.525,207.908,144.397
707.978,450.117,205.799,135.205
710.000,442.000,180.000,131.000
700.000,436.000,177.000,130.000
703.568,438.825,180.135,128.571
692.770,438.477,180.546,121.181
651.000,430.000,203.000,133.000
630.000,429.000,213.000,121.000
587.000,417.000,245.000,136.000
550.827,413.636,249.194,135.418
534.761,419.394,256.421,133.790
515.079,411.748,256.999,144.639
493.542,409.828,256.607,144.475
470.645,404.961,260.074,154.439
455.000,390.000,257.000,170.000
436.000,384.000,257.000,173.000
426.000,377.000,252.000,180.000
414.000,383.000,255.000,181.000
427.000,386.000,242.000,179.000
423.000,380.000,242.000,173.000
416.000,380.000,251.000,182.000
398.000,382.000,270.000,186.000
396.000,396.000,287.000,174.000
390.000,388.000,306.000,193.000
379.000,388.000,318.000,198.000
395.000,395.000,304.000,194.000
399.000,419.000,309.000,167.000
395.000,441.000,313.000,150.000
405.000,445.000,329.000,143.000
429.276,452.482,328.007,148.569
431.000,435.000,319.000,163.000
450.000,445.000,303.000,159.000
443.000,430.000,322.000,184.000
421.000,420.000,358.000,215.000
462.000,420.000,329.000,197.000
463.000,438.000,327.000,167.000
482.000,437.000,319.000,157.000
485.000,439.000,308.000,153.000
479.000,450.000,307.000,131.000
488.000,453.000,299.000,123.000
485.000,451.000,290.000,124.000
490.000,451.000,279.000,120.000
491.000,442.000,274.000,118.000
477.000,424.000,272.000,124.000
480.000,397.000,265.000,144.000
458.000,385.000,263.000,154.000
444.000,378.000,249.000,163.000
438.000,388.000,245.000,148.000
420.000,370.000,257.000,163.000
427.000,350.000,246.000,184.000
415.000,361.000,238.000,169.000
415.000,370.000,254.000,158.000
426.000,381.000,240.000,141.000
432.000,390.000,231.000,120.000
446.000,389.000,218.000,113.000
459.000,390.000,210.000,109.000
469.000,392.000,208.000,112.000
477.000,400.000,198.000,108.000
486.000,403.000,187.000,103.000
494.000,391.000,193.000,112.000
498.000,383.000,184.000,118.000
504.872,382.629,180.864,131.796
515.000,360.000,165.000,153.000
522.000,353.000,167.000,163.000
544.000,347.000,148.000,167.000
558.944,359.554,148.138,161.859
588.000,350.000,116.000,157.000
594.000,360.000,113.000,143.000
598.000,367.000,112.000,118.000
614.000,354.000,103.000,116.000
618.000,348.000,129.000,123.000
623.000,343.000,133.000,121.000
629.000,342.000,112.000,123.000
638.000,356.000,119.000,110.000
641.000,364.000,120.000,94.000
646.000,374.000,143.000,84.000
644.000,383.000,156.000,81.000
646.000,377.000,169.000,93.000
643.000,386.000,172.000,73.000
650.000,380.000,168.000,81.000
662.000,380.000,168.000,89.000
673.000,369.000,167.000,92.000
670.000,366.000,173.000,92.000
675.000,357.000,166.000,94.000
676.000,361.000,161.000,97.000
674.259,365.467,167.311,97.361
689.000,367.000,154.000,85.000
694.000,366.000,140.000,92.000
697.000,364.000,128.000,91.000
702.000,370.000,116.000,82.000
702.000,373.000,110.000,81.000
699.000,367.000,99.000,84.000
694.000,361.000,95.000,87.000
687.852,356.983,92.250,90.106
681.000,356.000,78.000,90.000
671.560,355.422,85.711,89.287
657.000,351.000,91.000,90.000
629.000,344.000,109.000,102.000
609.000,342.000,118.000,99.000
588.000,373.000,107.000,79.000
567.000,382.000,87.000,68.000
554.000,386.000,80.000,65.000
538.000,384.000,87.000,67.000
531.000,390.000,77.000,64.000
517.000,388.000,84.000,68.000
507.000,390.000,84.000,61.000
503.000,383.000,83.000,57.000
496.000,379.000,86.000,67.000
487.000,372.000,87.000,73.000
489.000,371.000,86.000,79.000
492.000,366.000,96.000,85.000
489.000,371.000,81.000,67.000
492.000,375.000,79.000,69.000
489.000,380.000,88.000,72.000
497.000,391.000,93.000,67.000
506.000,398.000,89.000,59.000
510.000,398.000,83.000,59.000
514.000,397.000,78.000,56.000
524.000,392.000,74.000,56.000
537.000,388.000,71.000,64.000
545.000,385.000,72.000,62.000
558.000,384.000,69.000,63.000
568.000,385.000,72.000,59.000
577.000,385.000,67.000,52.000
615.000,389.000,66.000,65.000
613.724,384.894,67.502,67.028
603.000,385.000,94.000,74.000
651.000,385.000,85.000,81.000
664.000,382.000,100.000,88.000
663.000,382.000,108.000,89.000
664.000,383.000,123.000,90.000
662.000,380.000,155.000,95.000
628.000,378.000,190.000,93.000
611.000,380.000,203.000,92.000
607.000,381.000,209.000,84.000
605.000,382.000,212.000,85.000
608.000,381.000,207.000,84.000
599.000,381.000,213.000,83.000
601.000,380.000,213.000,86.000
602.000,381.000,209.000,83.000
604.000,383.000,207.000,82.000
601.000,383.000,209.000,83.000
597.000,377.000,206.000,82.000
588.000,362.000,212.000,99.000
584.000,351.000,197.000,111.000
582.000,352.000,188.000,110.000
585.000,353.000,181.000,103.000
561.000,338.000,195.000,116.000
556.000,340.000,184.000,111.000
537.000,335.000,192.000,100.000
525.000,335.000,186.000,99.000
517.000,334.000,173.000,98.000
500.000,335.000,161.000,93.000
490.000,339.000,154.000,88.000
466.000,347.000,152.000,76.000
461.000,357.000,150.000,77.000
455.000,363.000,151.000,72.000
453.184,366.105,143.218,82.655
447.005,368.153,147.646,81.194
441.113,364.887,146.821,86.494
442.781,361.712,151.188,88.447
441.162,360.077,158.903,87.967
441.983,357.891,169.354,89.467
447.609,348.265,175.901,94.738
452.575,342.561,187.183,98.332
451.154,342.693,182.509,99.191
452.787,350.696,178.440,95.761
459.335,359.213,168.780,94.274
462.921,361.448,164.896,90.729
463.653,365.031,160.049,87.107
466.802,367.848,156.069,86.156
471.030,371.644,148.342,88.095
475.680,372.962,144.732,85.135
481.693,372.769,140.011,84.995
494.685,371.528,138.377,85.613
499.870,373.699,137.790,83.571
505.696,373.918,140.396,84.636
512.759,375.338,141.367,84.560
519.247,377.003,142.702,84.538
523.431,378.772,142.682,85.918
531.318,383.627,141.300,87.200
536.299,383.421,143.398,89.634
540.559,386.586,141.237,89.579
544.561,389.563,136.216,85.870
544.953,390.989,136.846,84.247
546.323,393.596,138.118,81.441
545.030,395.684,135.509,80.468
546.395,394.529,133.371,79.103
537.000,395.000,129.000,63.000
544.114,400.413,129.555,79.827
533.000,400.000,134.000,59.000
526.000,400.000,134.000,61.000
521.000,399.000,132.000,60.000
520.000,398.000,129.000,60.000
523.000,397.000,129.000,58.000
523.000,399.000,120.000,58.000
514.000,396.000,137.000,61.000
513.000,396.000,137.000,61.000
512.000,398.000,133.000,60.000
513.000,399.000,133.000,58.000
512.000,398.000,135.000,57.000
512.000,395.000,137.000,62.000
515.000,397.000,140.000,59.000
513.000,397.000,138.000,64.000
517.000,396.000,141.000,63.000
514.000,398.000,139.000,60.000
520.000,396.000,136.000,60.000
515.000,398.000,136.000,59.000
519.000,396.000,136.000,59.000
514.000,398.000,142.000,56.000
522.000,396.000,134.000,59.000
525.000,397.000,133.000,59.000
533.000,396.000,132.000,60.000
531.000,398.000,139.000,61.000
529.000,396.000,137.000,61.000
529.000,392.000,141.000,67.000
523.000,390.000,141.000,71.000
526.000,392.000,137.000,67.000
524.000,389.000,140.000,72.000
522.000,391.000,139.000,74.000
522.000,392.000,146.000,72.000
523.267,394.445,137.057,82.247
533.358,397.891,141.189,82.919
523.000,398.000,140.000,71.000
521.000,397.000,147.000,72.000
523.000,404.000,139.000,68.000
519.000,403.000,139.000,71.000
512.000,398.000,137.000,79.000
510.000,405.000,136.000,69.000
510.000,401.000,135.000,73.000
506.000,398.000,135.000,71.000
507.000,398.000,137.000,70.000
516.000,399.000,138.000,70.000
516.000,387.000,140.000,68.000
509.000,379.000,138.000,68.000
506.000,377.000,144.000,69.000
512.000,373.000,134.000,71.000
507.000,375.000,138.000,71.000
506.000,377.000,133.000,72.000
511.000,380.000,132.000,72.000
511.000,377.000,132.000,77.000
509.000,377.000,141.000,75.000
516.000,377.000,141.000,79.000
524.000,379.000,142.000,76.000
540.000,384.000,135.000,73.000
547.000,391.000,142.000,73.000
557.000,398.000,142.000,73.000
578.000,405.000,135.000,70.000
589.000,409.000,137.000,72.000
598.000,404.000,139.000,71.000
609.000,394.000,139.000,77.000
604.000,388.000,143.000,79.000
602.000,383.000,142.000,81.000
596.837,384.011,139.250,77.224
581.000,378.000,151.000,85.000
577.000,377.000,151.000,87.000
573.000,379.000,151.000,88.000
569.000,379.000,157.000,88.000
563.000,381.000,157.000,88.000
561.000,389.000,157.000,86.000
557.000,396.000,160.000,89.000
557.000,404.000,157.000,89.000
560.000,412.000,159.000,88.000
565.000,415.000,154.000,86.000
555.000,418.000,160.000,82.000
547.000,408.000,156.000,95.000
536.000,415.000,163.000,86.000
530.000,406.000,161.000,95.000
528.000,412.000,156.000,87.000
525.000,403.000,155.000,96.000
514.000,401.000,162.000,94.000
507.000,406.000,159.000,90.000
514.000,408.000,157.000,90.000
511.000,415.000,157.000,85.000
510.000,409.000,155.000,90.000
507.000,416.000,159.000,83.000
506.000,412.000,156.000,89.000
513.000,407.000,163.000,91.000
516.000,411.000,161.000,87.000
521.000,406.000,156.000,90.000
523.000,404.000,160.000,91.000
525.000,397.000,157.000,94.000
525.000,408.000,155.000,79.000
524.000,397.000,159.000,86.000
529.000,392.000,160.000,89.000
529.501,396.496,154.155,87.146
533.106,394.339,156.738,89.618
536.123,390.676,155.268,88.929
542.970,389.505,154.435,87.737
543.721,388.245,154.619,86.896
551.514,386.241,154.877,86.548
559.097,381.715,157.299,86.505
567.459,376.504,155.102,85.382
574.513,372.781,154.577,84.452
582.000,363.000,158.000,87.000
598.475,356.517,156.766,86.892
614.535,345.215,157.280,87.123
624.099,342.187,155.614,87.088
624.034,341.091,153.764,86.626
624.220,343.213,157.157,88.171
626.435,348.054,156.149,88.450
622.098,353.906,154.080,88.582
618.931,355.938,154.615,88.971
611.512,358.800,154.225,88.309
605.164,359.453,151.546,88.010
594.219,356.670,149.242,89.265
584.000,347.000,155.000,97.000
577.310,355.067,155.824,95.530
571.000,344.000,157.000,100.000
563.000,339.000,156.000,96.000
547.000,342.000,158.000,92.000
540.000,339.000,158.000,95.000
545.755,345.498,155.915,96.743
533.000,333.000,156.000,99.000
530.000,338.000,155.000,94.000
525.000,337.000,155.000,96.000
518.000,329.000,156.000,105.000
515.844,335.391,149.460,96.536
513.413,329.204,148.478,97.406
503.000,321.000,160.000,109.000
501.000,317.000,158.000,115.000
499.000,317.000,167.000,116.000
506.000,325.000,165.000,112.000
504.000,331.000,172.000,118.000
504.000,340.000,177.000,118.000
514.000,347.000,176.000,118.000
520.000,350.000,173.000,117.000
525.000,355.000,175.000,118.000
525.000,360.000,175.000,116.000
535.000,369.000,169.000,117.000
537.000,374.000,173.000,123.000
541.000,377.000,172.000,119.000
543.000,371.000,172.000,121.000
537.000,364.000,168.000,122.000
534.000,358.000,164.000,123.000
524.000,351.000,166.000,123.000
511.000,348.000,173.000,123.000
510.000,348.000,173.000,123.000
511.000,351.000,174.000,125.000
513.000,346.000,181.000,129.000
517.000,345.000,180.000,128.000
515.000,340.000,177.000,132.000
516.000,340.000,179.000,132.000
519.000,335.000,180.000,130.000
520.000,341.000,182.000,135.000
527.000,345.000,181.000,125.000
531.000,343.000,180.000,126.000
533.000,344.000,183.000,127.000
535.000,349.000,186.000,131.000
549.796,352.949,172.052,124.279
555.766,356.826,174.948,124.598
562.506,356.303,177.437,125.338
564.438,366.836,180.031,126.233
572.180,369.654,180.833,127.308
581.482,372.091,179.580,125.776
588.136,372.594,174.220,123.902
576.000,368.000,192.000,123.000
585.720,368.628,182.550,121.888
584.082,368.039,176.696,122.133
571.000,359.000,184.000,127.000
572.000,357.000,185.000,126.000
568.000,355.000,191.000,127.000
566.000,349.000,188.000,133.000
555.000,350.000,191.000,124.000
555.000,345.000,189.000,126.000
553.000,346.000,190.000,122.000
554.000,348.000,194.000,129.000
555.000,342.000,194.000,131.000
560.000,341.000,196.000,125.000
555.000,338.000,201.000,126.000
561.000,332.000,197.000,130.000
568.000,327.000,198.000,138.000
568.000,323.000,194.000,140.000
560.000,315.000,197.000,145.000
556.000,320.000,194.000,146.000
553.000,325.000,194.000,134.000
554.000,315.000,198.000,134.000
544.000,315.000,194.000,125.000
537.000,312.000,196.000,127.000
525.000,320.000,205.000,105.000
529.000,321.000,197.000,108.000
523.425,332.499,194.846,115.196
523.373,333.730,186.535,117.965
520.603,335.774,180.894,120.755
529.000,334.000,160.000,114.000
528.000,331.000,157.000,119.000
527.000,330.000,148.000,130.000
528.000,332.000,145.000,133.000
527.000,330.000,145.000,130.000
535.000,336.000,139.000,122.000
537.000,335.000,138.000,126.000
541.000,337.000,132.000,124.000
540.000,332.000,134.000,134.000
542.000,333.000,132.000,135.000
540.000,333.000,138.000,135.000
544.000,335.000,135.000,131.000
541.000,334.000,140.000,130.000
539.000,334.000,149.000,131.000
532.000,335.000,158.000,134.000
529.000,336.000,168.000,141.000
524.000,331.000,174.000,138.000
523.000,335.000,182.000,136.000
519.000,330.000,181.000,135.000
510.000,335.000,193.000,135.000
513.000,339.000,195.000,119.000
506.000,340.000,200.000,117.000
510.000,343.000,190.000,110.000
504.000,342.000,201.000,108.000
503.000,342.000,204.000,106.000
500.000,344.000,207.000,106.000
495.000,346.000,212.000,103.000
496.000,347.000,213.000,105.000
497.000,346.000,211.000,109.000
499.099,354.515,209.897,111.505
495.000,351.000,212.000,107.000
503.000,348.000,204.000,108.000
507.000,352.000,196.000,99.000
509.000,350.000,193.000,97.000
517.000,349.000,192.000,100.000
519.000,348.000,189.000,103.000
526.000,350.000,185.000,101.000
531.000,350.000,184.000,105.000
532.000,348.000,187.000,104.000
536.000,350.000,190.000,102.000
534.000,351.000,196.000,102.000
538.000,351.000,190.000,97.000
542.000,350.000,194.000,99.000
535.000,349.000,199.000,99.000
539.000,347.000,197.000,100.000
536.000,348.000,202.000,96.000
539.000,348.000,200.000,97.000
542.000,345.000,197.000,98.000
541.000,346.000,200.000,100.000
552.000,347.000,189.000,100.000
551.000,346.000,194.000,101.000
552.000,349.000,193.000,99.000
554.000,347.000,191.000,101.000
546.000,345.000,198.000,104.000
551.000,346.000,193.000,101.000
537.000,348.000,206.000,100.000
535.000,349.000,207.000,95.000
533.000,350.000,211.000,94.000
518.000,347.000,220.000,97.000
518.000,343.000,218.000,99.000
517.000,342.000,216.000,101.000
511.431,341.838,215.741,104.695
511.000,338.000,215.000,103.000
506.000,338.000,221.000,102.000
503.000,339.000,222.000,105.000
507.000,337.000,214.000,106.000
501.000,352.000,222.000,94.000
495.000,351.000,228.000,94.000
498.000,355.000,227.000,87.000
502.000,353.000,216.000,92.000
502.000,360.000,212.000,86.000
503.000,350.000,208.000,95.000
503.000,355.000,202.000,91.000
508.000,354.000,201.000,93.000
507.000,359.000,202.000,88.000
511.000,350.000,200.000,97.000
512.000,349.000,200.000,99.000
510.000,350.000,199.000,96.000
520.000,350.000,193.000,99.000
517.000,355.000,195.000,95.000
516.000,352.000,199.000,96.000
518.000,353.000,200.000,95.000
520.000,352.000,198.000,98.000
520.000,350.000,202.000,98.000
519.000,353.000,201.000,98.000
519.000,352.000,201.000,96.000
523.000,353.000,203.000,95.000
527.000,352.000,201.000,98.000
521.000,351.000,205.000,96.000
525.000,347.000,202.000,101.000
534.000,354.000,195.000,95.000
535.000,352.000,201.000,96.000
534.000,348.000,198.000,99.000
535.679,361.341,197.978,96.594
546.562,363.435,199.799,91.824
546.127,362.888,196.278,93.986
546.000,357.000,199.000,92.000
546.000,346.000,202.000,106.000
546.000,351.000,193.000,101.000
545.000,351.000,200.000,100.000
545.000,347.000,199.000,103.000
542.000,354.000,202.000,97.000
543.000,351.000,200.000,101.000
544.000,355.000,202.000,95.000
542.000,353.000,206.000,100.000
539.000,349.000,211.000,103.000
542.000,346.000,201.000,108.000
540.000,352.000,201.000,96.000
545.000,350.000,199.000,97.000
538.000,356.000,208.000,90.000
540.000,357.000,206.000,89.000
541.000,355.000,206.000,92.000
539.000,356.000,204.000,91.000
542.000,356.000,201.000,93.000
542.000,352.000,196.000,97.000
541.902,355.404,200.621,98.620
546.000,351.000,195.000,96.000
540.000,354.000,202.000,93.000
543.000,353.000,200.000,95.000
543.000,353.000,198.000,95.000
540.000,352.000,203.000,96.000
539.945,355.224,199.334,97.481
539.000,348.000,198.000,102.000
541.000,351.000,201.000,99.000
536.000,354.000,197.000,95.000
538.892,359.154,196.430,97.758
536.000,351.000,202.000,101.000
539.000,350.000,196.000,103.000
536.000,351.000,198.000,101.000
536.000,353.000,197.000,100.000
534.000,353.000,204.000,95.000
533.000,356.000,203.000,97.000
533.000,360.000,205.000,89.000
535.000,358.000,205.000,92.000
524.000,357.000,215.000,92.000
519.000,353.000,222.000,97.000
523.000,352.000,212.000,102.000
519.000,354.000,212.000,94.000
515.000,353.000,211.000,93.000
509.000,352.000,215.000,92.000
510.000,350.000,206.000,97.000
512.000,350.000,197.000,98.000
509.000,346.000,196.000,102.000
508.000,342.000,196.000,105.000
506.000,346.000,204.000,102.000
505.000,347.000,201.000,100.000
514.000,349.000,198.000,104.000
509.000,347.000,202.000,107.000
513.000,347.000,200.000,104.000
507.000,353.000,203.000,100.000
501.000,356.000,210.000,98.000
499.000,356.000,212.000,98.000
493.000,356.000,214.000,96.000
486.000,353.000,219.000,100.000
478.000,352.000,225.000,100.000
484.000,347.000,219.000,105.000
471.000,349.000,223.000,100.000
464.124,357.704,219.589,102.341
467.565,341.637,218.837,105.176
454.000,341.000,218.000,112.000
451.000,336.000,214.000,116.000
447.000,341.000,214.000,109.000
453.000,338.000,200.000,116.000
455.000,343.000,192.000,112.000
455.000,350.000,184.000,112.000
460.000,354.000,180.000,101.000
469.000,340.000,176.000,111.000
473.000,329.000,176.000,107.000
476.000,330.000,172.000,103.000
479.000,319.000,167.000,105.000
482.000,313.000,166.000,110.000
486.000,315.000,167.000,106.000
492.000,311.000,162.000,102.000
498.000,303.000,162.000,99.000
508.000,302.000,154.000,91.000
513.000,294.000,145.000,99.000
516.000,284.000,133.000,104.000
519.000,280.000,122.000,104.000
521.000,277.000,114.000,101.000
522.000,276.000,99.000,104.000
512.000,281.000,101.000,89.000
510.000,286.000,94.000,85.000
504.000,297.000,100.000,86.000
498.000,302.000,105.000,91.000
492.000,307.000,108.000,93.000
484.000,316.000,113.000,94.000
476.000,322.000,125.000,95.000
466.000,327.000,141.000,93.000
444.000,329.000,167.000,91.000
444.243,331.304,159.887,86.495
434.459,335.922,159.346,83.846
421.060,337.261,162.266,81.208
410.840,337.510,162.665,79.852
389.000,334.000,164.000,86.000
381.000,334.000,169.000,84.000
376.000,334.000,160.000,85.000
384.000,332.000,151.000,81.000
392.000,330.000,143.000,82.000
391.000,332.000,144.000,78.000
396.000,332.000,137.000,76.000
400.000,332.000,132.000,78.000
409.000,332.000,129.000,82.000
420.000,332.000,123.000,81.000
441.000,332.000,111.000,80.000
456.000,332.000,105.000,89.000
463.000,329.000,108.000,87.000
463.000,326.000,115.000,88.000
482.269,333.034,119.514,86.353
487.660,340.112,112.488,81.446
513.390,337.426,117.580,82.852
519.774,335.227,109.965,81.683
535.564,343.113,112.891,77.158
539.285,333.280,111.968,81.541
551.819,342.045,115.547,77.446
568.319,327.988,116.760,78.679
562.000,337.000,110.000,75.000
565.000,327.000,113.000,79.000
566.000,327.000,112.000,78.000
569.000,329.000,110.000,79.000
568.000,327.000,115.000,82.000
563.000,329.000,119.000,78.000
568.555,335.062,119.354,80.222
571.000,332.000,110.000,79.000
569.000,330.000,110.000,79.000
560.000,332.000,117.000,74.000
562.000,333.000,114.000,73.000
563.000,331.000,114.000,74.000
560.000,330.000,116.000,77.000
553.000,330.000,117.000,75.000
554.000,328.000,114.000,77.000
551.000,328.000,114.000,77.000
546.000,328.000,118.000,78.000
546.000,328.000,118.000,77.000
548.000,329.000,114.000,78.000
540.000,326.000,119.000,79.000
534.000,329.000,128.000,77.000
533.000,329.000,124.000,79.000
532.000,326.000,127.000,82.000
533.000,328.000,127.000,82.000
528.000,326.000,131.000,81.000
530.000,326.000,132.000,83.000
529.000,326.000,128.000,77.000
527.000,324.000,133.000,82.000
527.000,325.000,130.000,82.000
534.000,324.000,125.000,86.000
526.000,325.000,134.000,83.000
532.000,323.000,133.000,84.000
537.000,325.000,129.000,83.000
536.000,327.000,133.000,79.000
539.000,326.000,134.000,84.000
545.000,329.000,133.000,81.000
550.000,329.000,134.000,85.000
546.000,332.000,140.000,81.000
545.829,335.678,146.207,80.916
545.902,337.212,147.934,81.213
549.000,334.000,150.000,82.000
551.000,334.000,155.000,81.000
545.000,337.000,156.000,79.000
547.000,341.000,155.000,74.000
551.000,338.000,157.000,79.000
548.000,336.000,164.000,78.000
541.000,335.000,173.000,78.000
543.000,331.000,169.000,79.000
541.000,329.000,166.000,80.000
540.000,329.000,168.000,77.000
539.000,327.000,164.000,79.000
539.000,329.000,165.000,74.000
538.000,323.000,163.000,80.000
533.000,322.000,162.000,81.000
534.000,320.000,156.000,83.000
532.000,319.000,160.000,81.000
535.000,319.000,153.000,80.000
534.000,323.000,153.000,79.000
527.000,319.000,163.000,83.000
532.000,320.000,158.000,83.000
530.000,319.000,162.000,87.000
529.000,321.000,165.000,82.000
527.000,323.000,168.000,81.000
532.000,322.000,163.000,84.000
531.000,323.000,159.000,84.000
529.000,324.000,163.000,82.000
534.000,325.000,161.000,82.000
534.000,323.000,161.000,87.000
536.000,316.000,154.000,94.000
527.000,305.000,163.000,106.000
529.181,313.502,155.848,101.257
534.750,315.325,161.117,101.231
538.324,316.309,145.831,98.473
541.090,318.493,153.531,97.467
539.330,321.432,143.444,94.659
541.000,332.000,153.000,81.000
545.408,334.253,150.035,80.663
546.000,334.000,148.000,77.000
544.000,336.000,147.000,79.000
544.000,334.000,151.000,78.000
543.000,333.000,153.000,81.000
541.042,335.078,154.553,79.035
540.997,334.776,155.930,77.789
539.662,332.900,149.528,77.108
536.809,332.235,154.086,78.623
536.775,330.974,158.414,80.016
540.000,326.000,153.000,82.000
538.000,326.000,156.000,78.000
541.000,327.000,148.000,80.000
538.000,325.000,154.000,82.000
535.307,323.880,154.234,81.170
537.348,327.754,158.241,82.790
539.000,324.000,155.000,86.000
536.000,325.000,156.000,84.000
542.000,329.000,146.000,81.000
546.000,324.000,145.000,85.000
547.000,330.000,147.000,80.000
544.000,328.000,147.000,81.000
551.000,326.000,147.000,84.000
553.000,324.000,149.000,87.000
551.000,324.000,152.000,88.000
557.520,325.723,151.753,88.984
561.717,325.358,146.592,87.063
561.368,326.374,145.104,88.087
561.978,326.995,144.070,88.324
564.000,316.000,137.000,98.000
560.000,319.000,130.000,98.000
560.000,323.000,138.000,95.000
565.000,330.000,148.000,89.000
563.000,329.000,150.000,89.000
559.000,328.000,149.000,93.000
558.000,328.000,148.000,91.000
553.000,327.000,154.000,88.000
564.000,334.000,146.000,82.000
565.000,333.000,130.000,80.000
558.000,337.000,137.000,75.000
537.000,333.000,149.000,78.000
532.000,329.000,154.000,81.000
529.000,321.000,163.000,91.000
530.000,315.000,167.000,96.000
527.000,316.000,194.000,98.000
523.000,313.000,190.000,98.000
509.000,303.000,197.000,108.000
505.000,304.000,196.000,111.000
493.000,304.000,208.000,107.000
489.000,295.000,208.000,114.000
483.000,304.000,197.000,107.000
492.000,306.000,175.000,104.000
474.000,302.000,186.000,107.000
465.000,309.000,195.000,107.000
462.000,312.000,188.000,102.000
459.000,313.000,197.000,104.000
454.000,316.000,219.000,107.000
451.000,325.000,217.000,99.000
443.940,335.705,204.436,94.554
438.533,335.787,201.758,96.776
430.317,338.165,187.926,98.910
422.000,318.000,221.000,115.000
425.000,317.000,218.000,116.000
414.664,317.361,212.898,117.604
412.682,316.026,220.405,121.316
407.581,316.802,211.310,127.483
406.313,315.985,218.048,132.879
401.428,316.027,208.976,134.039
399.715,321.113,194.286,130.935
405.145,331.726,200.491,122.164
405.389,335.319,209.783,118.466
403.701,327.254,210.514,125.900
401.561,334.769,209.811,127.728
398.000,341.000,188.000,121.000
435.000,341.000,157.000,126.000
434.000,350.000,162.000,106.000
444.000,365.000,158.000,97.000
438.000,367.000,160.000,96.000
450.000,364.000,146.000,97.000
427.000,357.000,165.000,103.000
416.000,362.000,171.000,102.000
397.000,363.000,193.000,102.000
349.000,370.000,225.000,114.000
355.000,372.000,223.000,125.000
340.000,378.000,221.000,126.000
322.000,379.000,213.000,130.000
301.000,383.000,215.000,132.000
296.000,385.000,213.000,134.000
294.000,388.000,210.000,129.000
289.000,390.000,215.000,128.000
292.639,402.932,221.098,119.849
293.480,402.547,213.288,114.666
290.537,411.346,210.486,120.119
287.098,423.042,207.643,118.383
302.000,421.000,183.000,101.000
312.000,418.000,161.000,97.000
309.934,410.659,167.907,97.213
312.241,404.912,163.370,105.459
324.382,392.733,174.451,105.749
343.972,394.376,180.519,100.263
368.196,381.497,169.387,96.169
387.305,378.474,142.979,90.589
411.698,368.984,126.332,89.746
442.997,355.751,114.140,91.063
470.956,336.102,96.086,97.970
487.484,320.981,80.924,104.470
504.260,315.144,80.587,108.036
514.330,309.063,79.456,112.093
524.285,312.192,77.689,121.068
536.672,304.840,87.109,119.330
542.814,304.099,95.430,125.800
546.777,313.912,103.382,126.395
579.968,289.475,107.263,121.824
574.154,313.521,115.971,123.376
566.000,319.000,128.000,109.000
569.727,324.750,137.371,106.359
595.000,322.000,157.000,102.000
603.369,319.696,172.327,105.587
606.456,319.864,183.580,102.912
602.679,324.525,185.098,104.009
613.178,326.156,185.883,104.644
622.102,322.535,173.032,103.406
626.782,327.186,170.073,97.191
628.278,330.544,155.441,89.094
635.688,337.748,149.472,85.407
640.362,343.989,147.697,80.111
647.202,349.703,146.460,79.366
642.773,356.312,146.389,76.646
660.946,360.847,144.183,81.070
660.271,362.981,149.609,79.166
668.371,356.441,147.665,80.330
662.273,352.748,150.929,82.113
657.919,346.464,157.130,84.383
649.209,332.976,156.436,83.033
633.000,332.000,171.000,91.000
620.368,333.551,176.052,89.397
607.814,331.622,169.199,92.647
598.042,330.085,174.054,95.475
591.183,325.958,173.983,98.363
586.866,317.750,182.475,98.801
584.874,310.248,186.962,106.204
564.000,303.000,188.000,124.000
558.239,303.847,189.121,125.387
560.000,297.000,161.000,132.000
552.000,296.000,154.000,131.000
543.000,294.000,159.000,128.000
534.000,290.000,170.000,140.000
537.624,289.457,179.997,151.271
538.162,283.715,182.160,156.352
538.577,274.538,183.506,164.321
536.000,270.000,194.000,187.000
537.000,271.000,189.000,196.000
541.400,277.503,186.365,180.670
540.048,290.729,189.234,173.109
538.593,304.596,192.314,158.284
536.774,315.641,192.064,152.549
537.000,339.000,187.000,130.000
529.000,354.000,195.000,112.000
532.000,358.000,190.000,108.000
513.000,363.000,200.000,97.000
503.000,359.000,212.000,101.000
493.000,355.000,222.000,102.000
489.000,350.000,224.000,103.000
483.749,347.512,226.728,104.048
488.000,338.000,227.000,104.000
490.000,325.000,225.000,113.000
488.000,308.000,231.000,123.000
490.000,302.000,228.000,120.000
497.000,293.000,214.000,131.000
503.000,285.000,209.000,141.000
504.000,284.000,206.000,140.000
502.000,282.000,204.000,151.000
498.000,281.000,204.000,156.000
486.000,286.000,213.000,143.000
485.000,287.000,209.000,133.000
498.000,300.000,190.000,117.000
505.000,310.000,176.000,107.000
505.000,320.000,160.000,93.000
511.298,320.604,148.795,101.414
515.202,318.276,127.991,109.347
510.000,323.000,116.000,91.000
515.000,320.000,122.000,92.000
505.000,322.000,135.000,96.000
513.000,321.000,138.000,99.000
513.000,320.000,150.000,103.000
502.000,313.000,178.000,107.000
489.647,325.051,188.275,100.268
482.000,333.000,203.000,95.000
470.000,343.000,195.000,82.000
465.000,347.000,169.000,82.000
461.000,349.000,161.000,73.000
452.000,345.000,155.000,72.000
449.000,338.000,137.000,76.000
447.000,324.000,133.000,88.000
443.000,317.000,134.000,96.000
436.000,311.000,136.000,107.000
435.000,310.000,143.000,107.000
432.000,302.000,142.000,119.000
424.000,303.000,141.000,124.000
433.000,301.000,132.000,119.000
439.000,302.000,134.000,103.000
437.000,305.000,130.000,99.000
449.000,302.000,122.000,108.000
467.000,296.000,107.000,118.000
473.000,283.000,108.000,136.000
490.000,291.000,100.000,142.000
507.000,317.000,105.000,123.000
535.000,325.000,102.000,107.000
554.000,337.000,110.000,88.000
568.000,341.000,123.000,75.000
587.000,340.000,126.000,76.000
605.000,339.000,122.000,80.000
618.000,338.000,125.000,82.000
645.000,341.000,125.000,87.000
672.000,345.000,124.000,84.000
694.000,342.000,128.000,94.000
701.000,349.000,139.000,91.000
706.000,350.000,154.000,90.000
720.550,351.876,154.161,96.587
726.000,350.000,162.000,102.000
738.000,346.000,157.000,113.000
741.000,348.000,165.000,119.000
737.000,351.000,162.000,117.000
732.000,348.000,152.000,127.000
722.000,344.000,150.000,127.000
717.000,350.000,144.000,118.000
707.000,357.000,135.000,115.000
697.000,355.000,136.000,118.000
691.000,362.000,138.000,110.000
680.000,366.000,142.000,106.000
672.000,363.000,144.000,109.000
667.000,363.000,143.000,110.000
660.000,365.000,142.000,110.000
641.000,373.000,156.000,103.000
640.000,382.000,154.000,100.000
643.000,383.000,155.000,105.000
633.000,386.000,153.000,105.000
628.000,385.000,151.000,109.000
625.000,385.000,150.000,109.000
620.000,382.000,150.000,112.000
616.000,387.000,151.000,107.000
619.000,383.000,151.000,110.000
613.000,379.000,155.000,110.000
610.000,378.000,157.000,112.000
614.000,378.000,156.000,107.000
615.000,373.000,154.000,111.000
612.000,374.000,153.000,112.000
616.000,372.000,154.000,111.000
618.000,369.000,153.000,110.000
614.000,366.000,150.000,112.000
618.496,367.417,147.146,105.098
610.000,364.000,163.000,115.000
607.000,365.000,163.000,112.000
611.000,367.000,153.000,108.000
608.000,364.000,162.000,108.000
613.000,363.000,153.000,112.000
611.000,369.000,151.000,106.000
608.000,367.000,154.000,110.000
602.000,368.000,165.000,108.000
600.000,365.000,158.000,111.000
595.000,367.000,163.000,105.000
598.000,365.000,162.000,105.000
599.000,367.000,160.000,103.000
600.000,370.000,157.000,104.000
603.000,369.000,154.000,105.000
599.000,373.000,155.000,100.000
602.000,371.000,154.000,104.000
593.000,376.000,161.000,94.000
593.000,376.000,157.000,96.000
593.000,374.000,156.000,102.000
594.000,376.000,157.000,99.000
595.000,378.000,154.000,97.000
601.000,381.000,147.000,99.000
597.000,377.000,150.000,102.000
600.000,376.000,147.000,100.000
603.000,379.000,152.000,99.000
600.000,383.000,150.000,93.000
600.000,385.000,151.000,92.000
606.000,392.000,146.000,91.000
608.000,395.000,142.000,90.000
595.000,394.000,151.000,94.000
606.000,396.000,145.000,91.000
608.423,398.192,139.991,84.525
607.838,400.009,138.989,80.774
589.000,398.000,154.000,90.000
593.000,398.000,148.000,89.000
593.000,398.000,148.000,88.000
596.000,398.000,148.000,88.000
593.000,397.000,147.000,91.000
591.000,397.000,149.000,91.000
598.000,397.000,143.000,89.000
592.000,396.000,149.000,90.000
584.000,396.000,154.000,89.000
589.000,393.000,147.000,93.000
592.000,392.000,149.000,90.000
591.000,391.000,148.000,92.000
592.000,391.000,147.000,89.000
590.000,391.000,154.000,89.000
593.000,392.000,155.000,89.000
601.000,389.000,146.000,95.000
601.000,391.000,150.000,91.000
601.000,389.000,151.000,90.000
603.000,380.000,152.000,97.000
602.000,370.000,154.000,107.000
606.000,361.000,152.000,121.000
609.000,356.000,154.000,117.000
605.000,340.000,150.000,122.000
600.000,333.000,141.000,124.000
592.000,322.000,138.000,128.000
586.000,319.000,132.000,129.000
583.000,315.000,126.000,129.000
575.000,315.000,126.000,125.000
560.000,321.000,131.000,121.000
552.000,325.000,126.000,107.000
528.564,332.353,129.251,107.945
516.276,340.473,117.998,117.749
519.000,307.000,104.000,142.000
522.000,323.000,83.000,126.000
521.000,351.000,82.000,109.000
526.000,363.000,83.000,97.000
530.000,380.000,82.000,83.000
509.000,383.000,100.000,80.000
482.000,374.000,123.000,87.000
472.000,372.000,124.000,90.000
490.000,374.000,116.000,89.000
429.000,384.000,89.000,93.000
417.000,388.000,90.000,95.000
416.000,401.000,81.000,85.000
409.000,405.000,82.000,85.000
401.000,410.000,86.000,81.000
411.000,410.000,98.000,84.000
466.000,396.000,115.000,94.000
441.000,395.000,137.000,117.000
434.000,404.000,171.000,109.000
422.000,406.000,185.000,114.000
395.000,405.000,208.000,123.000
389.000,408.000,211.000,126.000
386.000,412.000,208.000,131.000
388.000,420.000,216.000,135.000
382.000,416.000,215.000,143.000
382.000,430.000,220.000,135.000
391.000,430.000,216.000,132.000
394.000,431.000,214.000,128.000
395.000,452.000,185.000,111.000
401.000,451.000,168.000,105.000
406.000,455.000,181.000,104.000
406.558,467.457,161.343,106.442
404.769,471.284,157.093,114.988
405.097,478.956,153.349,121.520
398.011,479.848,137.981,121.111
397.730,478.375,126.025,115.277
403.884,475.103,119.189,108.620
400.181,471.395,133.119,109.418
414.000,444.000,227.000,132.000
394.713,436.985,222.931,133.573
468.000,417.000,236.000,145.000
463.000,409.000,252.000,160.000
434.581,421.083,269.480,152.711
409.281,424.409,286.808,150.406
373.000,414.000,340.000,151.000
346.063,423.309,337.870,149.889
341.257,433.040,341.021,152.146
332.909,437.659,349.103,147.203
322.893,442.766,343.448,140.822
316.000,439.000,325.000,144.000
320.221,445.154,327.567,138.987
318.000,434.000,239.000,144.000
413.000,407.000,258.000,157.000
363.000,397.000,303.000,163.000
342.478,412.147,312.548,155.425
317.151,418.546,334.408,153.021
296.926,419.558,347.511,149.772
289.033,421.845,361.608,145.976
289.000,407.000,359.000,147.000
293.972,422.706,377.907,141.140
303.158,419.218,353.945,151.589
312.502,417.699,363.842,150.612
320.000,407.000,355.000,167.000
331.431,425.791,358.726,169.493
343.000,399.000,338.000,183.000
347.000,395.000,317.000,197.000
361.000,402.000,315.000,193.000
375.000,402.000,301.000,202.000
363.000,390.000,324.000,207.000
345.000,395.000,342.000,203.000
338.000,400.000,348.000,179.000
335.000,386.000,346.000,190.000
336.000,395.000,326.000,171.000
319.000,395.000,324.000,162.000
317.000,397.000,337.000,153.000
313.000,384.000,362.000,160.000
315.000,372.000,364.000,171.000
330.000,362.000,351.000,179.000
320.000,355.000,349.000,180.000
316.000,352.000,355.000,180.000
310.000,351.000,370.000,187.000
309.000,356.000,384.000,185.000
317.000,358.000,367.000,175.000
347.000,348.000,348.000,187.000
371.000,345.000,341.000,178.000
375.000,335.000,353.000,180.000
395.000,336.000,335.000,175.000
413.000,334.000,338.000,158.000
421.000,318.000,323.000,155.000
411.000,331.000,325.000,154.000
437.000,343.000,317.000,148.000
422.000,349.000,310.000,153.000
418.000,356.000,302.000,154.000
427.000,364.000,284.000,145.000
448.000,361.000,276.000,133.000
450.542,356.531,262.539,138.668
450.855,365.789,260.146,135.313
437.000,370.000,241.000,128.000
442.000,370.000,248.000,122.000
456.000,366.000,245.000,127.000
473.000,363.000,248.000,124.000
465.000,364.000,257.000,130.000
472.000,371.000,267.000,132.000
477.000,386.000,266.000,133.000
485.000,400.000,270.000,131.000
491.000,412.000,267.000,129.000
489.000,429.000,255.000,126.000
501.000,427.000,240.000,125.000
510.000,423.000,232.000,131.000
517.000,418.000,227.000,123.000
515.000,414.000,224.000,123.000
526.000,403.000,216.000,124.000
540.000,393.000,209.000,126.000
538.000,388.000,210.000,129.000
546.000,381.000,198.000,135.000
548.000,381.000,197.000,137.000
555.000,370.000,202.000,147.000
567.000,360.000,188.000,154.000
564.000,355.000,186.000,155.000
564.000,351.000,186.000,158.000
571.000,343.000,181.000,163.000
575.000,335.000,184.000,167.000
581.000,326.000,173.000,179.000
581.000,324.000,171.000,183.000
584.000,325.000,170.000,185.000
596.000,320.000,167.000,191.000
607.000,320.000,158.000,190.000
616.728,338.049,156.118,172.511
611.000,322.000,158.000,205.000
615.000,330.000,154.000,204.000
616.000,337.000,153.000,208.000
619.000,341.000,154.000,208.000
622.000,345.000,148.000,210.000
618.000,359.000,140.000,202.000
610.000,363.000,145.000,197.000
609.000,369.000,148.000,188.000
612.000,372.000,153.000,188.000
613.000,377.000,152.000,191.000
622.000,379.000,142.000,189.000
640.000,372.000,127.000,205.000
652.000,376.000,109.000,197.000
653.000,374.000,100.000,197.000
652.000,367.000,99.000,206.000
649.000,366.000,101.000,212.000
648.000,366.000,99.000,211.000
642.000,366.000,100.000,215.000
641.000,364.000,96.000,219.000
636.000,368.000,97.000,216.000
628.000,369.000,104.000,218.000
622.000,370.000,104.000,214.000
618.000,377.000,110.000,211.000
613.000,381.000,110.000,208.000
611.000,390.000,102.000,199.000
609.000,390.000,111.000,201.000
607.000,394.000,112.000,199.000
608.000,396.000,105.000,196.000
604.000,397.000,106.000,194.000
603.000,404.000,101.000,190.000
597.000,398.000,103.000,191.000
594.525,410.396,105.198,181.877
588.516,407.478,105.739,186.041
585.673,409.573,105.957,182.009
588.404,403.737,101.830,189.538
589.454,402.527,98.262,196.182
588.867,399.971,96.341,199.432
587.311,401.812,95.211,193.345
586.000,396.000,106.000,201.000
591.979,404.204,99.050,198.645
591.530,406.042,90.212,195.094
587.000,409.000,95.000,200.000
581.252,416.919,99.036,192.578
577.000,414.000,98.000,194.000
583.000,409.000,96.000,196.000
580.000,413.000,84.000,178.000
572.112,413.754,89.899,176.956
582.000,417.000,88.000,162.000
585.000,412.000,99.000,180.000
573.000,405.000,96.000,172.000
566.000,397.000,101.000,176.000
577.000,396.000,97.000,181.000
577.000,390.000,102.000,178.000
567.000,386.000,113.000,185.000
572.749,398.814,110.174,185.660
571.000,387.000,114.000,179.000
570.000,385.000,115.000,179.000
567.000,388.000,109.000,176.000
570.000,391.000,113.000,176.000
573.000,390.000,118.000,174.000
572.000,387.000,121.000,190.000
571.798,398.379,127.219,197.776
566.000,390.000,134.000,190.000
566.664,401.725,128.496,192.046
560.000,394.000,144.000,192.000
560.000,390.000,147.000,195.000
558.000,396.000,143.000,187.000
555.000,394.000,143.000,187.000
552.000,397.000,154.000,186.000
549.000,391.000,155.000,191.000
546.000,394.000,149.000,186.000
543.000,395.000,157.000,185.000
542.000,393.000,155.000,183.000
538.000,391.000,161.000,185.000
531.000,398.000,167.000,174.000
531.000,392.000,159.000,183.000
527.000,391.000,163.000,181.000
525.000,393.000,163.000,187.000
528.000,394.000,168.000,181.000
526.000,395.000,169.000,181.000
524.000,393.000,166.000,186.000
523.000,394.000,167.000,183.000
519.000,394.000,161.000,187.000
519.000,393.000,158.000,189.000
521.000,398.000,152.000,184.000
515.000,395.000,172.000,193.000
514.000,399.000,168.000,193.000
509.000,403.000,167.000,190.000
504.000,402.000,169.000,194.000
505.000,403.000,167.000,190.000
504.000,404.000,166.000,184.000
502.000,401.000,163.000,191.000
498.000,401.000,168.000,193.000
495.000,406.000,168.000,188.000
502.000,404.000,156.000,186.000
501.816,420.147,163.154,175.106
498.554,418.462,167.122,182.183
498.773,415.781,169.092,184.584
497.602,411.343,171.564,180.335
495.348,411.440,168.561,176.507
494.028,409.424,169.619,179.888
498.961,408.330,167.670,179.335
497.274,408.516,169.872,179.652
497.982,408.758,167.805,180.495
498.253,409.191,169.029,182.518
503.780,406.717,169.620,182.972
503.330,406.126,169.328,181.753
498.949,406.345,169.682,181.437
499.635,406.139,168.540,180.864
499.710,406.232,168.143,181.686
502.031,405.905,168.357,182.919
501.762,405.676,168.958,183.709
499.607,404.714,169.465,184.041
499.619,404.287,170.759,183.209
497.392,404.235,169.316,182.872
502.563,402.166,171.271,185.181
499.872,400.258,171.271,184.062
500.852,399.849,171.612,186.341
503.305,399.311,171.860,187.905
506.908,398.858,170.560,188.290
508.765,399.179,170.809,186.219
509.900,398.491,171.080,186.144
504.000,378.000,170.000,186.000
508.218,393.822,171.320,176.929
503.851,392.758,173.486,179.110
507.873,387.491,171.920,184.718
505.009,384.513,173.413,184.195
506.978,389.141,168.329,177.768
504.000,365.000,166.000,182.000
499.000,360.000,169.000,182.000
484.000,362.000,171.000,184.000
470.000,367.000,177.000,186.000
473.734,386.022,175.542,179.058
466.000,370.000,180.000,180.000
465.003,390.198,181.252,182.065
459.674,395.552,179.356,185.857
452.385,395.730,178.792,187.009
439.484,392.706,182.032,192.274
427.424,388.533,185.261,193.698
407.000,362.000,183.000,187.000
393.000,363.000,183.000,181.000
381.000,348.000,186.000,190.000
374.000,339.000,184.000,189.000
362.000,326.000,188.000,198.000
358.000,318.000,183.000,192.000
365.000,311.000,175.000,188.000
365.000,305.000,169.000,191.000
359.000,302.000,170.000,182.000
346.000,313.000,176.000,181.000
332.000,322.000,176.000,181.000
319.000,334.000,184.000,179.000
315.000,339.000,184.000,182.000
307.000,344.000,186.000,178.000
311.000,349.000,181.000,175.000
317.000,350.000,181.000,176.000
310.000,349.000,187.000,179.000
313.000,358.000,185.000,171.000
324.000,358.000,190.000,168.000
340.000,352.000,183.000,166.000
353.983,354.814,178.424,156.111
345.970,350.222,183.252,157.337
338.000,343.000,184.000,171.000
346.880,357.717,182.690,164.035
348.761,352.663,177.688,166.673
349.598,355.197,179.522,169.629
344.642,355.842,177.503,168.595
350.189,349.398,176.760,171.443
350.875,343.223,177.245,168.643
347.544,338.882,177.710,169.307
345.901,330.825,177.120,170.081
344.664,323.142,179.969,171.585
341.481,317.401,180.322,170.306
333.805,313.594,181.530,170.398
319.400,320.921,183.648,170.932
318.949,331.998,183.003,164.906
327.199,324.314,180.620,169.742
320.273,323.013,182.841,167.833
311.741,319.412,183.130,169.363
298.342,319.725,182.135,169.530
291.711,322.277,180.473,168.951
297.296,329.233,183.620,170.268
306.793,338.010,183.632,171.112
317.219,347.440,184.086,169.359
329.172,354.101,182.122,166.718
329.415,360.845,186.086,166.196
333.780,362.242,185.514,166.412
332.000,349.000,190.000,163.000
342.920,354.867,189.035,162.233
334.069,350.719,190.236,162.259
335.627,346.965,187.965,162.272
342.328,344.850,188.831,162.300
344.000,336.000,197.000,165.000
362.316,340.304,188.547,162.108
359.000,331.000,191.000,163.000
370.042,336.335,187.887,162.903
376.000,320.000,191.000,167.000
394.659,322.250,188.940,163.789
399.408,319.849,186.649,161.308
406.836,321.983,188.036,161.510
394.000,320.000,201.000,172.000
395.995,336.072,192.826,163.225
397.000,321.000,191.000,178.000
403.000,322.000,200.000,168.000
413.000,318.000,190.000,175.000
402.000,327.000,191.000,174.000
396.000,335.000,191.000,174.000
408.000,331.000,199.000,175.000
413.000,327.000,192.000,170.000
405.000,330.000,203.000,175.000
411.000,327.000,193.000,171.000
412.000,323.000,198.000,172.000
418.000,321.000,198.000,172.000
426.000,312.000,197.000,174.000
433.000,308.000,201.000,174.000
438.000,304.000,210.000,176.000
437.000,297.000,209.000,176.000
439.000,297.000,206.000,175.000
442.000,297.000,213.000,170.000
440.000,295.000,215.000,169.000
447.000,291.000,214.000,176.000
455.000,297.000,212.000,173.000
450.000,296.000,211.000,171.000
445.000,302.000,208.000,174.000
449.745,315.702,203.962,165.272
445.000,307.000,212.000,179.000
440.000,314.000,212.000,169.000
441.000,315.000,218.000,182.000
439.000,317.000,216.000,187.000
443.000,322.000,206.000,180.000
442.000,324.000,206.000,180.000
450.000,324.000,207.000,182.000
441.000,324.000,214.000,183.000
438.000,326.000,206.000,178.000
446.000,334.000,207.000,175.000
441.000,332.000,213.000,175.000
436.000,335.000,219.000,173.000
434.000,334.000,216.000,173.000
432.000,329.000,218.000,181.000
441.000,333.000,206.000,179.000
438.000,331.000,213.000,183.000
444.000,336.000,209.000,181.000
441.000,338.000,211.000,172.000
444.000,335.000,217.000,177.000
438.000,334.000,220.000,179.000
450.000,330.000,202.000,182.000
448.000,335.000,206.000,177.000
457.000,339.000,199.000,178.000
447.000,334.000,208.000,177.000
443.000,337.000,221.000,179.000
442.000,338.000,213.000,171.000
443.000,337.000,213.000,176.000
438.000,333.000,216.000,179.000
428.000,327.000,219.000,183.000
418.000,329.000,224.000,171.000
401.000,330.000,230.000,163.000
389.417,340.647,238.450,149.229
379.000,339.000,245.000,148.000
364.000,347.000,250.000,143.000
358.000,352.000,240.000,138.000
343.000,351.000,250.000,154.000
335.000,340.000,256.000,179.000
337.000,330.000,219.000,203.000
339.000,326.000,215.000,220.000
369.000,326.000,186.000,223.000
340.000,328.000,190.000,240.000
333.000,323.000,169.000,262.000
329.000,328.000,159.000,256.000
303.000,345.000,189.000,235.000
286.000,364.000,220.000,221.000
260.000,398.000,256.000,201.000
248.000,408.000,283.000,215.000
232.000,422.000,313.000,231.000
220.000,414.000,342.000,281.000
179.000,415.000,386.000,297.000
140.000,424.000,410.000,296.000
135.000,425.000,413.000,308.000
132.000,423.000,456.000,313.000
135.000,417.000,470.000,305.000
127.000,434.000,481.000,289.000
166.000,453.000,452.000,276.000
191.000,476.000,446.000,247.000
220.000,482.000,453.000,245.000
223.000,480.000,478.000,245.000
239.000,486.000,496.000,244.000
230.000,484.000,526.000,251.000
261.000,459.000,533.000,274.000
275.000,453.000,549.000,282.000
319.500,467.055,527.295,260.129
344.604,458.142,532.969,261.028
369.093,464.321,540.500,255.617
378.209,470.304,550.118,253.549
316.000,458.000,643.000,253.000
270.000,465.000,659.000,245.000
261.000,492.000,678.000,229.000
258.000,500.000,699.000,219.000
236.000,477.000,749.000,241.000
228.000,453.000,768.000,242.000
222.000,395.000,793.000,235.000
216.000,363.000,768.000,244.000
216.000,340.000,748.000,236.000
225.000,315.000,736.000,253.000
213.000,294.000,721.000,258.000
233.000,270.000,729.000,269.000
251.000,244.000,702.000,297.000
224.000,226.000,715.000,304.000
235.000,222.000,685.000,269.000
269.158,195.632,650.092,301.731
244.983,181.541,658.485,306.959
278.331,176.661,631.710,320.740
308.402,169.169,606.802,328.334
334.943,169.799,586.384,355.460
352.135,180.105,567.178,369.035
350.133,188.532,532.703,368.858
351.000,224.000,436.000,316.000
384.000,226.000,376.000,268.000
419.000,214.000,350.000,254.000
448.512,203.443,303.210,265.300
453.511,199.787,282.579,270.003
468.000,180.000,248.000,240.000
489.594,170.143,228.890,244.379
505.431,166.404,221.634,260.963
510.777,169.566,211.068,287.377
502.396,174.713,207.241,307.564
502.492,177.763,197.247,319.023
528.000,180.000,154.000,225.000
526.000,185.000,141.000,200.000
499.000,192.000,129.000,203.000
476.000,213.000,124.000,194.000
467.000,230.000,113.000,175.000
458.000,249.000,115.000,152.000
452.000,258.000,114.000,132.000
446.000,260.000,119.000,129.000
435.000,270.000,117.000,133.000
420.000,277.000,120.000,142.000
408.000,285.000,126.000,135.000
412.000,287.000,140.000,134.000
422.000,292.000,147.000,135.000
423.000,308.000,157.000,133.000
413.000,323.000,168.000,135.000
410.000,322.000,177.000,149.000
428.000,320.000,181.000,128.000
447.000,313.000,174.000,125.000
467.000,306.000,165.000,123.000
475.000,306.000,160.000,131.000
485.000,304.000,147.000,128.000
498.000,297.000,143.000,122.000
507.000,301.000,128.000,118.000
513.000,301.000,129.000,119.000
527.000,303.000,116.000,121.000
530.000,304.000,98.000,119.000
535.000,309.000,82.000,115.000
550.150,305.749,73.697,114.905
547.363,308.000,70.595,117.944
547.994,310.413,69.612,119.199
556.239,304.778,70.134,119.990
562.720,293.311,69.325,123.134
549.000,286.000,76.000,114.000
539.000,283.000,78.000,107.000
533.000,272.000,82.000,109.000
532.000,268.000,85.000,109.000
532.000,266.000,84.000,109.000
531.000,256.000,87.000,108.000
531.000,252.000,81.000,115.000
521.000,251.000,75.000,117.000
516.000,255.000,74.000,120.000
523.888,256.829,71.461,127.150
526.000,258.000,69.000,118.000
525.000,258.000,67.000,121.000
523.000,263.000,61.000,118.000
518.000,265.000,59.000,115.000
515.000,267.000,65.000,109.000
513.000,267.000,66.000,111.000
510.000,264.000,69.000,108.000
508.000,262.000,69.000,106.000
509.000,251.000,64.000,108.000
512.000,244.000,61.000,112.000
513.000,236.000,60.000,120.000
511.840,235.419,65.327,126.483
511.801,232.811,65.925,133.898
511.000,229.000,68.000,106.000
508.553,226.665,67.401,114.997
509.000,225.000,67.000,104.000
511.000,220.000,68.000,114.000
511.692,226.719,70.911,112.546
509.000,220.000,74.000,105.000
504.000,219.000,81.000,99.000
503.000,220.000,85.000,101.000
492.000,225.000,99.000,99.000
483.000,242.000,99.000,89.000
475.000,242.000,102.000,92.000
461.000,248.000,115.000,89.000
436.000,256.000,131.000,87.000
417.000,254.000,152.000,95.000
414.000,263.000,167.000,80.000
406.000,261.000,175.000,83.000
396.000,264.000,184.000,81.000
403.000,269.000,197.000,77.000
412.000,269.000,196.000,73.000
421.000,273.000,196.000,69.000
423.000,279.000,196.000,69.000
430.000,285.000,189.000,63.000
439.000,281.000,195.000,64.000
448.000,288.000,191.000,59.000
454.000,290.000,192.000,57.000
456.000,284.000,194.000,62.000
465.000,289.000,191.000,55.000
471.000,285.000,189.000,61.000
473.000,291.000,189.000,57.000
478.000,291.000,188.000,57.000
481.000,292.000,188.000,58.000
480.000,294.000,188.000,56.000
484.000,292.000,187.000,57.000
483.000,296.000,187.000,56.000
485.000,295.000,186.000,56.000
483.000,299.000,185.000,59.000
491.572,299.744,182.446,57.661
488.000,298.000,182.000,58.000
488.000,294.000,174.000,61.000
493.000,288.000,166.000,68.000
498.000,283.000,168.000,74.000
497.000,282.000,173.000,75.000
490.000,283.000,174.000,73.000
498.000,283.000,170.000,74.000
493.000,277.000,173.000,88.000
491.000,278.000,162.000,97.000
497.000,275.000,158.000,108.000
503.000,273.000,153.000,113.000
507.000,276.000,145.000,117.000
509.000,283.000,136.000,114.000
505.000,283.000,140.000,111.000
505.000,288.000,147.000,109.000
500.000,290.000,153.000,111.000
488.000,284.000,155.000,124.000
487.000,281.000,160.000,132.000
482.000,266.000,160.000,159.000
469.000,260.000,159.000,173.000
460.000,258.000,151.000,181.000
450.000,261.000,150.000,180.000
428.000,256.000,162.000,187.000
409.000,259.000,164.000,181.000
388.000,260.000,184.000,178.000
368.000,254.000,202.000,174.000
354.000,252.000,217.000,172.000
347.000,245.000,227.000,179.000
343.000,234.000,238.000,190.000
363.000,221.000,238.000,219.000
382.000,205.000,244.000,217.000
410.383,214.747,244.349,213.704
432.255,206.518,249.236,222.299
448.467,201.286,249.855,220.184
458.642,200.254,250.401,217.811
464.480,204.440,259.805,221.530
475.937,211.048,265.914,221.535
482.000,224.000,278.000,171.000
491.000,239.000,288.000,163.000
500.000,248.000,287.000,172.000
501.000,260.000,291.000,168.000
496.000,268.000,305.000,168.000
467.000,273.000,316.000,179.000
432.000,281.000,338.000,195.000
384.000,272.000,356.000,230.000
378.000,289.000,359.000,219.000
373.000,298.000,364.000,204.000
355.000,316.000,384.000,175.000
345.000,329.000,385.000,184.000
332.000,329.000,377.000,185.000
328.000,337.000,388.000,200.000
323.000,341.000,403.000,204.000
302.000,345.000,417.000,208.000
281.000,351.000,419.000,199.000
258.000,354.000,443.000,192.000
251.000,357.000,461.000,189.000
255.000,366.000,449.000,180.000
254.000,370.000,466.000,189.000
256.000,368.000,471.000,196.000
229.000,371.000,490.000,189.000
231.000,371.000,475.000,200.000
244.000,371.000,457.000,214.000
263.000,361.000,447.000,218.000
241.617,359.296,464.489,235.690
254.589,347.413,473.107,228.685
238.734,339.999,486.124,220.429
253.840,354.216,489.236,201.711
277.253,363.394,504.235,199.732
303.231,370.846,502.222,196.876
330.600,371.074,484.977,194.331
333.523,381.160,472.061,182.431
359.246,379.409,472.284,200.124
384.657,369.287,454.520,229.934
408.797,348.527,435.750,234.488
387.535,333.886,447.289,236.923
392.789,323.811,437.930,238.173
378.804,303.820,429.862,236.338
375.414,301.798,419.390,215.127
388.477,293.817,392.664,203.751
415.000,277.000,354.000,181.000
420.612,263.443,332.469,187.466
425.940,254.480,311.835,183.400
447.762,234.216,287.388,192.414
463.000,238.000,225.000,182.000
464.000,235.000,215.000,193.000
478.000,243.000,203.000,194.000
484.073,263.461,212.266,178.758
496.458,276.732,214.965,171.654
508.114,283.932,205.632,169.069
512.051,306.453,189.174,178.207
535.763,314.045,154.905,176.696
552.793,338.669,141.197,175.815
562.000,350.000,119.000,156.000
562.226,365.920,113.126,156.396
554.348,358.561,114.950,154.000
564.742,347.498,111.709,148.370
578.000,321.000,123.000,142.000
576.000,310.000,125.000,153.000
545.000,311.000,131.000,159.000
528.000,341.000,139.000,154.000
541.000,337.000,139.000,144.000
543.000,340.000,129.000,137.000
536.000,349.000,120.000,120.000
511.000,341.000,124.000,117.000
496.000,346.000,121.000,122.000
484.000,349.000,134.000,133.000
487.000,347.000,151.000,131.000
503.000,341.000,151.000,124.000
493.000,329.000,156.000,130.000
471.000,317.000,166.000,120.000
443.000,300.000,189.000,125.000
449.000,278.000,193.000,131.000
485.000,252.000,178.000,137.000
494.000,240.000,174.000,123.000
482.000,247.000,185.000,100.000
489.000,249.000,183.000,92.000
508.000,240.000,169.000,98.000
521.000,231.000,166.000,112.000
521.000,243.000,157.000,115.000
528.000,247.000,153.000,117.000
545.000,260.000,148.000,108.000
545.709,275.320,158.504,111.233
551.000,285.000,159.000,104.000
568.000,297.000,155.000,99.000
564.000,304.000,147.000,101.000
554.000,334.000,151.000,102.000
552.000,355.000,157.000,90.000
544.765,353.110,158.132,86.403
522.878,345.794,163.105,91.045
504.000,325.000,171.000,89.000
502.000,290.000,179.000,98.000
495.000,283.000,174.000,93.000
484.000,280.000,168.000,96.000
484.000,275.000,162.000,97.000
476.000,278.000,171.000,97.000
474.000,281.000,175.000,109.000
479.000,289.000,183.000,113.000
475.000,302.000,195.000,115.000
483.000,318.000,196.000,111.000
471.000,322.000,198.000,112.000
444.000,331.000,196.000,109.000
439.000,330.000,195.000,100.000
449.000,297.000,201.000,108.000
439.000,277.000,189.000,111.000
401.000,286.000,177.000,126.000
386.000,313.000,176.000,122.000
402.000,306.000,169.000,128.000
428.000,297.000,167.000,130.000
424.000,296.000,177.000,126.000
417.000,302.000,165.000,116.000
414.000,310.000,172.000,97.000
417.000,314.000,175.000,92.000
423.000,310.000,178.000,95.000
422.000,301.000,184.000,94.000
422.000,303.000,191.000,98.000
425.000,300.000,196.000,102.000
435.000,296.000,192.000,110.000
435.000,295.000,196.000,121.000
439.000,301.000,200.000,126.000
444.742,327.329,198.396,124.121
462.000,336.000,209.000,127.000
486.000,340.000,202.000,118.000
474.000,339.000,202.000,123.000
463.000,356.000,196.000,108.000
470.000,361.000,189.000,89.000
466.000,358.000,194.000,87.000
459.000,354.000,190.000,83.000
458.000,350.000,184.000,83.000
461.000,344.000,182.000,85.000
464.000,338.000,172.000,86.000
458.000,337.000,160.000,88.000
448.000,335.000,157.000,92.000
443.000,333.000,153.000,90.000
439.000,325.000,152.000,89.000
426.000,325.000,154.000,88.000
411.000,328.000,161.000,84.000
416.000,331.000,162.000,77.000
406.000,333.000,171.000,80.000
402.000,344.000,174.000,74.000
408.000,348.000,169.000,75.000
409.000,342.000,165.000,73.000
417.000,335.000,167.000,78.000
436.000,324.000,166.000,82.000
445.000,321.000,166.000,81.000
442.000,329.000,170.000,82.000
439.000,336.000,178.000,84.000
445.000,325.000,179.000,94.000
451.000,312.000,183.000,101.000
456.000,310.000,174.000,97.000
450.000,301.000,183.000,102.000
441.000,301.000,195.000,106.000
440.236,311.783,194.276,101.220
443.000,310.000,195.000,106.000
436.000,312.000,203.000,107.000
455.000,318.000,183.000,100.000
443.000,309.000,197.000,107.000
456.000,307.000,183.000,105.000
465.000,322.000,185.000,87.000
472.000,319.000,184.000,89.000
481.000,316.000,177.000,94.000
492.000,315.000,172.000,95.000
501.000,309.000,174.000,109.000
517.000,320.000,166.000,104.000
523.000,326.000,168.000,109.000
525.000,336.000,169.000,108.000
523.000,350.000,169.000,109.000
521.000,364.000,170.000,120.000
523.000,395.000,177.000,108.000
544.000,402.000,178.000,107.000
562.000,410.000,176.000,104.000
559.000,405.000,177.000,104.000
571.000,399.000,174.000,106.000
576.000,387.000,176.000,110.000
574.000,384.000,175.000,115.000
568.000,382.000,176.000,116.000
567.000,381.000,183.000,121.000
576.000,380.000,191.000,113.000
581.000,373.000,190.000,110.000
571.000,367.000,192.000,109.000
571.000,360.000,188.000,110.000
579.000,340.000,186.000,116.000
569.000,329.000,189.000,118.000
576.000,323.000,173.000,117.000
545.510,321.046,181.792,112.497
533.895,325.274,183.053,106.639
525.000,300.000,187.000,124.000
471.000,307.000,232.000,125.000
459.000,310.000,232.000,129.000
451.000,312.000,234.000,159.000
451.101,330.339,235.108,154.610
453.792,338.938,239.573,155.368
454.557,341.284,241.534,155.849
455.232,343.195,241.050,155.766
452.160,347.044,239.098,158.416
458.025,348.786,243.169,158.215
499.000,296.000,213.000,212.000
512.000,301.000,222.000,212.000
509.609,295.734,217.304,204.480
514.232,298.334,229.323,198.721
518.884,310.839,230.280,191.043
514.139,341.521,231.296,184.625
544.000,379.000,212.000,113.000
546.000,379.000,218.000,100.000
551.402,378.582,219.713,105.952
554.030,374.667,226.519,109.107
556.317,370.595,229.158,111.991
579.000,356.000,203.000,110.000
578.000,349.000,214.000,105.000
568.000,343.000,222.000,126.000
572.000,342.000,215.000,113.000
560.000,340.000,220.000,127.000
568.000,347.000,213.000,128.000
575.000,358.000,220.000,121.000
584.000,368.000,219.000,122.000
587.000,380.000,215.000,138.000
594.195,402.163,225.403,131.944
607.433,399.792,228.881,127.207
596.745,398.100,224.448,127.768
585.059,397.017,228.117,128.585
574.843,396.202,230.400,129.547
588.000,399.000,208.000,122.000
574.000,402.000,216.000,124.000
567.000,399.000,212.000,120.000
561.000,394.000,218.000,121.000
556.000,388.000,231.000,119.000
544.000,381.000,245.000,121.000
531.000,377.000,253.000,129.000
519.000,380.000,276.000,122.000
519.000,378.000,284.000,119.000
506.000,378.000,297.000,119.000
492.000,373.000,324.000,123.000
485.000,372.000,336.000,126.000
491.000,366.000,327.000,135.000
489.000,367.000,331.000,132.000
478.000,370.000,334.000,132.000
484.000,358.000,335.000,147.000
481.000,368.000,342.000,144.000
463.000,389.000,348.000,133.000
450.000,405.000,332.000,126.000
445.000,409.000,328.000,128.000
436.000,415.000,325.000,129.000
428.000,419.000,336.000,132.000
421.000,421.000,328.000,133.000
428.000,420.000,321.000,139.000
439.000,432.000,315.000,133.000
453.000,432.000,305.000,130.000
460.000,430.000,272.000,133.000
432.925,437.214,272.388,130.565
421.870,430.864,260.220,135.469
415.715,422.872,259.791,137.253
411.673,412.487,256.804,139.603
403.375,400.359,256.131,140.719
397.534,394.912,258.699,141.086
414.429,380.126,262.742,144.235
412.000,377.000,278.000,130.000
413.000,376.000,283.000,134.000
417.000,378.000,297.000,127.000
425.000,381.000,292.000,120.000
437.000,381.000,276.000,125.000
439.000,382.000,273.000,126.000
439.000,384.000,272.000,127.000
440.000,390.000,284.000,125.000
456.000,391.000,281.000,130.000
484.000,393.000,268.000,130.000
496.000,392.000,274.000,128.000
500.000,395.000,272.000,141.000
507.000,398.000,256.000,141.000
517.000,394.000,245.000,141.000
525.000,381.000,230.000,148.000
529.000,385.000,223.000,145.000
529.000,395.000,238.000,140.000
539.000,397.000,244.000,141.000
541.000,402.000,252.000,138.000
533.000,408.000,271.000,135.000
532.000,415.000,283.000,133.000
534.000,411.000,295.000,130.000
528.000,402.000,289.000,136.000
527.000,396.000,275.000,137.000
511.000,386.000,289.000,123.000
494.359,386.138,275.209,134.137
500.051,383.344,288.884,133.758
497.377,374.293,283.543,136.506
486.694,369.552,286.042,144.051
475.339,361.708,285.281,144.325
450.437,360.773,288.969,143.407
430.129,363.906,286.834,138.576
417.967,364.722,301.193,136.681
393.422,373.138,306.893,139.336
377.223,388.693,313.041,136.265
359.053,391.438,318.372,140.917
342.000,388.000,332.000,157.000
337.000,388.000,339.000,161.000
337.633,391.005,332.974,163.487
336.618,393.178,318.532,171.729
341.000,394.000,289.000,180.000
368.000,387.000,266.000,197.000
403.000,369.000,249.000,209.000
435.000,373.000,245.000,197.000
459.000,389.000,246.000,172.000
484.666,405.991,235.111,165.919
549.000,412.000,193.000,151.000
583.000,426.000,202.000,137.000
650.000,435.000,192.000,138.000
682.000,430.000,163.000,145.000
704.152,427.010,161.181,156.725
734.000,424.000,177.000,179.000
730.000,424.000,182.000,178.000
747.000,422.000,188.000,165.000
759.000,414.000,182.000,191.000
788.000,412.000,188.000,205.000
796.000,410.000,178.000,212.000
800.358,424.110,181.674,211.981
802.000,413.000,169.000,226.000
802.000,412.000,166.000,211.000
813.000,420.000,169.000,205.000
822.000,424.000,163.000,201.000
812.000,420.000,177.000,191.000
809.000,427.000,182.000,192.000
785.000,423.000,191.000,193.000
766.000,427.000,184.000,193.000
750.000,429.000,171.000,196.000
738.000,425.000,179.000,198.000
739.000,425.000,157.000,192.000
732.000,420.000,145.000,197.000
720.000,418.000,137.000,198.000
703.000,418.000,139.000,195.000
693.000,418.000,139.000,187.000
692.000,415.000,147.000,195.000
682.000,410.000,139.000,198.000
661.000,413.000,142.000,198.000
655.000,414.000,142.000,188.000
640.000,411.000,149.000,202.000
636.000,412.000,151.000,193.000
630.000,407.000,147.000,193.000
625.000,400.000,142.000,203.000
623.000,389.000,123.000,216.000
618.000,384.000,143.000,222.000
609.000,379.000,145.000,225.000
599.000,370.000,132.000,220.000
592.000,378.000,131.000,197.000
571.000,385.000,136.000,188.000
546.000,388.000,157.000,175.000
530.000,384.000,166.000,187.000
507.213,368.950,184.959,185.156
489.000,360.000,198.000,159.000
440.000,364.000,233.000,140.000
423.000,358.000,226.000,133.000
406.000,363.000,236.000,130.000
397.000,362.000,220.000,130.000
391.000,354.000,220.000,134.000
379.000,353.000,212.000,136.000
399.000,343.000,173.000,147.000
388.000,331.000,176.000,155.000
338.000,328.000,212.000,140.000
309.000,317.000,239.000,151.000
289.000,319.000,257.000,146.000
274.000,321.000,251.000,133.000
266.000,325.000,243.000,123.000
250.000,323.000,245.000,122.000
229.000,320.000,241.000,126.000
218.000,324.000,235.000,124.000
217.000,323.000,223.000,125.000
194.000,319.000,224.000,124.000
156.000,313.000,259.000,122.000
146.000,304.000,264.000,139.000
148.000,304.000,244.000,138.000
149.000,300.000,251.000,143.000
169.000,301.000,232.000,137.000
163.000,306.000,236.000,124.000
164.000,319.000,235.000,118.000
167.000,320.000,242.000,119.000
182.000,331.000,217.000,107.000
186.000,327.000,224.000,103.000
201.000,314.000,225.000,108.000
202.000,313.000,230.000,109.000
211.664,314.810,218.551,109.951
235.770,310.203,212.440,113.255
252.000,302.000,197.000,110.000
278.000,298.000,192.000,100.000
291.000,296.000,178.000,95.000
313.000,295.000,156.000,92.000
340.000,292.000,142.000,106.000
366.000,295.000,129.000,95.000
380.000,312.000,115.000,81.000
393.000,298.000,104.000,96.000
406.000,285.000,112.000,93.000
409.000,285.000,120.000,93.000
420.000,278.000,126.000,88.000
424.000,277.000,139.000,89.000
412.000,286.000,156.000,90.000
419.000,291.000,168.000,96.000
408.000,273.000,175.000,117.000
401.000,279.000,178.000,123.000
378.000,279.000,185.000,113.000
374.000,271.000,179.000,114.000
359.000,271.000,173.000,118.000
356.000,269.000,176.000,117.000
371.000,277.000,170.000,94.000
366.000,282.000,172.000,81.000
363.000,279.000,175.000,79.000
375.000,279.000,175.000,89.000
372.000,275.000,186.000,95.000
371.000,271.000,195.000,100.000
380.000,272.000,197.000,107.000
