229.000,184.000,48.000,131.000
231.316,188.700,49.742,128.313
232.000,167.000,52.000,149.000
238.000,173.000,46.000,144.000
242.000,174.000,46.000,142.000
240.000,170.000,53.000,146.000
239.000,169.000,58.000,148.000
246.000,174.000,51.000,142.000
247.000,176.000,51.000,138.000
246.000,172.000,58.000,139.000
248.000,169.000,57.000,144.000
251.000,171.000,55.000,140.000
251.000,175.000,57.000,135.000
252.000,169.000,58.000,141.000
256.000,167.000,62.000,139.000
257.000,169.000,58.000,138.000
258.000,164.000,57.000,140.000
256.000,165.000,56.000,137.000
262.000,163.000,51.000,141.000
262.000,165.000,49.000,135.000
262.000,163.000,48.000,142.000
262.000,155.000,53.000,146.000
257.000,156.000,64.000,144.000
264.000,166.000,56.000,133.000
265.000,167.000,54.000,131.000
268.000,162.000,56.000,134.000
270.000,155.000,54.000,141.000
272.000,154.000,53.000,139.000
277.000,162.000,52.000,131.000
276.000,163.000,53.000,126.000
280.000,157.000,53.000,132.000
275.000,161.000,65.000,128.000
283.828,161.829,68.798,129.582
278.000,184.000,63.000,102.000
281.000,188.000,59.000,96.000
290.000,161.000,59.000,114.000
294.000,146.000,64.000,124.000
295.000,135.000,70.000,142.000
297.000,130.000,69.000,147.000
303.000,132.000,57.000,142.000
303.000,127.000,56.000,149.000
302.000,115.000,62.000,162.000
303.000,117.000,61.000,156.000
306.000,116.000,61.000,156.000
307.000,120.000,61.000,149.000
307.000,123.000,62.000,149.000
310.000,128.000,60.000,141.000
317.000,133.000,52.000,130.000
315.000,133.000,53.000,128.000
311.000,122.000,59.000,139.000
310.000,116.000,62.000,147.000
309.000,108.000,64.000,144.000
309.000,100.000,62.000,155.000
301.000,104.000,80.000,158.000
301.000,92.000,80.000,163.000
301.000,98.000,77.000,159.000
301.000,98.000,77.000,159.000
301.000,98.000,77.000,159.000
101.000,152.000,76.000,139.000
101.000,152.000,76.000,139.000
101.000,152.000,76.000,139.000
105.000,147.000,74.000,138.000
105.000,147.000,74.000,138.000
105.000,147.000,74.000,138.000
110.909,148.735,71.857,138.258
106.303,146.539,77.708,139.057
111.000,140.000,72.000,136.000
111.000,140.000,72.000,136.000
111.000,140.000,72.000,136.000
111.000,140.000,72.000,136.000
111.000,140.000,72.000,136.000
111.000,140.000,72.000,136.000
111.000,140.000,72.000,136.000
111.000,140.000,72.000,136.000
287.000,155.000,79.000,128.000
270.000,152.000,99.000,125.000
285.000,132.000,100.000,120.000
281.000,145.000,96.000,112.000
275.000,154.000,101.000,106.000
285.000,168.000,103.000,82.000
281.000,169.000,98.000,79.000
292.000,180.000,91.000,69.000
284.000,178.000,92.000,73.000
292.000,173.000,87.000,76.000
295.000,163.000,75.000,86.000
292.000,158.000,77.000,91.000
299.000,170.000,72.000,80.000
295.000,160.000,75.000,91.000
295.000,167.000,75.000,83.000
295.000,170.000,76.000,80.000
296.000,172.000,76.000,75.000
298.000,166.000,69.000,84.000
298.000,176.000,73.000,72.000
296.000,173.000,82.000,76.000
296.000,173.000,82.000,76.000
296.000,173.000,82.000,76.000
291.049,176.227,83.415,70.641
287.471,177.761,85.390,71.057
284.784,181.935,87.419,69.756
284.599,181.619,89.791,70.875
284.841,179.004,96.638,71.374
283.759,177.689,97.912,72.594
281.965,176.917,101.905,72.901
291.000,188.000,97.000,58.000
293.000,190.000,96.000,55.000
294.000,191.000,94.000,54.000
292.000,182.000,90.000,67.000
287.000,170.000,85.000,82.000
282.000,181.000,89.000,71.000
279.000,193.000,91.000,57.000
288.000,181.000,86.000,68.000
302.000,192.000,73.000,58.000
307.000,186.000,60.000,63.000
306.000,186.000,61.000,62.000
306.000,187.000,64.000,60.000
304.000,183.000,65.000,64.000
307.000,188.000,62.000,62.000
299.000,192.000,72.000,56.000
298.000,190.000,73.000,58.000
304.000,199.000,66.000,50.000
291.000,193.000,75.000,57.000
292.000,197.000,81.000,49.000
305.000,199.000,67.000,48.000
312.000,206.000,58.000,40.000
315.000,208.000,54.000,38.000
316.000,208.000,53.000,38.000
308.000,196.000,61.000,48.000
309.000,194.000,61.000,54.000
313.828,196.285,61.748,67.296
306.760,193.715,62.387,77.559
303.254,201.490,69.182,79.885
301.992,196.770,68.491,84.370
302.033,199.696,67.889,85.371
301.048,198.493,66.157,85.090
297.725,195.030,66.498,87.593
302.478,190.807,66.927,92.698
304.177,191.797,67.841,95.579
301.846,187.375,66.710,95.168
305.016,193.734,66.651,102.339
298.817,191.760,68.945,95.562
298.498,190.802,69.026,102.183
297.332,185.838,67.186,104.453
297.839,185.320,66.687,110.634
291.685,181.427,66.671,107.433
292.084,181.666,65.614,114.566
291.563,180.464,67.843,113.236
290.111,180.031,69.258,114.099
288.693,177.243,69.829,114.562
288.037,173.276,72.394,117.377
288.810,172.949,75.992,120.306
286.074,178.214,79.830,115.254
281.994,184.743,81.372,110.678
276.008,191.061,78.702,108.647
280.053,195.066,78.090,104.840
276.602,196.176,79.094,104.714
278.521,195.881,77.690,103.655
276.167,195.798,79.610,101.630
281.288,195.624,80.256,102.553
309.000,202.000,54.000,90.000
309.913,201.995,57.370,94.646
302.000,196.000,61.000,96.000
301.000,195.000,62.000,97.000
298.000,196.000,64.000,96.000
250.000,190.000,56.000,90.000
251.284,199.036,57.559,92.463
245.000,197.000,64.000,88.000
246.000,199.000,55.000,84.000
247.616,204.564,56.756,87.041
243.114,206.891,60.597,85.811
236.000,198.000,65.000,88.000
235.857,200.225,66.872,94.257
233.615,200.215,69.258,92.816
228.812,198.755,70.458,94.436
227.002,193.749,70.113,97.850
222.000,167.000,67.000,119.000
213.000,161.000,76.000,129.000
213.944,164.289,74.170,130.111
208.000,154.000,76.000,137.000
211.000,159.000,70.000,130.000
203.000,157.000,75.000,132.000
210.000,176.000,72.000,112.000
209.443,175.713,72.943,113.118
207.000,187.000,79.000,99.000
207.000,183.000,75.000,105.000
204.000,172.000,75.000,116.000
203.630,165.105,75.655,122.391
202.594,163.898,77.526,125.001
204.383,162.815,76.899,125.848
205.976,163.385,77.781,126.912
207.040,162.121,77.926,128.144
207.166,162.927,79.112,127.086
208.000,168.000,75.000,119.000
206.854,165.929,73.646,123.088
205.829,162.925,73.669,124.372
207.140,163.446,74.025,127.346
206.772,162.554,73.823,127.181
206.404,162.247,74.079,127.430
202.514,161.735,72.801,128.607
203.029,161.790,72.088,129.660
202.876,162.751,73.331,127.634
202.717,160.290,73.393,130.668
203.286,161.226,74.132,127.735
203.291,162.016,73.173,130.959
203.328,162.145,73.607,127.302
208.704,162.342,75.884,127.928
212.269,160.950,79.980,128.943
215.911,160.679,79.976,129.248
218.605,162.623,79.085,129.923
221.417,161.257,79.606,128.946
223.294,160.541,80.151,130.950
225.036,164.094,80.801,130.340
225.526,163.266,80.325,130.771
225.603,162.731,80.366,130.182
220.280,175.549,88.160,120.740
220.675,178.633,94.705,117.681
219.086,178.599,95.692,117.024
217.184,176.220,97.340,118.892
216.921,178.079,99.675,118.789
221.000,173.000,66.000,116.000
223.149,178.059,71.894,116.964
221.072,177.187,77.841,116.226
220.289,177.798,84.716,117.918
222.000,172.000,65.000,115.000
222.000,172.000,65.000,115.000
224.019,180.248,71.365,115.844
221.258,179.768,74.350,113.767
219.000,172.000,70.000,113.000
220.000,174.000,69.000,113.000
219.000,174.000,68.000,113.000
220.000,174.000,69.000,114.000
218.000,171.000,72.000,116.000
220.000,177.000,70.000,111.000
220.000,170.000,69.000,117.000
221.000,174.000,68.000,115.000
220.000,176.000,70.000,109.000
219.000,182.000,72.000,104.000
220.000,178.000,72.000,107.000
219.000,176.000,72.000,108.000
219.000,174.000,74.000,112.000
219.000,174.000,71.000,114.000
217.000,171.000,77.000,115.000
219.000,172.000,71.000,116.000
219.000,171.000,71.000,118.000
219.000,172.000,73.000,115.000
219.000,175.000,74.000,110.000
218.000,174.000,76.000,112.000
219.000,171.000,73.000,114.000
218.000,174.000,75.000,113.000
220.000,175.000,73.000,109.000
218.000,171.000,74.000,116.000
220.000,175.000,71.000,112.000
219.000,173.000,72.000,113.000
222.000,174.000,69.000,111.000
221.000,172.000,66.000,112.000
230.000,165.000,61.000,123.000
226.000,161.000,64.000,127.000
224.640,163.788,60.284,125.959
227.000,155.000,59.000,133.000
220.000,158.000,68.000,126.000
220.000,155.000,65.000,127.000
224.000,152.000,60.000,131.000
223.000,150.000,62.000,130.000
223.000,149.000,61.000,129.000
222.000,147.000,58.000,131.000
226.000,146.000,56.000,130.000
227.000,146.000,51.000,130.000
228.000,145.000,56.000,130.000
232.000,142.000,52.000,127.000
233.000,142.000,53.000,128.000
234.000,139.000,53.000,129.000
236.000,136.000,53.000,131.000
236.000,139.000,60.000,134.000
236.000,144.000,60.000,125.000
242.000,139.000,60.000,128.000
242.000,132.000,63.000,130.000
248.000,138.000,55.000,125.000
254.000,128.000,53.000,132.000
257.000,130.000,50.000,129.000
254.000,126.000,57.000,130.000
253.000,128.000,58.000,132.000
256.000,125.000,60.000,127.000
259.000,124.000,56.000,128.000
260.000,123.000,59.000,125.000
263.000,121.000,58.000,128.000
262.000,119.000,64.000,129.000
263.000,116.000,61.000,134.000
265.000,116.000,59.000,132.000
265.000,113.000,62.000,133.000
269.662,113.960,61.794,134.408
266.000,112.000,63.000,133.000
266.000,113.000,64.000,129.000
270.000,109.000,60.000,133.000
270.000,107.000,63.000,132.000
268.000,101.000,62.000,132.000
269.000,105.000,64.000,129.000
270.000,103.000,61.000,130.000
271.000,101.000,62.000,132.000
273.000,103.000,60.000,128.000
273.000,100.000,62.000,129.000
275.000,98.000,60.000,129.000
276.000,95.000,58.000,131.000
274.000,92.000,58.000,129.000
276.000,93.000,55.000,126.000
274.000,94.000,57.000,127.000
275.000,90.000,53.000,129.000
269.000,91.000,55.000,126.000
271.000,88.000,51.000,124.000
266.000,89.000,53.000,127.000
269.000,85.000,51.000,126.000
263.000,88.000,52.000,122.000
265.000,84.000,50.000,123.000
261.000,87.000,50.000,122.000
260.000,81.000,50.000,124.000
255.000,84.000,53.000,121.000
256.000,84.000,50.000,117.000
248.000,82.000,54.000,120.000
249.000,80.000,52.000,120.000
247.000,82.000,56.000,124.000
243.000,76.000,57.000,126.000
241.000,80.000,60.000,124.000
241.245,81.609,57.746,127.261
240.000,73.000,62.000,127.000
240.000,73.000,66.000,122.000
244.000,70.000,66.000,125.000
244.149,75.639,65.584,128.105
245.000,67.000,71.000,124.000
256.000,68.000,70.000,122.000
258.000,76.000,66.000,116.000
260.000,71.000,71.000,120.000
262.000,67.000,70.000,122.000
262.000,72.000,64.000,121.000
262.000,67.000,66.000,120.000
260.000,70.000,68.000,121.000
259.000,72.000,70.000,117.000
257.000,69.000,72.000,120.000
261.000,70.000,68.000,119.000
260.000,72.000,68.000,119.000
260.000,69.000,70.000,120.000
260.000,72.000,68.000,117.000
259.000,69.000,68.000,119.000
260.000,70.000,70.000,118.000
258.000,70.000,70.000,122.000
261.000,66.000,67.000,125.000
256.000,64.000,65.000,124.000
257.000,66.000,67.000,122.000
258.000,62.000,67.000,124.000
260.000,66.000,62.000,119.000
257.000,70.000,65.000,121.000
257.000,62.000,67.000,123.000
257.000,67.000,65.000,124.000
257.000,72.000,72.000,122.000
255.000,66.000,75.000,124.000
254.949,69.389,74.547,126.495
253.000,74.000,80.000,116.000
252.000,75.000,80.000,114.000
255.000,63.000,72.000,126.000
256.000,68.000,74.000,123.000
253.000,67.000,78.000,124.000
254.000,71.000,76.000,119.000
250.000,73.000,73.000,115.000
251.000,72.000,69.000,115.000
251.000,74.000,68.000,113.000
253.000,76.000,67.000,112.000
252.000,72.000,70.000,116.000
253.000,73.000,66.000,117.000
251.000,74.000,69.000,114.000
254.000,76.000,67.000,113.000
252.000,75.000,66.000,109.000
253.000,74.000,64.000,115.000
253.000,74.000,66.000,115.000
253.000,76.000,66.000,112.000
253.000,76.000,68.000,109.000
251.000,73.000,70.000,114.000
250.000,73.000,71.000,118.000
250.000,74.000,70.000,117.000
252.000,75.000,70.000,115.000
254.000,75.000,67.000,115.000
257.000,74.000,71.000,114.000
257.000,75.000,71.000,112.000
263.000,77.000,71.000,107.000
264.000,76.000,67.000,111.000
268.000,76.000,68.000,112.000
272.000,75.000,65.000,111.000
271.000,75.000,67.000,111.000
268.027,78.714,69.945,113.506
267.470,75.453,75.924,115.527
267.682,74.186,80.078,117.206
265.806,79.273,84.077,114.262
272.000,72.000,66.000,114.000
269.000,73.000,73.000,111.000
272.000,73.000,69.000,111.000
269.000,72.000,74.000,114.000
269.194,79.508,77.294,116.656
270.000,70.000,70.000,115.000
271.000,74.000,70.000,111.000
271.623,81.950,73.810,113.642
273.000,73.000,67.000,114.000
272.000,73.000,70.000,113.000
272.730,80.037,73.343,115.596
271.000,75.000,69.000,110.000
281.000,63.000,61.000,120.000
284.000,71.000,57.000,117.000
283.000,69.000,57.000,114.000
281.762,70.706,58.893,121.362
281.618,72.524,58.157,122.275
281.000,66.000,58.000,117.000
282.000,68.000,59.000,124.000
284.000,69.000,56.000,118.000
284.000,66.000,56.000,115.000
278.000,65.000,59.000,121.000
279.000,76.000,63.000,118.000
286.000,72.000,60.000,118.000
287.000,67.000,60.000,124.000
288.000,75.000,62.000,119.000
292.000,69.000,59.000,123.000
289.000,68.000,62.000,131.000
291.992,70.608,61.106,128.976
296.000,79.000,62.000,123.000
302.000,80.000,58.000,120.000
299.000,85.000,64.000,120.000
309.000,82.000,54.000,122.000
306.000,90.000,58.000,120.000
312.000,87.000,56.000,122.000
318.000,89.000,53.000,122.000
314.000,95.000,56.000,121.000
310.000,88.000,59.000,127.000
315.000,92.000,57.000,125.000
315.000,85.000,59.000,134.000
324.000,96.000,56.000,128.000
325.000,95.000,55.000,125.000
320.000,95.000,55.000,125.000
316.000,94.000,59.000,131.000
315.000,94.000,58.000,131.000
311.000,95.000,60.000,133.000
309.000,97.000,60.000,130.000
305.000,103.000,62.000,130.000
308.000,100.000,57.000,129.000
297.000,106.000,69.000,126.000
296.000,106.000,66.000,125.000
296.000,104.000,60.000,131.000
293.000,106.000,63.000,129.000
291.000,103.000,65.000,133.000
291.000,104.000,60.000,135.000
288.000,105.000,61.000,133.000
287.000,107.000,60.000,132.000
281.000,107.000,63.000,132.000
277.000,106.000,62.000,133.000
278.000,113.000,59.000,129.000
277.819,117.706,61.050,127.604
271.000,111.000,63.000,125.000
267.000,107.000,61.000,131.000
267.000,110.000,60.000,126.000
264.000,114.000,59.000,124.000
262.000,111.000,60.000,127.000
260.893,112.978,62.183,128.312
257.813,115.250,65.255,128.638
256.160,113.165,69.774,127.644
256.974,111.299,71.224,127.669
258.000,101.000,60.000,125.000
257.430,104.015,66.162,130.038
256.229,103.005,69.735,130.551
256.037,100.935,67.861,132.988
258.781,95.830,63.125,134.684
260.907,95.055,62.838,134.709
265.114,93.442,62.213,134.224
268.867,88.718,61.636,136.848
263.616,93.319,67.981,133.573
258.640,101.905,76.677,131.312
266.269,98.571,72.144,128.309
267.159,101.444,77.181,130.741
269.945,93.202,79.858,134.670
274.000,91.000,98.000,153.000
278.000,92.000,96.000,160.000
282.000,96.000,90.000,176.000
282.000,93.000,90.000,185.000
294.000,86.000,82.000,209.000
291.678,90.625,86.274,213.786
293.548,88.579,83.893,210.380
287.640,88.497,86.615,209.248
288.344,86.012,82.380,215.289
287.053,85.965,82.742,210.491
284.089,84.754,84.880,213.228
280.404,84.221,88.552,212.449
281.656,84.755,88.303,214.785
281.297,89.174,89.582,217.520
282.816,88.091,89.625,212.292
279.601,87.665,91.153,212.665
275.848,89.049,94.952,207.720
274.636,89.154,94.732,208.266
278.263,84.608,87.835,208.672
278.267,83.676,88.526,214.140
280.432,84.293,87.571,210.303
279.113,85.808,87.441,208.829
279.816,83.520,88.465,209.084
279.778,83.068,88.307,208.538
279.383,83.802,86.530,209.506
274.462,88.172,92.367,208.393
305.000,80.000,67.000,130.000
306.000,81.000,64.000,130.000
305.000,78.000,67.000,131.000
303.318,83.330,67.676,134.700
307.000,78.000,67.000,128.000
308.096,82.120,67.730,134.705
310.919,79.893,67.145,133.932
314.408,78.222,67.400,136.252
307.785,84.615,74.118,130.015
305.487,80.604,76.677,132.615
307.542,81.926,75.709,131.022
305.772,81.799,76.577,129.885
305.975,80.439,78.522,131.525
306.168,80.932,78.205,131.464
305.408,82.397,78.908,130.826
306.995,80.415,76.125,130.201
305.932,80.413,77.962,130.244
305.691,80.907,79.083,130.792
306.408,81.505,77.724,130.218
307.601,80.624,77.558,129.417
306.762,81.429,78.001,130.522
308.179,80.242,77.074,129.859
305.628,82.466,79.779,129.450
306.049,82.055,79.861,130.229
308.827,80.453,79.441,130.885
313.854,79.755,79.133,131.275
317.271,77.622,78.505,132.990
319.767,77.557,78.924,135.353
326.168,77.130,76.288,133.706
328.884,77.247,77.016,135.486
332.010,78.493,77.347,133.577
334.887,78.513,77.586,132.204
334.382,78.169,79.581,132.030
337.100,80.184,79.897,132.459
340.213,80.221,81.454,130.798
342.457,79.123,81.983,132.692
343.667,80.249,82.787,131.938
347.314,81.521,81.983,131.080
353.700,92.334,86.743,125.726
357.182,93.391,94.514,119.487
359.996,91.249,96.215,121.311
358.723,90.715,99.120,121.698
357.210,90.149,103.283,122.089
357.324,90.132,103.635,123.626
356.726,90.944,105.242,121.056
357.244,90.059,106.288,124.369
355.485,91.436,106.568,120.209
356.703,89.768,102.885,123.005
356.990,87.967,104.395,122.903
357.179,86.877,106.460,126.024
355.521,88.074,107.019,126.459
356.391,87.115,110.138,125.187
355.965,88.935,108.676,126.050
354.809,90.776,109.180,122.049
356.054,90.089,108.163,124.420
355.982,89.879,108.218,120.970
357.121,89.270,108.605,125.810
354.781,90.740,108.775,120.862
355.760,89.110,107.780,124.995
354.588,90.243,109.073,122.494
357.203,90.009,107.231,125.067
355.648,90.647,107.822,121.200
355.294,90.927,108.352,124.701
357.803,89.102,105.392,121.845
355.827,89.154,107.552,125.792
355.722,90.841,107.655,124.275
356.204,94.700,108.658,125.150
356.552,100.124,110.312,124.750
354.535,102.743,110.601,122.678
355.954,111.211,109.700,122.168
356.120,117.286,110.464,124.720
355.772,121.103,109.830,123.839
355.993,122.683,108.714,122.132
356.531,122.709,108.839,123.057
387.000,117.000,53.000,121.000
385.000,115.000,55.000,123.000
386.000,116.000,53.000,127.000
387.000,113.000,52.000,127.000
385.000,118.000,58.000,129.000
383.089,119.305,57.509,127.531
381.974,119.320,58.439,129.003
385.000,112.000,56.000,128.000
383.000,111.000,58.000,134.000
385.000,115.000,57.000,127.000
384.000,116.000,55.000,126.000
383.000,119.000,60.000,123.000
380.000,113.000,64.000,127.000
383.000,112.000,60.000,133.000
382.000,111.000,61.000,132.000
385.000,108.000,59.000,134.000
386.000,116.000,54.000,130.000
385.000,118.000,59.000,128.000
379.000,121.000,60.000,124.000
380.000,126.000,55.000,120.000
371.000,120.000,62.000,127.000
365.000,126.000,64.000,122.000
361.000,132.000,61.000,126.000
356.000,126.000,63.000,126.000
353.000,131.000,59.000,129.000
353.000,134.000,55.000,124.000
348.000,141.000,57.000,122.000
341.000,138.000,56.000,125.000
337.000,143.000,58.000,123.000
330.000,138.000,66.000,130.000
333.000,146.000,55.000,121.000
329.000,144.000,53.000,128.000
322.000,149.000,59.000,120.000
319.000,148.000,57.000,130.000
317.000,153.000,53.000,130.000
315.000,158.000,54.000,130.000
314.000,158.000,55.000,128.000
312.961,166.756,55.064,130.544
312.000,163.000,59.000,127.000
318.000,163.000,51.000,122.000
315.000,166.000,55.000,127.000
313.000,162.000,57.000,129.000
310.000,166.000,60.000,130.000
307.000,162.000,64.000,131.000
314.000,170.000,54.000,133.000
311.000,174.000,56.000,129.000
310.000,175.000,56.000,131.000
312.000,176.000,54.000,129.000
308.000,177.000,60.000,131.000
310.000,183.000,62.000,121.000
302.000,182.000,59.000,125.000
298.000,184.000,57.000,120.000
295.000,181.000,59.000,125.000
289.000,181.000,62.000,124.000
284.000,183.000,59.000,121.000
277.000,184.000,59.000,122.000
273.000,184.000,58.000,121.000
267.000,182.000,56.000,127.000
263.000,182.000,52.000,130.000
254.000,187.000,56.000,123.000
254.000,189.000,50.000,122.000
247.000,194.000,51.000,127.000
241.000,191.000,53.000,122.000
232.000,194.000,58.000,122.000
221.000,186.000,63.000,132.000
221.000,185.000,67.000,134.000
218.000,181.000,58.000,138.000
215.000,188.000,54.000,133.000
213.000,181.000,48.000,139.000
213.111,187.159,45.162,137.061
215.000,197.000,31.000,126.000
213.000,204.000,28.000,117.000
213.000,204.000,28.000,117.000
213.000,204.000,28.000,117.000
213.000,204.000,28.000,117.000
213.000,204.000,28.000,117.000
213.000,204.000,28.000,117.000
213.000,204.000,28.000,117.000
213.000,204.000,28.000,117.000
213.000,204.000,28.000,117.000
213.000,204.000,28.000,117.000
213.000,204.000,28.000,117.000
213.000,204.000,28.000,117.000
213.000,204.000,28.000,117.000
213.000,204.000,28.000,117.000
213.000,204.000,28.000,117.000
213.000,204.000,28.000,117.000
213.000,204.000,28.000,117.000
213.000,204.000,28.000,117.000
213.000,204.000,28.000,117.000
213.000,204.000,28.000,117.000
213.000,204.000,28.000,117.000
213.000,204.000,28.000,117.000
213.000,204.000,28.000,117.000
213.000,204.000,28.000,117.000
213.000,204.000,28.000,117.000
213.000,204.000,28.000,117.000
213.000,204.000,28.000,117.000
213.000,204.000,28.000,117.000
213.000,204.000,28.000,117.000
213.000,204.000,28.000,117.000
185.000,193.343,28.359,132.553
177.596,194.481,35.114,133.442
166.568,197.822,43.544,136.386
150.402,203.975,56.900,136.701
133.979,223.845,70.110,135.398
112.643,235.068,97.186,121.951
86.581,243.104,110.648,123.710
68.607,241.311,135.386,111.504
68.632,241.333,148.356,121.134
58.121,243.012,144.263,112.592
60.309,238.848,155.003,124.293
51.836,241.223,150.183,117.192
56.340,244.307,162.391,120.307
51.324,234.991,150.883,117.312
55.730,246.153,164.970,121.914
54.913,235.051,153.437,118.490
49.924,244.237,154.645,120.683
51.286,240.248,162.366,118.191
45.910,240.072,158.237,118.599
41.639,242.025,156.237,119.978
38.710,239.746,156.712,118.806
33.948,239.343,157.974,121.489
29.651,243.164,158.319,115.888
24.562,250.350,157.165,113.937
20.903,256.169,155.692,107.965
18.251,257.750,156.995,103.111
13.546,256.197,156.422,101.334
9.717,256.645,152.819,100.696
5.320,259.914,156.172,97.367
4.821,259.630,150.205,96.209
4.271,261.808,148.397,94.722
2.832,261.578,146.596,95.935
3.892,260.809,140.889,96.773
3.124,259.989,142.214,96.446
3.084,261.751,142.492,94.481
4.398,262.811,142.849,94.768
3.351,262.428,140.309,95.196
2.068,260.744,137.871,96.850
0.441,265.763,141.690,93.538
1.500,268.908,143.183,90.898
1.105,264.464,147.264,90.932
6.194,248.409,159.774,98.584
13.573,245.578,166.946,105.886
18.700,243.672,165.189,106.122
25.482,248.300,160.429,112.203
35.453,250.079,156.770,102.624
27.855,247.308,154.066,103.861
39.320,234.185,161.691,113.503
123.000,178.000,63.000,97.000
123.000,178.000,63.000,97.000
127.433,166.236,63.124,95.425
143.000,240.000,54.000,102.000
141.000,243.000,49.000,95.000
141.000,243.000,45.000,98.000
138.000,243.000,43.000,98.000
133.000,244.000,42.000,98.000
121.051,242.882,43.118,96.434
125.000,226.000,41.000,106.000
125.000,226.000,41.000,106.000
118.000,160.000,54.000,104.000
110.000,166.000,61.000,86.000
107.000,163.000,59.000,90.000
103.000,163.000,59.000,92.000
95.000,165.000,66.000,88.000
94.228,173.523,67.770,89.206
93.000,166.000,63.000,89.000
91.000,146.000,59.000,101.000
94.000,121.000,56.000,124.000
106.000,110.000,45.000,133.000
105.000,103.000,54.000,138.000
106.000,101.000,59.000,137.000
108.000,93.000,58.000,144.000
115.000,100.000,56.000,133.000
120.000,92.000,56.000,139.000
117.000,96.000,66.000,129.000
129.000,93.000,55.000,133.000
137.000,95.000,51.000,127.000
145.000,88.000,43.000,135.000
148.000,86.000,45.000,135.000
145.000,80.000,43.000,135.000
145.000,81.000,48.000,137.000
144.000,75.000,52.000,140.000
145.000,71.000,50.000,141.000
146.000,68.000,50.000,143.000
147.000,66.000,54.000,142.000
150.000,63.000,48.000,148.000
150.000,61.000,50.000,145.000
154.000,62.000,52.000,144.000
153.000,65.000,55.000,139.000
158.000,68.000,49.000,142.000
158.000,80.000,56.000,133.000
160.000,89.000,59.000,132.000
163.000,94.000,55.000,136.000
165.000,99.000,54.000,134.000
165.000,101.000,60.000,136.000
166.000,106.000,62.000,135.000
169.467,113.207,63.045,133.898
166.167,116.791,63.925,135.624
173.000,117.000,55.000,133.000
178.000,120.000,55.000,139.000
182.000,124.000,53.000,133.000
187.000,126.000,50.000,138.000
191.000,125.000,47.000,140.000
195.000,126.000,48.000,141.000
196.000,132.000,53.000,139.000
196.000,133.000,55.000,139.000
200.000,132.000,52.000,138.000
205.000,138.000,50.000,137.000
208.000,133.000,49.000,135.000
211.000,130.000,50.000,140.000
214.000,132.000,49.000,139.000
216.000,131.000,51.000,139.000
215.000,142.000,55.000,129.000
218.000,137.000,54.000,132.000
223.000,136.000,50.000,131.000
226.000,138.000,50.000,130.000
235.000,132.000,42.000,134.000
233.000,131.000,49.000,136.000
234.000,121.000,54.000,147.000
243.000,131.000,49.000,140.000
245.000,130.000,53.000,141.000
246.000,125.000,56.000,145.000
245.000,128.000,66.000,142.000
253.000,125.000,58.000,141.000
257.000,129.000,50.000,141.000
258.000,121.000,54.000,149.000
259.000,106.000,57.000,162.000
265.000,113.000,55.000,159.000
259.802,112.508,69.912,155.676
260.111,117.923,70.527,154.829
260.770,119.811,74.070,146.584
261.272,121.049,76.615,148.512
260.760,124.008,78.766,145.495
255.514,126.381,80.368,148.460
254.079,121.309,78.393,151.955
255.732,120.457,81.138,154.791
254.839,122.043,78.213,153.705
251.218,122.874,77.870,148.674
248.277,122.506,79.142,150.594
246.941,121.443,78.041,151.903
244.646,126.368,79.129,148.710
241.061,127.110,77.727,147.150
239.713,129.997,77.476,141.652
237.748,129.535,79.167,144.117
235.267,131.431,79.545,140.013
233.585,129.332,80.911,142.075
234.581,135.067,85.953,144.653
237.158,137.029,86.359,140.442
234.989,141.776,83.969,136.164
232.604,134.702,82.625,139.758
231.000,127.000,91.000,140.000
225.807,129.197,88.855,151.074
221.850,132.158,82.567,143.636
225.000,132.000,86.000,134.000
219.210,133.103,91.625,144.264
214.150,124.240,92.259,146.882
214.554,130.858,87.073,150.932
217.000,128.000,88.000,137.000
213.692,129.295,95.264,147.099
206.154,127.101,95.412,145.780
210.870,123.690,85.389,149.345
205.920,123.395,85.655,152.029
205.907,122.039,77.096,154.644
205.677,124.838,79.039,155.514
206.683,125.145,84.047,154.836
204.869,118.071,81.093,153.262
209.192,112.751,81.891,158.225
210.976,116.382,85.115,159.981
227.000,119.000,58.000,150.000
226.216,110.185,69.083,160.829
246.000,131.000,48.000,135.000
256.000,131.000,44.000,138.000
257.000,125.000,49.000,140.000
266.000,138.000,44.000,133.000
266.000,140.000,51.000,128.000
269.000,143.000,56.000,123.000
271.008,143.319,60.324,129.480
263.000,137.000,66.000,137.000
262.000,132.000,67.000,135.000
265.000,137.000,65.000,132.000
262.571,137.900,70.557,132.121
265.000,140.000,67.000,131.000
266.000,134.000,66.000,135.000
270.000,130.000,60.000,133.000
269.000,124.000,66.000,137.000
263.000,117.000,69.000,141.000
267.000,114.000,65.000,144.000
265.000,104.000,60.000,150.000
255.000,104.000,65.000,148.000
253.000,111.000,62.000,146.000
257.000,112.000,61.000,142.000
266.000,100.000,67.000,153.000
272.509,99.321,66.478,158.426
276.586,93.209,64.161,160.760
280.295,92.464,66.231,161.194
291.198,96.848,64.167,158.383
290.581,102.944,68.102,158.063
286.222,100.550,72.620,161.032
286.588,101.488,76.026,152.343
283.000,105.000,64.000,152.000
278.000,101.000,69.000,151.000
287.000,107.000,64.000,153.000
291.000,98.000,61.000,154.000
287.000,110.000,63.000,150.000
287.000,109.000,69.000,140.000
286.000,110.000,67.000,142.000
287.000,104.000,69.000,149.000
286.000,101.000,65.000,150.000
293.000,99.000,59.000,152.000
294.000,96.000,55.000,156.000
295.000,91.000,63.000,163.000
292.000,94.000,61.000,162.000
293.000,94.000,64.000,160.000
286.000,106.000,64.000,149.000
283.000,108.000,61.000,143.000
279.000,102.000,62.000,154.000
282.000,99.000,62.000,161.000
280.000,103.000,60.000,160.000
281.000,96.000,63.000,165.000
280.000,101.000,66.000,161.000
281.000,103.000,65.000,155.000
278.000,105.000,67.000,157.000
278.000,103.000,68.000,156.000
278.000,118.000,66.000,145.000
277.166,111.340,75.282,146.786
275.395,106.319,77.799,160.959
277.330,98.956,77.497,171.454
275.280,102.709,78.622,169.730
274.265,103.321,81.094,170.747
274.890,104.304,82.211,173.103
276.443,106.280,83.709,170.330
274.940,103.926,84.465,166.248
273.360,105.928,87.630,167.781
272.733,109.319,88.186,163.040
274.341,113.666,89.355,159.301
275.753,114.982,82.768,148.087
282.000,115.000,55.000,135.000
281.000,105.000,55.000,143.000
286.000,98.000,55.000,147.000
286.000,90.000,53.000,155.000
288.000,90.000,51.000,151.000
269.000,86.000,70.000,157.000
268.717,91.911,71.572,155.339
269.771,89.992,69.497,150.565
281.376,94.083,69.571,151.083
287.553,85.154,69.823,151.616
297.000,97.000,55.000,143.000
304.000,92.000,55.000,150.000
308.000,96.000,53.000,144.000
306.000,96.000,52.000,141.000
305.000,97.000,50.000,134.000
296.000,88.000,55.000,142.000
294.000,73.000,60.000,154.000
292.000,67.000,56.000,158.000
289.000,56.000,64.000,168.000
280.000,64.000,70.000,160.000
277.494,69.117,75.481,158.480
277.277,75.646,79.116,151.411
295.000,74.000,67.000,144.000
298.920,81.151,71.233,140.179
283.000,69.000,87.000,152.000
282.000,75.000,85.000,149.000
282.000,72.000,89.000,141.000
303.000,79.000,70.000,137.000
301.000,76.000,65.000,138.000
298.000,78.000,57.000,136.000
296.000,74.000,47.000,144.000
285.000,76.000,50.000,146.000
261.000,81.000,69.000,136.000
254.000,79.000,74.000,134.000
255.000,87.000,65.000,128.000
259.000,81.000,69.000,138.000
253.000,76.000,82.000,140.000
257.000,82.000,79.000,138.000
250.000,78.000,87.000,138.000
245.000,87.000,81.000,127.000
252.000,94.000,74.000,123.000
257.000,86.000,74.000,128.000
272.000,83.000,70.000,140.000
288.000,73.000,51.000,147.000
291.000,80.000,51.000,140.000
291.000,74.000,54.000,145.000
288.000,73.000,68.000,144.000
284.000,76.000,68.000,135.000
286.000,77.000,73.000,145.000
282.000,87.000,81.000,131.000
283.000,85.000,81.000,131.000
282.000,88.000,69.000,131.000
284.002,88.255,64.969,134.707
281.000,78.000,71.000,137.000
275.000,87.000,67.000,130.000
260.000,81.000,73.000,137.000
252.000,80.000,70.000,133.000
248.000,76.000,59.000,136.000
220.000,78.000,69.000,141.000
204.000,69.000,61.000,146.000
197.000,69.000,59.000,151.000
206.000,71.000,57.000,141.000
208.000,75.000,49.000,138.000
204.000,75.000,53.000,138.000
209.000,68.000,66.000,150.000
210.000,70.000,56.000,149.000
209.000,74.000,55.000,145.000
211.000,69.000,57.000,151.000
212.000,72.000,58.000,147.000
211.000,65.000,55.000,153.000
213.000,70.000,53.000,151.000
209.000,66.000,47.000,151.000
211.000,72.000,42.000,149.000
210.000,78.000,37.000,143.000
213.000,87.000,41.000,138.000
214.000,90.000,42.000,134.000
215.000,87.000,43.000,140.000
215.000,83.000,49.000,147.000
218.000,79.000,46.000,151.000
222.000,86.000,45.000,145.000
227.000,86.000,42.000,145.000
231.000,84.000,40.000,147.000
234.000,81.000,39.000,150.000
237.000,90.000,39.000,141.000
228.404,93.413,51.199,130.455
221.071,98.752,51.404,129.942
211.218,98.105,52.861,127.826
200.628,105.135,59.510,125.113
197.486,108.013,62.774,123.323
201.064,104.469,63.621,121.707
204.346,96.502,63.317,125.876
211.118,94.929,60.364,132.605
215.568,98.351,58.303,134.455
219.810,106.693,59.052,132.554
226.821,107.386,61.304,133.223
234.000,114.000,62.000,121.000
234.116,109.291,63.587,126.497
237.102,109.704,64.635,134.147
242.108,115.491,65.546,145.288
247.854,116.225,64.803,153.679
252.922,123.009,64.613,159.546
256.364,134.558,63.639,158.391
256.548,148.524,62.356,159.988
255.328,164.423,60.951,168.090
256.789,179.264,63.796,168.642
257.432,189.578,66.583,164.558
260.551,197.928,66.518,160.801
263.019,204.391,61.224,153.038
260.938,215.089,61.652,146.656
259.383,225.467,62.436,138.545
257.977,224.547,62.980,138.040
256.900,228.263,63.649,130.912
253.690,223.545,66.877,125.522
250.909,216.298,72.998,124.710
244.832,205.150,75.649,120.253
239.199,191.504,79.257,115.262
229.444,177.347,79.969,114.567
276.000,153.000,54.000,133.000
284.000,144.000,54.000,141.000
282.000,138.000,65.000,148.000
284.000,137.000,77.000,148.000
296.000,127.000,63.000,162.000
293.000,112.000,66.000,172.000
291.000,102.000,75.000,180.000
295.000,125.000,57.000,159.000
286.000,144.000,68.000,141.000
291.000,146.000,64.000,135.000
293.000,147.000,63.000,132.000
296.000,148.000,59.000,131.000
299.000,140.000,58.000,138.000
301.000,141.000,54.000,138.000
306.000,133.000,50.000,136.000
304.000,129.000,50.000,141.000
303.000,135.000,53.000,133.000
306.000,138.000,47.000,127.000
306.000,132.000,47.000,132.000
304.000,132.000,52.000,134.000
304.000,130.000,53.000,135.000
306.000,126.000,51.000,137.000
309.000,126.000,45.000,137.000
309.000,124.000,50.000,139.000
308.000,120.000,51.000,147.000
307.000,114.000,54.000,150.000
308.000,112.000,51.000,151.000
305.000,115.000,54.000,153.000
304.000,113.000,56.000,153.000
308.000,115.000,51.000,151.000
306.000,113.000,52.000,153.000
305.570,113.720,67.786,143.977
299.333,118.765,68.959,152.306
299.490,124.860,66.044,148.874
292.801,117.832,68.497,151.500
288.320,106.337,72.706,162.234
289.964,107.219,72.791,168.745
292.990,105.751,73.046,160.204
291.773,105.652,73.908,163.920
290.462,105.548,75.873,161.106
293.241,105.858,76.968,163.528
295.396,107.371,77.658,157.399
293.150,104.418,75.514,157.948
287.786,111.193,77.278,164.127
286.000,112.000,74.000,153.000
288.286,118.641,74.495,156.419
292.000,115.000,65.000,150.000
293.000,109.000,67.000,156.000
282.000,114.000,76.000,151.000
285.000,108.000,72.000,153.000
288.863,112.980,73.106,161.323
289.130,108.740,72.659,162.052
273.000,115.000,80.000,155.000
279.241,115.635,77.598,155.000
278.183,117.569,77.314,155.998
274.000,115.000,73.000,151.000
277.000,128.000,80.000,137.000
277.000,130.000,84.000,131.000
280.000,128.000,75.000,132.000
279.000,129.000,71.000,133.000
281.000,129.000,70.000,132.000
284.000,128.000,74.000,133.000
280.000,128.000,80.000,136.000
278.556,141.459,75.833,139.084
277.937,141.640,75.776,132.608
274.660,142.692,78.839,134.554
274.706,136.391,80.913,133.818
269.002,137.470,83.711,136.795
259.270,136.517,85.932,139.417
249.929,138.013,89.225,134.666
234.186,143.361,92.481,132.434
214.085,144.584,100.986,127.640
206.471,143.267,100.886,128.364
198.574,144.033,104.155,130.888
191.737,144.674,103.755,131.985
188.787,149.202,98.760,133.945
257.000,137.000,53.000,135.000
249.000,132.000,62.000,141.000
258.000,134.000,49.000,139.000
256.000,138.000,54.000,138.000
254.000,139.000,57.000,136.000
254.000,137.000,54.000,137.000
258.000,139.000,50.000,138.000
259.000,143.000,48.000,135.000
257.000,140.000,50.000,137.000
252.000,137.000,57.000,140.000
244.000,148.000,67.000,131.000
243.000,153.000,68.000,125.000
243.000,150.000,69.000,127.000
239.000,150.000,68.000,125.000
235.000,143.000,70.000,130.000
244.000,139.000,63.000,131.000
253.000,131.000,57.000,139.000
260.000,128.000,51.000,140.000
270.000,118.000,48.000,148.000
274.281,129.058,60.077,144.019
275.000,110.000,54.000,149.000
280.000,108.000,52.000,145.000
282.755,114.393,61.448,148.605
287.000,98.000,55.000,150.000
290.521,107.932,68.325,151.059
287.000,105.000,64.000,144.000
289.000,113.000,64.000,139.000
300.734,116.995,68.240,138.485
293.099,118.368,67.681,132.425
293.450,118.428,64.349,131.863
295.904,114.534,63.419,128.967
297.836,113.944,61.955,130.631
297.029,112.858,62.704,131.379
294.316,109.015,62.462,132.754
297.047,106.492,63.231,134.724
298.519,109.440,63.369,131.165
300.468,107.323,64.464,130.348
300.000,90.000,55.000,139.000
301.000,94.000,59.000,138.000
304.970,103.167,60.225,136.631
304.000,90.000,54.000,137.000
291.000,79.000,64.000,152.000
296.285,105.560,65.828,147.589
302.155,114.808,60.626,130.725
296.854,111.674,61.754,125.655
295.076,115.406,63.913,121.158
291.699,109.162,65.787,120.261
286.455,105.860,66.501,118.848
272.260,105.585,70.382,123.708
259.101,103.733,72.578,124.821
253.565,102.061,74.164,122.054
250.440,100.080,76.523,120.684
248.476,98.890,80.686,123.514
250.013,98.483,83.056,126.355
248.303,96.591,84.157,127.800
245.336,94.732,82.593,128.227
251.649,91.579,84.854,129.882
252.941,88.686,89.700,130.187
253.734,88.419,97.152,131.389
255.802,87.147,99.477,132.819
255.779,83.534,100.922,134.366
256.197,80.060,101.928,137.151
255.262,75.937,104.397,139.019
254.646,73.209,110.599,141.351
249.097,62.596,114.983,147.550
247.071,62.542,120.129,150.690
247.115,60.253,123.703,149.412
250.563,59.529,123.970,149.716
248.220,59.273,123.676,149.000
250.561,61.780,124.293,145.873
252.470,61.949,122.499,142.908
251.994,64.574,121.126,140.267
258.137,64.720,116.963,138.902
255.131,63.356,118.096,139.522
258.816,63.657,115.783,138.034
261.644,66.823,112.815,135.369
266.514,68.264,106.920,134.223
272.299,69.843,100.289,132.302
274.777,71.395,97.348,131.611
273.167,68.909,97.932,135.104
280.135,69.447,94.265,135.826
284.077,72.295,92.348,133.056
285.161,68.153,87.422,135.634
286.469,67.273,84.342,134.749
287.861,68.038,85.070,135.811
285.118,68.328,89.520,139.100
278.589,68.100,94.187,139.547
270.722,73.147,98.252,138.713
259.444,71.811,102.587,137.005
248.929,69.674,106.323,138.636
245.536,76.916,109.508,139.305
239.838,82.641,110.755,141.128
229.892,81.994,111.140,140.407
212.956,79.104,112.844,143.625
190.846,81.174,114.911,145.750
183.204,74.093,117.562,151.497
179.819,75.298,119.181,152.611
153.620,75.566,120.812,155.486
157.283,72.665,109.691,158.080
153.657,75.855,111.298,161.851
155.801,75.718,112.233,155.445
149.586,77.586,105.929,151.277
147.554,95.599,106.642,142.113
141.091,89.392,103.564,143.831
137.170,98.053,104.587,139.887
129.524,92.382,104.830,139.335
123.178,89.194,104.326,142.503
194.000,44.000,72.000,196.000
191.000,51.000,71.000,192.000
188.000,45.000,68.000,197.000
187.000,50.000,72.000,190.000
177.000,22.000,88.000,178.000
173.000,43.000,92.000,157.000
154.000,60.000,115.000,140.000
154.000,83.000,112.000,117.000
151.596,74.871,101.933,138.581
151.000,88.000,130.000,113.000
155.000,78.000,126.000,123.000
163.000,91.000,129.000,112.000
147.000,76.000,115.000,127.000
154.000,74.000,87.000,125.000
153.000,71.000,76.000,130.000
160.000,75.000,64.000,132.000
162.000,78.000,56.000,133.000
161.000,79.000,47.000,139.000
159.000,76.000,47.000,143.000
155.000,89.000,50.000,134.000
149.000,87.000,52.000,139.000
146.000,89.000,52.000,135.000
141.000,92.000,54.000,139.000
138.000,90.000,52.000,143.000
135.000,94.000,49.000,145.000
128.000,102.000,49.000,136.000
121.000,97.000,53.000,143.000
116.000,99.000,55.000,143.000
115.000,106.000,53.000,140.000
123.000,97.000,56.000,151.000
123.000,102.000,61.000,146.000
121.000,101.000,65.000,147.000
115.000,100.000,67.000,156.000
111.000,91.000,60.000,161.000
112.000,98.000,63.000,155.000
114.000,98.000,60.000,153.000
114.000,98.000,62.000,151.000
116.000,107.000,59.000,144.000
116.000,96.000,53.000,156.000
118.000,92.000,58.000,162.000
112.367,98.335,63.321,158.692
115.000,100.000,64.000,149.000
108.000,106.000,66.000,140.000
106.000,112.000,74.000,133.000
109.000,98.000,70.000,140.000
110.000,102.000,75.000,136.000
111.000,88.000,66.000,143.000
114.000,88.000,62.000,144.000
111.000,78.000,60.000,151.000
117.000,84.000,57.000,140.000
114.000,77.000,57.000,144.000
115.000,76.000,55.000,140.000
115.000,70.000,53.000,143.000
118.000,74.000,52.000,133.000
117.000,72.000,52.000,136.000
115.000,74.000,54.000,128.000
113.000,69.000,58.000,131.000
116.000,69.000,49.000,127.000
113.000,56.000,56.000,139.000
111.000,57.000,57.000,130.000
112.000,52.000,55.000,139.000
119.000,50.000,49.000,144.000
114.000,35.000,53.000,155.000
111.000,44.000,53.000,149.000
102.000,47.000,64.000,151.000
99.000,42.000,67.000,149.000
97.000,41.000,68.000,153.000
113.000,47.000,54.000,148.000
108.000,42.000,63.000,151.000
104.000,50.000,72.000,142.000
101.000,52.000,76.000,138.000
98.000,59.000,85.000,128.000
104.514,72.894,81.314,139.026
106.481,73.576,85.136,132.278
110.846,69.983,88.922,134.665
112.584,70.532,95.707,134.680
120.061,63.593,94.487,140.564
128.284,64.684,98.159,137.537
131.212,67.483,96.543,138.167
132.407,69.621,97.839,139.072
136.104,68.686,98.913,142.402
139.753,67.591,101.749,143.540
139.578,66.212,104.715,146.006
142.959,66.178,107.912,154.375
144.181,69.198,115.087,157.043
147.689,66.945,114.222,159.039
150.061,67.661,115.311,162.202
151.000,51.000,83.000,168.000
167.000,55.000,72.000,176.000
150.000,43.000,63.000,190.000
152.000,39.000,55.000,196.000
156.000,48.000,47.000,196.000
158.000,39.000,46.000,204.000
161.000,43.000,47.000,206.000
160.000,44.000,46.000,204.000
162.000,45.000,43.000,207.000
159.000,44.000,47.000,216.000
164.000,44.000,73.000,218.000
158.000,41.000,67.000,219.000
159.000,56.000,70.000,204.000
166.000,70.000,65.000,191.000
166.000,78.000,71.000,183.000
161.000,55.000,65.000,205.000
172.000,59.000,63.000,204.000
170.925,88.384,82.588,173.517
152.000,25.000,68.000,213.000
169.000,59.000,56.000,196.000
165.000,75.000,56.000,177.000
154.000,48.000,51.000,174.000
131.000,38.000,51.000,173.000
107.000,38.000,47.000,156.000
107.000,33.000,43.000,161.000
106.000,39.000,43.000,153.000
110.000,38.000,43.000,153.000
109.000,49.000,50.000,158.000
115.000,53.000,60.000,150.000
92.000,41.000,48.000,143.000
90.000,51.000,40.000,142.000
84.000,43.000,44.000,147.000
79.000,46.000,47.000,143.000
81.000,37.000,44.000,155.000
82.000,42.000,46.000,147.000
81.000,39.000,45.000,151.000
78.000,32.000,46.000,164.000
79.000,35.000,47.000,157.000
79.000,41.000,49.000,149.000
79.000,44.000,47.000,149.000
82.000,53.000,57.000,152.000
92.000,68.000,52.000,138.000
101.000,76.000,66.000,128.000
97.373,74.935,66.731,127.152
94.000,72.000,75.000,125.000
78.000,76.000,93.000,121.000
82.808,76.230,89.789,125.523
84.611,75.633,87.042,124.295
85.156,75.266,84.207,125.970
91.524,81.116,77.596,129.281
99.000,93.000,70.000,117.000
104.000,73.000,64.000,141.000
110.000,75.000,52.000,141.000
112.253,76.500,68.031,143.923
120.000,73.000,49.000,146.000
123.000,69.000,49.000,154.000
122.000,74.000,52.000,155.000
132.000,72.000,48.000,161.000
127.000,86.000,57.000,148.000
137.000,81.000,52.000,150.000
143.000,78.000,56.000,158.000
148.000,91.000,53.000,150.000
149.000,95.000,58.000,145.000
152.000,97.000,66.000,144.000
154.000,108.000,86.000,134.000
162.000,114.000,99.000,128.000
163.000,111.000,98.000,130.000
167.000,123.000,97.000,117.000
171.000,113.000,79.000,129.000
160.000,100.000,91.000,148.000
163.000,105.000,90.000,149.000
161.000,102.000,102.000,143.000
155.000,102.000,106.000,147.000
161.000,96.000,103.000,150.000
162.000,100.000,100.000,147.000
170.000,105.000,87.000,138.000
160.000,105.000,95.000,139.000
148.000,104.000,115.000,140.000
152.000,104.000,112.000,142.000
149.000,99.000,113.000,147.000
155.000,107.000,108.000,140.000
158.172,106.161,100.543,146.141
159.585,106.005,99.450,144.841
160.221,108.447,98.330,146.857
159.992,109.128,98.277,148.951
155.451,111.789,103.679,143.340
144.505,115.498,110.299,140.555
136.616,113.936,117.622,141.057
119.463,112.982,126.262,143.976
114.611,108.670,127.609,145.174
116.734,101.146,124.417,152.422
112.833,102.327,124.866,155.144
106.636,102.930,126.573,156.992
101.941,104.333,122.079,159.080
102.977,104.335,123.696,163.998
108.172,102.798,121.419,172.408
123.000,101.000,115.000,158.000
119.687,104.683,115.211,166.059
119.478,110.334,114.716,169.526
122.688,109.885,114.827,169.270
134.000,108.000,102.000,170.000
130.454,114.381,107.515,165.015
127.467,123.924,109.202,157.150
122.000,120.000,89.000,160.000
126.000,129.000,85.000,149.000
129.000,127.000,73.000,152.000
129.000,135.000,65.000,147.000
135.566,136.869,66.394,142.173
127.000,134.000,45.000,144.000
122.000,134.000,49.000,143.000
122.000,131.000,53.000,149.000
120.000,132.000,55.000,142.000
122.000,134.000,59.000,145.000
120.977,139.129,69.217,144.022
115.793,144.024,74.189,143.024
117.000,134.000,67.000,142.000
118.067,139.459,74.291,147.773
116.000,137.000,65.000,140.000
113.461,146.008,71.226,144.935
112.302,147.740,72.200,138.360
103.829,154.717,77.646,133.623
103.224,155.339,79.095,132.603
101.937,155.342,80.165,130.847
102.371,154.850,80.544,129.918
103.969,154.418,79.708,131.431
104.274,157.857,79.561,127.874
106.431,161.131,76.533,122.190
106.344,163.825,76.475,123.339
97.000,141.000,87.000,133.000
99.248,152.803,88.868,138.079
100.474,164.894,87.830,132.284
99.077,173.358,85.362,125.984
92.000,147.000,91.000,135.000
98.000,142.000,87.000,141.000
97.880,154.451,90.522,143.076
98.095,163.442,90.698,134.809
104.000,150.000,83.000,134.000
100.174,159.595,85.904,137.063
98.654,162.569,86.375,131.452
101.985,162.493,84.669,130.538
100.569,164.972,83.990,127.814
102.876,162.792,82.627,127.797
101.496,168.132,82.037,124.072
102.232,165.073,82.598,123.530
100.742,169.169,82.779,126.545
102.802,165.957,79.328,126.022
105.497,169.773,79.021,123.065
99.962,158.874,84.771,128.244
97.626,154.410,89.478,135.357
97.589,153.831,92.734,137.542
95.421,156.062,94.822,135.506
101.630,152.838,83.515,137.830
104.845,153.854,77.273,138.593
107.518,152.839,72.145,138.047
109.443,150.915,73.049,139.421
111.084,157.778,73.243,134.746
111.735,150.078,73.001,136.957
109.332,151.282,76.186,136.597
110.237,144.292,75.576,135.937
108.554,145.900,73.754,135.764
109.472,143.076,72.789,133.355
106.267,140.865,71.653,134.677
102.788,138.895,71.374,136.853
105.095,143.004,72.169,135.124
105.939,138.817,70.235,131.562
100.984,133.759,71.035,133.848
103.394,133.765,70.899,135.764
110.977,135.041,71.882,135.257
119.548,134.776,68.987,130.960
124.729,133.829,71.959,130.062
117.466,135.443,77.805,135.962
109.848,129.969,76.908,132.382
110.199,122.118,80.933,146.792
120.000,121.000,69.000,142.000
112.217,121.585,77.942,147.598
116.637,116.978,80.743,152.301
122.000,124.000,67.000,141.000
122.008,122.106,72.180,146.613
125.000,125.000,69.000,139.000
121.000,125.000,87.000,140.000
125.297,127.538,89.327,142.534
121.344,124.053,93.169,143.000
118.074,122.568,92.758,147.246
119.380,122.705,89.865,146.767
121.235,120.675,88.018,150.639
120.500,121.020,87.780,152.391
119.684,120.113,87.731,152.984
120.359,124.145,86.132,148.706
121.489,115.073,86.445,151.714
122.379,106.122,93.231,162.209
123.813,100.503,95.589,171.757
126.723,94.571,94.759,174.678
118.328,97.271,104.139,181.484
124.000,136.000,73.000,130.000
124.140,136.057,86.295,138.218
122.677,136.346,85.236,139.114
120.746,132.127,86.987,142.815
122.229,131.799,86.325,141.170
129.642,127.940,79.543,142.554
136.410,127.911,75.994,142.412
137.853,129.886,74.200,142.989
145.755,131.799,76.846,139.884
159.685,129.870,71.854,139.230
171.725,115.415,69.003,144.981
171.257,123.240,68.883,150.970
171.047,116.327,69.899,149.708
172.572,115.818,72.737,163.378
174.215,114.356,72.837,149.555
201.000,115.000,54.000,152.000
208.603,117.884,56.565,159.253
207.000,115.000,53.000,156.000
219.442,115.531,54.554,157.233
222.000,109.000,53.000,166.000
221.000,110.000,60.000,169.000
222.000,112.000,60.000,163.000
229.000,98.000,56.000,178.000
226.000,109.000,56.000,163.000
227.000,120.000,52.000,156.000
228.000,125.000,53.000,148.000
227.000,127.000,52.000,148.000
225.000,125.000,55.000,148.000
225.000,108.000,56.000,165.000
225.000,100.000,63.000,176.000
224.000,107.000,55.000,167.000
224.000,114.000,57.000,160.000
224.000,107.000,61.000,164.000
227.000,99.000,61.000,173.000
211.000,111.000,72.000,165.000
205.000,121.000,80.000,157.000
208.000,116.000,77.000,162.000
210.000,122.000,76.000,158.000
210.000,122.000,74.000,158.000
213.000,133.000,71.000,150.000
221.000,139.000,69.000,148.000
226.000,142.000,62.000,145.000
224.000,153.000,80.000,137.000
225.000,147.000,74.000,139.000
223.000,143.000,79.000,149.000
223.000,146.000,81.000,147.000
227.000,144.000,74.000,152.000
230.000,150.000,69.000,148.000
227.636,151.644,75.197,157.340
232.000,152.000,69.000,149.000
232.000,152.000,70.000,155.000
232.673,160.239,82.130,161.091
225.143,170.181,85.480,152.704
221.393,171.011,92.579,153.030
217.461,170.966,98.038,154.794
216.111,171.932,99.696,154.060
216.557,175.957,99.900,153.298
226.000,169.000,78.000,139.000
229.000,175.000,78.000,135.000
223.759,177.513,85.077,143.469
228.000,178.000,76.000,131.000
223.996,176.411,85.176,144.606
219.671,180.008,92.030,135.550
231.000,181.000,74.000,128.000
230.000,178.000,77.000,129.000
226.771,180.608,83.572,138.284
222.025,185.067,89.733,135.313
220.342,191.798,97.241,129.655
216.418,193.889,100.364,127.131
214.580,197.487,105.058,124.165
217.508,196.224,105.479,125.925
215.732,198.366,110.147,124.216
214.837,196.422,104.922,124.907
214.497,198.581,106.481,123.206
229.000,179.000,66.000,131.000
232.213,188.539,76.832,135.756
224.605,190.358,83.343,130.570
217.067,188.095,90.229,125.751
209.201,184.013,96.407,134.138
201.611,179.943,103.534,135.161
204.643,177.297,103.239,139.701
212.000,181.000,103.000,129.000
208.233,181.884,107.951,140.601
203.509,190.665,110.060,130.749
199.970,193.949,107.630,129.733
206.188,192.100,104.661,129.188
205.958,196.225,106.721,127.263
204.335,198.797,104.009,124.323
204.734,201.523,107.296,124.821
203.665,196.313,101.298,121.740
209.041,201.163,101.726,120.725
206.624,200.791,103.769,119.361
203.805,200.957,106.848,117.387
206.244,194.771,104.154,119.700
201.130,191.362,106.572,127.107
203.718,188.655,106.714,127.553
205.399,189.940,107.048,130.833
207.396,191.449,106.047,126.683
208.497,188.141,107.427,128.242
235.000,177.000,55.000,131.000
239.210,185.053,62.025,129.080
239.041,186.733,65.196,124.057
235.968,186.181,69.537,123.581
233.481,184.713,71.678,121.902
227.509,187.384,73.226,121.135
225.829,186.643,71.786,121.685
220.221,184.829,71.838,125.077
216.662,184.187,71.499,122.615
215.406,182.210,73.350,124.096
212.853,184.185,74.665,124.959
211.172,182.706,77.479,124.174
298.000,160.000,66.000,153.000
292.672,164.166,67.826,152.440
293.127,168.050,68.003,151.536
283.000,152.000,86.000,162.000
287.000,160.000,81.000,157.000
289.560,167.673,80.588,150.057
300.000,160.000,70.000,157.000
303.694,181.446,71.726,145.223
301.845,187.350,69.274,135.276
308.388,196.076,67.113,128.171
302.999,180.445,67.270,135.743
305.718,189.013,65.275,132.733
300.818,178.532,64.740,134.423
306.467,183.378,62.821,128.242
300.000,158.000,63.000,149.000
298.061,159.224,62.214,159.717
298.321,159.880,60.856,155.312
