423.000,32.000,554.000,676.000
455.400,26.233,530.003,655.442
466.722,35.443,513.464,661.160
461.062,29.832,526.356,655.893
460.731,30.300,511.196,657.551
458.848,32.727,511.702,658.965
457.608,33.981,513.348,657.533
457.503,33.064,516.128,658.488
475.145,34.162,530.699,654.818
483.294,31.066,514.948,652.153
484.821,24.575,520.962,664.207
490.316,30.574,511.678,659.073
491.172,28.348,511.572,663.232
492.699,40.211,513.726,665.315
493.989,36.842,523.355,655.994
494.698,34.227,512.858,657.634
500.526,38.994,518.559,661.811
500.041,37.730,519.218,658.691
500.541,37.643,513.966,659.232
499.226,44.407,516.072,657.454
497.285,49.626,514.852,652.112
496.021,47.087,530.448,645.463
500.143,45.276,526.569,653.992
501.104,47.378,528.284,647.133
495.863,45.919,531.187,648.716
493.739,44.454,528.162,649.639
494.020,42.036,529.130,650.851
487.701,41.612,530.046,651.454
448.000,52.000,613.000,668.000
483.328,21.578,561.808,654.597
441.000,14.000,614.000,712.000
480.537,40.475,562.871,654.469
481.034,39.398,538.069,652.965
475.021,43.105,534.690,649.665
480.440,46.224,524.218,646.992
482.724,46.276,523.249,645.313
482.284,46.368,529.652,644.267
483.178,49.433,528.026,644.983
482.268,45.051,532.159,643.374
484.552,46.163,527.569,646.817
482.115,37.505,537.678,642.854
486.923,41.267,524.003,648.962
482.211,37.672,528.883,642.623
486.729,36.837,531.391,646.001
486.094,37.525,528.517,648.488
485.477,36.613,526.768,647.851
485.508,37.038,526.005,652.125
485.287,38.080,521.856,650.251
487.901,43.104,527.465,646.301
492.391,43.675,520.201,651.381
490.410,46.610,516.372,651.552
488.207,48.915,517.905,650.818
482.328,49.808,518.576,648.568
477.093,49.779,509.047,649.383
464.051,52.314,513.283,648.687
449.838,61.692,508.752,653.544
449.615,29.020,523.189,646.429
442.168,9.280,510.342,669.929
426.217,2.010,501.471,674.696
394.112,27.550,511.635,670.050
386.286,40.715,498.177,674.407
388.112,41.624,514.024,660.745
382.563,15.716,499.347,665.866
366.017,5.082,511.402,662.612
319.348,0.000,516.529,669.507
300.780,0.000,521.556,665.657
280.132,0.000,521.171,666.451
259.023,0.000,538.185,655.690
225.258,0.000,565.154,654.146
224.420,0.000,555.933,647.039
258.791,0.000,513.401,657.854
234.857,0.000,490.910,639.723
123.000,0.000,597.000,720.000
178.144,0.000,529.664,693.033
224.000,0.000,497.000,654.000
235.000,0.000,496.000,665.000
277.000,0.000,471.000,660.000
305.000,0.000,450.000,705.000
309.000,0.000,448.000,691.000
313.000,0.000,466.000,660.000
354.000,0.000,436.000,648.000
384.000,0.000,420.000,682.000
423.000,0.000,410.000,666.000
445.000,0.000,401.000,616.000
483.000,0.000,402.000,568.000
511.000,0.000,384.000,591.000
512.000,0.000,400.000,568.000
523.000,0.000,397.000,564.000
505.000,0.000,431.000,581.000
541.000,0.000,418.000,597.000
553.000,0.000,419.000,610.000
572.000,0.000,394.000,589.000
569.000,0.000,414.000,625.000
582.000,0.000,391.000,644.000
600.000,0.000,391.000,606.000
612.000,0.000,401.000,596.000
655.328,0.000,374.952,635.565
620.000,0.000,426.000,593.000
629.000,0.000,399.000,618.000
638.000,0.000,390.000,601.000
637.000,0.000,409.000,608.000
632.000,0.000,411.000,676.000
658.000,0.000,392.000,637.000
646.000,0.000,392.000,659.000
609.000,0.000,441.000,683.000
624.000,0.000,435.000,669.000
622.000,0.000,451.000,652.000
584.000,1.000,483.000,643.000
546.000,0.000,517.000,678.000
529.000,0.000,532.000,694.000
530.000,0.000,527.000,701.000
564.000,0.000,515.000,678.000
559.000,0.000,531.000,673.000
590.000,0.000,485.000,674.000
603.000,0.000,466.000,678.000
583.000,0.000,489.000,672.000
587.000,0.000,504.000,677.000
574.000,0.000,508.000,698.000
587.000,0.000,510.000,686.000
579.000,4.000,525.000,695.000
590.000,4.000,513.000,670.000
601.000,9.000,524.000,692.000
595.000,21.000,515.000,689.000
584.000,37.000,526.000,660.000
601.000,55.000,511.000,658.000
583.000,30.000,528.000,675.000
571.000,38.000,523.000,670.000
547.000,66.000,540.000,654.000
613.243,51.552,494.191,658.942
591.719,51.595,476.539,658.880
573.905,55.984,462.915,668.360
570.035,60.410,465.560,655.807
558.006,60.551,465.452,652.630
548.819,51.607,461.129,659.463
531.854,53.564,457.487,653.727
523.989,49.298,457.998,656.301
509.301,53.168,462.807,654.363
506.080,42.937,464.349,658.634
496.218,40.913,461.983,662.184
493.501,29.356,459.186,666.922
483.104,36.640,470.855,670.445
494.108,49.120,474.495,654.119
513.642,42.818,469.802,662.262
509.717,38.649,470.178,661.249
506.270,39.586,482.117,664.881
503.903,44.993,479.164,658.657
498.489,46.555,483.898,665.284
497.807,43.792,486.026,656.949
504.370,54.107,480.977,661.329
512.395,52.448,492.266,661.409
528.732,57.073,489.729,653.608
549.179,47.132,487.442,662.953
556.642,58.735,494.927,661.711
563.318,61.611,490.132,659.834
560.614,56.077,498.332,667.417
567.487,53.644,489.876,666.705
562.156,57.820,493.562,669.519
556.907,61.728,494.703,667.792
559.278,63.906,492.035,662.944
565.282,60.859,492.738,662.861
569.028,66.519,488.211,663.977
579.097,61.780,491.100,662.576
581.298,64.910,489.113,657.166
575.210,65.841,484.421,662.244
570.549,62.652,478.871,662.285
565.785,59.866,490.913,656.420
577.034,82.066,497.802,644.901
631.011,88.743,497.305,631.545
639.403,93.406,505.383,628.236
645.150,96.087,512.557,623.685
629.630,100.570,498.849,629.222
621.886,98.078,501.162,629.110
622.106,77.178,494.962,637.466
629.604,77.722,500.671,636.414
639.420,77.333,503.942,638.479
625.941,74.895,495.419,642.461
609.917,77.921,493.607,650.358
610.678,65.250,492.396,661.702
604.015,60.128,492.281,665.113
601.193,61.065,497.433,653.793
595.910,62.663,493.897,653.802
594.673,57.353,497.188,654.987
588.187,57.405,489.973,661.830
583.475,54.696,491.280,664.510
579.055,47.753,483.159,668.380
569.939,43.865,483.687,667.013
568.685,32.700,477.293,673.853
561.774,36.656,495.035,665.269
566.332,35.429,488.349,669.276
566.716,33.523,491.639,669.391
564.374,28.962,483.228,681.954
563.611,25.045,483.833,674.912
562.080,29.959,489.011,678.481
565.041,32.437,482.756,670.364
565.581,29.770,474.944,675.970
561.663,31.034,478.851,661.705
557.342,30.164,480.313,671.017
551.822,30.415,478.120,668.034
551.302,21.348,478.150,672.897
549.746,20.665,475.227,675.976
544.524,22.127,479.428,673.346
540.922,20.804,479.014,673.879
536.362,21.521,477.966,680.696
534.482,18.790,476.914,680.138
534.183,14.423,476.963,684.344
532.417,14.935,488.199,686.937
539.063,11.496,480.902,682.543
535.929,5.153,484.080,691.747
532.664,0.000,477.869,700.060
533.768,0.000,480.280,707.324
534.724,0.000,482.678,705.430
537.052,0.000,480.290,711.732
538.198,0.000,481.789,709.219
540.597,0.000,479.648,707.304
541.588,0.000,477.163,709.593
542.337,0.000,480.688,707.461
541.090,0.000,485.773,705.309
539.568,0.000,490.622,695.697
543.530,5.609,494.985,686.063
547.221,9.188,495.082,687.274
549.503,7.461,491.624,684.235
552.415,15.098,494.820,689.968
556.135,21.792,498.994,677.608
562.530,26.278,485.943,688.916
557.635,33.758,483.328,683.699
565.855,21.277,479.249,681.039
573.803,9.850,471.026,687.951
574.791,0.000,483.146,697.839
585.112,0.000,481.993,705.642
588.058,0.000,471.306,700.664
600.066,0.000,461.498,689.796
600.713,0.000,458.765,692.322
602.850,0.000,463.729,690.822
603.441,0.000,470.712,689.141
607.410,0.000,481.044,698.828
606.764,0.000,490.086,704.015
604.253,0.000,484.837,701.386
603.282,0.000,490.563,701.265
609.929,0.000,493.638,703.842
616.698,0.000,497.369,711.252
635.269,0.000,481.385,704.617
642.732,0.000,470.790,702.368
644.084,0.000,465.718,701.097
646.872,0.000,461.740,700.602
643.316,0.000,463.072,698.529
584.000,0.000,499.000,711.000
618.539,0.000,488.912,694.805
624.843,0.000,482.070,688.056
634.336,0.000,458.300,681.474
634.282,0.000,442.696,682.924
623.930,0.000,432.404,682.496
608.877,0.000,438.469,681.687
528.000,0.000,502.000,683.000
546.743,0.000,496.507,687.687
561.411,0.000,474.447,685.526
574.739,0.000,448.621,673.893
570.710,17.429,431.996,679.261
559.925,41.130,416.975,660.991
540.000,81.000,408.000,582.000
592.000,101.000,337.000,584.000
620.000,139.000,320.000,585.000
612.000,65.000,375.000,629.000
562.000,59.000,384.000,668.000
285.000,2.000,459.000,720.000
388.000,0.000,571.000,720.000
412.400,0.000,801.213,649.956
346.009,46.501,876.939,621.667
326.000,0.000,882.000,720.000
295.000,0.000,913.000,703.000
407.468,9.336,939.371,683.857
340.000,0.000,894.000,720.000
326.000,15.000,928.000,678.000
260.000,7.000,950.000,720.000
298.000,0.000,951.000,706.000
416.779,0.000,970.705,697.278
240.000,0.000,1027.000,696.000
246.000,0.000,1016.000,720.000
47.000,0.000,933.000,720.000
134.974,67.597,1010.692,679.220
176.467,53.249,1014.617,638.075
387.000,1.000,671.000,694.000
285.000,0.000,620.000,688.000
342.086,0.000,559.268,666.084
402.000,0.000,388.000,716.000
403.000,0.000,395.000,666.000
399.000,0.000,393.000,660.000
408.000,0.000,375.000,710.000
399.000,0.000,382.000,687.000
391.000,0.000,397.000,689.000
395.000,0.000,406.000,658.000
394.000,0.000,397.000,682.000
393.000,0.000,395.000,668.000
395.000,0.000,412.000,689.000
351.000,0.000,447.000,672.000
360.000,0.000,440.000,663.000
343.000,0.000,451.000,664.000
327.000,0.000,471.000,675.000
319.000,0.000,500.000,696.000
338.000,1.000,484.000,689.000
316.000,0.000,492.000,684.000
323.000,0.000,489.000,690.000
329.000,0.000,485.000,692.000
339.000,0.000,464.000,704.000
357.000,0.000,438.000,675.000
359.000,8.000,434.000,658.000
348.000,0.000,450.000,673.000
352.000,0.000,433.000,697.000
337.000,0.000,445.000,678.000
328.000,0.000,443.000,677.000
310.000,0.000,459.000,683.000
334.000,0.000,430.000,677.000
323.000,0.000,436.000,667.000
330.000,0.000,429.000,692.000
348.000,0.000,414.000,671.000
329.000,0.000,434.000,702.000
332.000,0.000,431.000,692.000
314.000,0.000,438.000,712.000
339.000,0.000,416.000,720.000
332.000,9.000,423.000,679.000
320.000,0.000,426.000,707.000
319.000,2.000,423.000,689.000
310.000,0.000,410.000,680.000
308.000,0.000,397.000,707.000
290.000,6.000,406.000,676.000
292.000,0.000,408.000,681.000
276.000,0.000,416.000,689.000
271.000,1.000,403.000,646.000
286.000,0.000,380.000,678.000
318.143,0.000,361.251,676.513
289.000,0.000,369.000,667.000
271.000,0.000,398.000,690.000
276.000,2.000,377.000,662.000
279.000,0.000,368.000,687.000
274.000,0.000,370.000,682.000
261.000,0.000,380.000,696.000
264.000,0.000,368.000,668.000
263.000,0.000,362.000,672.000
280.000,5.000,345.000,676.000
273.000,0.000,356.000,676.000
296.774,0.000,324.391,693.056
291.709,0.000,316.938,685.856
279.000,8.000,337.000,653.000
295.281,0.000,313.805,673.610
272.000,24.000,341.000,638.000
260.000,13.000,334.000,671.000
262.000,6.000,330.000,682.000
255.000,0.000,335.000,694.000
242.000,0.000,359.000,694.000
253.000,3.000,329.000,693.000
244.000,0.000,333.000,708.000
262.308,0.000,312.110,683.991
229.000,7.000,346.000,677.000
252.826,0.000,308.723,688.655
218.000,0.000,340.000,683.000
219.000,1.000,329.000,689.000
208.000,3.000,325.000,687.000
198.000,20.000,316.000,666.000
191.000,0.000,306.000,690.000
173.000,0.000,317.000,688.000
139.000,11.000,340.000,668.000
155.000,4.000,318.000,667.000
165.000,0.000,308.000,700.000
171.570,0.000,307.476,675.290
169.000,0.000,305.000,693.000
144.000,14.000,337.000,656.000
148.000,14.000,315.000,698.000
164.000,6.000,293.000,691.000
113.000,7.000,347.000,667.000
133.000,13.000,322.000,680.000
98.000,28.000,356.000,647.000
113.000,18.000,332.000,662.000
136.000,16.000,307.000,669.000
86.000,16.000,373.000,643.000
110.000,18.000,343.000,668.000
111.000,9.000,345.000,622.000
122.000,22.000,335.000,658.000
112.000,0.000,331.000,672.000
142.539,0.000,314.997,648.057
157.579,0.000,303.676,630.881
176.835,0.000,289.879,625.771
191.346,0.000,269.918,616.943
208.780,0.000,239.455,617.324
207.099,0.000,229.055,614.339
162.000,8.000,296.000,638.000
165.187,0.000,258.045,646.299
179.251,10.992,236.259,623.583
130.000,25.000,303.000,647.000
122.000,24.000,309.000,635.000
130.878,8.474,277.823,622.451
88.000,22.000,321.000,626.000
103.000,13.000,321.000,663.000
102.000,18.000,282.000,651.000
80.000,16.000,336.000,672.000
70.000,20.000,379.000,673.000
66.000,32.000,362.000,649.000
71.000,24.000,311.000,645.000
80.982,39.290,285.133,612.097
86.235,34.057,262.025,594.793
95.659,38.886,251.509,580.375
101.378,36.012,238.143,575.730
88.000,12.000,238.000,613.000
96.281,32.811,242.449,575.847
97.319,36.610,220.477,571.724
107.000,3.000,210.000,639.000
119.198,31.580,205.275,591.225
98.000,10.000,218.000,620.000
107.721,40.191,229.070,584.402
109.541,53.498,227.038,577.080
110.191,59.485,222.706,569.889
114.594,63.589,228.741,562.576
118.010,56.456,221.198,553.937
121.237,66.032,229.248,550.515
126.000,43.000,229.000,579.000
153.746,65.504,233.704,551.265
159.000,52.000,230.000,584.000
185.378,79.828,229.269,535.353
187.000,65.000,226.000,562.000
184.000,69.000,235.000,582.000
192.000,66.000,230.000,583.000
187.000,87.000,232.000,580.000
196.000,82.000,224.000,584.000
201.000,71.000,216.000,582.000
192.000,54.000,215.000,589.000
181.000,54.000,231.000,582.000
179.000,55.000,236.000,586.000
188.000,42.000,244.000,586.000
222.000,44.000,229.000,590.000
216.000,29.000,244.000,581.000
214.000,40.000,236.000,561.000
222.000,14.000,234.000,573.000
222.000,22.000,237.000,573.000
221.000,31.000,229.000,569.000
218.000,16.000,236.000,583.000
210.000,26.000,241.000,569.000
215.000,30.000,236.000,561.000
221.000,19.000,232.000,580.000
223.000,0.000,234.000,587.000
230.000,17.000,248.000,575.000
235.000,9.000,243.000,571.000
234.000,14.000,248.000,583.000
229.000,13.000,259.000,574.000
228.000,6.000,257.000,585.000
239.000,0.000,251.000,612.000
244.000,10.000,267.000,603.000
251.000,24.000,268.000,588.000
268.000,28.000,255.000,578.000
277.000,22.000,266.000,589.000
281.000,24.000,265.000,587.000
315.556,57.264,245.391,551.313
303.000,34.000,262.000,568.000
308.000,35.000,264.000,569.000
298.000,40.000,279.000,551.000
290.000,30.000,276.000,573.000
302.000,12.000,282.000,610.000
314.000,16.000,282.000,578.000
311.000,10.000,292.000,575.000
292.000,6.000,328.000,584.000
296.000,21.000,294.000,567.000
274.000,14.000,338.000,562.000
262.000,0.000,326.000,601.000
280.000,4.000,271.000,571.000
246.000,6.000,341.000,573.000
281.000,16.000,275.000,557.000
299.000,51.000,270.000,498.000
299.000,39.000,289.000,511.000
323.000,57.000,227.000,486.000
337.000,71.000,175.000,476.000
333.000,54.000,197.000,481.000
340.000,58.000,165.000,482.000
352.000,55.000,177.000,479.000
353.000,56.000,193.000,478.000
349.000,55.000,196.000,488.000
345.000,49.000,197.000,491.000
351.000,39.000,202.000,494.000
345.000,23.000,233.000,509.000
351.000,36.000,191.000,488.000
351.000,25.000,222.000,501.000
350.000,33.000,219.000,504.000
349.000,19.000,229.000,511.000
352.000,30.000,189.000,498.000
360.827,40.956,201.978,498.344
344.000,14.000,255.000,507.000
348.000,17.000,242.000,510.000
352.000,25.000,232.000,508.000
339.000,14.000,216.000,530.000
326.000,0.000,262.000,549.000
338.000,5.000,248.000,550.000
332.000,10.000,249.000,539.000
331.000,16.000,244.000,526.000
328.000,35.000,213.000,505.000
321.000,2.000,261.000,533.000
327.000,0.000,243.000,551.000
357.263,8.558,232.420,528.653
362.522,9.203,234.427,524.889
359.981,4.973,227.957,520.420
354.968,0.907,227.614,516.782
348.705,0.000,228.721,521.898
340.072,1.336,227.269,514.316
335.738,3.208,224.835,504.777
293.000,3.000,245.000,531.000
293.000,0.000,247.000,549.000
285.000,0.000,258.000,535.000
273.000,0.000,261.000,540.000
307.372,14.525,240.617,516.499
315.640,17.688,233.722,506.700
324.820,21.312,226.959,500.189
332.149,27.465,226.871,495.781
287.000,0.000,273.000,547.000
337.544,21.659,250.330,529.964
333.602,19.333,247.510,537.235
330.827,24.947,245.284,536.152
328.062,27.622,245.591,539.905
322.149,19.960,245.381,551.603
318.072,23.833,242.520,545.425
316.797,28.454,230.748,541.004
320.860,20.698,221.136,545.077
333.710,21.838,221.671,537.064
346.770,27.826,214.684,531.496
364.533,37.065,200.592,524.753
383.003,41.560,185.711,528.698
379.780,33.199,184.128,529.591
363.639,35.410,186.472,532.625
354.380,44.478,183.604,524.840
341.669,41.996,184.201,515.445
335.478,46.521,186.802,523.312
338.999,49.577,187.773,515.336
346.914,49.577,186.189,509.721
354.873,54.836,179.927,512.709
365.965,61.985,176.798,514.021
373.846,77.909,171.366,499.489
381.489,86.258,168.925,488.197
382.661,103.349,163.391,468.528
381.531,111.613,160.945,452.493
382.550,113.367,155.795,443.041
383.540,126.948,159.283,430.156
384.282,135.880,156.492,413.910
381.272,131.694,155.525,410.575
369.886,130.275,161.101,408.264
370.679,135.683,159.072,407.228
377.537,143.503,161.465,403.526
386.504,156.471,161.782,395.154
397.651,158.782,155.068,394.652
399.382,148.777,153.099,393.726
404.161,143.547,153.736,393.949
392.000,107.000,172.000,435.000
390.000,99.000,173.000,441.000
382.000,101.000,162.000,430.000
384.000,106.000,151.000,414.000
375.000,123.000,141.000,392.000
367.000,111.000,147.000,406.000
365.000,116.000,158.000,407.000
390.000,122.000,151.000,401.000
403.000,122.000,157.000,407.000
403.000,131.000,160.000,394.000
409.000,127.000,150.000,392.000
403.000,119.000,162.000,398.000
412.000,111.000,151.000,407.000
397.000,110.000,176.000,403.000
421.000,116.000,159.000,400.000
432.000,99.000,146.000,414.000
449.000,99.000,134.000,413.000
443.000,115.000,146.000,395.000
448.000,110.000,147.000,401.000
458.000,112.000,152.000,392.000
463.000,127.000,164.000,376.000
461.000,114.000,185.000,394.000
462.000,113.000,178.000,395.000
458.000,114.000,144.000,393.000
472.000,106.000,150.000,407.000
466.000,127.000,170.000,397.000
467.000,113.000,193.000,410.000
467.000,133.000,177.000,388.000
465.000,131.000,148.000,391.000
468.000,118.000,166.000,401.000
476.000,118.000,168.000,403.000
481.000,109.000,164.000,402.000
534.964,114.132,177.606,409.112
432.000,108.000,257.000,413.000
452.000,97.000,361.000,431.000
421.000,75.000,418.000,468.000
473.000,169.000,347.000,553.000
462.000,51.000,374.000,615.000
481.000,33.000,350.000,710.000
489.000,35.000,355.000,686.000
467.000,35.000,363.000,705.000
471.000,24.000,351.000,709.000
463.000,13.000,352.000,720.000
477.000,38.000,327.000,715.000
479.000,14.000,329.000,697.000
465.000,17.000,337.000,686.000
452.000,22.000,347.000,709.000
464.000,13.000,335.000,707.000
464.000,16.000,358.000,710.000
468.000,10.000,351.000,717.000
470.000,2.000,369.000,711.000
497.000,30.000,345.000,705.000
524.000,23.000,330.000,701.000
541.000,24.000,328.000,716.000
537.000,11.000,314.000,720.000
526.000,3.000,323.000,720.000
519.000,0.000,311.000,720.000
521.000,11.000,297.000,720.000
517.000,5.000,298.000,707.000
505.000,0.000,306.000,720.000
484.000,9.000,326.000,715.000
490.000,6.000,310.000,699.000
486.000,0.000,312.000,720.000
467.000,0.000,331.000,720.000
463.000,0.000,325.000,720.000
515.620,2.596,305.188,720.000
525.669,11.185,278.905,698.287
536.336,14.362,298.413,720.000
551.185,13.990,275.942,686.327
552.197,32.957,287.947,710.018
546.403,31.256,263.366,675.072
542.612,33.238,283.743,710.242
531.746,27.170,267.542,667.076
548.453,27.726,294.401,700.274
554.537,37.205,264.525,657.479
577.512,40.266,294.132,681.617
523.000,25.000,341.000,702.000
580.654,49.580,284.914,663.935
568.899,57.674,291.176,661.066
577.363,42.497,288.101,659.818
602.912,30.260,296.798,664.567
553.000,0.000,320.000,707.000
637.108,11.315,324.933,683.891
563.000,0.000,327.000,720.000
561.000,0.000,315.000,720.000
536.000,0.000,322.000,720.000
511.000,0.000,334.000,717.000
495.000,0.000,348.000,720.000
511.000,5.000,328.000,717.000
525.000,14.000,325.000,717.000
519.000,18.000,333.000,708.000
586.981,27.321,289.468,682.039
600.100,56.523,251.339,672.664
604.711,69.007,236.717,671.477
607.058,74.000,226.179,668.160
606.041,82.359,228.181,659.697
618.721,66.574,226.561,661.511
625.258,76.818,235.020,647.175
628.998,74.801,243.035,645.754
622.625,90.293,249.784,629.755
609.728,75.263,254.869,639.518
609.214,85.475,250.768,633.336
601.760,78.266,252.392,638.013
599.148,71.009,250.312,629.183
587.722,61.054,248.131,634.968
571.884,52.894,249.517,634.121
562.705,40.366,247.375,639.834
556.958,46.628,246.847,625.522
575.044,51.414,249.937,643.799
588.679,69.649,250.949,631.140
608.503,71.484,242.666,634.664
613.073,74.449,234.783,625.640
598.920,79.203,232.169,623.145
586.960,71.935,229.587,635.858
580.466,73.635,227.120,615.160
587.705,80.242,217.023,613.088
588.822,72.943,210.624,616.041
589.992,67.909,205.970,623.024
592.816,55.816,213.499,630.392
591.629,62.567,216.240,619.901
587.273,66.112,219.261,620.471
578.892,76.915,222.844,614.664
565.837,70.050,222.897,631.962
547.450,85.910,237.773,633.456
547.339,81.569,224.242,641.184
540.164,83.302,233.161,639.350
558.252,80.214,221.590,636.539
535.136,71.882,232.611,638.639
547.748,71.236,224.140,636.053
538.823,53.345,225.569,639.760
542.972,44.013,218.708,645.439
537.931,45.315,216.103,647.236
527.311,47.777,213.359,639.977
522.783,53.422,209.177,633.538
523.606,47.909,210.255,638.051
526.419,39.297,207.225,644.161
527.894,50.992,207.600,635.277
530.566,59.220,201.514,619.437
533.333,63.665,207.130,622.371
531.487,77.198,201.892,607.582
500.000,22.000,229.000,702.000
532.387,51.992,212.637,638.092
529.042,54.448,200.686,616.172
530.640,56.370,202.338,595.195
544.345,52.840,198.579,607.021
552.965,60.323,202.178,617.947
560.729,64.263,204.300,626.719
526.000,18.000,234.000,712.000
559.618,24.481,216.371,667.341
527.000,65.000,218.000,669.000
556.661,53.502,201.913,650.663
551.651,53.625,206.686,640.082
521.000,67.000,216.000,647.000
558.267,46.780,196.500,634.621
553.422,46.326,209.529,618.133
564.264,35.237,207.418,617.434
585.582,25.355,201.689,634.679
586.679,25.098,211.681,642.127
577.226,31.447,222.890,646.339
560.614,43.373,236.673,642.085
550.533,33.114,239.025,653.146
549.102,31.246,239.295,646.662
540.438,36.050,233.109,638.702
534.059,39.571,228.981,645.504
525.595,33.346,226.203,649.216
515.278,33.482,222.868,647.619
512.653,33.929,208.370,642.561
500.009,54.170,199.841,632.307
499.861,69.250,186.364,601.295
502.466,87.216,173.365,574.593
501.171,112.286,164.784,549.535
507.772,139.025,147.358,527.240
503.906,166.379,148.310,511.972
508.054,168.746,146.158,518.041
506.231,184.913,147.148,505.229
496.173,187.165,149.400,501.677
491.358,191.286,149.625,489.946
496.631,187.489,153.217,498.608
502.834,184.169,152.955,491.475
497.722,180.052,149.459,484.251
489.598,185.180,149.865,477.634
482.943,183.182,149.734,483.194
459.817,193.381,149.376,481.512
449.954,181.327,147.535,495.646
439.418,186.760,151.472,483.251
447.250,166.135,144.526,500.872
454.905,172.980,149.179,493.024
463.823,167.180,148.766,482.653
466.631,181.648,152.771,467.569
471.871,175.060,153.909,472.362
474.294,185.932,154.596,472.533
479.257,180.588,155.454,480.652
479.740,188.140,159.504,478.130
477.656,182.638,161.504,479.399
475.529,191.161,164.295,478.462
475.144,194.885,165.941,476.163
473.345,199.071,166.180,472.775
477.949,207.498,161.866,467.304
489.137,206.269,156.434,466.667
502.799,190.918,152.970,465.633
515.431,184.498,149.848,461.969
523.786,187.343,144.187,455.658
530.063,179.148,142.444,452.213
537.370,177.502,139.019,452.450
537.852,175.798,138.871,453.883
536.322,181.292,135.724,465.421
530.894,186.799,138.368,469.170
519.311,187.860,145.472,470.042
510.897,186.174,142.512,457.453
502.137,178.485,145.424,460.425
493.886,179.089,145.921,454.579
493.812,174.860,146.925,453.147
494.173,172.055,145.270,445.001
490.181,173.294,143.880,433.648
479.308,165.875,142.393,435.548
470.479,166.802,139.909,437.385
460.914,166.257,140.298,442.860
455.845,160.228,138.431,450.570
453.956,158.625,141.051,449.411
457.281,159.972,144.270,444.766
458.374,158.485,144.368,442.439
456.221,165.533,141.497,431.855
449.365,159.474,140.586,430.098
439.811,160.132,139.171,421.604
591.000,0.000,160.000,430.000
594.707,0.000,171.923,411.850
581.455,0.000,171.129,390.798
566.798,0.000,171.886,387.639
567.527,0.000,171.084,369.226
556.807,0.000,173.089,363.997
550.684,0.000,171.919,359.693
553.556,5.984,168.234,350.044
560.262,6.196,171.309,347.279
552.000,0.000,167.000,384.000
568.525,6.967,179.281,360.982
563.353,0.065,182.553,361.593
565.235,4.579,186.761,367.023
571.876,0.755,189.027,369.379
567.000,0.000,184.000,404.000
570.000,0.000,186.000,412.000
576.000,1.000,185.000,415.000
574.000,1.000,195.000,421.000
572.000,1.000,198.000,438.000
563.000,0.000,203.000,452.000
555.000,9.000,200.000,442.000
544.000,10.000,198.000,445.000
534.000,10.000,211.000,460.000
543.000,14.000,201.000,455.000
564.000,7.000,206.000,467.000
556.000,6.000,230.000,481.000
558.000,6.000,205.000,474.000
549.625,0.000,222.104,453.790
552.136,0.000,225.057,442.317
563.596,0.000,224.102,442.740
567.939,0.000,228.472,458.505
562.012,0.000,231.028,470.999
533.002,0.000,243.051,483.199
531.952,0.000,233.100,476.739
530.793,0.000,234.295,471.117
537.028,0.000,236.274,465.644
535.924,0.000,243.251,466.909
535.912,0.000,252.127,464.959
539.782,0.000,258.476,464.735
542.331,23.808,276.977,454.214
553.029,28.143,290.421,472.212
551.948,34.068,299.695,488.638
535.951,27.469,306.553,501.903
576.000,62.000,240.000,469.000
566.623,89.774,278.831,416.216
564.982,98.445,269.852,417.114
567.621,109.456,264.606,406.858
552.879,113.097,271.442,391.545
537.472,115.164,276.245,381.500
540.622,97.037,284.999,380.944
586.000,82.000,222.000,438.000
493.000,59.000,300.000,464.000
465.201,67.521,317.362,473.220
532.000,79.000,227.000,438.000
527.000,78.000,219.000,422.000
534.274,104.897,261.459,378.179
523.959,108.706,276.163,367.270
521.846,115.626,288.195,371.411
527.665,126.268,301.807,374.182
518.849,127.115,311.219,387.953
520.577,128.044,327.176,404.988
497.336,127.715,345.765,429.165
478.281,113.488,360.891,447.143
438.000,78.000,357.000,632.000
484.400,31.060,335.685,656.833
469.000,45.000,337.000,653.000
473.000,0.000,381.000,706.000
500.000,8.000,352.000,682.000
487.000,16.000,360.000,667.000
452.000,3.000,391.000,651.000
447.000,15.000,356.000,674.000
418.000,1.000,380.000,670.000
434.000,20.000,341.000,677.000
426.000,28.000,351.000,667.000
422.000,23.000,346.000,683.000
418.000,32.000,336.000,675.000
409.000,34.000,342.000,664.000
407.000,28.000,344.000,680.000
422.000,14.000,331.000,700.000
436.000,30.000,325.000,686.000
436.000,39.000,340.000,677.000
423.000,29.000,342.000,674.000
427.000,11.000,316.000,705.000
403.000,4.000,342.000,701.000
393.000,0.000,327.000,714.000
388.000,9.000,331.000,717.000
394.000,0.000,312.000,709.000
388.000,0.000,313.000,713.000
364.000,0.000,324.000,713.000
372.965,11.122,284.902,665.935
361.364,39.510,271.101,633.842
351.380,51.225,267.619,627.221
307.000,0.000,341.000,720.000
346.113,24.405,292.532,658.328
325.000,0.000,317.000,720.000
340.000,12.000,321.000,720.000
358.854,10.150,301.858,720.000
364.119,29.057,292.657,714.096
378.000,79.000,266.000,666.000
361.000,17.000,296.000,720.000
354.000,22.000,305.000,720.000
332.000,2.000,295.000,715.000
353.000,39.000,305.000,689.000
402.000,54.000,241.000,674.000
409.000,47.000,267.000,684.000
395.000,45.000,298.000,667.000
407.000,56.000,292.000,686.000
379.000,23.000,325.000,694.000
374.000,45.000,355.000,690.000
403.000,46.000,330.000,676.000
385.000,48.000,358.000,697.000
373.000,46.000,377.000,669.000
310.000,51.000,439.000,704.000
297.000,58.000,454.000,713.000
310.000,54.000,428.000,660.000
305.000,32.000,443.000,688.000
314.000,25.000,436.000,710.000
369.000,38.000,385.000,685.000
425.000,36.000,330.000,696.000
428.000,28.000,315.000,680.000
446.000,44.000,286.000,699.000
421.000,24.000,302.000,693.000
443.000,50.000,284.000,684.000
453.000,32.000,284.000,699.000
435.000,29.000,306.000,720.000
449.000,0.000,309.000,720.000
492.000,21.000,268.000,717.000
484.000,17.000,263.000,720.000
509.706,39.885,256.896,679.732
503.667,34.418,249.314,673.006
515.865,47.183,245.269,685.061
522.401,42.533,249.321,681.590
540.288,54.238,242.123,674.573
548.372,57.077,245.901,682.862
542.199,70.044,244.244,655.857
555.174,54.475,234.544,670.910
540.033,72.331,243.469,654.476
523.393,53.517,240.992,655.462
504.242,46.411,243.828,668.515
510.225,26.551,240.341,685.101
516.791,27.835,249.345,695.183
536.669,27.853,246.225,692.466
535.658,25.040,250.651,708.261
522.762,21.730,253.186,695.385
511.078,24.446,249.024,690.462
502.334,22.893,256.534,701.400
498.654,18.141,259.542,700.761
486.574,12.318,264.811,699.435
482.446,4.491,270.780,704.315
473.670,6.800,277.259,710.287
473.505,13.033,281.262,694.361
472.961,17.660,283.082,706.032
478.503,18.611,282.720,682.592
476.145,38.804,285.024,700.063
482.000,27.911,274.700,673.121
492.499,56.958,272.516,690.735
495.454,24.706,260.645,673.663
514.546,50.278,250.526,688.625
517.743,7.983,246.263,700.335
530.636,24.965,245.198,690.138
505.714,33.517,246.472,687.299
461.109,22.502,244.538,698.455
421.027,26.886,245.908,692.161
397.000,0.000,230.000,720.000
388.000,0.000,233.000,720.000
381.384,35.679,249.219,720.000
384.000,0.000,251.000,720.000
389.000,0.000,249.000,720.000
387.000,0.000,268.000,720.000
408.000,0.000,253.000,720.000
423.000,0.000,251.000,720.000
411.000,0.000,251.000,720.000
419.000,0.000,253.000,720.000
412.000,0.000,281.000,720.000
417.000,0.000,277.000,720.000
472.842,23.783,264.576,700.117
478.682,18.033,248.639,696.579
485.885,24.280,250.292,694.967
466.000,10.000,265.000,720.000
462.000,5.000,267.000,720.000
462.000,0.000,259.000,720.000
458.000,0.000,275.000,720.000
457.000,0.000,290.000,720.000
469.000,0.000,307.000,720.000
476.000,15.000,310.000,718.000
473.000,14.000,304.000,715.000
472.000,0.000,292.000,719.000
463.000,7.000,299.000,711.000
461.000,7.000,298.000,718.000
472.000,1.000,298.000,720.000
460.000,5.000,298.000,709.000
479.000,0.000,280.000,718.000
493.000,7.000,260.000,720.000
483.000,0.000,279.000,720.000
491.000,0.000,261.000,720.000
516.430,33.929,252.151,700.605
509.190,31.643,243.003,704.123
504.183,40.818,238.525,702.124
497.587,31.647,238.916,717.931
501.498,34.418,234.487,710.987
508.466,26.389,231.363,709.030
513.596,21.735,225.434,713.440
509.087,31.450,223.346,707.847
494.665,31.233,222.414,707.490
489.396,34.542,220.505,701.253
498.102,29.060,217.022,700.358
504.022,40.618,220.035,684.063
510.303,39.273,222.513,688.338
511.684,47.577,227.757,676.842
516.642,43.148,229.553,679.932
518.217,45.587,234.012,687.824
522.392,40.035,227.500,677.487
525.711,38.810,231.870,685.486
532.838,37.745,228.595,692.680
538.163,32.900,229.988,694.707
541.960,36.125,230.189,697.894
537.787,36.267,232.727,690.905
536.102,36.629,239.644,695.221
529.614,46.463,244.425,689.095
523.070,43.126,253.255,690.063
521.790,52.853,257.084,678.812
511.690,53.426,260.613,677.617
493.047,55.134,263.868,678.292
494.338,57.049,259.053,675.209
512.688,53.335,262.807,677.457
537.771,44.566,260.102,677.059
554.456,48.482,264.309,689.702
563.000,37.000,257.000,706.000
579.869,54.597,256.454,686.498
589.863,42.391,246.329,694.679
601.511,56.094,251.816,686.875
619.035,59.323,248.496,680.837
634.476,68.625,245.657,671.656
640.984,72.880,232.782,667.037
633.270,76.836,233.778,668.755
626.300,74.012,226.976,661.823
617.245,77.312,229.473,658.119
613.292,73.407,220.903,661.677
606.509,72.199,218.708,662.033
594.436,66.278,217.048,675.068
594.395,67.196,210.374,673.468
604.151,71.520,205.545,665.541
629.048,83.832,206.569,660.758
629.000,74.000,214.000,671.000
668.799,100.107,207.354,643.753
674.000,73.000,189.000,645.000
683.269,110.608,190.952,602.888
683.013,105.781,188.795,613.161
640.000,70.000,209.000,652.000
676.515,117.957,197.655,611.247
631.000,63.000,214.000,657.000
667.000,71.000,192.000,675.000
647.000,56.000,217.000,670.000
652.000,62.000,202.000,663.000
654.000,57.000,216.000,678.000
644.000,52.000,216.000,682.000
676.932,79.991,201.265,656.317
674.792,89.131,203.039,657.383
674.822,104.253,199.563,640.250
667.811,91.218,200.024,649.234
656.943,72.782,201.742,659.278
646.550,55.694,204.897,671.396
636.000,45.469,206.605,680.709
623.814,36.284,210.116,689.616
616.789,40.742,206.984,681.953
608.680,38.745,207.090,687.008
603.760,32.765,202.825,690.045
600.402,45.612,201.051,689.525
594.448,41.582,196.182,694.613
593.259,43.617,193.620,692.736
589.657,38.146,193.014,700.095
579.585,36.254,193.216,701.822
571.730,43.177,192.739,699.312
567.584,45.668,189.694,694.159
564.485,57.359,190.431,689.485
559.632,61.092,191.439,682.083
557.689,59.883,192.349,680.158
552.509,62.733,188.308,676.913
550.306,63.705,190.351,681.608
546.379,57.488,190.596,685.434
541.195,58.752,189.450,684.667
542.148,61.441,187.461,676.123
545.562,55.397,189.708,676.357
548.634,54.412,188.063,676.112
546.122,52.381,192.426,686.188
535.838,42.900,191.325,696.444
538.081,52.884,188.167,680.951
539.973,50.881,188.197,680.055
543.754,55.200,188.181,678.681
548.126,54.280,186.576,674.370
549.953,57.815,186.875,674.304
546.717,58.754,187.054,672.035
549.064,56.682,188.278,674.593
551.622,57.548,188.625,668.490
551.553,59.731,189.149,668.750
549.859,51.281,193.051,679.881
552.282,53.599,190.276,679.702
552.054,54.110,193.981,685.138
551.522,53.826,192.736,680.785
552.559,50.928,194.841,688.008
552.458,56.294,192.851,678.264
554.103,49.683,194.458,684.409
555.619,47.067,196.198,685.022
558.206,46.307,196.465,686.399
566.243,40.688,194.218,685.871
567.604,41.166,196.697,690.300
569.618,44.045,194.246,687.716
570.611,47.809,193.903,686.293
572.723,48.977,192.983,682.025
574.784,52.051,193.463,674.234
574.600,49.693,196.832,678.118
574.019,46.856,195.772,686.855
574.425,48.064,195.302,689.846
578.240,48.611,192.179,683.658
578.639,54.704,193.886,672.364
576.907,61.662,193.678,670.107
584.780,59.021,187.363,666.896
591.334,68.361,189.211,663.527
595.857,56.698,192.099,670.713
603.067,70.891,186.147,653.280
607.331,58.504,190.919,677.876
615.155,64.883,185.236,664.201
619.248,60.781,187.444,672.292
621.984,69.053,184.465,661.465
622.657,63.127,188.302,670.167
624.141,59.887,190.420,671.202
626.555,55.879,190.956,672.704
630.464,54.682,193.228,675.157
634.596,47.087,199.104,685.990
644.823,45.207,197.765,681.527
652.383,50.247,194.399,672.393
651.330,51.651,196.834,681.177
650.631,56.498,196.502,676.243
653.294,60.326,197.004,669.447
664.447,62.636,195.488,665.103
673.460,67.669,198.858,661.068
682.007,66.339,199.281,663.273
693.078,78.311,201.467,655.175
701.217,81.627,204.096,657.272
709.161,92.132,206.041,646.816
714.436,96.764,207.633,647.746
722.945,106.910,205.928,634.082
733.305,115.438,205.605,620.957
742.863,121.417,205.324,624.959
752.721,131.622,205.078,619.137
763.411,155.009,208.052,600.070
769.349,186.035,198.147,576.741
773.773,196.705,212.255,567.448
784.056,209.951,209.286,542.042
797.662,217.796,205.933,512.470
808.629,228.519,211.219,496.140
820.124,233.744,212.282,486.458
830.868,240.422,216.770,478.893
846.755,244.716,215.503,467.943
858.947,248.344,220.801,466.234
863.613,247.937,224.457,467.612
865.804,240.785,223.253,472.742
871.888,237.962,231.733,479.596
877.586,232.353,229.270,475.194
881.883,229.817,235.802,485.397
884.587,219.910,232.444,486.661
890.344,214.870,230.985,494.457
887.978,216.809,237.292,496.642
887.151,207.539,236.047,506.948
888.414,203.694,231.970,506.564
887.414,203.278,235.292,512.908
886.683,200.062,233.744,520.137
885.159,200.833,234.173,521.540
885.929,200.446,233.598,521.076
885.030,199.764,235.872,522.918
885.167,195.555,236.776,527.081
886.101,195.738,233.162,526.875
885.294,195.605,234.497,528.833
884.459,192.868,233.692,530.305
881.214,194.500,233.631,533.745
877.710,193.266,236.634,534.452
872.507,191.787,241.748,539.192
868.555,189.779,240.786,542.400
861.487,190.142,241.678,548.601
856.730,183.321,243.869,551.802
856.120,180.708,238.878,553.273
853.029,178.140,237.626,558.134
852.149,179.550,234.448,558.877
850.615,180.150,233.335,557.720
847.934,174.924,232.544,564.623
849.982,173.779,229.142,564.548
845.880,176.255,231.242,564.338
839.958,178.968,233.020,562.887
838.826,179.215,232.420,557.025
833.860,183.267,234.388,554.868
832.603,172.892,230.631,559.489
834.891,171.491,218.513,554.836
836.747,170.324,215.936,552.264
836.467,173.592,214.581,559.396
835.996,165.278,212.496,546.668
835.361,172.286,205.583,535.788
837.224,175.515,205.054,534.044
839.266,177.724,198.410,526.501
842.233,181.557,203.671,513.429
845.464,184.577,197.289,514.222
849.446,182.296,191.695,515.293
841.401,190.986,188.858,515.431
844.273,189.456,183.341,517.422
843.765,193.426,177.809,519.046
843.799,188.658,174.668,519.201
840.622,188.732,174.963,520.739
843.959,187.645,166.386,518.369
841.467,192.342,156.669,514.974
838.840,193.724,154.948,517.356
838.753,187.627,148.034,522.397
834.195,192.067,156.238,524.972
834.533,185.355,150.040,525.788
831.703,193.609,152.614,523.574
833.718,194.906,148.306,525.802
832.446,197.675,150.088,526.230
827.764,193.870,148.488,519.791
823.300,196.156,158.889,540.349
820.254,184.092,156.297,524.003
808.625,190.484,166.315,524.348
806.678,208.352,160.294,522.935
807.184,209.690,155.042,512.823
803.566,211.427,156.152,507.770
798.044,217.117,159.844,502.710
788.215,216.968,169.633,493.930
777.564,214.898,178.424,491.214
722.000,169.000,254.000,580.000
740.000,164.000,209.000,573.000
752.107,209.417,209.705,516.548
737.000,177.000,218.000,570.000
730.000,174.000,209.000,559.000
712.000,185.000,238.000,561.000
687.000,185.000,276.000,561.000
688.000,185.000,245.000,554.000
684.000,178.000,250.000,564.000
657.000,174.000,295.000,575.000
675.000,185.000,259.000,538.000
685.000,191.000,233.000,546.000
666.000,183.000,245.000,552.000
660.000,195.000,244.000,554.000
642.000,181.000,245.000,556.000
657.000,173.000,203.000,549.000
648.000,180.000,189.000,565.000
648.000,179.000,183.000,566.000
641.000,184.000,182.000,547.000
641.000,187.000,176.000,547.000
626.000,191.000,201.000,547.000
628.000,185.000,183.000,544.000
628.000,201.000,178.000,533.000
651.435,197.087,173.788,525.002
658.281,219.729,162.885,503.732
660.966,212.402,162.187,521.683
664.027,214.353,161.582,508.203
657.135,222.687,160.667,500.434
654.173,214.207,155.860,501.846
648.530,221.948,151.746,490.170
647.980,221.485,145.468,481.481
647.066,222.538,146.334,479.268
645.703,220.991,143.944,477.290
641.790,221.098,142.675,482.274
642.587,216.338,140.421,492.485
640.524,217.510,139.064,500.055
639.276,212.467,138.810,486.074
635.911,215.986,138.444,491.844
635.799,210.160,137.391,493.821
635.135,213.346,138.056,490.342
633.934,210.316,138.023,483.209
636.867,212.187,138.442,480.824
636.776,215.186,137.831,472.226
635.340,216.904,141.073,468.129
631.918,223.093,146.044,464.545
631.889,229.347,148.673,459.127
625.660,231.249,153.642,462.155
616.356,227.495,159.968,467.151
613.480,226.490,158.036,466.983
601.727,226.126,162.760,461.689
412.000,15.000,349.000,691.000
387.626,0.000,357.947,667.878
397.485,0.000,340.409,674.250
376.034,0.000,357.121,663.807
378.497,0.000,343.470,671.461
371.179,0.000,346.443,675.885
382.393,0.000,340.011,666.135
380.010,0.000,342.048,667.927
388.524,0.000,335.440,664.807
390.675,0.000,335.938,662.085
383.442,0.000,337.757,659.014
377.200,0.856,332.406,649.473
372.544,0.000,331.141,661.826
365.345,0.000,334.040,653.747
368.227,0.000,328.723,667.046
375.283,0.000,326.628,663.726
386.835,0.000,329.747,668.187
401.616,3.804,336.047,656.002
413.227,6.154,340.159,658.950
418.398,9.616,354.677,666.100
436.956,27.749,360.052,662.948
430.343,30.486,362.977,626.876
432.661,32.519,347.686,640.209
436.000,159.000,357.000,562.000
441.000,168.000,343.000,541.000
412.000,170.000,356.000,518.000
426.343,185.194,356.627,485.617
523.000,219.000,228.000,481.000
567.000,213.000,169.000,490.000
590.000,220.000,143.000,487.000
609.209,212.019,138.261,477.629
593.000,203.000,137.000,513.000
594.657,214.068,137.813,479.190
587.170,211.510,129.970,470.529
576.794,219.432,133.543,478.158
571.998,211.645,140.679,476.272
569.187,213.004,143.909,471.571
562.543,207.279,157.924,500.797
558.706,202.172,162.695,489.866
558.754,198.667,171.370,492.770
557.918,207.440,183.048,494.400
551.000,190.000,170.000,537.000
562.042,209.148,182.092,500.112
544.000,186.000,184.000,521.000
546.000,188.000,184.000,522.000
534.000,167.000,185.000,531.000
543.000,180.000,176.000,524.000
545.000,172.000,180.000,526.000
525.000,165.000,202.000,532.000
536.000,170.000,196.000,546.000
524.000,154.000,208.000,551.000
534.000,140.000,198.000,560.000
522.000,148.000,210.000,561.000
512.000,129.000,211.000,576.000
514.000,109.000,215.000,589.000
516.000,110.000,221.000,596.000
517.000,104.000,218.000,593.000
522.000,92.000,213.000,603.000
514.000,92.000,226.000,613.000
517.000,75.000,217.000,628.000
504.000,73.000,219.000,621.000
498.000,75.000,226.000,633.000
497.000,70.000,224.000,639.000
488.000,77.000,228.000,637.000
489.000,73.000,246.000,648.000
479.000,63.000,229.000,637.000
474.000,47.000,253.000,636.000
461.000,52.000,242.000,635.000
484.000,31.000,219.000,639.000
519.718,56.043,199.832,601.551
515.655,59.281,198.364,599.371
512.999,76.440,195.429,596.560
513.850,79.718,193.657,599.203
516.929,78.678,197.190,591.399
511.705,77.251,199.542,590.622
502.235,76.822,205.404,596.976
491.637,75.221,209.657,611.958
489.015,66.658,207.121,616.218
479.011,70.804,213.672,623.903
473.026,65.342,222.742,637.281
471.873,61.350,238.518,638.797
436.000,45.000,277.000,679.000
470.759,65.601,276.772,627.177
451.000,56.000,267.000,671.000
478.459,55.180,279.111,632.116
457.000,52.000,260.000,676.000
485.339,36.255,266.614,647.488
448.000,33.000,288.000,695.000
468.470,18.133,289.331,655.356
442.000,42.000,273.000,693.000
451.351,12.422,269.354,669.757
439.423,10.797,264.809,666.636
418.512,14.271,264.686,686.564
401.875,17.143,269.635,700.866
381.802,13.416,273.552,711.748
357.790,14.053,285.726,705.727
339.173,13.570,291.760,713.579
319.182,10.249,305.855,711.037
297.000,8.000,327.000,720.000
278.306,4.895,321.767,709.508
256.647,2.664,330.261,719.010
223.000,23.000,377.000,705.000
219.000,29.000,368.000,683.000
213.000,28.000,374.000,683.000
220.328,9.400,372.748,717.654
214.693,0.000,372.735,702.489
209.100,0.972,365.984,720.000
208.082,7.408,359.897,720.000
210.248,8.439,352.593,720.000
201.033,10.452,350.236,720.000
196.530,11.686,354.754,720.000
191.362,10.399,359.924,720.000
185.000,10.890,363.625,720.000
181.255,8.980,370.097,720.000
172.689,8.988,378.282,720.000
210.000,1.000,341.000,720.000
165.006,9.905,399.441,720.000
187.878,4.183,395.086,720.000
210.000,0.000,381.000,720.000
190.000,0.000,418.000,720.000
202.000,0.000,408.000,720.000
208.000,0.000,405.000,720.000
226.000,0.000,410.000,720.000
264.000,0.000,390.000,720.000
252.000,0.000,404.000,720.000
262.000,0.000,395.000,720.000
291.000,0.000,381.000,720.000
323.308,0.000,389.740,720.000
334.203,0.000,392.604,720.000
361.553,0.000,393.005,720.000
379.987,0.000,399.914,717.237
395.161,0.000,399.898,719.078
423.061,0.000,379.109,720.000
438.687,0.000,384.831,720.000
452.000,0.000,359.000,720.000
426.000,0.000,406.000,720.000
410.000,0.000,431.000,720.000
430.000,0.000,415.000,720.000
496.054,0.000,400.978,698.671
523.283,0.000,365.687,720.000
523.693,0.000,364.924,720.000
500.000,0.000,393.000,720.000
515.000,0.000,390.000,720.000
498.000,0.000,414.000,720.000
529.000,0.000,390.000,720.000
557.000,0.000,378.000,720.000
552.000,0.000,400.000,720.000
604.000,0.000,399.000,720.000
615.000,0.000,421.000,720.000
648.000,0.000,426.000,720.000
699.000,0.000,423.000,720.000
683.000,0.000,472.000,720.000
695.000,0.000,515.000,720.000
728.000,0.000,512.000,720.000
739.000,0.000,526.000,720.000
798.000,0.000,472.000,720.000
795.000,0.000,483.000,720.000
789.000,0.000,500.000,720.000
774.000,0.000,513.000,720.000
800.528,27.009,495.085,718.576
800.243,10.269,500.516,711.337
779.000,0.000,508.000,720.000
770.000,0.000,497.000,720.000
731.000,0.000,548.000,720.000
611.000,0.000,623.000,720.000
694.554,19.711,560.715,720.000
704.903,33.338,518.726,703.879
696.795,2.287,517.053,717.262
685.750,2.664,542.824,720.000
681.000,0.000,602.000,720.000
646.000,0.000,634.000,720.000
619.000,0.000,653.000,720.000
588.000,0.000,688.000,720.000
642.698,0.000,657.303,720.000
608.473,5.442,698.650,720.000
591.976,0.000,713.134,720.000
585.391,1.755,730.835,720.000
581.245,0.000,725.761,720.000
611.013,0.000,706.065,720.000
587.158,0.000,708.380,720.000
518.000,0.000,781.000,720.000
539.000,0.000,774.000,720.000
554.000,0.000,758.000,720.000
610.219,0.000,684.024,720.000
611.939,0.000,704.481,720.000
640.019,0.000,646.190,720.000
631.296,6.355,692.497,710.735
635.057,0.000,655.979,720.000
642.372,0.000,654.001,720.000
681.927,2.927,604.369,720.000
698.856,9.049,593.555,712.761
736.741,15.034,553.179,700.248
775.151,39.929,516.514,685.794
807.356,35.871,481.023,656.561
817.187,65.195,477.756,661.188
870.794,59.776,415.560,617.771
847.204,82.274,448.207,613.493
837.641,96.725,434.440,648.664
820.000,18.000,450.000,714.000
834.000,0.000,440.000,720.000
870.463,21.997,440.822,613.768
913.936,0.000,378.079,646.165
868.000,0.000,415.000,720.000
964.388,3.775,417.944,588.594
976.000,0.000,387.000,666.000
956.066,7.712,403.105,535.204
949.051,11.865,432.290,471.830
943.790,5.877,470.594,457.535
1.000,300.000,511.000,441.000
5.000,309.000,505.000,389.000
10.000,303.000,571.000,381.000
10.000,294.000,559.000,392.000
0.000,337.000,582.000,380.000
0.000,388.000,528.000,340.000
13.000,369.000,484.000,355.000
0.000,369.000,477.000,346.000
0.000,399.000,463.000,338.000
0.000,399.000,463.000,338.000
0.000,399.000,463.000,338.000
0.000,399.000,463.000,338.000
0.000,399.000,463.000,338.000
0.000,399.000,463.000,338.000
0.000,399.000,463.000,338.000
0.000,399.000,463.000,338.000
0.000,399.011,401.090,299.343
0.000,423.192,343.065,290.784
0.000,458.202,334.299,261.329
10.834,493.871,357.894,226.231
18.576,517.046,365.015,215.442
0.000,514.000,372.000,206.000
0.000,525.000,338.000,194.000
0.000,525.000,338.000,194.000
10.058,540.290,311.063,180.120
51.000,540.000,342.000,180.000
98.000,513.000,343.000,217.000
116.000,515.000,344.000,206.000
152.000,526.000,341.000,196.000
185.000,536.000,309.000,182.000
272.000,539.000,282.000,209.000
417.000,507.000,272.000,218.000
418.064,488.549,249.045,218.703
429.264,488.877,259.751,216.932
464.082,424.028,264.181,229.860
481.196,372.203,258.345,241.041
638.000,235.000,107.000,364.000
649.000,234.000,106.000,364.000
638.000,211.000,105.000,358.000
622.000,179.000,107.000,358.000
613.000,164.000,104.000,363.000
607.000,165.000,104.000,364.000
600.000,150.000,106.000,365.000
589.000,138.000,115.000,365.000
582.000,137.000,113.000,361.000
575.000,150.000,110.000,355.000
571.000,157.000,116.000,367.000
586.000,165.000,118.000,364.000
597.000,171.000,115.000,363.000
628.000,187.000,98.000,362.000
621.000,172.000,115.000,362.000
612.000,163.000,111.000,367.000
613.000,173.000,125.000,362.000
624.499,204.635,122.984,354.955
627.000,209.000,113.000,364.000
621.000,221.000,118.000,363.000
635.142,241.778,122.466,351.949
631.000,228.000,122.000,363.000
643.020,250.908,121.750,351.275
654.459,251.027,117.529,348.035
657.301,255.742,121.384,349.575
659.406,259.585,118.417,345.890
662.984,258.714,116.811,343.603
665.275,262.545,119.999,349.621
670.416,260.537,117.352,347.534
666.978,253.649,120.272,347.169
663.940,249.588,120.284,344.639
661.263,247.145,121.934,347.514
658.959,240.538,122.177,346.863
653.499,231.708,123.712,347.103
648.162,228.044,127.068,347.314
645.149,231.227,127.111,342.078
645.563,227.211,123.719,340.804
642.079,221.961,127.020,341.134
638.960,224.290,128.717,344.722
640.983,222.386,125.161,339.129
627.000,200.000,132.000,368.000
635.314,212.129,125.073,337.358
647.149,202.052,123.639,343.224
653.414,202.297,129.236,346.479
660.332,198.100,125.997,342.501
663.288,187.574,124.658,339.230
662.397,175.274,123.309,340.354
656.553,164.111,127.609,344.442
652.296,154.825,130.333,345.886
638.000,133.000,130.000,362.000
645.675,150.528,130.937,344.598
645.960,146.009,131.867,348.426
646.049,145.413,135.245,348.505
636.388,141.927,137.892,345.018
630.487,149.292,140.751,345.550
624.308,148.315,138.259,342.637
613.644,154.865,140.233,341.730
612.177,161.621,140.268,344.696
609.957,169.422,140.959,341.515
611.617,174.877,140.063,342.348
613.117,176.742,139.318,343.827
617.749,179.361,136.337,340.472
615.588,182.300,139.547,343.066
609.630,184.989,144.081,345.769
610.291,188.139,140.188,344.070
611.806,184.419,138.462,345.339
606.997,179.682,140.097,345.380
608.580,176.527,139.769,346.141
612.098,175.582,137.420,343.990
606.000,161.000,139.000,362.000
611.080,179.490,139.349,337.216
617.263,175.199,137.624,339.867
617.493,171.911,141.965,344.651
619.429,170.713,140.421,342.929
622.801,169.772,141.058,340.842
625.895,170.004,142.199,344.085
630.469,173.339,142.072,342.270
634.307,173.233,142.552,343.627
636.210,174.464,144.279,343.512
638.804,175.736,143.299,341.910
641.106,176.150,144.368,338.454
635.822,179.338,148.116,340.248
634.974,183.838,148.412,337.653
634.311,184.482,145.838,336.175
