381.000,83.000,36.000,35.000
379.596,82.350,37.857,34.254
376.000,82.000,38.000,35.000
377.000,82.000,37.000,35.000
376.000,81.000,37.000,35.000
376.000,80.000,37.000,35.000
374.000,79.000,38.000,35.000
374.000,78.000,37.000,36.000
374.000,79.000,37.000,35.000
375.000,78.000,38.000,35.000
377.000,79.000,38.000,34.000
378.000,79.000,38.000,35.000
377.000,79.000,38.000,34.000
377.000,78.000,37.000,34.000
375.000,80.000,37.000,34.000
376.000,79.000,38.000,35.000
376.000,79.000,37.000,35.000
375.000,79.000,39.000,34.000
376.000,79.000,37.000,35.000
374.000,79.000,38.000,35.000
374.000,80.000,37.000,34.000
375.000,78.000,37.000,35.000
373.000,80.000,37.000,36.000
373.000,79.000,37.000,35.000
373.000,79.000,38.000,34.000
372.000,80.000,37.000,35.000
371.000,80.000,37.000,33.000
372.000,80.000,38.000,34.000
373.000,81.000,38.000,35.000
372.000,82.000,37.000,33.000
369.000,80.000,38.000,34.000
370.000,82.000,37.000,35.000
366.210,81.498,40.377,36.939
365.378,80.951,39.496,37.388
364.109,80.644,40.274,38.025
364.887,82.609,39.936,38.178
364.813,82.263,40.293,38.889
365.422,81.869,40.261,39.564
366.376,83.952,39.936,39.181
366.351,83.931,41.602,39.985
368.000,84.000,37.000,33.000
368.440,84.665,39.144,35.677
367.991,84.489,39.627,36.001
368.916,84.984,39.099,36.086
369.644,84.204,39.046,36.400
367.891,85.259,39.971,35.752
367.670,84.793,39.426,35.473
368.109,83.745,39.491,36.018
367.593,83.252,39.721,36.065
367.391,83.656,40.241,36.428
368.257,83.019,39.483,36.820
368.033,83.161,39.597,36.974
368.076,83.331,39.795,37.288
371.000,85.000,35.000,35.000
367.932,84.326,40.030,37.195
368.401,85.388,38.569,36.915
368.000,86.000,37.000,34.000
369.138,87.534,38.806,35.817
370.244,87.738,38.046,36.362
369.762,88.372,38.776,36.453
370.756,89.773,39.376,36.955
369.894,89.152,40.731,37.594
370.000,92.000,37.000,34.000
370.091,91.300,39.484,35.968
369.755,93.434,39.550,36.353
368.259,93.416,39.550,36.967
369.226,94.220,38.796,37.786
370.043,94.383,38.829,38.724
373.077,93.754,37.830,39.820
374.413,93.823,38.174,40.071
376.649,95.297,38.359,40.287
379.107,95.645,37.531,40.076
381.307,96.350,38.076,40.439
383.213,98.264,38.197,40.395
385.366,99.998,38.435,40.460
386.798,100.371,38.350,40.689
389.548,101.820,38.015,40.423
391.529,102.773,38.501,41.162
391.461,105.459,38.703,41.189
392.643,105.735,38.510,41.668
392.912,107.852,39.093,41.644
395.302,107.888,38.554,41.264
395.890,107.883,39.936,42.007
396.764,109.146,39.578,41.218
398.000,109.000,38.000,34.000
400.576,111.037,38.045,34.370
399.926,110.893,39.777,35.845
400.404,111.088,39.510,37.533
402.216,110.863,39.592,38.416
403.000,112.000,37.000,34.000
404.735,111.176,38.705,36.098
403.376,111.840,39.497,37.536
404.000,111.000,37.000,34.000
403.333,114.249,40.157,34.674
402.952,113.668,38.232,36.869
400.772,115.331,38.930,37.629
400.248,114.954,38.502,39.532
397.567,115.190,39.311,40.107
396.801,115.481,38.131,40.244
395.536,115.413,38.535,40.051
393.157,116.168,37.689,40.285
391.245,115.624,38.135,40.107
388.367,114.490,38.278,40.285
387.588,115.128,38.767,39.912
386.609,112.872,38.374,39.521
385.000,115.000,34.000,32.000
384.803,113.777,35.372,33.499
381.744,114.075,36.699,34.375
378.554,114.218,36.365,35.080
377.756,114.091,36.576,37.187
373.168,111.864,38.258,38.030
370.847,112.732,37.349,38.856
367.295,112.172,37.298,38.972
366.478,112.441,36.395,39.288
365.009,112.543,36.043,39.377
362.586,112.716,36.311,38.480
360.832,113.092,36.353,38.160
361.147,112.575,36.342,38.754
360.826,112.158,36.198,38.110
359.566,111.582,36.360,36.883
358.670,111.980,36.206,35.854
356.858,111.485,36.467,35.669
357.504,110.144,36.192,36.094
357.034,110.386,35.115,34.774
356.024,110.766,35.444,34.442
357.693,111.048,35.240,34.407
356.396,111.054,35.076,33.949
356.386,109.845,35.640,34.725
356.048,109.924,33.928,33.931
353.972,109.991,35.515,33.925
352.859,108.866,34.818,34.248
351.005,109.732,34.766,33.122
350.728,109.390,34.764,33.712
348.576,107.710,34.858,32.806
346.302,107.853,34.974,33.258
343.609,107.566,34.429,33.070
341.726,108.263,34.780,33.460
341.233,107.123,34.967,33.715
341.827,106.373,34.214,33.824
340.554,106.890,34.437,33.188
340.227,106.239,34.123,34.614
341.535,106.143,34.676,34.329
340.740,106.394,34.872,33.500
342.849,106.900,34.547,33.471
345.493,106.302,33.711,33.203
346.600,105.879,34.018,32.943
347.918,105.269,34.394,33.370
348.875,105.589,34.381,33.522
349.796,105.945,34.189,33.506
350.494,105.102,34.294,33.564
351.355,105.256,34.878,33.856
351.900,104.963,34.521,33.033
352.920,104.834,34.061,33.468
353.051,105.315,34.796,32.801
352.415,103.392,33.862,32.150
352.444,103.954,34.742,32.040
353.897,103.284,34.365,32.458
353.596,103.675,34.873,32.226
354.044,102.081,34.600,32.331
354.628,102.234,34.646,33.146
354.551,100.983,32.966,32.210
353.970,100.736,33.989,32.782
353.796,99.561,33.656,32.531
354.342,100.775,33.999,32.246
355.206,99.723,33.798,32.498
354.489,99.545,34.936,32.616
353.715,100.059,34.073,31.868
353.202,98.787,33.881,32.059
351.936,98.463,33.347,31.675
352.687,97.895,33.258,32.338
352.564,98.620,33.332,32.579
350.714,99.024,33.218,31.362
349.033,99.312,32.924,31.174
347.575,99.473,33.388,31.631
347.738,99.518,33.134,31.934
347.470,99.674,32.978,32.329
347.274,99.314,32.959,32.307
347.029,99.271,33.601,31.427
346.032,99.028,33.197,30.513
344.578,99.813,32.758,30.481
343.355,99.395,32.228,30.359
342.081,98.990,32.558,31.105
340.789,98.807,33.229,30.669
340.618,98.874,33.353,30.793
339.751,98.626,33.518,31.231
339.194,96.890,33.150,31.541
337.847,97.466,33.078,32.018
336.851,97.371,33.805,33.002
337.615,96.105,33.206,33.110
337.107,96.077,33.209,33.573
336.634,95.336,32.867,33.601
337.212,95.851,32.085,33.404
337.000,96.000,31.000,30.000
338.000,96.000,30.000,30.000
336.000,94.000,30.000,32.000
337.805,95.993,31.351,32.162
337.132,94.685,31.935,33.384
338.141,94.919,32.109,33.770
338.836,94.602,32.434,34.020
338.488,94.458,32.861,34.120
339.097,92.936,31.734,34.605
337.639,92.883,31.962,34.601
336.723,92.952,32.208,34.402
337.047,93.414,32.266,34.193
337.250,92.798,32.045,34.873
336.371,92.757,32.249,34.796
335.982,92.635,31.553,34.880
335.392,92.896,32.388,35.109
337.000,94.000,30.000,31.000
332.316,93.552,32.916,33.095
334.609,93.655,32.022,33.633
333.302,94.946,32.185,33.179
332.508,94.233,32.037,34.268
331.567,93.475,32.211,35.152
329.035,93.502,33.252,35.723
327.653,93.805,32.223,35.892
325.591,94.753,32.801,35.313
324.523,95.173,32.001,35.515
322.455,96.033,32.579,34.690
322.778,96.482,32.502,35.098
319.958,97.082,32.966,35.075
318.221,98.661,32.664,34.041
317.319,99.123,32.637,34.211
315.595,98.917,32.067,34.530
314.586,99.795,31.297,34.214
312.796,99.034,31.675,34.129
312.825,98.701,32.339,34.762
310.871,100.721,32.508,34.685
310.224,99.905,31.889,35.493
311.038,101.275,32.806,34.891
310.589,101.056,32.512,35.756
309.728,103.320,32.949,34.705
309.453,102.971,32.068,35.962
307.732,104.967,32.491,34.814
307.600,105.119,33.157,35.461
308.919,104.525,32.457,35.464
308.478,103.509,33.068,35.712
308.505,102.757,32.426,35.706
307.952,103.374,32.765,35.187
307.468,102.684,32.355,35.341
307.835,102.600,32.951,35.447
307.417,102.730,33.210,36.167
309.000,103.000,31.000,31.000
307.705,103.186,33.151,33.477
307.483,100.716,32.788,34.539
306.765,100.955,33.384,34.761
306.961,100.336,33.171,35.605
305.634,100.110,34.027,35.913
309.000,100.000,30.000,31.000
305.997,99.763,33.447,33.293
307.000,99.000,31.000,31.000
305.198,97.898,33.010,33.716
304.000,97.000,32.000,31.000
304.365,97.463,32.543,33.120
306.000,96.000,30.000,32.000
303.232,96.664,32.152,33.702
302.000,96.000,30.000,32.000
303.000,96.000,30.000,31.000
303.000,98.000,30.000,32.000
301.000,96.000,30.000,32.000
301.000,97.000,31.000,32.000
300.000,98.000,31.000,31.000
299.000,96.000,30.000,32.000
299.000,98.000,31.000,31.000
299.000,97.000,32.000,31.000
297.000,99.000,31.000,31.000
298.000,99.000,29.000,30.000
300.000,99.000,31.000,31.000
298.000,99.000,30.000,32.000
299.000,99.000,31.000,30.000
300.000,100.000,31.000,30.000
299.000,99.000,33.000,31.000
301.000,98.000,32.000,31.000
300.000,100.000,31.000,30.000
301.000,99.000,31.000,30.000
300.000,101.000,31.000,30.000
302.000,100.000,30.000,30.000
299.000,99.000,30.000,30.000
300.000,99.000,31.000,30.000
298.000,99.000,30.000,30.000
300.000,100.000,30.000,29.000
299.000,99.000,29.000,30.000
297.000,99.000,29.000,31.000
297.000,101.000,30.000,30.000
297.000,103.000,30.000,30.000
298.000,103.000,31.000,30.000
296.000,103.000,29.000,31.000
297.000,102.000,30.000,31.000
295.554,104.780,31.246,32.410
296.000,104.000,30.000,31.000
296.000,105.000,30.000,31.000
295.136,105.920,30.762,32.630
295.000,106.000,30.000,30.000
292.706,106.559,32.359,32.039
293.000,107.000,29.000,31.000
290.484,107.972,32.180,32.938
289.000,108.000,29.000,31.000
287.000,108.000,30.000,30.000
287.000,108.000,29.000,30.000
283.709,110.881,32.286,31.445
284.000,109.000,30.000,30.000
283.000,111.000,30.000,31.000
282.000,112.000,29.000,31.000
277.904,112.422,32.983,33.051
277.000,111.000,29.000,31.000
274.204,112.753,33.398,32.178
273.522,110.862,32.378,33.826
274.286,110.400,31.243,34.647
271.722,108.727,32.870,34.941
270.229,109.602,32.381,35.014
270.530,109.026,31.958,35.078
268.976,109.264,33.709,35.126
270.000,110.000,31.000,30.000
267.704,110.218,31.751,32.867
267.174,109.668,31.884,34.771
266.594,108.954,31.538,35.797
264.398,108.611,31.734,36.238
264.457,108.900,30.988,35.947
262.031,110.011,32.631,35.524
260.861,109.766,32.048,35.818
259.346,110.260,31.182,34.824
257.546,110.282,32.169,34.603
256.757,110.087,31.615,34.738
256.130,110.123,32.523,34.252
254.986,107.467,31.673,34.193
253.412,108.267,32.038,34.366
253.437,107.680,32.450,35.760
252.935,107.498,31.549,35.656
251.854,106.878,32.366,35.096
253.655,106.979,31.829,34.442
254.491,107.834,32.314,34.347
255.363,107.615,31.152,34.577
255.697,106.639,31.639,34.763
254.995,106.255,31.237,34.770
255.749,106.794,31.237,35.864
254.217,107.564,30.541,34.951
253.132,108.025,32.133,35.791
252.120,107.596,30.523,34.689
251.898,107.782,31.113,35.008
250.908,108.213,30.409,34.949
251.268,108.918,31.893,36.075
251.129,106.826,30.982,36.718
252.715,106.663,30.322,36.723
251.128,108.895,29.731,35.281
252.808,108.294,31.385,36.647
255.100,108.027,30.495,36.309
257.941,108.319,30.675,36.963
259.694,108.533,31.394,36.319
261.231,109.203,31.473,35.955
264.842,107.778,30.331,36.210
266.394,107.970,30.979,36.393
266.425,108.509,31.222,36.560
267.512,108.475,30.900,36.081
266.456,109.093,30.519,35.349
265.527,109.508,30.525,35.841
265.632,109.192,30.782,35.545
264.323,110.126,31.103,34.566
262.877,110.107,31.691,34.055
262.817,108.779,31.157,33.360
260.309,110.529,30.693,32.873
259.773,109.755,30.589,32.468
259.005,109.530,30.739,33.220
257.768,111.141,30.766,32.417
257.411,110.494,30.589,32.448
255.732,110.664,30.613,32.726
256.689,109.738,30.352,32.246
255.951,109.285,30.175,32.759
255.732,110.871,30.054,32.225
255.047,110.457,30.649,32.541
254.638,112.137,30.472,32.007
252.514,111.889,30.356,31.574
251.072,113.316,30.822,31.914
251.069,113.849,30.267,31.591
249.035,113.776,30.854,31.106
249.244,112.945,30.104,30.975
247.903,113.870,30.733,30.401
248.627,113.125,30.021,31.081
248.561,113.379,30.277,30.417
248.703,112.108,30.075,30.974
249.869,112.160,30.043,30.023
252.785,111.278,29.208,29.873
254.738,110.732,29.498,29.599
255.749,111.024,29.802,29.306
257.696,110.282,29.366,29.650
259.000,113.000,28.000,26.000
261.000,110.000,30.000,28.000
263.000,112.000,30.000,27.000
263.000,112.000,30.000,27.000
265.000,110.000,29.000,28.000
266.000,111.000,30.000,26.000
268.000,109.000,29.000,27.000
271.000,109.000,30.000,25.000
271.000,108.000,30.000,26.000
274.407,108.335,29.530,27.287
275.000,109.000,31.000,27.000
275.000,109.000,30.000,28.000
278.000,108.000,30.000,27.000
280.000,108.000,31.000,27.000
283.000,108.000,31.000,26.000
286.000,110.000,30.000,27.000
287.000,111.000,29.000,26.000
289.000,111.000,31.000,26.000
289.000,111.000,31.000,26.000
289.000,112.000,30.000,26.000
288.000,114.000,30.000,25.000
292.000,113.000,29.000,25.000
290.000,115.000,28.000,25.000
291.000,113.000,28.000,26.000
289.000,115.000,28.000,23.000
287.000,117.000,28.000,23.000
286.000,119.000,30.000,23.000
282.000,118.000,29.000,22.000
280.000,118.000,29.000,23.000
279.000,119.000,29.000,23.000
279.000,118.000,30.000,23.000
278.000,119.000,29.000,24.000
278.094,120.755,28.393,24.211
277.386,120.815,28.211,24.170
277.671,120.773,28.338,25.436
276.083,120.204,29.615,25.647
275.557,118.269,29.296,26.158
274.659,117.928,29.536,26.870
274.349,117.321,29.007,25.711
272.684,116.670,29.316,25.749
271.417,116.199,29.395,25.642
268.666,116.290,29.615,25.753
266.470,116.005,29.634,26.438
265.320,115.162,29.510,26.528
264.460,113.632,29.698,27.836
262.916,114.535,29.695,27.440
262.909,112.804,29.562,27.741
262.250,113.389,30.227,28.202
264.583,113.158,29.665,27.953
267.651,113.368,30.044,29.181
271.322,115.295,30.661,28.962
274.296,116.425,30.241,28.504
278.080,119.013,30.304,27.384
281.924,120.331,30.520,27.385
286.798,121.668,30.237,27.120
289.889,122.864,30.152,27.422
295.334,124.973,29.731,27.165
299.529,125.120,30.673,26.968
304.546,125.237,30.897,26.581
314.620,124.471,30.482,27.198
322.118,125.450,30.608,26.940
327.541,124.177,31.520,27.632
331.840,122.867,32.070,27.614
338.321,121.440,32.754,28.493
344.978,117.390,32.140,28.545
348.515,114.146,32.075,28.507
353.488,110.546,31.518,28.345
355.510,112.646,32.050,28.000
357.986,109.051,30.879,28.361
360.767,111.171,31.769,28.198
362.176,111.405,32.652,28.905
363.147,109.707,31.962,28.410
363.057,109.035,32.793,29.329
363.474,107.298,32.337,28.648
364.354,106.744,31.958,28.678
361.955,106.105,32.627,27.997
357.715,106.471,32.189,27.800
350.041,104.175,33.168,28.144
341.235,104.738,32.996,27.388
332.050,103.235,32.659,27.328
323.439,104.440,31.987,26.125
317.070,102.530,33.256,27.072
312.769,100.379,31.987,27.288
307.193,98.111,33.056,27.925
305.228,96.835,32.479,27.465
302.888,93.831,32.022,28.344
300.322,92.135,32.300,29.328
298.000,90.512,32.356,29.586
296.179,90.230,32.962,29.727
295.253,85.367,33.177,30.501
294.408,83.323,33.346,30.797
295.565,82.914,33.345,30.397
294.000,84.000,33.000,29.000
293.000,83.000,34.000,27.000
291.541,80.790,33.141,28.942
291.519,81.416,33.284,29.505
289.193,81.830,32.584,29.924
285.018,80.623,33.377,30.147
283.889,82.277,32.990,30.011
279.307,81.325,34.319,31.010
277.056,80.900,33.391,31.229
276.131,82.827,32.986,30.454
275.851,82.931,33.488,31.394
275.199,82.777,32.996,31.707
274.831,82.042,33.907,32.026
276.237,81.807,33.183,31.590
275.051,79.320,33.304,32.033
275.824,80.614,33.584,31.536
274.931,78.618,33.505,32.270
270.947,78.971,34.686,31.959
268.638,78.745,34.535,31.707
263.254,79.095,34.921,31.829
258.752,79.937,35.296,31.607
255.254,79.570,34.910,31.914
251.742,79.393,34.887,31.685
251.057,81.047,33.746,30.517
247.949,79.548,35.035,30.941
247.565,79.042,33.904,31.186
246.831,79.348,34.376,31.218
246.637,78.360,34.470,31.802
248.366,79.254,34.215,31.019
250.590,79.811,34.746,31.795
252.413,77.134,35.328,32.455
254.319,79.150,35.471,31.386
256.109,79.315,34.968,32.332
258.875,80.802,35.025,32.046
261.485,81.040,35.565,32.842
263.523,80.621,36.021,32.771
267.390,81.512,35.112,32.546
268.921,81.230,36.772,33.087
274.125,80.615,36.732,33.667
279.476,81.136,37.262,33.763
283.282,80.522,37.768,34.521
288.047,80.026,38.053,33.981
288.855,77.694,38.146,33.845
291.756,76.601,37.709,33.803
294.370,74.746,38.062,33.509
294.979,73.575,38.470,33.730
297.001,72.071,38.462,34.056
295.127,70.689,39.281,34.111
292.898,61.993,40.453,35.580
284.496,50.036,41.168,35.895
283.000,38.000,40.000,34.000
285.616,31.405,39.771,35.693
286.000,29.000,40.000,35.000
291.463,24.567,39.222,35.170
291.000,25.000,40.000,33.000
289.600,23.489,40.750,34.574
278.839,21.080,40.800,34.426
269.214,22.480,41.803,33.531
265.314,22.482,41.791,34.553
262.988,22.154,40.525,33.705
258.856,21.920,40.704,33.989
254.522,23.342,40.692,33.663
253.356,21.513,40.183,34.012
255.559,22.034,39.292,34.165
257.065,24.165,39.951,34.053
258.550,24.529,39.893,35.469
260.255,26.063,40.415,35.875
263.492,28.732,39.829,36.299
263.913,33.033,39.735,36.210
261.429,36.576,39.949,36.418
257.742,40.486,40.885,36.466
254.391,43.477,41.298,36.630
251.872,48.109,40.704,36.542
249.698,52.667,40.168,36.840
249.382,57.092,40.438,36.482
250.000,60.000,43.000,37.000
249.000,63.000,42.000,36.000
246.599,63.088,41.305,37.595
245.607,63.820,42.418,38.365
243.743,64.549,42.492,37.722
243.558,63.872,43.019,38.614
244.276,64.985,43.208,39.488
244.567,65.824,42.907,40.075
243.648,67.628,42.401,39.850
242.557,69.091,42.757,40.608
240.586,69.400,43.349,40.443
238.780,69.765,44.209,40.424
237.000,69.000,43.000,40.000
235.026,68.605,43.882,40.673
233.810,68.320,44.548,41.252
232.287,67.731,45.690,41.583
230.858,69.234,45.801,40.962
228.845,68.765,46.051,42.082
227.320,71.060,45.987,42.138
224.502,69.695,46.186,42.808
223.547,71.624,46.872,43.637
224.604,72.344,46.681,44.403
224.215,72.743,46.985,44.195
224.157,72.120,47.120,45.217
224.424,73.823,47.266,45.438
224.408,75.226,47.203,45.509
224.717,75.566,47.740,46.545
224.773,76.503,48.027,46.191
224.045,77.847,47.816,46.530
224.205,77.774,47.569,46.819
224.102,76.388,47.299,47.472
224.000,77.000,49.000,45.000
225.113,75.326,48.004,47.280
225.987,74.587,48.008,48.130
228.056,73.876,47.673,47.674
230.264,74.042,47.495,48.388
231.420,72.767,47.954,47.352
230.807,72.075,49.040,48.099
229.958,72.682,50.273,48.104
230.504,71.959,49.742,48.328
230.643,72.683,50.007,48.740
231.588,72.457,50.285,48.468
232.000,73.000,52.000,48.000
231.000,72.000,52.000,50.000
234.758,72.841,50.783,51.150
233.000,75.000,53.000,48.000
233.000,75.000,51.000,48.000
235.000,75.000,53.000,49.000
234.000,75.000,54.000,48.000
237.000,75.000,54.000,48.000
240.000,72.000,53.000,52.000
238.000,74.000,55.000,50.000
238.000,72.000,56.000,51.000
241.000,74.000,57.000,52.000
243.000,73.000,56.000,51.000
240.000,76.000,56.000,52.000
244.000,74.000,54.000,52.000
246.807,76.381,52.365,52.936
245.000,76.000,57.000,51.000
247.000,76.000,58.000,53.000
251.000,78.000,56.000,53.000
250.000,76.000,57.000,53.000
249.000,76.000,58.000,53.000
249.000,74.000,58.000,55.000
248.000,75.000,60.000,55.000
248.000,75.000,58.000,55.000
248.000,75.000,59.000,55.000
248.000,75.000,62.000,55.000
248.000,75.000,61.000,57.000
246.000,72.000,60.000,57.000
248.000,75.000,61.000,56.000
246.000,77.000,61.000,57.000
245.000,76.000,59.000,58.000
245.000,79.000,60.000,59.000
240.000,77.000,62.000,59.000
238.000,77.000,63.000,58.000
237.000,80.000,63.000,60.000
236.000,79.000,59.000,59.000
233.000,80.000,61.000,61.000
232.000,79.000,63.000,61.000
229.000,78.000,64.000,62.000
228.000,78.000,62.000,64.000
229.000,78.000,64.000,64.000
228.000,76.000,63.000,67.000
224.000,75.000,65.000,70.000
222.000,73.000,65.000,70.000
223.000,70.000,64.000,70.000
221.000,72.000,65.000,68.000
219.000,68.000,67.000,70.000
216.157,69.766,68.855,70.457
214.000,64.000,67.000,70.000
209.000,58.000,69.000,70.000
206.000,52.000,72.000,68.000
206.000,46.000,70.000,68.000
203.000,39.000,71.000,72.000
204.000,35.000,69.000,74.000
202.000,32.000,72.000,70.000
200.000,28.000,73.000,72.000
199.000,25.000,70.000,72.000
196.000,24.000,75.000,69.000
198.000,25.000,73.000,66.000
198.000,24.000,73.000,63.000
201.000,22.000,73.000,70.000
204.000,21.000,69.000,70.000
203.000,21.000,73.000,70.000
205.000,21.000,73.000,70.000
205.000,23.000,72.000,72.000
203.000,22.000,74.000,70.000
203.000,22.000,75.000,72.000
205.000,25.000,72.000,75.000
206.000,25.000,73.000,76.000
204.000,27.000,74.000,74.000
204.000,25.000,72.000,78.000
204.000,25.000,71.000,78.000
204.000,25.000,72.000,78.000
203.000,23.000,73.000,79.000
203.000,25.000,71.000,79.000
201.000,24.000,71.000,79.000
204.000,22.000,70.000,81.000
202.000,23.000,69.000,76.000
205.000,23.000,70.000,77.000
205.141,17.691,65.947,77.648
205.000,18.000,71.000,79.000
204.000,14.000,73.000,78.000
210.000,15.000,69.000,78.000
208.000,13.000,71.000,79.000
211.000,11.000,67.000,78.000
212.000,15.000,68.000,75.000
214.000,12.000,66.000,76.000
213.401,11.176,66.905,77.556
213.000,11.000,71.000,78.000
215.000,11.000,69.000,79.000
213.000,14.000,69.000,77.000
215.000,16.000,70.000,78.000
213.000,17.000,70.000,75.000
214.000,20.000,69.000,78.000
214.000,20.000,66.000,78.000
214.000,25.000,67.000,76.000
212.000,30.000,69.000,76.000
211.000,32.000,66.000,78.000
211.639,36.319,64.953,76.509
212.501,38.717,64.970,77.118
212.496,41.841,64.222,75.719
212.400,45.299,63.792,76.037
213.000,53.000,66.000,76.000
212.343,60.669,62.406,75.737
212.000,64.000,64.000,79.000
213.000,73.000,64.000,71.000
211.378,76.200,63.498,73.094
211.000,79.000,65.000,70.000
215.000,84.000,65.000,72.000
210.000,83.000,69.000,75.000
207.000,86.000,67.000,74.000
207.122,83.202,67.318,73.695
207.871,82.645,67.185,73.060
208.822,82.301,68.087,73.340
207.825,78.470,70.161,76.438
209.000,73.000,73.000,78.000
208.000,58.000,76.000,80.000
206.000,43.000,77.000,81.000
204.000,32.000,84.000,79.000
203.000,24.000,87.000,81.000
206.000,17.000,85.000,80.000
205.000,4.000,77.000,82.000
203.000,0.000,83.000,76.000
200.000,0.000,92.000,67.000
198.000,0.000,97.000,58.000
200.000,0.000,85.000,51.000
194.000,1.000,86.000,40.000
189.000,2.000,84.000,34.000
191.000,2.000,85.000,39.000
179.000,0.000,90.000,47.000
172.000,0.000,83.000,50.000
168.000,0.000,73.000,56.000
172.000,0.000,65.000,44.000
182.688,2.201,67.475,43.834
178.360,0.000,69.157,43.063
177.000,4.000,50.000,35.000
173.000,4.000,51.000,36.000
171.000,2.000,53.000,38.000
170.000,6.000,55.000,46.000
168.000,2.000,57.000,63.000
166.000,0.000,63.000,69.000
164.000,0.000,64.000,70.000
164.000,0.000,64.000,71.000
166.012,4.639,61.066,70.296
163.000,1.000,62.000,77.000
158.000,2.000,67.000,84.000
157.000,8.000,68.000,83.000
150.000,4.000,79.000,94.000
132.000,0.000,95.000,105.000
135.361,0.000,98.146,102.730
133.335,0.000,98.667,102.133
131.044,0.000,100.576,101.942
132.280,0.000,100.793,100.673
133.404,0.000,102.654,100.562
132.556,0.000,102.767,98.611
131.203,0.000,104.115,98.085
130.567,0.000,103.941,95.569
132.314,0.000,103.546,93.096
137.079,0.000,101.660,91.607
129.000,0.000,116.000,87.000
153.000,0.000,101.000,89.000
151.000,0.000,113.000,88.000
165.003,1.157,108.267,87.796
185.000,5.000,94.000,87.000
184.000,3.000,107.000,86.000
190.669,1.419,103.275,89.766
187.000,1.000,109.000,92.000
194.000,3.000,105.000,98.000
193.000,2.000,109.000,107.000
193.887,0.000,104.513,109.217
193.000,4.000,121.000,108.000
194.000,3.000,128.000,109.000
197.000,15.000,121.000,121.000
197.000,43.000,124.000,111.000
196.000,63.000,126.000,112.000
191.941,75.456,124.875,118.922
201.000,88.000,129.000,115.000
213.000,96.000,128.000,114.000
221.000,114.000,123.000,116.000
226.000,133.000,126.000,117.000
230.000,142.000,131.000,120.000
236.000,154.000,127.000,123.000
243.000,159.000,126.000,125.000
257.000,160.000,130.000,130.000
262.000,167.000,129.000,133.000
266.000,172.000,128.000,132.000
266.050,174.621,126.862,133.405
269.000,174.000,125.000,140.000
265.000,172.000,131.000,140.000
261.000,170.000,131.000,138.000
261.000,169.000,129.000,136.000
258.000,168.000,132.000,141.000
256.000,167.000,135.000,141.000
255.000,160.000,140.000,146.000
256.000,149.000,141.000,146.000
257.000,145.000,145.000,146.000
260.000,136.000,145.000,147.000
255.000,95.000,150.000,160.000
258.000,67.000,156.000,158.000
258.000,54.000,155.000,155.000
258.000,38.000,155.000,153.000
252.000,10.000,162.000,168.000
252.000,2.000,160.000,165.000
244.000,3.000,165.000,157.000
242.000,2.000,166.000,158.000
237.000,0.000,166.000,161.000
230.000,4.000,164.000,161.000
214.655,0.000,177.486,170.492
215.904,0.000,181.668,175.799
211.392,0.000,189.290,176.212
212.024,0.000,191.431,175.992
214.796,0.000,189.503,175.948
218.352,8.566,186.309,177.614
222.254,23.938,188.112,184.341
239.821,35.824,189.886,188.405
253.797,43.680,191.238,190.281
260.767,45.012,184.787,196.472
265.872,43.974,185.385,199.119
265.203,44.192,193.074,202.837
266.203,41.003,194.873,207.310
261.978,38.669,198.383,212.993
264.282,34.849,198.368,215.173
261.988,30.759,203.383,215.304
259.511,24.103,208.643,216.620
255.439,20.380,211.400,218.057
249.643,12.556,213.364,224.446
255.000,4.000,214.000,215.000
224.509,0.000,226.967,229.851
235.000,0.000,221.000,219.000
214.872,0.000,230.708,227.826
208.604,0.000,222.527,228.211
185.000,0.000,239.000,202.000
167.000,3.000,246.000,186.000
145.022,0.000,236.296,198.958
119.008,0.000,237.197,201.397
107.640,0.000,235.340,201.721
86.179,0.000,237.675,199.554
62.751,0.000,240.979,197.029
49.567,0.000,239.446,198.023
33.000,2.000,241.000,185.000
20.000,2.000,234.000,191.000
8.982,0.000,235.120,203.927
8.537,0.000,228.220,218.703
4.000,0.000,217.000,203.000
7.000,2.000,205.000,198.000
1.000,0.000,211.000,198.000
3.000,4.000,202.000,191.000
0.000,0.000,199.000,192.000
0.000,0.000,193.000,172.000
0.000,0.000,201.217,191.620
0.000,0.000,165.000,131.000
0.000,1.000,157.000,122.000
6.000,0.000,132.000,122.000
17.000,0.000,102.000,99.000
10.000,0.000,102.000,77.000
7.000,0.000,102.000,53.000
8.000,1.000,98.000,40.000
5.000,0.000,108.000,34.000
6.000,0.000,105.000,30.000
12.000,0.000,94.000,29.000
22.639,2.852,84.704,31.117
12.000,0.000,94.000,29.000
28.682,4.729,107.542,39.797
12.000,0.000,94.000,29.000
12.000,0.000,94.000,29.000
12.000,0.000,94.000,29.000
12.000,0.000,94.000,29.000
12.000,0.000,94.000,29.000
42.574,14.903,107.924,55.640
26.381,0.000,118.779,77.656
102.771,12.166,143.461,101.095
12.000,0.000,94.000,29.000
12.000,0.000,94.000,29.000
12.000,0.000,94.000,29.000
23.920,9.531,99.935,51.137
53.612,30.014,97.899,95.007
84.223,53.578,96.908,160.674
105.892,81.765,103.815,215.516
129.676,89.330,113.182,253.787
182.307,27.505,128.799,268.543
230.172,0.000,150.051,243.436
235.127,0.000,189.848,213.294
219.501,3.129,198.423,199.768
190.686,0.000,197.849,197.318
178.840,6.900,204.567,194.685
168.876,9.660,224.012,200.032
158.889,0.000,247.616,215.367
185.183,0.000,271.100,231.083
146.478,0.000,288.537,233.061
103.439,0.000,309.429,229.063
74.664,0.000,326.744,235.450
69.011,11.732,349.808,262.589
77.392,17.511,366.055,291.404
73.267,13.918,377.152,296.739
72.569,7.366,382.415,295.242
73.081,8.247,384.543,290.892
83.200,9.573,379.411,288.736
139.000,10.000,78.000,84.000
139.000,10.000,78.000,84.000
139.000,10.000,78.000,84.000
139.000,10.000,78.000,84.000
139.000,10.000,78.000,84.000
35.000,6.000,87.000,80.000
68.282,9.792,95.148,90.545
173.000,0.000,95.000,63.000
165.265,6.935,94.350,63.218
157.230,25.329,94.800,64.059
168.227,41.649,90.466,67.478
144.000,30.000,138.000,120.000
138.000,12.000,161.000,149.000
123.000,9.000,179.000,173.000
121.000,8.000,178.000,190.000
116.000,1.000,189.000,208.000
120.000,0.000,182.000,221.000
118.000,1.000,183.000,214.000
123.000,3.000,176.000,217.000
119.000,1.000,185.000,223.000
119.000,3.000,181.000,214.000
124.000,3.000,178.000,219.000
124.000,2.000,179.000,222.000
120.000,3.000,181.000,220.000
123.000,0.000,181.000,218.000
114.000,0.000,183.000,213.000
120.000,0.000,176.000,218.000
116.000,0.000,172.000,218.000
118.083,0.000,179.243,211.929
113.000,0.000,176.000,210.000
107.000,0.000,181.000,204.000
109.000,0.000,177.000,211.000
109.000,1.000,167.000,206.000
106.000,1.000,176.000,207.000
105.000,0.000,180.000,210.000
104.000,5.000,173.000,201.000
102.000,0.000,174.000,210.000
103.000,0.000,182.000,208.000
105.833,0.000,170.104,204.967
109.404,0.235,168.726,200.923
108.961,0.999,165.863,196.249
109.784,0.581,162.171,191.651
109.182,0.070,165.826,186.669
101.000,0.000,186.000,196.000
107.355,0.487,173.897,193.362
106.484,0.996,169.308,186.629
103.000,2.000,183.000,185.000
105.024,1.238,174.521,185.858
103.082,0.000,175.951,183.172
97.000,0.000,193.000,185.000
98.000,0.000,193.000,183.000
97.000,0.000,197.000,182.000
97.000,0.000,197.000,170.000
96.000,0.000,196.000,166.000
98.000,0.000,192.000,164.000
98.000,0.000,202.000,159.000
96.000,0.000,201.000,157.000
98.000,0.000,198.000,150.000
96.000,0.000,204.000,146.000
96.000,6.000,191.000,137.000
96.000,10.000,180.000,132.000
103.000,23.000,147.000,120.000
112.000,26.000,130.000,120.000
107.000,28.000,132.000,120.000
109.000,30.000,128.000,121.000
104.000,33.000,134.000,118.000
99.000,35.000,137.000,120.000
100.000,37.000,132.000,119.000
102.000,23.000,129.000,134.000
104.000,34.000,123.000,121.000
103.074,41.866,117.906,109.078
105.267,45.716,113.473,100.233
107.106,57.679,106.708,90.279
106.562,64.967,104.613,83.918
110.815,73.542,101.612,81.653
105.926,73.343,99.232,77.513
109.450,82.915,102.813,75.272
121.192,96.345,98.021,71.700
131.565,108.223,94.093,67.281
123.000,15.000,131.000,162.000
126.285,11.611,132.648,165.647
136.623,18.556,128.114,157.916
142.906,30.326,122.537,148.615
149.377,33.388,114.099,143.586
150.666,38.463,108.547,139.930
154.315,45.455,106.418,134.781
157.053,50.687,103.397,129.529
160.794,53.193,97.818,127.360
162.031,60.114,96.249,125.617
153.980,64.335,92.050,122.822
152.000,66.420,90.664,121.454
153.647,69.183,89.090,116.219
156.273,66.969,85.068,115.201
158.807,69.005,84.344,107.903
160.000,71.000,84.000,111.000
163.297,75.684,81.297,105.212
162.082,76.225,78.315,103.344
162.293,73.879,76.690,102.567
163.425,73.017,75.552,99.253
164.049,71.817,74.426,97.276
167.000,70.000,73.000,96.000
168.684,65.351,71.915,93.354
176.000,61.000,77.000,94.000
187.000,56.000,75.000,90.000
194.000,50.000,75.000,90.000
200.000,46.000,76.000,91.000
203.000,46.000,72.000,89.000
205.000,43.000,72.000,89.000
210.000,45.000,71.000,86.000
214.000,45.000,69.000,85.000
215.000,42.000,73.000,86.000
222.000,45.000,69.000,83.000
222.000,42.000,69.000,82.000
225.000,44.000,70.000,82.000
227.000,43.000,65.000,81.000
228.000,45.000,67.000,79.000
230.000,42.000,65.000,79.000
230.000,43.000,63.000,78.000
231.000,43.000,64.000,78.000
232.000,41.000,62.000,77.000
234.000,44.000,60.000,77.000
233.000,42.000,62.000,75.000
235.000,42.000,60.000,75.000
240.000,42.000,58.000,74.000
244.000,41.000,58.000,73.000
249.000,41.000,61.000,74.000
255.000,43.000,57.000,72.000
261.000,44.000,55.000,71.000
265.000,44.000,56.000,69.000
270.000,45.000,56.000,70.000
275.000,45.000,57.000,69.000
278.000,47.000,56.000,68.000
285.000,50.000,57.000,67.000
289.000,49.000,57.000,65.000
296.730,47.804,53.657,65.397
300.904,48.312,53.832,63.153
301.000,46.000,57.000,66.000
305.000,48.000,57.000,66.000
308.000,45.000,56.000,64.000
309.000,46.000,58.000,64.000
317.000,49.000,55.000,64.000
322.000,48.000,54.000,64.000
323.000,48.000,55.000,63.000
325.000,50.000,56.000,62.000
324.000,52.000,56.000,62.000
326.000,51.000,59.000,62.000
329.000,52.000,55.000,62.000
332.000,51.000,55.000,61.000
332.000,52.000,57.000,62.000
336.000,54.000,56.000,60.000
337.000,50.000,54.000,61.000
342.000,49.000,53.000,62.000
349.000,49.000,58.000,60.000
354.801,46.587,54.212,59.901
356.870,45.758,52.342,58.703
357.000,46.000,57.000,61.000
357.000,48.000,59.000,59.000
359.000,47.000,56.000,59.000
361.000,47.000,56.000,60.000
361.000,45.000,57.000,60.000
363.000,45.000,57.000,58.000
366.000,46.000,55.000,58.000
366.000,46.000,56.000,58.000
368.000,45.000,54.000,56.000
372.000,43.000,53.000,58.000
371.000,42.000,56.000,60.000
374.998,43.809,51.626,57.716
374.000,44.000,55.000,55.000
373.000,45.000,53.000,57.000
376.000,45.000,53.000,56.000
375.000,46.000,53.000,57.000
374.000,45.000,54.000,55.000
375.446,46.980,52.943,53.649
371.761,47.126,53.997,54.406
369.523,46.982,56.476,55.529
370.771,49.186,55.347,54.435
368.860,48.965,53.740,53.459
368.991,49.376,53.470,52.731
365.444,50.608,54.139,51.980
367.337,49.828,52.333,53.230
365.968,51.391,52.538,53.498
365.776,52.941,52.797,53.677
366.863,52.797,52.504,53.092
365.000,54.000,55.000,50.000
366.057,55.161,51.665,52.618
365.000,55.000,53.000,52.000
367.972,55.774,52.024,52.422
366.000,55.000,54.000,53.000
367.000,56.000,53.000,51.000
368.795,59.032,53.030,52.965
368.000,58.000,53.000,52.000
370.000,59.000,52.000,53.000
371.869,61.366,51.611,52.310
369.000,60.000,50.000,52.000
373.000,61.000,50.000,51.000
370.000,62.000,51.000,51.000
369.754,62.972,49.268,50.509
369.879,63.391,48.954,50.669
369.000,62.000,50.000,49.000
369.000,63.000,49.000,50.000
367.000,64.000,48.000,48.000
366.000,63.000,50.000,53.000
367.000,64.000,49.000,50.000
368.000,63.000,48.000,52.000
369.000,63.000,50.000,50.000
370.000,64.000,49.000,49.000
374.000,65.000,48.000,49.000
376.000,64.000,48.000,48.000
380.000,66.000,48.000,46.000
381.000,66.000,48.000,49.000
382.000,66.000,49.000,48.000
388.000,68.000,49.000,48.000
392.000,69.000,50.000,47.000
392.000,68.000,50.000,47.000
395.000,70.000,46.000,46.000
393.000,68.000,45.000,46.000
392.000,70.000,48.000,46.000
393.000,70.000,48.000,48.000
393.000,69.000,47.000,49.000
395.000,71.000,48.000,48.000
395.000,70.000,47.000,44.000
395.000,71.000,46.000,45.000
395.000,70.000,48.000,45.000
396.000,70.000,47.000,45.000
394.000,69.000,48.000,45.000
395.000,71.000,47.000,47.000
395.000,71.000,47.000,46.000
392.000,71.000,48.000,44.000
396.000,70.000,45.000,46.000
394.000,71.000,46.000,47.000
394.516,71.017,43.974,46.473
392.000,72.000,48.000,45.000
393.000,72.000,46.000,44.000
391.000,69.000,46.000,44.000
391.000,72.000,45.000,44.000
391.000,70.000,45.000,44.000
390.000,71.000,46.000,46.000
390.000,71.000,45.000,45.000
390.000,71.000,43.000,47.000
386.000,68.000,47.000,46.000
388.000,70.000,45.000,45.000
387.000,69.000,45.000,42.000
385.000,68.000,44.000,44.000
384.000,70.000,46.000,45.000
384.000,69.000,45.000,46.000
385.000,70.000,45.000,45.000
383.000,70.000,44.000,45.000
381.000,70.000,46.000,44.000
382.000,72.000,46.000,43.000
382.000,72.000,45.000,43.000
382.000,73.000,46.000,42.000
384.000,74.000,45.000,41.000
386.000,74.000,45.000,41.000
384.000,75.000,45.000,41.000
384.000,73.000,45.000,45.000
387.000,75.000,44.000,45.000
387.000,73.000,42.000,44.000
388.000,75.000,46.000,42.000
387.000,76.000,46.000,42.000
387.000,77.000,44.000,43.000
386.000,78.000,43.000,42.000
387.000,78.000,43.000,43.000
386.127,78.662,43.715,44.993
385.529,77.211,43.748,44.449
386.000,77.000,42.000,44.000
387.000,77.000,45.000,43.000
385.000,78.000,45.000,45.000
387.000,80.000,43.000,44.000
385.000,80.000,44.000,43.000
386.000,81.000,45.000,44.000
384.000,81.000,44.000,44.000
386.000,83.000,42.000,44.000
386.000,82.000,42.000,43.000
385.000,81.000,42.000,42.000
387.000,83.000,42.000,45.000
385.000,83.000,43.000,43.000
384.000,82.000,43.000,47.000
384.000,82.000,42.000,44.000
385.000,83.000,41.000,43.000
385.000,84.000,41.000,43.000
384.000,84.000,42.000,41.000
387.000,84.000,42.000,43.000
386.000,86.000,40.000,43.000
385.000,84.000,39.000,43.000
383.000,85.000,40.000,42.000
383.000,85.000,43.000,43.000
384.000,85.000,42.000,41.000
381.000,86.000,41.000,40.000
381.000,87.000,42.000,39.000
380.000,87.000,42.000,42.000
378.000,86.000,42.000,42.000
375.000,85.000,42.000,41.000
373.000,84.000,42.000,41.000
373.000,84.000,42.000,40.000
372.680,82.847,41.245,42.371
371.550,82.741,43.524,42.085
370.461,81.847,42.783,43.205
370.124,81.104,42.900,42.274
369.458,81.586,42.066,42.927
369.942,81.537,42.191,41.917
368.381,80.571,41.793,41.316
368.824,81.102,41.644,40.558
370.326,80.104,40.666,40.122
369.329,80.918,42.048,39.949
368.668,79.339,40.658,40.355
368.172,79.278,42.517,39.470
369.369,78.828,41.478,38.891
369.468,79.205,41.925,38.984
370.463,78.542,41.019,39.076
369.848,77.909,41.193,39.472
368.793,77.610,42.149,39.731
369.460,76.734,41.043,40.513
366.919,76.394,42.270,40.771
366.752,77.731,41.625,40.331
364.236,75.381,41.488,41.128
362.206,75.861,43.268,40.890
363.389,74.492,41.956,41.565
360.200,75.531,42.899,42.431
358.917,75.654,42.085,42.197
356.800,76.117,42.180,43.009
355.545,75.997,42.531,42.655
353.869,76.057,42.865,43.538
353.006,75.653,43.414,43.672
351.266,74.631,43.822,44.880
351.548,75.312,42.650,44.518
349.179,75.259,43.044,44.443
350.161,75.363,41.030,44.451
348.752,74.663,42.900,44.809
349.185,73.873,42.525,44.989
348.409,74.124,42.786,46.393
349.112,74.228,42.262,46.866
349.096,74.234,42.062,47.203
351.115,74.972,41.782,47.638
350.874,73.591,42.006,48.020
352.537,73.216,41.200,47.131
353.661,74.287,40.940,46.203
353.764,73.673,41.333,46.102
354.066,74.292,41.174,45.328
352.009,73.319,41.028,45.273
352.000,74.000,41.000,39.000
352.437,75.092,40.871,39.882
351.623,75.136,39.650,41.157
350.649,74.889,41.124,42.571
350.910,75.323,39.999,42.794
350.238,75.686,40.674,43.214
351.212,75.446,40.116,43.463
350.932,75.794,41.217,44.180
349.564,75.137,41.992,45.344
348.476,75.253,41.951,46.217
347.971,75.558,42.384,46.067
345.681,77.545,42.071,45.526
343.984,78.225,42.562,46.287
342.663,75.591,42.222,47.319
339.547,77.443,43.198,46.835
339.508,76.143,42.246,47.338
337.210,75.482,43.079,46.555
337.807,73.741,41.766,46.277
336.382,75.427,42.088,45.320
336.250,75.961,41.725,45.177
336.088,76.794,42.360,45.569
336.000,77.552,41.568,45.663
334.347,77.973,42.178,46.173
334.314,79.179,42.345,45.793
333.990,80.539,42.974,46.700
335.551,80.556,41.372,45.701
334.101,81.433,42.077,44.978
332.367,81.438,41.557,45.126
333.074,81.421,42.420,44.857
331.816,80.847,42.266,45.419
330.380,82.096,42.489,44.879
330.836,81.649,43.335,44.040
330.750,80.517,42.294,43.632
329.959,80.933,41.720,42.563
330.336,82.086,42.700,42.144
330.860,80.359,41.859,42.431
332.541,80.456,41.969,41.728
331.445,79.505,41.984,42.991
331.448,79.844,41.755,43.668
331.869,79.251,42.143,44.318
332.709,78.944,42.174,44.302
336.105,79.359,41.366,43.920
333.673,79.921,42.290,44.172
334.509,79.122,41.817,44.182
332.939,80.100,42.772,44.232
337.590,80.572,41.169,43.210
333.729,79.653,41.976,43.081
335.504,80.816,42.293,42.620
332.697,79.314,42.129,43.485
334.038,77.427,41.955,43.033
333.874,72.706,42.343,43.413
333.923,70.016,40.613,42.912
331.150,68.050,42.118,43.564
331.038,64.614,42.706,43.165
326.872,64.411,42.885,41.338
306.000,66.000,39.000,37.000
292.000,65.000,38.000,36.000
279.000,65.000,41.000,36.000
277.000,63.000,38.000,39.000
270.727,61.291,41.478,37.880
265.000,60.000,40.000,38.000
261.000,60.000,39.000,39.000
259.000,60.000,38.000,40.000
258.000,62.000,40.000,38.000
256.000,62.000,39.000,40.000
256.696,63.833,40.029,42.383
257.805,66.428,39.706,41.877
259.027,68.207,40.118,42.636
258.957,71.180,40.375,42.798
258.452,75.793,40.401,41.879
261.161,77.555,39.156,43.175
261.122,80.152,40.475,42.287
262.871,82.296,39.434,42.467
264.571,84.620,40.284,42.117
263.849,90.266,40.281,41.405
263.211,98.640,39.706,41.377
262.868,104.378,39.747,41.791
262.587,107.357,40.662,42.319
263.111,109.926,41.421,43.179
263.836,112.221,41.370,43.491
267.614,111.277,40.323,43.566
267.219,114.282,43.583,43.908
271.621,111.351,40.716,43.865
270.691,113.576,41.564,42.917
271.733,110.830,41.191,42.910
270.792,110.907,43.270,43.273
270.774,109.735,43.633,43.946
270.695,106.589,43.610,43.326
269.950,104.769,43.271,43.043
268.108,103.174,42.845,42.078
268.395,99.920,42.267,42.467
265.358,99.520,43.812,43.446
264.171,96.485,43.370,43.608
263.980,96.221,43.253,43.521
263.768,97.591,42.839,43.070
266.498,96.229,42.339,44.307
267.507,99.851,44.520,44.182
276.452,101.628,43.682,44.579
290.012,105.649,43.212,44.076
295.919,110.358,42.742,44.071
296.577,118.394,43.145,43.006
297.810,116.120,41.621,44.544
299.295,112.968,42.322,44.425
297.279,110.072,42.783,42.978
295.852,109.357,42.395,42.394
294.335,106.918,41.817,42.098
285.593,104.823,43.760,40.937
280.572,103.880,42.379,41.892
276.690,103.447,42.500,41.604
272.708,101.770,42.413,42.456
268.296,101.604,43.259,42.887
265.604,100.991,42.672,43.189
262.366,98.979,43.138,41.926
259.918,97.734,43.288,42.994
258.459,95.609,42.294,42.737
256.748,95.404,41.306,42.153
255.005,94.918,40.902,42.214
254.499,89.976,41.352,41.859
254.406,83.241,41.514,42.691
253.937,80.730,41.900,42.766
254.846,77.119,41.238,42.648
256.340,75.194,41.815,43.835
257.043,72.584,40.817,43.264
257.916,70.680,41.351,42.555
256.991,71.190,41.710,41.706
259.610,70.477,41.115,42.297
261.840,70.471,40.550,42.868
261.342,73.232,40.900,42.426
262.977,74.866,40.390,42.851
262.581,76.433,41.471,43.537
261.660,77.036,41.276,44.074
261.626,76.964,41.326,44.582
262.175,75.162,42.177,44.804
262.601,73.719,42.550,45.126
266.196,72.527,41.489,45.768
264.871,73.262,43.567,46.285
268.877,73.388,42.807,46.701
271.233,76.111,44.370,47.103
274.443,77.589,43.226,46.714
275.690,78.059,44.473,46.428
276.882,78.366,44.189,45.556
280.842,77.917,42.647,44.841
284.235,77.632,42.581,44.433
283.071,77.691,45.254,45.638
286.323,76.041,42.320,45.799
286.359,73.832,43.478,48.245
288.581,70.801,42.525,47.050
288.068,69.479,41.701,43.132
289.253,70.145,42.426,41.987
289.816,68.222,42.491,41.535
288.934,68.143,42.492,41.292
289.982,68.278,42.502,41.243
289.199,68.203,42.803,41.140
288.000,68.000,42.000,37.000
286.071,70.004,43.120,39.605
283.000,69.000,42.000,39.000
284.000,70.000,42.000,39.000
281.947,71.382,44.169,41.643
279.840,71.375,44.024,43.486
280.000,72.000,42.000,41.000
278.090,74.872,44.738,43.667
278.000,76.000,43.000,41.000
276.777,79.417,44.425,44.392
277.000,80.000,43.000,39.000
276.000,82.000,44.000,41.000
274.000,83.000,44.000,41.000
274.397,84.323,43.873,44.942
275.000,88.000,43.000,42.000
274.000,89.000,45.000,42.000
272.000,89.000,45.000,43.000
273.929,90.211,44.587,44.719
272.000,92.000,45.000,42.000
272.000,92.000,44.000,41.000
272.000,92.000,46.000,42.000
274.000,93.000,43.000,42.000
270.000,95.000,45.000,42.000
269.600,97.496,45.785,45.181
268.000,98.000,45.000,41.000
269.000,101.000,44.000,41.000
269.272,101.917,44.924,45.663
269.276,102.178,44.177,46.377
271.313,103.454,44.692,47.606
270.639,104.189,44.973,48.849
271.592,104.830,45.230,50.052
271.098,105.899,45.786,50.089
269.818,105.408,47.099,50.843
269.940,104.763,46.154,51.896
270.286,104.777,46.210,52.253
269.688,105.251,45.690,51.822
270.555,105.411,45.605,51.307
270.242,103.427,44.680,51.336
270.812,103.938,45.420,50.995
270.935,103.460,43.927,51.018
271.374,103.586,45.285,51.837
271.474,103.690,45.283,52.279
271.595,104.447,45.160,51.895
272.227,106.606,45.518,51.627
272.742,105.743,45.877,51.654
274.399,106.005,45.842,51.449
275.244,106.375,46.170,51.421
276.534,105.777,45.820,51.154
278.271,106.103,45.510,49.922
278.822,104.266,45.833,49.346
279.663,104.157,46.066,48.947
279.052,103.134,47.047,49.892
279.394,103.077,46.826,50.265
279.725,103.033,46.782,50.022
279.880,102.712,46.595,49.229
279.616,103.296,46.875,49.153
278.272,102.155,46.784,49.284
278.403,102.679,45.631,50.413
280.787,102.312,43.900,50.229
279.305,101.931,43.633,50.799
281.254,102.974,42.699,50.017
279.502,102.529,43.465,51.369
278.825,101.531,43.504,50.917
280.230,101.688,44.234,50.299
279.697,100.905,44.350,49.744
280.923,101.522,44.570,48.531
282.672,101.163,44.283,47.797
282.560,101.007,46.216,46.287
283.903,100.631,46.130,44.859
284.876,100.634,45.273,43.997
285.645,98.725,46.440,44.200
286.447,99.051,45.825,45.251
288.073,98.306,46.193,45.455
287.889,97.699,46.569,46.254
288.751,96.031,45.817,46.312
287.481,96.768,46.992,46.954
287.659,94.329,46.936,47.036
286.538,92.432,46.453,46.573
284.915,91.664,46.205,46.806
286.817,90.024,44.732,46.017
284.621,87.616,45.275,46.296
286.254,86.307,44.335,46.279
285.018,84.040,44.079,45.987
286.060,83.027,43.866,45.565
285.320,82.401,44.294,45.522
284.983,81.646,43.805,45.399
283.063,81.029,44.193,45.904
283.674,80.408,43.639,46.219
283.843,80.699,43.624,46.120
285.047,81.442,43.248,45.522
285.264,80.334,41.894,45.195
285.231,78.821,41.736,44.881
287.263,78.138,41.887,45.045
286.983,77.763,42.259,45.778
290.319,77.771,40.655,46.271
291.568,77.605,40.678,46.045
293.117,77.230,40.005,45.780
291.000,77.000,42.000,47.000
293.000,78.000,42.000,48.000
290.000,76.000,42.000,49.000
292.000,77.000,40.000,48.000
289.000,77.000,41.000,48.000
291.000,75.000,39.000,50.000
290.000,74.000,40.000,50.000
289.000,73.000,40.000,49.000
292.000,73.000,38.000,50.000
291.000,72.000,37.000,49.000
292.000,73.000,37.000,50.000
293.000,73.000,36.000,50.000
293.000,72.000,38.000,48.000
295.000,72.000,37.000,49.000
294.000,70.000,38.000,49.000
296.000,70.000,36.000,50.000
296.000,69.000,38.000,51.000
298.000,69.000,39.000,49.000
296.000,72.000,41.000,49.000
297.000,71.000,41.000,50.000
296.000,73.000,42.000,49.000
292.000,73.000,42.000,48.000
294.000,73.000,42.000,50.000
295.000,73.000,42.000,51.000
293.000,74.000,41.000,50.000
293.738,73.755,40.850,49.834
291.034,74.490,41.436,49.446
289.000,75.000,44.000,49.000
287.000,74.000,41.000,51.000
288.000,74.000,41.000,51.000
286.000,75.000,42.000,51.000
283.000,75.000,42.000,50.000
284.000,75.000,42.000,50.000
284.000,75.000,40.000,50.000
286.000,74.000,41.000,49.000
284.000,74.000,41.000,51.000
285.000,74.000,39.000,51.000
285.000,74.000,42.000,50.000
286.000,74.000,41.000,51.000
287.000,75.000,43.000,50.000
286.000,74.000,43.000,50.000
288.000,76.000,44.000,50.000
287.000,76.000,42.000,50.000
289.000,76.000,41.000,51.000
289.000,76.000,41.000,52.000
288.000,79.000,41.000,50.000
288.000,80.000,42.000,51.000
285.000,78.000,43.000,51.000
282.000,79.000,43.000,50.000
280.000,81.000,43.000,50.000
280.000,79.000,42.000,50.000
279.000,80.000,42.000,51.000
278.000,80.000,40.000,51.000
275.000,79.000,43.000,52.000
275.000,81.000,43.000,50.000
273.000,79.000,42.000,51.000
273.000,81.000,42.000,51.000
272.939,79.568,40.324,51.411
