362.000,108.000,69.000,94.000
360.184,110.215,72.908,94.351
365.000,105.000,72.000,93.000
365.000,104.000,70.000,94.000
365.000,101.000,69.000,97.000
360.000,104.000,69.000,94.000
352.000,101.000,71.000,94.000
350.000,99.000,72.000,96.000
351.000,97.000,70.000,99.000
349.000,95.000,73.000,98.000
351.000,94.000,70.000,98.000
350.000,94.000,72.000,96.000
344.000,90.000,77.000,101.000
345.000,92.000,76.000,98.000
346.000,88.000,72.000,102.000
342.000,86.000,78.000,104.000
342.000,90.000,76.000,100.000
342.000,86.000,77.000,104.000
344.000,89.000,73.000,100.000
345.000,90.000,72.000,98.000
345.000,89.000,72.000,102.000
346.000,91.000,71.000,101.000
344.000,89.000,73.000,101.000
345.000,84.000,72.000,108.000
344.000,88.000,73.000,101.000
342.000,88.000,71.000,104.000
344.000,90.000,71.000,102.000
344.000,86.000,70.000,105.000
343.000,89.000,70.000,102.000
345.000,88.000,69.000,105.000
343.000,92.000,69.000,104.000
343.000,88.000,72.000,107.000
344.015,90.021,68.892,109.666
341.126,91.463,70.029,109.035
341.952,92.168,68.396,107.847
341.859,93.880,69.172,109.282
341.125,94.303,69.299,109.222
341.231,92.911,68.020,109.297
342.118,92.235,67.811,110.367
340.841,92.644,67.765,111.568
338.000,95.000,70.000,106.000
341.148,95.048,69.964,108.500
342.000,97.000,71.000,102.000
337.965,95.952,71.171,106.712
339.000,99.000,71.000,100.000
336.000,98.000,73.000,102.000
338.000,98.000,71.000,100.000
335.000,94.000,73.000,103.000
335.011,95.748,73.487,105.342
339.000,93.000,73.000,105.000
337.000,94.000,74.000,102.000
340.000,95.000,74.000,99.000
342.000,96.000,70.000,100.000
344.000,93.000,72.000,106.000
342.875,93.849,72.858,107.688
341.000,94.000,73.000,105.000
339.427,95.179,74.698,108.797
337.769,93.628,75.070,110.359
335.000,92.000,74.000,101.000
337.000,93.000,74.000,105.000
335.353,90.343,75.136,108.991
335.000,96.000,74.000,106.000
334.385,93.816,76.407,108.930
332.414,93.162,77.761,110.114
331.013,92.867,76.737,111.868
330.145,92.353,79.337,111.266
329.000,100.000,80.000,101.000
329.686,98.131,78.981,105.059
327.372,97.716,80.594,107.524
327.000,104.000,74.000,101.000
326.946,104.732,75.778,102.034
328.000,109.000,77.000,102.000
327.000,109.000,75.000,104.000
328.176,110.107,77.285,104.950
326.000,115.000,77.000,100.000
324.575,113.318,77.185,103.983
324.975,113.759,80.586,106.117
323.000,115.000,80.000,105.000
323.525,114.013,81.380,107.472
320.870,116.636,82.628,108.281
320.000,123.000,83.000,102.000
319.000,123.000,79.000,103.000
319.030,121.187,78.705,104.471
319.239,123.070,79.783,105.287
322.000,128.000,80.000,104.000
321.000,125.000,84.000,105.000
322.000,128.000,82.000,105.000
321.000,127.000,84.000,105.000
323.000,132.000,82.000,103.000
322.701,129.826,81.007,104.604
322.093,131.611,81.475,103.881
318.795,136.242,82.189,103.568
319.000,136.000,80.000,107.000
319.000,141.000,80.000,101.000
317.000,142.000,78.000,103.000
318.000,142.000,77.000,98.000
316.752,140.508,72.609,102.355
315.000,139.000,83.000,102.000
315.000,140.000,79.000,104.000
317.000,140.000,85.000,103.000
317.000,137.000,81.000,105.000
318.000,136.000,78.000,108.000
319.000,139.000,78.000,104.000
319.000,139.000,79.000,103.000
318.000,137.000,79.000,106.000
319.000,138.000,80.000,105.000
326.000,133.000,76.000,109.000
328.000,134.000,75.000,105.000
329.000,132.000,80.000,103.000
332.000,129.000,77.000,104.000
335.000,125.000,77.000,110.000
335.000,126.000,78.000,108.000
336.000,124.000,79.000,110.000
338.000,122.000,80.000,112.000
339.000,124.000,78.000,109.000
339.000,125.000,78.000,107.000
343.000,125.000,78.000,104.000
343.000,122.000,76.000,107.000
346.000,122.000,75.000,107.000
344.000,125.000,75.000,104.000
346.000,123.000,75.000,104.000
348.000,126.000,77.000,101.000
349.000,123.000,75.000,104.000
351.000,122.000,73.000,106.000
348.000,125.000,79.000,104.000
348.000,125.000,80.000,103.000
354.000,120.000,77.000,106.000
352.000,121.000,79.000,106.000
355.175,119.507,76.231,110.592
355.810,119.183,78.218,111.277
356.287,117.935,76.503,112.440
357.000,121.000,80.000,103.000
358.913,119.022,78.172,108.496
359.957,117.508,77.917,110.070
361.941,116.917,78.030,110.790
363.310,116.667,79.101,111.441
363.658,115.504,79.484,112.103
365.359,116.308,81.373,112.059
365.116,116.623,81.515,112.789
367.000,119.000,75.000,105.000
367.259,118.323,76.133,107.932
367.887,118.234,76.561,108.114
368.261,118.525,77.959,108.103
365.000,116.000,82.000,108.000
366.000,115.000,81.000,110.000
365.630,115.458,81.978,111.258
366.000,118.000,82.000,108.000
365.322,117.273,83.305,109.681
363.000,119.000,85.000,108.000
361.000,119.000,89.000,109.000
363.000,119.000,90.000,107.000
362.713,113.237,87.802,110.802
361.959,114.221,87.390,110.920
361.000,118.000,93.000,106.000
358.000,116.000,96.000,108.000
355.000,116.000,94.000,108.000
352.000,116.000,95.000,109.000
352.000,118.000,96.000,110.000
344.000,118.000,97.000,107.000
340.000,117.000,97.000,108.000
337.140,114.921,93.406,111.415
330.000,119.000,97.000,107.000
330.000,118.000,97.000,110.000
326.000,122.000,94.000,108.000
320.000,126.000,100.000,105.000
306.000,128.000,103.000,105.000
299.000,126.000,100.000,108.000
295.000,126.000,95.000,111.000
291.000,129.000,106.000,110.000
292.000,130.000,105.000,109.000
289.000,134.000,109.000,105.000
291.000,133.000,105.000,107.000
290.000,130.000,103.000,111.000
290.000,132.000,102.000,108.000
287.000,130.000,107.000,112.000
287.000,134.000,114.000,107.000
287.000,134.000,110.000,107.000
290.000,139.000,107.000,101.000
288.000,131.000,107.000,110.000
290.000,128.000,100.000,116.000
289.000,130.000,99.000,112.000
290.000,134.000,100.000,109.000
288.000,136.000,103.000,105.000
288.000,133.000,100.000,109.000
289.000,132.000,99.000,111.000
287.000,134.000,102.000,107.000
290.000,135.000,99.000,106.000
290.000,131.000,97.000,112.000
289.000,135.000,101.000,108.000
287.000,132.000,101.000,112.000
289.000,138.000,100.000,108.000
289.000,134.000,103.000,110.000
293.261,133.927,97.797,114.416
292.000,133.000,97.000,114.000
292.000,134.000,95.000,113.000
294.000,132.000,97.000,116.000
292.000,129.000,95.000,121.000
293.000,131.000,94.000,120.000
293.000,135.000,94.000,114.000
294.000,134.000,93.000,118.000
294.000,132.000,93.000,119.000
295.000,133.000,89.000,122.000
294.000,132.000,94.000,119.000
296.000,135.000,90.000,115.000
296.000,133.000,90.000,118.000
296.000,138.000,91.000,110.000
295.000,137.000,93.000,110.000
298.000,133.000,87.000,116.000
299.000,135.000,85.000,113.000
300.000,134.000,84.000,113.000
300.000,138.000,83.000,106.000
301.000,138.000,87.000,105.000
301.000,136.000,83.000,112.000
300.000,133.000,88.000,115.000
299.000,137.000,91.000,113.000
300.000,139.000,95.000,106.000
301.000,139.000,93.000,108.000
300.000,139.000,95.000,108.000
298.000,138.000,96.000,109.000
297.000,143.000,102.000,104.000
297.000,136.000,99.000,110.000
296.000,143.000,101.000,105.000
296.000,137.000,104.000,110.000
296.000,145.000,102.000,98.000
300.623,137.231,97.357,106.538
300.100,138.000,98.212,111.705
296.568,138.690,98.567,113.387
296.711,137.470,101.568,115.130
296.306,136.059,102.952,116.547
295.431,135.445,102.755,117.116
295.161,135.170,103.299,118.589
295.854,135.422,103.729,119.739
295.449,135.722,104.853,119.877
295.757,135.567,104.358,119.893
295.112,135.083,106.028,120.902
295.628,135.190,106.209,121.015
296.762,133.738,108.488,121.095
296.080,132.940,108.594,120.868
296.905,129.302,107.165,121.959
297.583,126.916,109.197,122.479
299.526,122.264,107.959,123.887
303.277,114.538,106.410,126.016
306.335,107.441,106.759,128.694
307.100,103.349,105.263,128.995
310.931,96.289,102.640,128.855
315.304,91.002,101.869,126.446
321.398,85.682,101.959,125.224
324.770,78.830,100.008,123.494
325.339,71.968,99.586,124.328
326.833,65.193,99.101,124.869
325.711,58.094,98.277,125.817
322.272,54.613,96.558,123.920
320.224,52.512,95.532,123.444
319.526,50.820,95.368,124.683
322.140,49.151,93.810,124.286
323.876,49.363,93.969,123.504
327.000,58.000,92.000,109.000
331.718,58.207,87.476,116.924
333.340,61.926,85.855,121.892
331.606,68.577,86.663,123.775
331.277,73.065,84.986,124.025
336.439,74.196,84.267,124.931
341.220,78.536,85.806,125.516
342.159,85.490,86.092,125.312
338.000,90.000,89.000,115.000
340.354,94.140,85.912,119.757
334.000,97.000,90.000,115.000
334.000,100.000,90.000,119.000
334.581,106.511,89.731,119.919
333.640,112.957,89.356,121.331
331.000,122.000,93.000,118.000
328.000,128.000,97.000,117.000
326.000,133.000,96.000,117.000
323.000,135.000,100.000,120.000
320.000,143.000,100.000,114.000
319.000,138.000,99.000,118.000
319.000,140.000,97.000,118.000
318.000,144.000,101.000,116.000
318.000,143.000,103.000,115.000
317.000,148.000,101.000,112.000
319.000,145.000,99.000,120.000
322.000,143.000,96.000,120.000
320.000,148.000,98.000,115.000
323.000,143.000,96.000,119.000
324.000,150.000,101.000,114.000
324.000,149.000,104.000,116.000
325.000,146.000,104.000,118.000
328.000,142.000,103.000,120.000
333.230,143.138,95.957,123.679
335.508,142.681,95.733,124.516
339.393,143.396,95.799,126.787
341.696,143.062,96.869,128.010
341.881,142.874,98.208,128.944
344.178,143.706,97.728,129.350
342.862,145.041,100.067,129.041
344.143,143.188,100.882,129.884
344.865,142.184,101.279,129.860
344.816,140.781,101.758,129.987
343.183,141.739,103.728,129.602
343.306,141.729,104.187,130.600
344.600,140.611,102.644,132.083
344.145,139.660,102.192,132.301
343.935,138.257,102.389,132.196
343.154,137.585,103.304,131.136
342.817,136.447,104.266,130.595
341.015,136.879,105.904,128.819
340.855,135.075,106.347,129.195
340.873,134.053,105.666,129.395
340.120,133.480,105.688,129.000
336.828,134.356,106.923,127.905
341.000,134.000,101.000,122.000
338.000,136.000,103.000,119.000
339.000,138.000,104.000,117.000
338.000,138.000,107.000,115.000
336.148,135.456,104.018,117.962
337.838,136.304,102.375,121.340
338.807,135.907,101.761,123.437
337.792,134.302,102.772,124.898
337.529,133.555,103.325,125.780
336.657,132.085,103.447,126.874
337.644,133.613,98.895,127.851
335.241,136.764,98.232,129.235
336.378,139.771,98.668,132.734
337.859,139.452,97.737,136.043
337.858,139.132,99.124,138.451
338.750,138.995,101.612,141.511
338.711,139.475,104.629,143.311
338.556,139.636,106.767,143.500
336.863,139.261,109.178,143.413
335.166,141.746,111.171,142.758
336.000,139.000,94.000,124.000
336.000,138.000,96.000,123.000
334.895,138.008,96.378,127.376
335.368,136.569,98.051,130.808
335.426,135.514,99.699,131.744
337.000,134.000,90.000,123.000
333.651,134.461,90.608,126.813
334.350,135.781,88.950,128.626
334.514,135.962,91.039,130.822
335.028,136.344,90.980,132.581
335.155,137.404,90.478,132.515
334.078,138.094,90.853,133.013
335.672,138.904,90.501,132.644
335.128,138.092,89.970,131.225
334.451,137.976,87.789,131.147
335.595,138.346,91.037,132.450
334.867,137.291,89.276,133.066
335.069,136.947,91.442,133.953
334.836,137.269,90.661,133.495
334.539,136.058,91.767,134.659
333.025,136.112,93.532,134.646
333.393,136.516,95.465,135.881
335.227,134.488,94.032,135.319
333.492,133.885,95.104,136.528
333.174,133.560,97.852,137.994
333.941,133.827,98.128,138.019
333.508,133.785,98.324,136.781
333.153,133.659,99.308,135.919
333.027,134.077,98.947,135.430
332.200,134.080,98.526,135.546
331.591,133.692,98.879,135.028
330.979,134.303,98.891,134.640
331.892,132.843,98.832,134.458
332.555,132.367,99.858,134.666
333.038,132.297,101.362,134.311
334.543,132.661,102.298,135.395
336.558,133.473,103.342,136.570
336.262,133.939,103.457,136.870
336.630,133.122,105.314,137.379
338.087,133.191,104.841,138.327
338.320,133.020,106.041,138.624
339.100,133.259,106.646,139.823
340.335,133.150,108.464,140.457
342.247,131.593,108.600,141.532
341.951,131.009,110.442,143.203
343.980,131.797,111.910,144.153
342.517,131.610,113.978,142.825
343.841,130.331,114.166,142.560
344.662,130.698,114.643,141.743
345.445,131.311,114.593,141.125
345.592,131.449,115.662,140.647
347.534,131.720,114.940,140.680
346.475,130.786,115.904,139.826
349.435,131.023,115.165,139.792
347.596,132.016,113.143,138.543
349.149,132.317,111.597,137.967
348.991,132.324,111.225,138.027
348.771,132.447,111.114,137.921
348.294,132.633,110.784,137.843
347.960,132.739,110.513,137.672
349.922,132.736,109.704,137.921
349.119,132.650,109.456,138.647
346.661,132.817,108.735,140.005
349.103,132.730,106.635,140.417
348.416,133.161,107.281,142.977
348.288,134.104,106.273,146.935
349.274,134.095,109.838,148.246
349.742,132.247,107.808,149.642
349.956,132.993,106.979,148.179
352.031,132.700,106.239,148.592
351.057,132.578,106.334,148.777
352.003,132.528,105.495,146.979
349.901,132.561,105.506,147.288
351.042,131.408,103.969,146.775
351.356,131.871,105.682,146.042
351.369,132.034,104.498,144.872
350.086,132.272,102.715,144.894
351.786,132.876,105.267,145.944
350.389,131.561,104.663,146.530
350.793,132.320,105.402,146.027
349.443,132.785,104.379,145.789
350.324,132.655,105.480,145.762
351.000,133.000,85.000,121.000
348.519,134.536,88.793,123.138
350.702,134.357,89.639,126.203
346.538,134.409,92.272,127.686
350.178,133.573,88.824,128.805
346.788,134.259,91.362,128.945
347.662,133.144,91.275,130.757
344.564,134.763,92.532,129.913
347.213,134.365,90.526,133.761
345.583,134.391,90.080,135.035
347.000,135.000,91.000,125.000
344.732,134.707,91.584,132.252
346.181,134.132,89.102,134.772
344.333,134.904,89.966,135.910
346.000,138.000,93.000,125.000
345.000,136.000,92.000,129.000
345.000,135.000,93.000,128.000
343.000,135.000,94.000,127.000
343.000,138.000,96.000,123.000
339.152,136.256,93.365,130.306
341.626,135.844,92.665,136.051
335.054,136.246,98.255,137.482
330.000,134.000,97.000,127.000
326.655,135.734,94.000,133.271
323.966,137.283,96.057,136.234
321.642,133.894,96.458,142.607
318.000,141.000,95.000,120.000
313.000,134.000,96.000,123.000
304.599,133.186,95.103,127.969
304.941,131.465,96.029,133.820
300.000,142.000,98.000,111.000
296.000,143.000,97.000,116.000
289.000,153.000,94.000,113.000
274.239,153.100,95.274,118.289
270.426,156.100,95.781,122.957
257.494,162.410,96.366,124.399
257.900,162.615,92.091,128.769
241.959,162.993,92.189,131.088
246.196,164.269,99.440,135.857
243.000,165.000,98.000,124.000
244.000,166.000,96.000,124.000
241.000,163.000,101.000,123.000
243.745,161.043,96.650,129.936
250.000,160.000,94.000,120.000
249.000,164.000,98.000,118.000
250.000,162.000,101.000,119.000
245.739,160.003,97.705,125.324
249.550,159.316,98.750,131.001
249.000,158.000,99.000,120.000
256.000,145.000,98.000,122.000
269.000,138.000,92.000,126.000
270.000,140.000,98.000,126.000
261.432,146.349,97.569,129.997
265.753,143.771,100.787,138.731
260.000,146.000,95.000,127.000
254.000,156.000,96.000,123.000
248.000,166.000,96.000,121.000
235.000,168.000,99.000,122.000
208.277,179.327,99.903,127.895
203.548,179.468,101.654,132.742
200.000,171.000,100.000,115.000
202.000,159.000,101.000,118.000
208.000,150.000,105.000,118.000
214.000,141.000,98.000,118.000
215.687,136.793,96.617,125.356
230.490,134.742,100.803,130.486
240.149,129.107,106.955,135.456
254.000,127.000,98.000,119.000
268.446,123.621,92.703,125.579
268.000,125.000,95.000,121.000
264.000,132.000,90.000,123.000
265.000,134.000,94.000,122.000
270.000,137.000,96.000,122.000
271.000,133.000,96.000,126.000
273.000,136.000,94.000,124.000
272.000,133.000,98.000,125.000
267.420,135.436,96.273,128.011
273.327,136.274,95.355,131.680
266.759,135.268,98.212,137.430
271.000,136.000,96.000,124.000
271.836,142.359,95.878,128.085
271.000,144.000,94.000,119.000
273.000,141.000,94.000,123.000
274.000,140.000,94.000,124.000
275.000,143.000,92.000,122.000
276.286,152.849,93.812,128.154
275.455,151.103,95.690,131.640
279.278,153.386,95.507,134.464
283.249,155.253,96.672,139.311
282.234,156.469,99.920,140.976
285.809,155.035,100.523,143.824
286.000,156.000,92.000,122.000
287.000,160.000,93.000,117.000
278.000,162.000,91.000,122.000
268.000,175.000,96.000,120.000
268.568,179.067,94.559,126.094
280.748,173.066,96.703,129.981
274.586,172.620,97.973,131.318
277.851,173.109,96.228,133.310
278.177,169.924,94.193,136.915
281.000,178.000,93.000,118.000
280.000,176.000,92.000,124.000
282.000,180.000,94.000,117.000
280.000,181.000,95.000,116.000
278.116,172.395,92.577,123.615
275.000,175.000,90.000,127.000
266.932,176.753,93.499,127.955
261.661,176.337,94.288,131.272
261.500,178.797,93.702,132.314
257.230,179.398,94.555,131.701
254.526,179.155,95.160,132.655
265.843,175.009,95.224,132.671
276.471,167.553,95.159,133.830
276.246,169.631,95.288,132.491
277.210,170.342,94.893,133.504
277.131,171.470,92.845,135.025
281.454,173.955,93.242,133.915
286.789,173.975,92.754,133.112
293.429,172.069,93.736,133.188
295.689,170.989,92.197,132.731
302.126,169.626,92.746,131.612
306.302,167.998,92.373,130.855
306.799,166.658,91.587,130.857
309.035,165.759,92.019,130.751
314.019,163.381,92.838,130.644
318.435,160.112,93.700,131.380
318.692,160.234,93.204,131.609
325.232,162.359,94.039,130.719
320.793,159.501,95.163,131.967
323.900,159.645,94.731,132.473
322.345,159.944,94.591,133.311
322.538,159.479,94.447,133.700
322.458,159.434,91.962,133.757
323.291,160.240,91.898,132.989
322.845,160.458,91.225,132.989
324.327,160.814,93.817,132.186
319.150,160.672,93.650,131.652
318.894,161.052,94.663,131.509
300.417,168.146,97.633,127.044
307.945,164.801,99.541,128.594
303.283,163.717,100.751,128.304
301.231,167.507,100.614,129.224
299.000,170.000,85.000,121.000
296.526,172.122,93.825,124.698
298.614,167.026,93.003,125.726
293.636,168.242,95.922,126.517
296.762,167.424,94.004,128.335
293.728,167.227,94.907,129.497
293.691,167.007,93.918,131.362
293.054,166.414,94.489,131.572
292.892,165.783,95.195,132.724
291.925,165.577,96.840,133.996
292.545,164.857,97.900,136.178
292.606,163.907,100.225,137.843
289.889,165.368,106.007,140.009
294.479,164.566,107.277,143.139
288.925,166.540,111.989,143.906
293.902,164.030,111.881,146.033
292.000,166.000,85.000,126.000
292.772,164.097,94.182,127.781
294.247,162.322,93.409,129.031
291.728,160.988,95.919,130.107
294.135,158.876,95.617,131.354
294.382,155.835,96.978,133.844
295.541,154.756,94.039,135.734
293.937,153.226,93.898,136.634
295.332,151.693,96.419,136.382
293.261,149.891,96.484,139.165
293.179,150.641,98.664,138.782
289.804,151.028,99.970,139.426
289.037,150.557,99.968,141.002
289.987,151.274,100.433,141.374
287.962,149.527,100.268,141.976
287.078,150.687,101.019,140.984
285.660,149.238,101.157,140.806
286.557,148.019,101.146,142.452
285.059,146.185,99.803,142.712
286.846,141.658,101.096,144.083
283.837,135.308,100.125,146.353
287.292,129.075,101.303,148.492
290.000,127.000,91.000,120.000
293.142,123.085,95.835,125.732
305.614,118.026,92.701,124.244
310.629,105.983,97.352,125.601
309.883,104.468,100.733,127.759
309.580,108.108,101.216,128.607
310.015,111.867,103.247,128.457
313.959,107.287,101.358,132.390
315.916,101.177,101.933,136.208
318.003,100.692,102.414,139.193
316.455,98.856,101.583,140.851
316.645,98.382,102.440,140.942
314.725,96.830,103.639,142.896
318.550,95.976,104.657,143.616
317.918,98.085,105.142,142.017
319.948,96.309,105.383,144.492
323.087,95.365,100.994,144.858
324.966,96.578,102.649,142.990
325.281,96.425,103.031,143.192
326.405,96.516,102.968,142.438
328.000,97.000,89.000,122.000
324.181,97.046,95.181,126.704
327.417,95.817,94.728,129.572
326.727,95.672,97.182,130.664
329.632,94.681,97.294,132.857
328.334,94.216,99.910,135.090
330.953,93.240,99.173,137.353
331.366,92.622,99.688,138.002
332.000,93.000,96.000,123.000
333.243,92.642,96.397,127.895
334.472,92.121,99.336,132.048
336.000,91.000,92.000,124.000
331.677,96.069,95.492,124.502
332.112,95.074,98.627,130.473
333.649,95.898,99.641,134.182
332.460,96.126,100.315,137.746
333.000,95.000,97.000,123.000
330.913,93.919,98.788,128.546
331.199,93.881,98.490,132.085
331.000,91.000,94.000,128.000
326.868,91.951,97.808,132.356
328.000,91.000,92.000,128.000
328.000,92.000,89.000,126.000
324.383,93.638,96.318,130.483
328.000,95.000,91.000,122.000
325.000,92.000,93.000,126.000
328.000,91.000,91.000,126.000
320.454,91.756,97.158,131.004
320.000,93.000,96.000,124.000
318.000,93.000,94.000,125.000
318.000,93.000,91.000,125.000
314.000,93.000,92.000,125.000
306.000,96.000,95.000,123.000
300.000,106.000,91.000,119.000
294.000,107.000,97.000,120.000
288.000,116.000,90.000,118.000
281.000,119.000,94.000,120.000
277.000,126.000,94.000,120.000
266.000,133.000,90.000,120.000
252.000,140.000,89.000,117.000
240.000,143.000,86.000,126.000
229.000,151.000,95.000,118.000
222.000,155.000,87.000,120.000
215.000,155.000,92.000,124.000
208.000,158.000,93.000,127.000
205.000,162.000,95.000,128.000
208.000,167.000,92.000,122.000
222.000,160.000,95.000,121.000
234.000,155.000,96.000,127.000
228.000,153.000,101.000,127.000
230.000,159.000,97.000,119.000
234.000,156.000,97.000,125.000
239.000,154.000,96.000,130.000
243.000,157.000,93.000,129.000
253.000,159.000,95.000,131.000
257.000,162.000,95.000,122.000
260.000,156.000,94.000,128.000
262.000,166.000,96.000,116.000
264.000,157.000,99.000,128.000
269.000,161.000,94.000,124.000
270.233,158.341,95.723,128.326
269.593,157.340,98.111,133.714
270.663,155.555,98.768,136.676
270.517,152.530,99.519,139.340
273.000,154.000,99.000,118.000
276.000,146.000,97.000,122.000
280.062,140.884,95.560,127.478
284.000,141.000,101.000,118.000
292.000,133.000,102.000,121.000
301.000,125.000,104.000,118.000
308.000,113.000,104.000,124.000
323.000,100.000,106.000,125.000
329.000,96.000,104.000,126.000
335.000,84.000,102.000,128.000
333.000,86.000,107.000,122.000
334.000,83.000,108.000,122.000
333.000,77.000,107.000,126.000
332.000,82.000,106.000,123.000
333.000,87.000,104.000,118.000
331.000,93.000,107.000,111.000
329.000,84.000,108.000,121.000
334.000,84.000,108.000,124.000
340.000,95.000,109.000,116.000
345.000,91.000,108.000,122.000
354.000,89.000,118.000,127.000
365.000,90.000,113.000,116.000
373.000,86.000,107.000,123.000
384.069,79.358,94.405,124.289
401.000,76.000,79.000,133.000
415.000,80.000,70.000,127.000
423.000,82.000,62.000,124.000
434.000,80.000,51.000,121.000
436.894,83.544,47.119,120.156
442.749,80.756,43.751,117.053
449.364,76.808,43.889,110.648
451.312,94.850,55.985,115.454
430.665,114.739,78.866,113.884
398.192,121.156,115.056,107.520
356.894,113.065,164.905,100.676
303.091,105.401,211.061,98.573
270.569,86.150,242.571,102.140
211.156,58.260,277.352,97.215
171.346,53.070,314.287,98.815
127.035,44.519,352.648,99.997
123.173,34.385,361.603,97.728
131.322,40.967,339.984,98.518
127.838,41.577,344.181,101.368
123.724,40.843,352.750,107.258
115.854,34.974,363.964,109.101
124.372,31.155,362.818,104.655
141.388,35.233,342.357,99.539
145.035,31.062,335.823,93.424
166.296,30.851,310.541,86.378
155.059,30.819,306.655,81.164
162.054,30.329,298.282,77.812
164.749,30.658,287.022,73.684
159.867,30.751,279.579,66.274
153.403,30.650,272.173,56.837
151.909,31.240,272.447,51.541
148.168,33.261,271.000,49.096
137.428,38.278,265.572,48.294
128.258,42.878,255.705,47.302
125.853,50.570,249.478,47.685
121.302,55.932,244.027,45.991
117.991,62.020,232.380,46.518
110.662,65.564,226.877,45.420
99.184,70.797,225.539,44.803
92.255,72.749,218.783,42.566
83.589,71.962,217.205,39.872
63.029,63.773,214.444,37.538
37.596,58.320,209.086,35.694
347.000,55.000,92.000,133.000
329.000,50.000,93.000,139.000
318.535,50.065,95.315,137.547
309.279,49.287,94.903,137.915
303.537,52.097,95.257,139.096
303.591,55.425,95.624,140.064
301.927,65.036,97.314,139.444
300.420,66.080,97.651,141.532
301.009,67.464,97.574,141.224
300.778,70.426,100.134,139.718
299.865,68.411,100.341,141.053
302.850,57.946,100.045,140.352
305.621,49.185,100.682,140.699
311.000,42.000,97.000,137.000
300.506,44.663,103.827,141.550
294.000,50.000,100.000,137.000
288.456,47.282,103.314,140.630
285.000,45.000,108.000,140.000
278.116,48.709,110.060,141.885
278.507,50.910,112.875,141.851
274.000,52.000,114.000,142.000
269.226,52.266,117.512,142.892
267.370,52.023,120.018,142.118
263.825,52.339,123.870,141.974
262.315,51.177,124.849,141.895
252.000,71.000,127.000,127.000
243.000,71.000,135.000,135.000
245.000,73.000,135.000,130.000
238.000,78.000,139.000,127.000
239.000,81.000,133.000,133.000
233.000,85.000,143.000,135.000
232.000,83.000,142.000,136.000
229.000,84.000,143.000,137.000
227.000,83.000,145.000,136.000
222.000,84.000,151.000,135.000
223.000,86.000,148.000,133.000
219.000,84.000,149.000,139.000
220.000,85.000,150.000,136.000
213.000,79.000,159.000,138.000
208.000,84.000,161.000,130.000
205.000,80.000,162.000,135.000
204.000,79.000,156.000,136.000
203.000,80.000,156.000,137.000
197.000,84.000,160.000,136.000
189.000,82.000,170.000,139.000
185.000,85.000,160.000,137.000
176.000,87.000,164.000,135.000
174.000,88.000,161.000,136.000
168.000,90.000,159.000,134.000
165.000,91.000,159.000,137.000
168.000,91.000,151.000,141.000
164.000,92.000,154.000,142.000
166.000,97.000,154.000,138.000
175.000,98.000,146.000,140.000
179.000,100.000,148.000,144.000
184.000,108.000,152.000,141.000
187.000,115.000,148.000,143.000
185.785,117.141,139.509,149.100
189.000,115.000,141.000,146.000
188.000,115.000,137.000,139.000
185.000,112.000,133.000,150.000
185.000,112.000,129.000,148.000
188.000,118.000,123.000,139.000
173.000,117.000,118.000,149.000
156.000,124.000,119.000,147.000
147.000,121.000,125.000,147.000
140.000,112.000,119.000,149.000
133.000,107.000,121.000,146.000
133.000,101.000,115.000,156.000
133.000,97.000,112.000,159.000
131.000,104.000,110.000,156.000
125.000,113.000,114.000,162.000
131.000,122.000,103.000,156.000
133.000,117.000,109.000,156.000
144.000,119.000,103.000,157.000
148.000,123.000,100.000,152.000
154.000,131.000,104.000,151.000
161.000,129.000,105.000,153.000
167.000,132.000,106.000,153.000
170.000,136.000,102.000,154.000
170.000,134.000,105.000,154.000
178.000,125.000,106.000,154.000
181.000,117.000,106.000,157.000
179.000,117.000,109.000,156.000
188.000,120.000,103.000,155.000
188.000,122.000,103.000,154.000
191.000,119.000,98.000,154.000
194.000,119.000,99.000,154.000
189.000,118.000,98.000,156.000
188.662,122.443,101.066,155.755
190.465,119.328,100.710,160.608
189.108,119.401,101.723,159.699
187.212,120.164,102.430,159.812
186.648,120.021,106.298,160.514
185.794,119.088,106.525,161.996
184.843,118.240,107.549,162.569
183.257,118.179,106.400,163.501
185.261,119.122,107.368,162.724
187.667,119.710,107.794,163.301
187.227,120.339,108.997,163.868
188.467,121.908,109.374,163.427
189.594,121.812,110.540,163.709
189.442,122.570,110.509,165.191
189.291,122.994,111.330,165.201
192.128,123.309,110.636,166.958
194.000,128.000,111.000,161.000
196.347,128.567,110.458,164.799
189.260,136.428,113.099,163.650
188.000,142.000,119.000,161.000
190.562,137.718,115.910,164.874
189.000,141.000,123.000,161.000
191.000,145.000,122.000,160.000
197.000,148.000,122.000,159.000
196.048,144.712,118.519,162.541
197.595,144.537,120.314,162.239
205.032,142.644,122.458,162.621
208.586,142.729,120.510,161.443
205.003,142.616,119.043,161.266
206.733,145.634,118.621,161.385
206.714,145.197,120.305,162.446
209.068,145.426,120.074,163.082
212.492,147.812,115.970,164.444
214.220,148.197,115.010,164.165
215.000,146.000,120.000,165.000
214.480,148.225,116.134,166.674
217.324,148.121,115.010,166.230
217.115,149.692,114.070,165.142
218.140,152.089,113.563,165.282
225.000,152.000,115.000,163.000
221.000,157.000,119.000,160.000
221.061,157.431,115.789,165.469
226.000,162.000,113.000,159.000
226.000,157.000,119.000,161.000
228.000,160.000,112.000,166.000
231.000,160.000,112.000,164.000
222.874,161.363,115.505,170.943
218.000,166.000,113.000,167.000
207.000,171.000,114.000,170.000
187.667,177.330,117.725,168.336
194.000,171.000,118.000,168.000
200.000,167.000,120.000,170.000
202.000,163.000,113.000,169.000
206.000,160.000,114.000,170.000
199.689,162.191,118.000,174.156
209.000,154.000,113.000,172.000
208.000,153.000,115.000,170.000
209.000,153.000,115.000,168.000
212.000,149.000,120.000,172.000
210.255,148.948,119.575,172.674
211.376,146.263,118.806,172.712
224.000,137.000,123.000,177.000
231.000,131.000,118.000,173.000
242.000,123.000,119.000,171.000
244.098,121.453,119.186,175.636
247.000,114.000,125.000,175.000
252.000,111.000,122.000,176.000
252.000,108.000,125.000,178.000
255.000,102.000,123.000,180.000
255.000,102.000,125.000,181.000
251.000,99.000,126.000,186.000
249.000,100.000,130.000,179.000
249.000,97.000,127.000,185.000
247.000,97.000,125.000,184.000
252.000,97.000,117.000,185.000
245.000,95.000,121.000,184.000
249.000,94.000,114.000,191.000
251.000,94.000,116.000,186.000
250.000,92.000,121.000,191.000
253.000,96.000,118.000,188.000
253.000,99.000,118.000,184.000
254.000,98.000,116.000,188.000
261.000,98.000,113.000,191.000
262.000,98.000,115.000,188.000
256.000,97.000,121.000,188.000
264.000,100.000,113.000,189.000
259.000,100.000,118.000,186.000
264.000,103.000,113.000,190.000
263.000,101.000,112.000,189.000
263.000,97.000,115.000,194.000
270.000,104.000,108.000,190.000
264.000,98.000,116.000,194.000
267.000,103.000,113.000,191.000
264.000,99.000,119.000,193.000
265.000,102.000,118.000,193.000
265.000,99.000,117.000,193.000
262.275,101.096,120.828,196.492
270.000,95.000,119.000,196.000
272.000,87.000,119.000,197.000
273.000,85.000,120.000,194.000
279.000,85.000,121.000,191.000
279.000,79.000,121.000,194.000
280.000,71.000,113.000,200.000
277.000,72.000,119.000,191.000
276.000,72.000,121.000,188.000
277.000,73.000,119.000,192.000
278.000,74.000,121.000,188.000
277.000,78.000,119.000,183.000
275.000,74.000,123.000,190.000
278.000,72.000,116.000,192.000
276.000,69.000,124.000,196.000
279.000,74.000,122.000,193.000
272.000,76.000,125.000,199.000
272.000,82.000,122.000,192.000
272.000,75.000,123.000,196.000
270.000,75.000,122.000,202.000
264.000,78.000,128.000,201.000
267.000,76.000,123.000,202.000
271.000,77.000,121.000,202.000
264.000,81.000,124.000,197.000
258.000,79.000,127.000,201.000
255.000,84.000,128.000,192.000
250.000,83.000,127.000,196.000
250.000,85.000,124.000,192.000
245.000,84.000,128.000,195.000
245.000,80.000,127.000,200.000
245.000,83.000,123.000,199.000
245.000,87.000,125.000,194.000
242.954,85.621,125.867,199.674
236.000,88.000,132.000,198.000
238.000,93.000,131.000,193.000
238.000,92.000,126.000,199.000
238.000,95.000,127.000,197.000
247.000,97.000,119.000,192.000
241.000,101.000,123.000,192.000
244.000,99.000,121.000,194.000
249.000,102.000,112.000,194.000
245.000,102.000,115.000,199.000
249.000,102.000,112.000,196.000
238.000,107.000,120.000,196.000
245.000,103.000,115.000,197.000
242.000,105.000,115.000,191.000
242.000,104.000,118.000,194.000
241.000,107.000,119.000,194.000
240.000,105.000,117.000,198.000
239.000,108.000,119.000,194.000
235.000,107.000,118.000,193.000
237.000,111.000,116.000,193.000
234.000,111.000,120.000,191.000
227.000,111.000,125.000,191.000
223.000,110.000,122.000,198.000
222.000,110.000,122.000,197.000
220.000,109.000,121.000,199.000
218.000,111.000,121.000,192.000
217.000,105.000,121.000,194.000
215.000,105.000,122.000,198.000
214.000,109.000,121.000,193.000
215.000,107.000,120.000,196.000
215.000,115.000,116.000,190.000
209.000,111.000,124.000,192.000
210.497,114.726,126.417,196.214
213.000,112.000,124.000,192.000
213.000,114.000,119.000,192.000
211.000,117.000,135.000,188.000
214.000,117.000,127.000,191.000
219.000,118.000,119.000,190.000
214.000,122.000,123.000,186.000
224.184,120.731,124.908,192.746
223.161,122.443,129.837,191.962
226.000,123.000,129.000,191.000
229.000,118.000,131.000,196.000
239.000,119.000,126.000,192.000
241.000,123.000,130.000,191.000
244.000,121.000,133.000,191.000
252.000,123.000,130.000,186.000
253.000,119.000,124.000,192.000
252.000,117.000,124.000,191.000
253.000,111.000,128.000,196.000
254.000,116.000,122.000,190.000
253.000,117.000,123.000,188.000
253.000,124.000,124.000,180.000
256.000,118.000,120.000,190.000
255.000,114.000,121.000,193.000
255.000,119.000,120.000,192.000
257.000,120.000,123.000,187.000
255.000,119.000,122.000,189.000
256.000,119.000,122.000,192.000
261.000,116.000,119.000,194.000
262.000,122.000,124.000,187.000
263.000,116.000,122.000,194.000
269.000,116.000,117.000,194.000
269.000,116.000,114.000,193.000
276.831,124.889,115.519,196.996
278.000,115.000,109.000,191.000
277.000,118.000,113.000,193.000
282.000,121.000,108.000,190.000
279.000,117.000,110.000,193.000
285.000,117.000,105.000,190.000
281.000,113.000,108.000,196.000
283.000,114.000,104.000,193.000
288.000,111.000,102.000,197.000
286.000,110.000,106.000,197.000
289.000,110.000,105.000,203.000
287.000,109.000,107.000,200.000
286.000,110.000,112.000,196.000
290.000,111.000,107.000,199.000
289.000,110.000,112.000,199.000
288.000,109.000,118.000,200.000
290.000,111.000,117.000,196.000
289.000,107.000,117.000,198.000
285.000,113.000,123.000,192.000
289.000,115.000,124.000,192.000
287.000,111.000,124.000,197.000
287.000,115.000,124.000,190.000
288.000,112.000,125.000,194.000
288.000,111.000,124.000,200.000
290.000,109.000,115.000,201.000
288.000,106.000,119.000,198.000
285.000,114.000,122.000,199.000
285.000,111.000,123.000,197.000
286.000,114.000,115.000,197.000
287.000,115.000,116.000,195.000
288.000,115.000,113.000,193.000
292.000,112.000,112.000,202.000
284.858,115.145,120.183,210.776
289.000,117.000,112.000,196.000
290.000,114.000,114.000,196.000
285.000,112.000,118.000,204.000
285.000,116.000,116.000,198.000
286.000,112.000,116.000,195.000
284.000,113.000,116.000,200.000
285.000,109.000,117.000,199.000
285.000,112.000,117.000,201.000
284.000,110.000,117.000,197.000
282.000,113.000,118.000,201.000
278.000,110.000,124.000,200.000
277.000,110.000,124.000,199.000
278.000,108.000,124.000,200.000
279.000,110.000,121.000,199.000
276.000,108.000,124.000,200.000
275.000,105.000,126.000,201.000
278.000,106.000,121.000,204.000
275.000,108.000,124.000,197.000
277.000,110.000,124.000,194.000
273.000,105.000,128.000,197.000
269.000,105.000,131.000,196.000
268.000,104.000,130.000,198.000
264.000,104.000,131.000,196.000
261.000,103.000,126.000,198.000
256.000,105.000,127.000,198.000
241.000,105.000,130.000,199.000
223.000,107.000,132.000,196.000
214.000,107.000,128.000,197.000
200.000,106.000,134.000,194.000
195.000,102.000,129.000,200.000
194.000,102.000,128.000,200.000
186.672,102.923,126.959,203.659
182.489,103.197,128.946,205.115
181.418,101.701,127.751,202.668
179.150,100.701,128.617,200.047
177.652,100.740,129.425,201.315
174.000,102.164,131.115,200.822
174.941,99.103,129.376,200.347
169.357,99.231,131.531,200.513
165.000,97.000,134.000,198.000
160.448,97.239,131.613,201.045
157.224,96.997,132.424,201.079
156.000,96.000,132.000,191.000
153.919,94.563,130.405,197.678
156.000,85.000,128.000,200.000
157.899,90.963,129.976,200.288
156.444,90.333,129.795,199.388
152.415,89.601,130.224,199.418
153.357,90.290,128.646,198.859
149.211,89.048,129.350,200.505
154.000,89.000,117.000,187.000
147.000,87.000,122.000,192.000
146.000,86.000,117.000,188.000
146.000,88.000,114.000,190.000
147.000,90.000,113.000,188.000
143.000,85.000,118.000,188.000
141.400,93.860,123.723,188.826
142.510,89.327,122.819,188.461
141.082,90.227,124.371,186.958
141.283,90.413,124.700,187.889
139.015,90.909,126.656,190.748
142.221,90.563,125.139,191.218
138.640,90.093,127.309,189.204
144.000,88.000,111.000,183.000
145.000,92.000,114.000,174.000
143.000,87.000,115.000,182.000
144.000,86.000,113.000,180.000
146.000,87.000,113.000,179.000
144.000,84.000,116.000,185.000
145.000,84.000,116.000,181.000
143.000,81.000,117.000,186.000
148.000,80.000,122.000,181.000
155.000,76.000,120.000,180.000
160.000,78.000,121.000,181.000
161.000,76.000,126.000,180.000
171.000,75.000,123.000,182.000
176.000,73.000,123.000,187.000
176.000,76.000,121.000,185.000
180.000,78.000,125.000,177.000
184.000,76.000,126.000,176.000
184.000,74.000,128.000,178.000
191.000,71.000,124.000,186.000
190.000,72.000,121.000,186.000
186.000,77.000,127.000,177.000
184.000,72.000,126.000,184.000
186.000,73.000,132.000,178.000
186.000,72.000,133.000,180.000
190.000,75.000,134.000,176.000
193.000,75.000,136.000,179.000
200.000,74.000,129.000,186.000
191.000,75.000,137.000,184.000
199.000,77.000,136.000,179.000
208.000,77.000,129.000,185.000
204.000,82.000,136.000,184.000
213.000,89.000,136.000,178.000
212.707,90.824,141.381,182.606
218.881,92.791,141.068,185.259
215.823,99.344,147.313,187.749
220.891,100.317,146.034,189.444
225.223,103.620,147.979,189.708
228.444,106.402,149.517,189.063
241.000,109.000,130.000,175.000
239.000,113.000,139.000,179.000
244.000,114.000,139.000,184.000
236.301,119.072,146.274,186.461
239.143,119.754,148.809,189.773
238.423,118.964,150.282,195.418
235.781,118.755,154.889,200.084
237.596,118.951,155.288,198.412
236.862,120.292,157.222,199.132
237.570,117.507,159.811,198.656
235.992,120.887,163.522,199.865
231.765,121.420,169.759,202.445
228.721,123.377,173.664,205.310
226.238,120.539,174.456,211.975
224.534,120.951,182.013,215.682
226.033,122.658,182.328,215.942
225.970,122.330,183.029,217.523
225.485,125.340,185.127,217.340
224.338,127.413,185.099,224.666
223.349,129.882,186.873,222.670
223.268,130.988,187.842,222.058
224.577,131.933,187.898,221.821
235.000,149.000,165.000,159.000
236.491,137.870,177.226,172.485
229.638,133.824,177.696,181.459
233.301,130.028,176.661,187.360
232.000,148.000,168.000,166.000
229.000,145.000,171.000,169.000
237.000,146.000,165.000,164.000
233.000,144.000,166.000,168.000
230.000,158.000,167.000,150.000
234.000,152.000,171.000,158.000
232.000,156.000,169.000,156.000
236.000,145.000,169.000,164.000
234.000,150.000,170.000,161.000
238.000,140.000,169.000,168.000
232.000,148.000,173.000,163.000
231.000,144.000,176.000,166.000
237.000,142.000,171.000,170.000
232.000,146.000,175.000,167.000
232.000,150.000,178.000,160.000
227.000,146.000,182.000,166.000
239.000,140.000,171.000,176.000
233.000,147.000,176.000,166.000
226.000,150.000,181.000,164.000
229.000,148.000,181.000,155.000
238.000,146.000,172.000,172.000
232.000,146.000,178.000,167.000
226.000,150.000,182.000,165.000
231.000,154.000,178.000,164.000
222.000,149.000,188.000,162.000
223.000,151.000,186.000,166.000
216.000,154.000,191.000,162.000
216.000,156.000,194.000,154.000
221.000,160.000,188.000,154.000
228.000,158.000,180.000,158.000
221.000,156.000,188.000,163.000
214.000,155.000,196.000,158.000
222.008,152.174,198.353,172.529
222.678,148.717,201.196,184.357
216.385,150.209,202.430,190.321
219.474,149.409,201.233,193.225
217.401,149.868,203.419,194.547
217.527,149.975,204.859,198.811
214.673,151.224,209.042,195.642
217.399,150.075,207.736,198.052
214.027,150.694,211.527,196.471
214.857,151.282,212.940,197.905
212.367,152.702,219.341,195.471
210.693,150.928,213.640,194.140
214.361,151.112,214.471,197.500
205.404,152.638,223.753,195.550
201.365,152.418,222.382,197.075
201.940,152.860,225.078,195.837
199.196,152.015,228.504,196.258
198.154,152.015,230.442,196.085
195.929,151.197,230.754,195.784
198.616,150.102,230.992,193.840
204.315,148.370,226.266,196.123
208.719,148.459,222.476,198.638
210.173,147.735,219.235,193.513
213.377,146.240,218.366,197.869
210.533,144.030,216.348,200.865
216.620,145.036,218.342,204.762
211.660,143.808,214.621,200.347
215.069,143.978,214.624,207.051
211.076,142.501,216.340,206.477
212.030,143.174,217.531,207.204
211.951,141.449,213.138,207.600
214.446,141.014,214.164,210.803
215.033,140.525,204.196,213.796
215.000,158.000,195.000,145.000
211.000,151.000,199.000,151.000
221.115,144.222,207.256,165.349
220.665,142.246,209.244,177.858
216.141,141.835,211.930,187.583
211.552,144.698,214.131,190.000
219.696,142.522,205.096,194.602
214.360,142.504,209.253,197.661
211.759,142.234,207.962,203.919
213.968,141.339,203.834,205.216
212.281,141.042,206.475,204.645
212.423,140.609,206.812,205.882
212.421,140.802,207.428,206.452
212.682,139.844,208.465,207.018
213.218,139.619,211.645,205.523
214.536,139.284,213.530,215.009
212.901,140.505,218.168,217.915
207.625,140.452,211.468,212.389
214.895,141.592,211.151,212.779
210.868,141.535,220.679,216.976
205.485,140.967,215.061,210.945
215.520,140.382,212.702,213.795
209.790,140.352,220.415,221.057
208.474,140.406,214.286,213.642
216.612,139.913,213.709,217.401
208.494,139.188,212.839,212.228
217.863,141.166,212.657,213.065
209.895,139.788,214.051,213.711
218.955,142.187,210.370,215.081
212.158,141.426,214.703,209.969
221.690,141.004,211.850,213.708
215.952,141.103,201.224,212.552
224.264,140.942,200.468,217.705
219.889,142.369,203.656,212.692
225.080,141.943,200.159,215.199
220.697,142.202,204.636,208.325
222.986,143.635,204.064,209.807
226.127,143.578,204.602,210.386
223.662,145.325,204.676,210.874
231.780,143.290,198.916,208.723
229.781,144.988,202.973,209.084
231.005,145.521,196.411,206.708
238.010,143.202,191.026,207.506
240.439,144.013,190.211,206.406
240.200,143.739,189.193,207.504
242.489,142.303,187.813,211.222
242.263,144.051,188.726,211.480
246.240,144.105,186.272,209.460
245.810,145.467,185.651,209.389
250.719,144.135,180.254,208.859
250.857,144.933,180.450,208.885
254.223,144.498,177.557,209.055
255.342,144.062,174.378,210.123
257.278,145.435,173.575,212.225
261.024,143.239,171.565,208.996
262.542,143.494,166.606,209.421
263.536,145.250,165.879,207.941
261.560,146.271,166.840,207.932
265.574,145.291,160.492,207.069
261.579,147.204,161.876,205.024
269.565,143.464,156.185,206.230
269.358,145.475,157.240,199.345
272.715,144.398,153.238,200.061
291.000,146.000,121.000,183.000
290.621,143.980,130.559,192.729
294.416,141.056,127.554,197.345
288.409,140.534,129.866,198.841
289.662,137.611,127.668,200.249
288.752,133.619,128.335,200.404
288.215,127.300,127.232,201.848
287.748,121.289,126.144,203.195
283.670,119.368,127.685,203.314
285.751,118.470,125.217,205.511
286.423,122.125,124.228,206.747
285.946,121.073,123.744,207.017
284.094,119.680,124.503,206.431
286.698,118.268,123.686,204.895
284.260,116.773,124.332,205.839
285.002,115.970,123.677,206.646
283.296,116.560,125.386,206.191
283.997,116.255,125.998,206.212
284.498,115.866,126.975,206.379
282.347,115.688,128.388,205.490
284.139,114.277,127.100,206.783
286.829,111.246,128.476,207.341
288.109,107.309,129.636,207.083
287.795,107.535,129.688,207.554
294.028,109.182,127.203,206.252
291.221,108.869,130.853,208.255
293.910,108.676,130.412,208.827
292.616,109.509,131.982,207.639
290.730,107.811,132.903,206.261
299.051,107.973,130.128,206.757
296.666,107.719,133.329,206.192
302.597,105.568,131.691,207.103
299.220,107.465,133.606,206.184
300.139,105.727,131.935,208.579
300.429,106.547,132.067,206.397
299.808,106.156,131.608,206.290
300.746,107.036,132.598,206.465
297.926,107.665,133.780,206.616
300.169,105.461,132.483,205.857
299.375,104.924,132.147,205.027
299.868,103.549,130.114,205.075
298.171,104.215,129.642,204.175
297.050,103.415,129.410,204.539
293.752,102.629,129.881,204.128
291.014,100.198,129.552,207.196
289.821,100.397,129.445,206.158
289.211,98.721,127.909,206.659
288.961,98.524,128.210,205.302
287.005,98.518,128.879,205.647
286.190,97.791,127.699,204.908
283.341,95.539,128.695,206.415
286.555,96.267,129.756,204.677
284.099,94.427,130.246,205.019
284.793,95.258,131.340,203.435
283.160,97.699,132.686,205.192
280.370,96.088,133.420,208.427
280.537,96.417,134.421,209.976
278.977,96.086,133.831,211.591
279.499,95.353,134.699,211.721
279.583,96.231,134.083,213.103
279.539,94.303,135.671,214.106
278.219,95.645,136.033,214.714
284.000,99.000,126.000,202.000
278.405,97.004,134.181,209.899
280.453,96.115,132.208,212.639
279.000,95.000,133.000,206.000
277.165,96.304,133.833,211.516
277.000,95.000,130.000,205.000
274.000,96.000,128.000,203.000
275.700,91.697,135.012,209.908
278.000,87.000,131.000,211.000
273.000,84.000,134.000,216.000
272.000,85.000,135.000,216.000
275.000,90.000,138.000,208.000
267.579,93.460,140.490,213.956
273.000,89.000,134.000,212.000
265.000,92.000,139.000,205.000
271.000,87.000,139.000,211.000
269.000,87.000,135.000,215.000
268.000,86.000,142.000,211.000
272.000,85.000,139.000,216.000
262.000,87.000,142.000,212.000
265.000,83.000,147.000,216.000
262.000,85.000,145.000,207.000
264.000,83.000,138.000,211.000
260.000,81.000,147.000,216.000
270.000,85.000,132.000,209.000
267.000,82.000,140.000,212.000
263.107,92.414,144.888,211.482
267.000,81.000,137.000,213.000
264.000,87.000,138.000,207.000
269.000,83.000,129.000,212.000
272.000,81.000,133.000,208.000
262.000,84.000,138.000,206.000
260.000,84.000,136.000,207.000
259.000,81.000,140.000,208.000
261.948,91.956,140.245,209.142
270.000,88.000,130.000,202.000
265.000,85.000,129.000,206.000
259.000,86.000,135.000,210.000
262.000,88.000,128.000,209.000
262.000,87.000,131.000,211.000
259.000,89.000,129.000,204.000
265.000,83.000,125.000,212.000
258.000,84.000,125.000,205.000
262.000,85.000,129.000,210.000
260.000,83.000,124.000,214.000
265.000,85.000,119.000,211.000
265.000,88.000,120.000,210.000
259.000,88.000,127.000,209.000
266.000,81.000,119.000,214.000
259.000,87.000,123.000,206.000
261.000,83.000,120.000,211.000
261.000,87.000,122.000,208.000
261.000,87.000,123.000,208.000
263.000,85.000,118.000,212.000
265.000,91.000,117.000,210.000
261.000,87.000,124.000,209.000
263.000,85.000,119.000,212.000
262.000,85.000,119.000,216.000
260.000,81.000,121.000,214.000
260.000,89.000,121.000,206.000
261.000,87.000,120.000,212.000
261.000,85.000,120.000,215.000
259.000,86.000,129.000,208.000
259.000,86.000,127.000,210.000
255.000,89.000,127.000,209.000
255.000,89.000,126.000,208.000
257.091,87.688,132.498,217.309
254.000,83.000,125.000,214.000
255.000,90.000,128.000,211.000
253.000,86.000,125.000,214.000
254.000,80.000,124.000,220.000
253.000,86.000,126.000,212.000
250.000,84.000,131.000,214.000
255.000,87.000,126.000,212.000
256.000,83.000,125.000,219.000
253.000,85.000,127.000,215.000
254.000,81.000,122.000,218.000
253.000,86.000,127.000,217.000
254.000,89.000,127.000,214.000
251.000,89.000,128.000,213.000
254.000,95.000,129.000,201.000
250.000,90.000,134.000,212.000
251.000,91.000,130.000,212.000
254.000,85.000,126.000,218.000
256.000,93.000,125.000,211.000
251.000,89.000,128.000,218.000
255.000,87.000,123.000,214.000
253.000,91.000,125.000,216.000
252.000,92.000,128.000,214.000
254.000,93.000,128.000,213.000
257.000,94.000,127.000,212.000
257.000,92.000,126.000,217.000
256.000,96.000,126.000,212.000
256.000,93.000,126.000,213.000
256.000,92.000,128.000,215.000
258.000,86.000,126.000,219.000
260.000,90.000,126.000,219.000
260.000,89.000,128.000,219.000
262.932,91.359,134.220,221.195
263.275,86.246,134.911,227.374
262.000,92.000,133.000,212.000
265.000,90.000,131.000,212.000
263.000,81.000,128.000,220.000
263.000,85.000,130.000,217.000
263.000,80.000,130.000,223.000
264.000,78.000,127.000,222.000
263.000,84.000,131.000,217.000
267.000,81.000,128.000,222.000
265.000,80.000,131.000,220.000
266.000,82.000,129.000,220.000
267.000,76.000,131.000,219.000
267.000,84.000,133.000,216.000
268.000,83.000,132.000,218.000
266.000,83.000,137.000,220.000
270.000,84.000,135.000,215.000
268.000,79.000,136.000,222.000
267.000,81.000,137.000,216.000
269.000,76.000,137.000,223.000
270.000,84.000,138.000,214.000
271.000,80.000,138.000,216.000
275.000,73.000,137.000,220.000
280.000,64.000,134.000,220.000
279.000,64.000,139.000,220.000
277.000,58.000,141.000,219.000
280.000,65.000,134.000,223.000
279.000,64.000,139.000,222.000
276.000,60.000,134.000,217.000
275.000,58.000,134.000,220.000
273.000,64.000,136.000,215.000
271.000,66.000,142.000,214.000
273.577,67.832,144.589,223.205
271.000,78.000,138.000,213.000
264.000,72.000,136.000,218.000
259.000,75.000,140.000,218.000
259.000,79.000,136.000,211.000
262.000,80.000,138.000,217.000
256.000,82.000,140.000,221.000
257.000,76.000,143.000,222.000
258.000,77.000,139.000,218.000
262.338,79.053,146.873,226.904
261.000,72.000,144.000,221.000
257.000,73.000,144.000,220.000
264.000,77.000,139.000,218.000
261.000,76.000,143.000,218.000
263.000,69.000,142.000,219.000
268.000,71.000,135.000,226.000
263.000,74.000,149.000,218.000
264.000,72.000,137.000,220.000
273.000,78.000,140.000,217.000
274.000,77.000,136.000,220.000
275.000,80.000,139.000,219.000
277.000,77.000,135.000,223.000
280.000,77.000,135.000,225.000
279.000,77.000,133.000,222.000
282.000,83.000,135.000,216.000
284.000,83.000,134.000,220.000
279.000,81.000,140.000,222.000
279.000,78.000,144.000,224.000
279.000,79.000,143.000,220.000
279.000,78.000,147.000,221.000
274.000,79.000,152.000,220.000
277.000,76.000,147.000,225.000
276.518,88.359,150.943,226.285
272.000,81.000,159.000,219.000
271.000,79.000,167.000,222.000
271.000,79.000,159.000,220.000
275.000,82.000,161.000,219.000
270.000,80.000,168.000,221.000
270.000,78.000,171.000,221.000
272.000,88.000,172.000,208.000
266.000,81.000,182.000,223.000
269.000,81.000,183.000,224.000
275.000,79.000,177.000,222.000
271.000,80.000,187.000,224.000
266.000,80.000,195.000,224.000
267.000,82.000,195.000,224.000
264.000,80.000,198.000,225.000
262.000,82.000,201.000,227.000
260.000,83.000,199.000,217.000
263.000,93.000,198.000,210.000
261.000,85.000,202.000,220.000
263.000,88.000,201.000,211.000
262.000,82.000,198.000,225.000
260.000,91.000,203.000,214.000
256.000,87.000,211.000,217.000
257.000,86.000,211.000,220.000
255.000,86.000,206.000,221.000
251.000,88.000,215.000,218.000
255.000,87.000,212.000,218.000
246.000,88.000,225.000,216.000
250.000,85.000,216.000,220.000
252.000,91.000,218.000,208.000
250.000,88.000,220.000,216.000
254.000,88.000,219.000,216.000
263.351,83.339,205.957,228.408
253.000,86.000,224.000,213.000
261.000,81.000,209.000,222.000
259.000,76.000,220.000,216.000
266.203,70.183,210.640,224.390
268.424,64.063,208.087,221.325
271.604,58.077,207.031,221.399
274.512,52.939,206.096,219.351
271.611,52.993,207.312,220.419
265.000,52.000,208.000,208.000
274.000,30.000,208.000,212.000
283.240,13.920,200.054,212.061
276.932,22.480,200.717,208.187
260.000,30.000,209.000,215.000
244.000,32.000,226.000,217.000
231.000,35.000,234.000,212.000
213.537,30.479,234.924,219.007
186.753,32.979,237.267,217.375
166.021,37.792,235.062,217.246
139.046,48.268,237.182,215.025
121.889,61.671,242.312,221.997
114.000,68.000,242.000,208.000
120.008,64.704,243.333,224.871
126.293,60.182,238.636,224.242
134.266,68.205,246.790,228.118
140.651,62.670,239.560,227.521
151.817,71.464,249.870,229.884
157.948,76.693,247.875,227.365
164.709,76.059,249.496,226.405
175.654,81.411,250.262,228.517
180.143,89.610,256.080,228.877
183.716,95.661,258.820,230.858
187.000,99.000,266.000,210.000
194.000,100.000,276.000,205.000
209.000,88.000,261.000,218.000
215.000,84.000,264.000,213.000
214.000,80.000,261.000,214.000
206.000,78.000,268.000,211.000
203.000,91.000,265.000,211.000
202.693,95.033,278.255,224.511
200.000,94.000,274.000,203.000
192.000,94.000,286.000,199.000
196.000,86.000,281.000,206.000
201.957,91.602,288.659,216.590
201.408,88.779,282.987,221.254
202.987,89.747,283.013,220.738
201.033,87.551,282.064,223.193
190.000,90.000,286.000,205.000
190.729,92.631,295.240,219.290
184.000,94.000,287.000,204.000
184.000,93.000,285.000,201.000
183.000,89.000,286.000,204.000
182.454,92.239,306.661,215.879
174.470,92.248,306.397,224.639
177.000,95.000,300.000,204.000
173.932,91.390,309.751,224.155
178.000,95.000,296.000,203.000
168.000,91.000,307.000,205.000
171.038,95.134,309.986,222.536
173.000,94.000,299.000,198.000
174.389,97.424,312.570,215.396
169.000,97.000,303.000,191.000
172.972,103.724,313.872,208.082
172.496,105.907,307.585,218.272
183.094,109.273,295.733,223.139
191.000,113.000,280.000,203.000
186.000,115.000,290.000,197.000
183.000,114.000,298.000,198.000
183.000,113.000,292.000,195.000
184.000,120.000,292.000,198.000
185.000,119.000,292.000,197.000
182.000,116.000,296.000,203.000
181.000,117.000,294.000,210.000
171.000,113.000,303.000,210.000
178.000,117.000,298.000,211.000
176.000,114.000,303.000,205.000
185.000,119.000,292.000,192.000
176.000,115.000,304.000,216.000
187.000,116.000,292.000,203.000
188.000,115.000,292.000,212.000
183.000,117.000,293.000,206.000
185.000,115.000,292.000,210.000
185.000,115.000,291.000,213.000
178.000,116.000,294.000,215.000
178.000,118.000,298.000,210.000
181.000,115.000,299.000,211.000
187.000,114.000,289.000,212.000
177.000,120.000,299.000,210.000
173.000,116.000,304.000,209.000
181.000,119.000,297.000,197.000
184.000,117.000,295.000,206.000
182.000,116.000,296.000,208.000
188.000,114.000,286.000,215.000
183.000,113.000,290.000,208.000
186.000,117.000,292.000,198.000
195.000,115.000,278.000,209.000
192.961,123.918,285.951,218.941
186.000,114.000,289.000,212.000
187.000,113.000,289.000,206.000
189.000,112.000,288.000,207.000
184.000,111.000,295.000,210.000
196.000,103.000,281.000,220.000
198.000,110.000,277.000,211.000
198.000,107.000,282.000,216.000
191.000,106.000,288.000,217.000
201.000,110.000,282.000,218.000
203.000,114.000,280.000,216.000
209.000,108.000,269.000,221.000
203.000,104.000,277.000,220.000
209.000,109.000,276.000,210.000
209.000,107.000,269.000,211.000
207.000,105.000,272.000,216.000
212.000,107.000,269.000,223.000
220.000,105.000,261.000,218.000
214.000,111.000,268.000,210.000
216.000,113.000,268.000,206.000
221.000,113.000,258.000,212.000
215.000,110.000,273.000,210.000
213.000,110.000,264.000,211.000
220.000,106.000,260.000,222.000
218.000,114.000,266.000,208.000
221.000,113.000,262.000,202.000
219.000,115.000,260.000,207.000
220.000,114.000,259.000,214.000
222.000,111.000,259.000,211.000
216.000,116.000,263.000,198.000
220.000,116.000,253.000,202.000
227.000,112.000,250.000,212.000
227.965,122.324,264.406,215.024
230.148,118.865,262.416,217.609
226.000,112.000,252.000,203.000
220.000,112.000,257.000,204.000
218.000,112.000,260.000,198.000
227.000,109.000,253.000,216.000
223.000,110.000,259.000,205.000
222.000,109.000,260.000,208.000
223.000,110.000,260.000,207.000
229.000,111.000,253.000,203.000
222.000,112.000,264.000,198.000
222.000,110.000,259.000,190.000
225.000,103.000,259.000,208.000
225.000,105.000,258.000,210.000
222.000,103.000,262.000,216.000
218.000,101.000,263.000,207.000
231.000,106.000,251.000,205.000
225.000,106.000,262.000,201.000
226.000,103.000,261.000,208.000
226.000,105.000,260.000,201.000
225.000,100.000,264.000,212.000
224.000,100.000,257.000,204.000
223.000,103.000,264.000,206.000
219.000,101.000,269.000,214.000
218.000,101.000,265.000,221.000
215.000,108.000,268.000,208.000
211.000,105.000,268.000,207.000
203.000,109.000,273.000,217.000
188.000,118.000,294.000,214.000
176.000,124.000,301.000,215.000
169.000,137.000,301.000,212.000
153.000,150.000,315.000,194.000
156.868,157.584,310.063,205.243
158.506,151.999,317.781,203.602
151.032,149.598,322.437,207.585
145.942,149.709,329.547,206.596
144.265,151.297,331.074,205.702
145.364,152.282,332.834,204.659
147.863,153.320,331.678,203.616
147.691,153.506,331.098,203.653
147.096,152.674,329.970,204.662
149.515,152.479,332.262,202.798
151.495,152.945,330.387,204.418
155.310,156.657,329.528,201.830
155.000,159.000,310.000,185.000
155.693,165.844,322.299,193.432
161.010,170.937,322.190,189.570
165.482,170.973,319.781,188.143
165.054,172.964,319.607,187.709
166.000,175.000,310.000,167.000
171.461,176.317,309.653,179.197
179.475,178.003,308.035,181.192
184.722,179.975,302.602,176.452
194.131,182.444,296.744,174.374
201.979,187.434,288.196,172.083
211.772,188.263,284.621,168.565
218.934,188.091,274.426,168.952
224.964,189.321,269.102,166.421
231.633,188.653,261.685,167.008
232.857,187.269,259.962,170.308
236.879,187.969,254.387,168.118
241.904,188.013,249.236,169.828
246.684,190.107,246.042,166.989
250.058,192.598,245.003,165.079
258.048,193.625,233.175,163.765
255.100,192.024,235.679,164.667
260.369,191.336,229.844,165.088
256.044,188.450,233.671,169.782
256.454,187.054,231.298,170.617
252.005,184.112,235.642,174.610
255.216,183.139,232.914,176.460
252.916,177.533,240.365,180.334
256.595,174.883,234.074,184.092
251.290,173.063,240.538,186.093
249.965,173.671,242.100,186.288
243.052,172.592,248.690,188.088
238.601,168.700,255.413,188.611
236.241,163.646,254.726,193.455
232.082,160.422,261.768,197.730
227.102,156.136,266.453,202.669
222.875,158.898,269.256,203.139
221.220,156.071,273.635,205.798
214.233,159.029,272.297,202.435
206.054,161.045,279.321,201.305
203.784,156.270,284.678,203.143
199.391,157.428,286.309,203.134
200.715,153.628,289.750,205.982
199.534,159.887,289.423,203.123
201.272,156.019,292.014,205.644
199.650,159.561,287.323,202.332
199.202,156.663,290.023,206.668
201.263,159.148,291.740,203.896
201.424,156.325,288.539,204.906
202.886,158.792,289.408,203.743
200.224,155.775,286.550,205.308
204.597,158.398,292.435,204.908
202.000,157.000,277.000,192.000
209.876,161.866,277.610,204.186
204.000,159.000,267.000,188.000
212.559,165.125,273.201,197.942
207.000,162.000,268.000,192.000
215.526,169.612,269.527,193.163
207.000,166.000,269.000,186.000
217.496,168.504,267.058,194.743
212.921,167.014,276.515,192.898
211.979,166.410,269.326,194.671
214.919,168.381,274.282,192.586
215.501,166.813,268.012,193.415
215.450,169.847,271.105,191.646
216.637,168.390,268.849,192.808
216.552,171.193,268.785,189.970
216.489,169.888,267.371,190.391
217.543,172.469,265.608,188.373
218.508,172.475,265.393,187.385
220.764,174.052,262.708,187.033
221.869,177.429,262.791,184.325
228.064,179.026,255.032,181.272
228.574,180.158,253.804,180.766
229.509,181.594,252.265,179.392
234.074,180.946,248.550,178.834
239.994,182.479,243.804,178.306
245.842,183.534,239.283,177.545
252.159,185.472,235.674,176.667
258.288,187.272,231.288,174.953
265.813,184.561,226.448,176.080
269.535,182.014,221.453,177.884
273.996,180.619,216.214,180.889
272.557,181.778,214.560,180.296
280.680,184.072,205.441,178.168
279.822,185.974,209.767,176.917
288.000,191.000,196.000,156.000
293.666,191.740,195.268,167.863
301.927,187.376,186.718,167.870
311.064,184.657,177.234,171.269
318.689,181.856,168.790,174.031
321.070,182.790,167.995,175.879
320.542,182.539,169.145,174.236
321.486,181.386,168.416,176.631
322.448,177.002,166.520,180.167
322.263,171.470,166.013,187.081
322.578,167.746,165.817,189.924
324.065,167.807,164.830,190.500
325.435,166.226,165.156,190.763
330.106,164.589,160.347,192.734
333.766,169.413,156.952,191.243
333.974,170.508,155.110,191.897
336.539,171.710,153.303,188.864
338.320,171.319,150.095,188.653
337.795,170.856,151.004,189.972
338.309,169.602,150.961,191.297
335.925,164.145,152.889,195.017
336.721,166.538,150.298,193.405
337.602,165.060,152.830,193.515
335.497,164.236,150.811,194.741
336.498,164.700,153.221,194.759
337.596,163.388,151.151,195.659
337.008,163.267,153.394,194.605
339.145,159.081,150.332,198.712
336.106,160.287,152.465,199.012
339.549,156.825,147.786,203.215
337.413,157.767,145.092,204.763
337.609,154.667,147.155,205.963
335.115,156.493,149.727,204.235
339.116,154.141,146.449,206.166
333.028,153.970,151.982,206.837
339.198,154.722,143.052,202.485
334.917,156.072,149.872,205.045
340.709,150.026,143.050,206.222
336.963,156.056,147.321,206.159
339.757,149.733,144.739,208.326
336.813,151.693,147.586,206.742
341.175,148.387,145.055,207.681
339.998,150.830,147.563,207.021
345.501,148.544,139.640,205.200
342.283,150.262,142.987,209.733
343.709,147.469,140.283,204.837
341.315,149.303,140.217,201.906
337.815,148.108,141.168,202.131
334.605,149.547,148.896,201.524
328.563,153.668,151.401,201.932
331.695,159.348,156.598,200.400
335.337,162.614,148.098,192.008
335.036,165.055,150.222,191.611
331.456,165.631,148.895,185.545
332.140,162.725,151.561,193.833
326.438,160.291,153.477,193.767
324.615,153.930,158.885,201.292
317.886,145.921,165.782,201.650
311.026,138.716,171.970,204.620
303.613,132.173,177.103,207.968
301.807,120.492,180.392,207.210
302.334,107.421,180.666,208.439
299.000,106.000,173.000,195.000
304.000,96.000,179.000,195.000
303.571,76.625,180.026,205.226
304.930,71.666,175.210,206.992
305.060,62.022,178.236,205.644
304.515,51.281,178.282,206.010
305.944,42.156,175.358,207.062
309.005,33.773,173.346,202.483
310.449,24.732,170.879,199.831
309.502,17.234,173.668,200.647
304.240,15.533,175.451,203.441
294.292,17.011,183.400,202.595
289.061,21.123,184.289,203.065
276.991,24.595,190.405,208.381
264.560,31.637,194.369,211.058
253.584,34.501,194.799,209.277
248.280,38.533,196.290,204.736
243.466,35.811,195.000,206.352
234.310,38.547,194.474,202.733
226.012,42.341,189.006,201.978
215.204,46.517,188.523,202.977
210.586,53.781,189.762,201.512
210.963,54.030,190.796,198.349
206.436,52.069,191.820,197.758
198.949,52.099,191.875,198.295
198.161,57.422,197.214,194.100
203.840,62.002,199.637,194.344
203.489,69.111,200.518,193.919
209.000,77.000,207.000,185.000
204.000,81.000,224.000,184.000
203.078,74.279,219.707,192.649
202.736,79.692,218.234,193.238
198.000,78.000,232.000,192.000
195.000,83.000,232.000,185.000
197.000,81.000,225.000,179.000
194.000,88.000,231.000,177.000
189.000,81.000,232.000,187.000
189.000,82.000,229.000,184.000
189.000,83.000,229.000,194.000
177.000,80.000,245.000,190.000
178.000,90.000,236.000,181.000
176.000,95.000,242.000,189.000
168.000,100.000,243.000,186.000
155.000,107.000,252.000,181.000
156.000,109.000,242.000,187.000
135.000,99.000,271.000,189.000
132.000,99.000,275.000,182.000
140.000,100.000,260.000,177.000
141.000,102.000,256.000,178.000
116.000,101.000,290.000,177.000
111.000,103.000,299.000,165.000
108.000,100.000,298.000,171.000
106.000,102.000,298.000,179.000
110.000,102.000,287.000,170.000
117.000,99.000,275.000,176.000
111.000,87.000,276.000,179.000
109.000,84.000,279.000,175.000
78.000,86.000,313.000,168.000
82.000,86.000,304.000,169.000
95.000,84.000,286.000,173.000
98.000,84.000,285.000,173.000
91.000,88.000,293.000,178.000
97.000,92.000,285.000,168.000
96.000,89.000,284.000,171.000
73.537,86.857,292.579,181.981
67.960,87.097,302.134,186.990
67.000,92.000,317.000,175.000
86.000,90.000,295.000,172.000
98.000,93.000,282.000,175.000
102.000,92.000,276.000,170.000
120.000,89.000,257.000,179.000
123.000,94.000,247.000,176.000
79.132,94.791,271.932,178.362
61.159,94.200,304.326,184.597
62.799,91.427,311.003,185.881
66.076,96.573,314.347,187.056
65.932,99.470,317.641,187.990
68.833,103.274,319.777,189.740
71.217,108.888,321.784,189.267
71.832,115.663,323.260,189.300
72.513,120.321,324.161,187.525
73.613,125.097,324.343,187.711
72.720,128.753,324.519,188.314
76.102,131.908,320.548,190.012
77.148,133.046,318.708,191.245
77.761,132.276,318.461,191.310
81.619,132.775,318.562,191.894
82.940,128.483,319.810,194.011
86.615,129.505,318.962,194.564
88.016,125.810,316.860,194.908
92.927,123.481,315.410,193.509
118.000,129.000,291.000,163.000
99.351,118.362,312.253,185.563
107.838,117.896,302.345,183.556
108.806,108.402,302.848,184.297
111.649,104.729,305.709,189.141
117.000,109.000,291.000,172.000
115.549,108.778,293.428,185.032
122.928,110.957,294.488,190.634
127.289,116.806,295.923,192.545
133.178,120.992,295.771,193.298
139.347,125.016,294.711,194.679
142.976,128.740,298.490,196.684
147.136,131.097,299.598,199.222
149.375,135.291,300.927,203.324
148.083,137.535,300.973,206.532
163.000,138.000,276.000,175.000
150.372,137.385,290.961,189.107
149.373,139.831,291.008,195.976
163.000,146.000,270.000,184.000
151.720,143.070,285.875,196.355
156.000,148.000,269.000,183.000
151.220,146.514,286.540,196.303
159.000,148.000,268.000,179.000
151.584,150.137,285.882,196.395
153.000,149.000,270.000,176.000
153.727,153.983,282.529,193.326
159.000,155.000,262.000,172.000
158.088,153.494,274.941,188.403
158.000,158.000,261.000,172.000
154.654,159.832,274.135,183.855
149.359,158.370,284.426,193.138
153.000,161.000,266.000,173.000
146.976,162.559,278.804,188.498
145.080,163.274,283.753,191.199
143.042,163.088,290.074,192.846
141.000,163.000,271.000,181.000
147.169,166.525,284.914,189.079
141.000,165.000,274.000,172.000
149.000,169.000,266.000,169.000
148.000,166.000,266.000,173.000
164.000,175.000,251.000,166.000
161.000,182.000,255.000,165.000
150.000,189.000,263.000,156.000
144.000,189.000,272.000,153.000
141.000,193.000,263.000,151.000
141.000,196.000,261.000,152.000
140.000,206.000,254.000,146.000
141.000,208.000,248.000,144.000
127.000,218.000,257.000,142.000
122.000,221.000,257.000,136.000
123.000,221.000,255.000,134.000
136.000,227.000,236.000,133.000
144.000,221.000,224.000,135.000
143.000,228.000,221.000,134.000
154.000,237.000,216.000,127.000
150.000,238.000,216.000,126.000
138.000,242.000,230.000,122.000
139.000,244.000,225.000,120.000
131.000,244.000,220.000,115.000
122.000,244.000,220.000,118.000
93.000,237.000,235.000,122.000
82.000,233.000,228.000,128.000
69.000,231.000,228.000,127.000
47.000,223.000,236.000,135.000
43.000,225.000,228.000,135.000
41.000,222.000,221.000,135.000
32.000,217.000,228.000,136.000
36.000,208.000,232.000,145.000
37.000,207.000,234.000,138.000
36.198,214.856,247.080,149.026
47.000,212.000,215.000,137.000
36.261,215.958,245.105,150.746
47.332,199.001,251.010,155.523
55.328,190.664,246.980,166.324
66.051,186.423,244.664,168.327
64.577,186.456,248.770,174.654
65.360,187.611,244.829,173.277
62.357,189.197,247.907,172.134
69.486,189.608,244.389,170.150
68.885,193.357,242.927,170.390
73.318,189.966,243.133,170.851
74.891,193.302,239.432,169.153
78.355,190.212,240.732,169.358
84.946,192.023,237.668,171.153
85.390,188.165,236.557,170.662
85.734,185.338,234.563,173.000
84.805,179.934,234.909,174.817
85.471,179.178,235.727,177.362
84.555,179.945,237.142,176.562
89.941,178.943,235.532,175.621
92.172,179.771,235.603,177.934
92.624,178.844,235.447,177.360
95.869,177.285,235.143,176.665
100.209,177.826,231.975,176.888
99.259,176.354,232.346,177.317
102.509,176.236,229.577,177.642
101.340,175.812,231.539,178.103
103.300,176.618,227.550,177.197
100.878,176.035,228.052,177.980
101.063,174.760,224.828,176.521
103.741,178.170,222.666,175.167
108.374,179.007,212.926,174.649
108.268,179.705,211.851,173.412
109.701,182.615,208.633,172.878
106.534,182.390,208.716,173.625
111.846,184.495,206.025,171.888
107.597,182.730,205.541,171.833
108.879,182.046,203.546,172.067
109.243,180.671,198.805,171.732
108.252,180.956,194.489,169.561
112.086,182.274,191.360,168.303
115.390,181.194,187.561,166.569
116.067,182.029,187.338,166.844
117.011,183.043,189.258,167.313
117.476,183.856,187.518,166.163
121.437,181.580,185.116,166.755
120.696,179.907,184.137,169.144
117.423,174.388,186.506,173.262
114.442,169.761,188.908,176.327
114.401,166.314,188.672,178.890
116.687,164.925,190.154,181.204
135.000,161.000,163.000,164.000
120.667,169.462,184.482,167.936
136.000,155.000,170.000,162.000
124.668,161.595,184.509,167.294
134.000,152.000,175.000,164.000
124.351,159.911,184.690,170.861
131.000,151.000,176.000,162.000
122.713,159.568,186.217,169.250
139.000,153.000,161.000,165.000
129.339,159.880,175.991,169.849
134.957,161.504,173.750,172.550
140.000,157.000,160.000,162.000
136.759,166.791,164.817,165.210
141.000,160.000,161.000,159.000
143.000,155.000,157.000,163.000
136.567,163.414,164.809,166.035
142.814,160.541,163.039,170.897
148.000,156.000,152.000,166.000
139.946,163.442,166.294,168.125
145.850,161.083,162.640,172.578
143.897,159.943,162.565,172.075
150.000,157.000,150.000,164.000
150.000,162.000,154.000,159.000
145.405,164.215,161.149,166.362
153.000,163.000,149.000,158.000
154.000,160.000,149.000,161.000
155.000,164.000,146.000,153.000
148.299,166.177,153.658,162.350
153.000,161.000,152.000,158.000
156.000,163.000,147.000,157.000
155.000,163.000,147.000,155.000
155.000,168.000,150.000,153.000
149.455,168.121,151.092,161.742
158.000,168.000,145.000,152.000
153.000,167.000,147.000,151.000
156.000,165.000,145.000,155.000
161.000,169.000,137.000,150.000
156.000,165.000,146.000,158.000
157.000,168.000,144.000,157.000
161.000,163.000,136.000,158.000
161.000,168.000,135.000,153.000
163.000,164.000,132.000,159.000
162.000,167.000,135.000,157.000
163.000,166.000,133.000,155.000
163.568,173.421,134.259,159.951
161.000,168.000,138.000,155.000
162.000,166.000,136.000,157.000
162.000,166.000,135.000,156.000
164.000,166.000,133.000,154.000
165.000,164.000,132.000,156.000
165.000,164.000,133.000,156.000
163.000,166.000,136.000,151.000
166.000,161.000,129.000,157.000
165.000,163.000,136.000,158.000
164.000,158.000,128.000,155.000
164.000,162.000,131.000,156.000
169.000,156.000,121.000,156.000
165.000,157.000,123.000,155.000
160.000,157.000,123.000,160.000
155.000,158.000,124.000,159.000
156.000,164.000,118.000,151.000
157.000,163.000,120.000,150.000
159.000,161.000,118.000,151.000
159.000,162.000,121.000,152.000
156.000,161.000,125.000,155.000
150.000,164.000,133.000,149.000
153.000,165.000,130.000,149.000
156.000,161.000,128.000,149.000
154.000,156.000,134.000,153.000
157.000,148.000,130.000,150.000
166.000,137.000,134.000,147.000
171.000,129.000,140.000,148.000
179.000,127.000,139.000,149.000
180.000,131.000,141.000,141.000
180.000,131.000,139.000,137.000
174.000,129.000,144.000,146.000
173.424,131.979,142.531,148.777
168.000,132.000,155.000,139.000
170.605,136.193,145.850,147.491
165.272,133.633,149.281,151.592
167.000,132.000,142.000,141.000
163.000,134.000,144.000,140.000
159.000,134.000,150.000,140.000
158.000,135.000,151.000,144.000
157.000,137.000,152.000,139.000
159.000,138.000,149.000,141.000
159.000,135.000,149.000,143.000
160.000,139.000,150.000,137.000
155.000,136.000,158.000,140.000
158.000,138.000,156.000,141.000
158.000,144.000,160.000,140.000
160.000,146.000,158.000,141.000
161.000,143.000,158.000,143.000
161.000,145.000,163.000,144.000
164.000,140.000,157.000,146.000
167.000,141.000,158.000,140.000
171.000,141.000,164.000,141.000
184.000,140.000,160.000,141.000
192.000,146.000,163.000,145.000
199.000,148.000,161.000,142.000
198.000,146.000,171.000,143.000
203.000,150.000,165.000,143.000
202.000,148.000,163.000,139.000
202.000,148.000,168.000,136.000
206.000,143.000,171.000,145.000
206.000,136.000,170.000,147.000
209.000,142.000,165.000,148.000
211.000,141.000,163.000,147.000
210.361,143.403,168.164,154.206
207.000,144.000,167.000,142.000
203.915,145.612,173.102,151.180
200.057,143.605,174.987,153.441
198.000,144.000,178.000,139.000
202.000,143.000,172.000,144.000
195.000,149.000,183.000,138.000
200.000,151.000,174.000,141.000
202.000,149.000,173.000,148.000
204.000,148.000,174.000,142.000
201.000,152.000,177.000,142.000
200.000,152.000,179.000,142.000
203.000,155.000,173.000,139.000
203.000,155.000,171.000,142.000
197.000,156.000,191.000,142.000
203.000,157.000,183.000,140.000
201.000,155.000,193.000,136.000
216.000,149.000,183.000,135.000
215.000,147.000,187.000,137.000
213.000,150.000,191.000,138.000
216.000,151.000,191.000,137.000
211.000,149.000,195.000,142.000
213.000,154.000,197.000,131.000
217.000,152.000,195.000,141.000
218.000,151.000,192.000,139.000
221.000,155.000,195.000,135.000
224.000,151.000,192.000,133.000
225.000,148.000,201.000,137.000
228.000,148.000,200.000,143.000
236.000,149.000,195.000,138.000
228.000,145.000,206.000,141.000
231.000,145.000,207.000,136.000
235.541,144.651,207.710,141.542
233.245,143.255,212.127,144.038
230.427,142.287,216.559,146.070
225.780,137.143,218.115,146.423
226.310,138.358,217.737,149.139
219.294,136.885,222.573,147.975
215.439,135.278,222.889,149.248
211.837,135.655,225.744,149.090
210.366,134.718,227.097,148.214
201.873,132.751,228.518,150.898
193.930,132.607,230.555,151.941
202.149,122.927,228.799,151.957
206.142,109.826,236.674,150.984
224.849,105.822,231.112,151.516
229.738,111.568,226.075,150.461
230.985,115.205,224.156,149.164
232.768,120.211,222.919,150.375
234.601,122.838,220.813,150.147
234.447,116.416,222.263,149.370
232.717,111.848,223.058,150.013
231.545,109.289,221.204,148.277
231.113,107.114,219.874,146.228
226.779,105.023,221.047,147.906
224.798,104.094,220.708,147.553
222.236,104.458,221.354,147.811
224.118,102.394,223.568,150.606
224.639,105.317,220.115,150.668
223.235,106.586,223.284,150.101
226.286,107.692,219.995,149.292
226.487,107.831,217.039,148.047
225.392,106.764,217.693,149.591
224.163,109.086,216.376,147.852
226.714,108.865,215.016,148.491
225.654,110.159,216.558,147.665
199.000,111.000,243.000,144.000
220.844,108.553,224.814,148.974
211.000,111.000,237.000,145.000
224.484,108.623,222.675,147.135
209.000,111.000,236.000,138.000
210.000,113.000,237.000,144.000
216.000,119.000,225.000,141.000
216.403,121.616,231.801,148.294
210.000,124.000,233.000,133.000
215.055,118.652,237.930,150.995
212.532,123.337,237.118,151.038
211.330,126.223,239.907,149.923
210.775,128.207,240.741,146.406
208.214,127.772,245.171,148.450
209.002,128.111,242.482,147.641
209.495,128.991,243.548,147.414
207.249,129.717,244.635,148.135
207.930,129.307,242.940,148.999
204.412,129.773,246.825,149.112
201.434,131.577,247.471,149.017
201.091,131.758,246.484,148.154
203.016,133.373,245.094,148.896
198.092,134.065,248.655,148.812
201.747,133.573,243.126,148.378
191.000,134.000,243.000,138.000
200.477,134.271,243.395,151.718
192.000,133.000,241.000,141.000
200.979,135.118,241.252,154.587
194.491,134.661,247.726,151.391
197.487,132.867,244.192,151.969
193.000,138.000,238.000,134.000
194.732,142.523,243.589,150.455
185.000,144.000,238.000,141.000
186.000,144.000,236.000,137.000
190.383,147.104,250.915,154.958
183.408,146.493,254.932,152.584
185.855,148.501,246.534,151.451
183.011,145.826,247.323,151.085
184.126,146.106,249.654,155.002
181.413,145.273,251.624,156.259
183.917,144.824,250.362,157.349
187.000,147.000,242.000,136.000
187.470,144.800,253.852,156.727
178.000,151.000,252.000,140.000
185.103,150.833,261.263,161.595
177.546,156.540,272.406,164.124
174.465,151.562,280.192,172.429
170.633,151.343,287.053,175.217
169.337,148.666,291.279,180.876
166.329,147.608,296.217,183.125
166.145,146.091,295.117,185.795
166.096,144.030,294.927,189.044
165.177,142.749,294.973,191.981
158.000,156.000,292.000,150.000
160.045,146.446,297.564,176.830
166.778,148.162,300.975,182.585
156.000,158.000,301.000,151.000
161.631,138.338,302.015,168.377
167.357,137.564,306.347,174.561
175.676,136.737,301.860,174.409
181.902,137.812,296.409,175.376
183.957,136.980,296.811,177.953
192.405,136.363,289.593,181.085
188.000,145.000,291.000,151.000
180.079,134.860,297.499,167.578
189.000,142.000,290.000,152.000
181.149,130.800,295.764,167.301
204.000,125.000,280.000,163.000
203.709,112.893,271.394,165.888
217.000,124.000,269.000,148.000
206.000,122.000,274.000,153.000
200.314,122.927,276.037,154.745
199.994,127.217,282.163,159.710
192.509,135.231,288.841,163.682
187.328,141.132,292.723,167.174
181.887,144.742,298.985,165.943
171.325,143.300,303.717,164.596
167.504,141.177,308.200,163.981
164.118,139.029,307.250,166.309
163.792,137.838,308.185,165.756
159.981,137.902,315.194,167.421
155.667,136.071,315.173,169.249
153.115,135.324,316.350,169.066
154.535,139.055,315.054,169.340
151.784,142.666,317.154,166.092
152.085,143.080,316.658,164.865
152.782,142.140,315.939,164.839
152.203,141.457,315.069,164.414
154.558,142.827,311.034,164.599
154.024,141.702,310.197,164.169
159.450,138.486,303.650,163.689
166.721,136.708,306.900,165.146
169.057,136.417,307.022,165.370
162.419,130.510,305.284,164.175
169.505,131.844,299.210,164.668
167.301,135.781,302.309,167.195
160.645,143.951,305.566,168.930
149.123,144.575,311.398,170.887
136.762,145.251,319.679,176.391
137.974,147.619,325.153,187.697
126.293,147.118,334.842,195.910
115.552,143.073,342.891,203.828
115.664,141.148,343.737,208.937
113.000,141.000,326.000,186.000
116.584,141.245,351.345,203.138
114.556,139.798,349.867,211.510
116.364,135.191,344.296,215.406
110.000,136.000,342.000,185.000
119.658,135.570,352.614,200.155
112.966,133.885,352.975,208.642
116.000,139.000,345.000,181.000
121.790,133.185,351.460,197.456
121.389,133.349,348.394,205.190
123.000,143.000,341.000,174.000
120.439,128.116,351.330,190.591
128.000,141.000,352.000,175.000
129.096,134.967,347.179,191.549
136.000,142.000,345.000,184.000
142.000,141.000,343.000,184.000
136.577,135.979,340.080,192.181
142.000,140.000,340.000,180.000
140.415,136.698,344.784,194.193
140.132,136.836,346.657,201.777
141.386,134.030,343.899,207.815
143.739,133.801,346.461,211.540
139.000,136.000,340.000,181.000
143.977,132.840,339.018,194.798
139.000,143.000,338.000,172.000
141.000,139.000,341.000,176.000
146.000,141.000,337.000,172.000
141.000,142.000,344.000,170.000
147.000,143.000,339.000,173.000
144.000,143.000,340.000,170.000
153.000,140.000,331.000,175.000
143.905,130.109,339.548,184.797
142.000,133.000,346.000,188.000
148.000,134.000,338.000,190.000
156.000,135.000,330.000,181.000
149.000,139.000,337.000,173.000
153.000,142.000,339.000,177.000
156.000,142.000,327.000,171.000
150.235,128.084,332.344,181.713
158.000,144.000,329.000,171.000
160.000,142.000,331.000,174.000
156.000,140.000,332.000,175.000
157.000,140.000,332.000,171.000
168.000,138.000,324.000,179.000
157.000,142.000,334.000,172.000
159.000,144.000,328.000,172.000
155.469,131.686,323.907,181.919
162.000,139.000,327.000,179.000
165.000,145.000,330.000,172.000
169.000,143.000,320.000,174.000
166.000,145.000,325.000,164.000
161.000,148.000,330.000,162.000
164.000,146.000,324.000,169.000
169.000,147.000,320.000,168.000
162.000,147.000,327.000,164.000
164.278,135.796,313.979,178.632
159.000,149.000,332.000,167.000
169.000,149.000,323.000,171.000
162.000,151.000,333.000,163.000
160.000,149.000,326.000,167.000
157.000,147.000,330.000,168.000
154.000,148.000,336.000,169.000
149.000,140.000,330.000,181.000
148.000,134.000,335.000,188.000
140.000,130.000,336.000,190.000
137.000,134.000,343.000,186.000
133.000,135.000,338.000,179.000
125.000,133.000,350.000,174.000
123.000,136.000,349.000,175.000
116.000,131.000,349.000,171.000
113.000,128.000,356.000,174.000
108.000,131.000,354.000,169.000
114.000,134.000,354.000,168.000
112.000,133.000,361.000,172.000
118.000,127.000,341.000,181.000
112.000,133.000,353.000,172.000
116.000,133.000,351.000,174.000
115.000,128.000,350.000,178.000
114.000,134.000,352.000,172.000
113.000,132.000,348.000,169.000
110.000,129.000,348.000,175.000
119.000,129.000,342.000,175.000
113.000,130.000,351.000,172.000
111.000,134.000,356.000,172.000
112.000,130.000,353.000,177.000
117.000,135.000,352.000,175.000
122.000,133.000,341.000,173.000
118.698,128.308,343.592,186.846
121.000,131.000,347.000,182.000
114.000,136.000,352.000,168.000
125.000,133.000,347.000,180.000
122.000,133.000,349.000,183.000
119.000,131.000,353.000,181.000
123.000,137.000,347.000,173.000
125.000,133.000,348.000,182.000
