336.000,275.000,168.000,141.000
331.059,268.236,168.715,152.040
332.000,291.000,171.000,126.000
331.000,282.000,174.000,128.000
323.000,274.000,182.000,144.000
319.000,267.000,186.000,149.000
329.000,272.000,179.000,155.000
332.000,286.000,171.000,135.000
351.130,273.217,168.377,148.068
350.000,285.000,145.000,138.000
350.000,277.000,148.000,137.000
355.000,277.000,141.000,148.000
360.000,276.000,136.000,147.000
352.000,268.000,145.000,150.000
365.000,271.000,128.000,152.000
365.000,260.000,128.000,156.000
359.000,233.000,134.000,178.000
369.000,263.000,118.000,154.000
372.000,285.000,112.000,143.000
371.000,285.000,118.000,135.000
371.000,287.000,113.000,138.000
366.000,275.000,117.000,149.000
370.000,282.000,115.000,136.000
372.000,277.000,105.000,140.000
373.000,287.000,107.000,139.000
374.000,290.000,105.000,132.000
383.000,278.000,93.000,145.000
383.000,287.000,89.000,147.000
386.000,278.000,83.000,138.000
387.000,297.000,83.000,130.000
387.000,292.000,84.000,127.000
387.000,285.000,79.000,141.000
384.552,290.401,82.818,138.868
386.484,293.134,84.470,134.646
389.072,295.840,86.253,131.791
388.000,297.000,81.000,124.000
387.000,287.000,81.000,134.000
386.000,280.000,82.000,142.000
391.630,284.845,84.452,143.127
390.000,293.000,74.000,137.000
382.000,281.000,82.000,145.000
383.000,293.000,82.000,136.000
385.000,298.000,82.000,126.000
381.000,293.000,88.000,133.000
384.000,289.000,78.000,135.000
382.000,292.000,80.000,132.000
381.000,289.000,81.000,135.000
381.000,293.000,80.000,137.000
376.000,295.000,83.000,132.000
380.000,297.000,81.000,132.000
373.000,290.000,86.000,135.000
371.000,289.000,88.000,138.000
381.000,303.000,78.000,127.000
377.000,302.000,79.000,126.000
372.000,302.000,84.000,131.000
366.000,299.000,90.000,126.000
357.000,294.000,103.000,134.000
353.000,305.000,109.000,133.000
353.000,294.000,107.000,138.000
352.000,297.000,104.000,131.000
353.000,296.000,105.000,129.000
348.000,303.000,113.000,127.000
346.000,308.000,110.000,121.000
344.000,305.000,111.000,118.000
343.041,304.832,121.540,131.150
337.000,315.000,124.000,117.000
335.000,316.000,129.000,114.000
337.000,315.000,128.000,115.000
313.000,304.000,150.000,123.000
314.000,309.000,145.000,126.000
299.000,306.000,160.000,122.000
293.000,303.000,168.000,130.000
291.000,298.000,169.000,123.000
288.000,307.000,170.000,124.000
292.000,296.000,160.000,132.000
301.000,290.000,143.000,133.000
298.000,292.000,153.000,133.000
297.000,306.000,157.000,128.000
298.000,300.000,151.000,125.000
303.000,309.000,149.000,128.000
308.000,289.000,139.000,139.000
311.000,301.000,137.000,127.000
305.000,302.000,144.000,128.000
315.000,302.000,135.000,115.000
320.000,310.000,128.000,118.000
319.000,306.000,123.000,117.000
319.000,306.000,118.000,122.000
252.000,297.000,127.000,133.000
298.000,290.000,127.000,133.000
274.000,282.000,144.000,144.000
265.000,298.000,154.000,130.000
259.000,296.000,160.000,136.000
245.000,287.000,173.000,135.000
247.000,282.000,176.000,149.000
255.000,292.000,169.000,142.000
247.000,288.000,172.000,133.000
261.293,279.413,152.603,148.763
282.799,279.135,138.550,148.112
300.002,284.302,126.349,141.926
316.492,281.775,112.059,142.399
323.995,281.324,109.916,143.499
324.362,278.890,103.602,143.296
332.324,280.741,97.831,140.927
332.293,277.497,95.082,145.826
324.461,278.917,93.705,143.734
304.930,275.856,94.523,139.964
293.749,280.113,109.258,141.738
291.111,274.907,110.732,144.819
293.570,271.803,112.557,150.676
299.675,271.589,114.324,148.698
297.684,276.609,113.662,141.799
292.016,281.268,114.176,138.562
292.513,285.131,114.788,135.642
291.504,283.984,118.271,132.641
290.743,285.028,120.466,133.951
288.272,283.339,122.837,134.501
282.736,283.126,125.051,133.380
277.155,280.006,127.460,134.754
276.681,280.491,130.129,135.619
275.888,280.244,128.354,136.412
270.456,277.053,126.509,136.684
242.000,275.000,162.000,144.000
248.143,269.457,160.327,143.266
253.682,269.027,155.148,144.488
256.191,268.891,152.916,145.373
261.685,268.377,151.146,145.990
270.589,266.371,145.670,146.896
256.000,273.000,156.000,133.000
260.946,274.907,158.805,146.220
247.000,277.000,171.000,129.000
257.000,267.000,163.000,144.000
259.000,283.000,157.000,122.000
265.664,279.990,155.125,130.232
271.000,279.000,138.000,124.000
276.000,281.000,135.000,127.000
274.000,281.000,133.000,121.000
280.000,278.000,128.000,127.000
256.000,267.000,150.000,136.000
247.717,269.551,161.286,142.428
249.763,270.907,167.650,138.225
253.407,270.312,168.768,139.356
262.685,270.702,163.855,140.697
263.090,269.481,157.567,140.652
272.956,273.680,156.228,136.361
267.442,272.547,154.920,137.353
268.048,267.764,156.544,139.591
272.122,265.147,156.584,141.658
276.471,260.085,153.565,146.257
273.523,258.652,154.578,148.159
238.000,263.000,181.000,140.000
229.000,254.000,191.000,137.000
219.543,249.925,204.673,156.276
212.475,244.939,212.132,157.816
238.000,267.000,177.000,141.000
250.000,250.000,166.000,146.000
249.000,267.000,164.000,140.000
267.000,262.000,148.000,141.000
267.882,261.793,148.926,140.136
269.000,263.000,147.000,129.000
257.701,264.440,156.503,142.523
258.000,280.000,163.000,124.000
258.000,269.000,169.000,121.000
273.000,280.000,150.000,122.000
249.000,273.000,169.000,128.000
254.000,281.000,165.000,123.000
263.000,271.000,152.000,130.000
254.000,274.000,159.000,135.000
275.000,273.000,142.000,127.000
270.000,273.000,147.000,128.000
263.000,270.000,154.000,133.000
258.000,266.000,167.000,131.000
260.000,265.000,162.000,137.000
277.000,264.000,146.000,139.000
271.000,270.000,151.000,138.000
277.000,257.000,150.000,133.000
269.000,255.000,161.000,145.000
277.000,267.000,150.000,135.000
275.000,269.000,153.000,125.000
276.000,264.000,155.000,138.000
256.000,271.000,180.000,129.000
256.000,274.000,178.000,129.000
248.000,273.000,187.000,128.000
249.000,263.000,189.000,132.000
248.000,268.000,189.000,134.000
259.000,260.000,180.000,141.000
252.000,269.000,187.000,138.000
248.000,258.000,196.000,140.000
259.000,245.000,182.000,162.000
259.000,269.000,178.000,146.000
253.000,264.000,194.000,139.000
261.000,268.000,186.000,137.000
265.000,263.000,184.000,136.000
257.924,261.389,198.174,148.355
264.000,256.000,191.000,144.000
264.000,273.000,191.000,143.000
267.000,268.000,188.000,132.000
267.000,269.000,189.000,137.000
270.000,269.000,190.000,136.000
275.000,265.000,182.000,142.000
273.000,263.000,187.000,141.000
283.000,275.000,180.000,133.000
279.000,273.000,182.000,129.000
280.000,271.000,183.000,131.000
279.000,268.000,189.000,136.000
280.000,279.000,196.000,130.000
281.000,273.000,195.000,133.000
291.000,278.000,170.000,125.000
292.000,279.000,173.000,133.000
302.000,275.000,151.000,126.000
300.000,276.000,152.000,135.000
293.000,266.000,163.000,137.000
293.000,281.000,169.000,129.000
295.000,275.000,162.000,132.000
298.000,282.000,159.000,129.000
297.000,276.000,163.000,124.000
301.000,270.000,161.000,135.000
308.000,275.000,151.000,127.000
309.000,281.000,154.000,134.000
301.000,277.000,157.000,128.000
303.000,274.000,156.000,130.000
300.000,278.000,161.000,129.000
296.000,281.000,165.000,129.000
306.000,273.000,153.000,126.000
294.000,284.000,172.000,135.000
281.463,268.056,173.264,145.990
301.000,282.000,164.000,131.000
302.000,278.000,162.000,126.000
303.000,278.000,164.000,127.000
304.000,279.000,165.000,131.000
301.000,280.000,169.000,126.000
303.000,280.000,165.000,125.000
296.000,284.000,177.000,133.000
276.997,272.328,175.515,144.881
309.000,273.000,159.000,129.000
307.000,281.000,161.000,131.000
306.000,274.000,160.000,128.000
309.000,279.000,162.000,133.000
311.000,277.000,157.000,127.000
302.000,282.000,165.000,124.000
312.000,277.000,157.000,132.000
323.000,272.000,143.000,124.000
328.000,281.000,142.000,132.000
322.000,279.000,142.000,126.000
331.000,281.000,138.000,126.000
322.000,274.000,142.000,121.000
328.000,273.000,141.000,129.000
319.000,277.000,147.000,122.000
317.000,269.000,152.000,132.000
306.000,262.000,164.000,135.000
311.000,267.000,158.000,132.000
314.000,259.000,153.000,124.000
321.000,260.000,148.000,132.000
314.000,259.000,156.000,130.000
318.000,256.000,153.000,150.000
314.000,261.000,157.000,130.000
324.000,251.000,146.000,133.000
328.760,250.658,155.890,147.639
330.492,245.583,146.617,144.937
292.000,249.000,182.000,139.000
300.000,239.000,175.000,137.000
293.267,238.073,183.781,154.020
289.453,226.414,182.208,159.985
295.955,222.848,182.959,160.558
274.000,240.000,204.000,139.000
286.000,237.000,195.000,141.000
294.024,226.550,189.763,153.332
301.000,243.000,177.000,136.000
296.000,231.000,184.000,141.000
300.273,220.017,178.804,156.285
290.000,226.000,190.000,144.000
293.000,229.000,192.000,134.000
295.056,221.805,191.826,155.857
301.000,234.000,182.000,140.000
312.000,225.000,170.000,134.000
310.000,221.000,172.000,150.000
323.000,220.000,161.000,138.000
326.877,221.266,168.363,150.530
323.077,216.072,161.740,152.665
328.427,212.655,166.830,152.702
307.000,226.000,179.000,141.000
309.391,215.836,181.090,149.152
318.000,219.000,167.000,141.000
318.000,234.000,170.000,137.000
313.927,223.326,172.652,143.501
318.030,216.136,173.503,149.274
332.000,229.000,158.000,134.000
322.000,231.000,165.000,138.000
322.000,240.000,171.000,130.000
321.872,234.144,176.390,134.449
327.000,238.000,165.000,131.000
338.000,233.000,154.000,134.000
325.000,243.000,161.000,138.000
336.000,235.000,155.000,136.000
336.000,239.000,154.000,140.000
333.000,241.000,156.000,121.000
333.000,247.000,159.000,130.000
334.000,232.000,153.000,136.000
319.000,237.000,170.000,141.000
328.000,244.000,163.000,142.000
334.000,244.000,157.000,122.000
336.000,240.000,154.000,142.000
341.000,244.000,150.000,136.000
329.000,250.000,162.000,126.000
335.000,242.000,156.000,135.000
331.000,256.000,161.000,125.000
332.000,258.000,163.000,127.000
322.000,253.000,175.000,134.000
340.000,249.000,156.000,131.000
326.000,264.000,175.000,128.000
340.000,249.000,159.000,129.000
332.000,263.000,169.000,127.000
343.000,264.000,160.000,129.000
347.000,252.000,149.000,129.000
340.000,269.000,164.000,124.000
333.000,258.000,171.000,138.000
342.000,264.000,164.000,126.000
330.000,276.000,179.000,124.000
328.000,273.000,181.000,128.000
338.000,269.000,173.000,138.000
328.000,265.000,183.000,132.000
320.748,261.850,204.014,145.029
305.549,257.460,208.756,147.749
306.370,253.948,218.050,153.273
303.303,251.246,210.734,159.266
302.582,248.833,211.936,161.582
302.226,248.699,213.002,164.588
301.547,248.798,214.117,166.438
300.152,248.917,212.594,166.320
304.600,248.782,209.115,167.259
304.852,250.300,208.162,166.449
304.714,250.251,208.372,167.211
302.512,250.086,208.442,168.370
307.044,249.019,204.550,170.517
304.734,249.904,206.251,172.695
308.012,250.818,204.181,170.394
307.166,253.565,208.818,168.766
307.992,256.878,210.117,164.792
312.246,258.796,210.726,160.660
314.596,261.635,212.622,159.883
318.331,264.197,214.745,159.302
320.183,264.822,220.890,162.384
323.889,264.814,221.890,163.308
325.927,264.429,224.118,164.609
327.730,267.888,227.896,164.235
327.326,265.484,231.830,165.632
329.738,266.692,234.685,163.544
333.618,266.073,238.402,164.482
337.110,265.592,241.041,162.603
335.278,266.017,237.553,162.972
336.292,268.397,236.530,165.025
341.440,269.637,237.152,162.568
341.073,269.097,239.643,162.023
343.103,273.718,247.346,160.225
336.615,272.232,248.711,162.967
339.674,272.882,241.268,163.932
342.356,272.602,236.795,162.972
347.380,272.946,231.855,161.926
348.640,274.059,236.412,161.422
348.128,269.128,236.427,163.071
347.595,271.510,238.942,162.538
347.488,270.250,241.518,163.207
348.846,268.470,243.436,165.092
350.228,269.394,251.074,165.752
423.000,304.000,149.000,131.000
424.300,299.900,157.062,137.023
436.000,301.000,141.000,132.000
421.000,302.000,157.000,134.000
423.000,309.000,163.000,124.000
413.000,302.000,178.000,125.000
415.000,299.000,178.000,133.000
404.000,304.000,196.000,131.000
410.000,302.000,187.000,128.000
412.000,304.000,185.000,127.000
412.000,307.000,191.000,124.000
418.000,301.000,186.000,129.000
421.000,308.000,186.000,124.000
427.000,302.000,176.000,128.000
431.000,310.000,173.000,119.000
435.000,301.000,165.000,125.000
427.000,297.000,180.000,131.000
421.000,301.000,189.000,128.000
416.000,301.000,190.000,129.000
415.000,290.000,189.000,146.000
422.000,295.000,179.000,142.000
405.618,293.261,197.540,149.996
392.672,286.095,208.746,152.801
380.837,277.035,219.079,163.290
385.513,267.221,211.795,172.734
385.883,267.688,215.616,175.508
388.125,265.717,215.091,174.712
386.933,265.464,218.750,173.965
388.153,262.359,216.728,176.005
389.065,259.516,215.587,178.881
393.057,255.961,209.622,181.431
417.000,297.000,190.000,135.000
395.807,287.524,204.245,152.007
393.245,281.553,211.273,156.371
396.810,281.183,205.628,158.389
397.702,280.393,204.327,158.805
398.041,281.245,201.474,159.254
400.144,276.785,197.175,162.343
401.634,275.410,191.229,165.423
404.113,266.253,181.882,170.679
404.171,259.711,179.193,178.324
425.000,297.000,136.000,139.000
412.477,284.910,148.472,152.285
412.664,282.352,149.244,157.256
413.739,281.540,147.672,156.892
413.556,279.191,145.369,158.532
413.137,280.823,141.572,160.155
413.294,280.869,138.504,161.318
413.334,279.258,138.876,160.454
412.852,279.485,139.915,160.148
411.340,279.650,138.375,161.498
413.987,282.716,137.747,159.739
412.058,282.286,139.427,158.942
409.792,283.714,140.884,159.351
409.638,283.385,142.965,159.178
411.629,282.317,144.069,160.551
411.240,276.237,141.782,165.436
429.000,288.000,94.000,158.000
428.000,292.000,93.000,157.000
418.210,278.039,96.821,167.283
416.055,279.759,95.565,168.921
415.366,276.850,95.170,169.986
414.429,283.560,97.363,166.419
416.524,284.610,98.472,165.024
416.139,284.729,98.406,165.544
416.044,280.491,96.524,165.603
417.264,281.176,96.478,165.545
415.726,280.194,97.634,165.989
415.409,282.029,99.334,164.949
414.989,282.524,101.912,166.506
413.322,285.193,103.238,167.429
411.405,285.686,104.747,167.485
409.131,287.712,105.328,164.910
404.608,288.271,108.609,164.180
401.223,290.834,111.083,164.487
396.774,289.772,117.370,163.545
391.065,292.565,125.669,161.924
398.000,298.000,130.000,158.000
403.000,296.000,119.000,157.000
393.359,288.367,122.442,166.062
395.028,292.255,126.613,163.329
388.916,294.962,131.257,162.671
404.000,290.000,120.000,170.000
392.111,284.550,124.631,171.352
394.000,294.000,139.000,160.000
388.391,288.854,149.235,169.050
383.414,288.030,152.866,169.965
379.475,288.102,155.807,171.148
377.182,285.257,154.813,173.557
375.174,278.129,153.444,180.114
375.270,269.838,153.720,186.167
396.000,290.000,133.000,166.000
375.932,288.477,143.973,173.839
393.000,309.000,138.000,159.000
382.105,297.306,140.232,165.673
374.436,288.103,146.055,176.823
390.000,298.000,140.000,168.000
373.804,290.442,146.902,170.933
389.000,303.000,139.000,168.000
386.000,288.000,141.000,178.000
381.000,299.000,147.000,163.000
368.175,300.517,151.256,168.882
383.000,295.000,138.000,166.000
380.000,296.000,142.000,171.000
377.000,287.000,146.000,175.000
374.000,286.000,149.000,192.000
377.000,275.000,146.000,191.000
374.000,296.000,144.000,168.000
370.000,291.000,151.000,181.000
377.000,296.000,145.000,169.000
379.000,285.000,145.000,179.000
375.000,286.000,149.000,184.000
363.230,278.575,155.951,195.074
375.000,288.000,144.000,178.000
377.000,288.000,141.000,184.000
372.000,285.000,151.000,184.000
371.000,285.000,153.000,181.000
366.195,287.447,161.575,192.437
377.000,296.000,146.000,177.000
376.000,294.000,150.000,183.000
373.000,296.000,156.000,178.000
369.000,297.000,162.000,176.000
370.000,290.000,152.000,189.000
372.000,290.000,149.000,176.000
367.000,301.000,164.000,183.000
369.000,298.000,155.000,171.000
364.000,298.000,162.000,179.000
364.000,302.000,165.000,178.000
365.000,294.000,153.000,182.000
359.000,297.000,170.000,185.000
354.000,301.000,180.000,176.000
359.000,290.000,172.000,183.000
359.000,303.000,175.000,179.000
363.000,299.000,174.000,172.000
367.000,307.000,171.000,178.000
374.000,303.000,159.000,174.000
371.000,308.000,165.000,181.000
371.000,299.000,164.000,174.000
374.000,304.000,159.000,185.000
381.000,293.000,147.000,189.000
392.000,308.000,131.000,190.000
379.000,308.000,147.000,174.000
380.000,302.000,152.000,185.000
375.000,307.000,163.000,185.000
374.000,299.000,168.000,182.000
369.000,296.000,175.000,188.000
366.000,310.000,180.000,180.000
371.000,298.000,178.000,182.000
370.000,303.000,182.000,184.000
354.066,300.578,192.598,194.173
351.176,300.003,189.950,193.785
367.000,304.000,185.000,182.000
355.991,300.212,185.627,194.708
356.356,306.221,185.195,191.311
360.000,315.000,189.000,176.000
358.000,308.000,202.000,179.000
359.000,309.000,194.000,177.000
365.000,315.000,193.000,169.000
358.306,306.892,192.320,189.490
378.000,311.000,187.000,169.000
381.000,322.000,172.000,167.000
375.047,313.811,176.758,175.856
381.107,310.938,176.601,182.349
395.000,314.000,154.000,173.000
395.188,313.777,167.076,180.833
394.000,300.000,168.000,195.000
394.000,312.000,164.000,193.000
391.000,299.000,181.000,193.000
396.000,305.000,180.000,201.000
391.000,308.000,185.000,185.000
391.000,309.000,194.000,189.000
384.858,304.104,194.087,193.080
395.000,309.000,167.000,184.000
390.000,319.000,182.000,177.000
395.000,316.000,172.000,193.000
387.877,304.003,175.787,198.160
387.136,304.398,179.489,202.395
387.989,300.794,182.714,203.383
385.752,296.862,187.919,208.253
386.543,288.950,190.570,212.856
386.047,288.924,190.466,216.850
394.000,305.000,205.000,189.000
402.000,295.000,205.000,206.000
402.000,296.000,207.000,208.000
399.625,291.143,199.200,212.262
403.628,288.892,195.929,216.197
404.420,280.886,190.203,229.569
405.851,270.594,184.809,232.779
407.414,267.231,190.123,247.209
408.424,263.782,185.187,244.563
408.305,265.445,191.656,250.605
408.000,309.000,220.000,196.000
410.000,308.000,218.000,197.000
402.000,309.000,222.000,195.000
403.000,304.000,221.000,198.000
408.000,301.000,217.000,210.000
408.000,333.000,210.000,186.000
411.000,312.000,207.000,188.000
414.000,322.000,189.000,186.000
418.000,319.000,195.000,201.000
414.000,318.000,198.000,196.000
410.000,322.000,210.000,195.000
414.000,315.000,215.000,189.000
424.000,322.000,196.000,199.000
441.000,327.000,169.000,191.000
427.000,326.000,200.000,195.000
429.000,323.000,190.000,180.000
429.000,332.000,195.000,181.000
434.000,321.000,185.000,184.000
433.000,310.000,198.000,204.000
433.000,317.000,201.000,197.000
432.000,308.000,208.000,205.000
427.000,317.000,211.000,211.000
430.643,316.475,212.344,206.181
435.000,327.000,198.000,200.000
436.000,316.000,211.000,196.000
432.000,322.000,213.000,203.000
440.000,301.000,207.000,203.000
429.000,313.000,222.000,199.000
436.000,313.000,211.000,217.000
427.000,323.000,216.000,191.000
432.000,336.000,200.000,193.000
427.000,329.000,215.000,199.000
422.000,329.000,232.000,200.000
423.000,316.000,222.000,198.000
439.000,318.000,208.000,204.000
424.000,321.000,228.000,200.000
427.000,325.000,239.000,203.000
428.000,313.000,229.000,195.000
430.000,319.000,236.000,206.000
432.000,329.000,213.000,190.000
437.000,316.000,227.000,206.000
439.000,330.000,210.000,201.000
441.000,328.000,209.000,195.000
440.000,339.000,208.000,193.000
440.549,327.872,211.244,203.768
435.000,331.000,230.000,205.000
432.000,333.000,224.000,197.000
431.000,335.000,230.000,189.000
437.000,329.000,224.000,193.000
442.000,329.000,221.000,203.000
441.000,316.000,236.000,207.000
430.000,325.000,243.000,201.000
431.000,338.000,236.000,195.000
430.000,332.000,247.000,203.000
421.440,327.618,244.539,210.811
425.000,344.000,235.000,187.000
422.000,340.000,241.000,193.000
419.000,335.000,251.000,192.000
413.000,327.000,262.000,197.000
416.000,321.000,262.000,203.000
413.516,315.199,249.375,220.445
405.741,316.380,259.845,215.140
412.352,314.055,254.686,220.233
413.561,313.673,254.122,219.948
419.247,314.309,253.190,219.925
422.172,317.894,248.567,222.699
427.279,322.511,244.545,217.180
422.931,321.866,242.477,217.344
421.402,316.842,245.227,226.591
417.174,320.071,244.451,221.362
417.076,317.192,247.182,224.528
418.339,321.120,244.843,221.077
418.441,322.376,241.508,218.414
421.314,327.889,240.818,216.661
412.000,325.000,267.000,203.000
412.000,344.000,266.000,201.000
397.444,333.309,257.148,213.090
409.000,335.000,253.000,204.000
413.000,350.000,226.000,203.000
403.000,335.000,233.000,202.000
412.000,337.000,232.000,212.000
410.191,325.761,235.055,224.684
390.000,333.000,271.000,205.000
387.000,330.000,280.000,222.000
377.000,326.000,289.000,213.000
387.000,327.000,280.000,209.000
386.729,332.894,265.274,218.920
380.000,332.000,288.000,204.000
375.757,332.420,271.412,218.602
387.000,337.000,278.000,202.000
402.000,336.000,255.000,213.000
407.000,341.000,243.000,208.000
401.000,336.000,249.000,210.000
402.000,323.000,255.000,213.000
394.726,319.308,253.793,230.396
392.383,319.116,252.537,225.587
387.019,318.327,259.079,227.404
404.000,328.000,246.000,213.000
391.940,332.545,249.597,217.904
386.000,325.000,267.000,206.000
380.381,329.908,268.116,216.769
382.000,329.000,279.000,203.000
377.000,324.000,283.000,210.000
389.000,335.000,267.000,211.000
379.858,319.018,261.994,228.204
384.000,328.000,258.000,225.000
379.000,317.000,272.000,218.000
374.000,323.000,283.000,232.000
373.000,316.000,287.000,220.000
363.000,313.000,296.000,225.000
376.000,329.000,281.000,216.000
370.000,312.000,289.000,223.000
385.000,298.000,262.000,229.000
374.000,318.000,274.000,227.000
361.000,333.000,274.000,205.000
381.000,340.000,248.000,211.000
381.000,307.000,259.000,224.000
379.000,296.000,271.000,241.000
368.795,299.264,287.099,248.477
359.110,299.423,286.306,242.586
360.202,299.791,288.543,243.219
375.000,307.000,281.000,231.000
362.435,306.146,285.241,237.929
368.000,316.000,290.000,226.000
363.000,314.000,294.000,224.000
364.000,321.000,283.000,228.000
363.000,314.000,293.000,224.000
356.000,305.000,305.000,237.000
357.000,326.000,286.000,210.000
358.000,335.000,301.000,217.000
356.000,325.000,294.000,212.000
375.000,314.000,286.000,224.000
369.000,310.000,297.000,217.000
367.000,315.000,306.000,226.000
368.000,308.000,303.000,218.000
374.000,317.000,300.000,217.000
375.000,309.000,294.000,229.000
377.000,304.000,296.000,230.000
369.000,316.000,298.000,225.000
379.000,311.000,285.000,236.000
371.000,309.000,294.000,227.000
382.000,323.000,261.000,228.000
379.000,313.000,277.000,226.000
377.000,307.000,268.000,238.000
373.000,304.000,289.000,230.000
370.000,295.000,297.000,241.000
356.000,289.000,316.000,251.000
354.000,307.000,314.000,231.000
361.000,305.000,303.000,241.000
352.000,303.000,315.000,231.000
344.517,309.953,320.451,236.017
338.370,306.858,316.669,240.370
358.000,317.000,280.000,232.000
347.713,306.082,289.619,237.539
352.000,307.000,306.000,231.000
355.000,308.000,311.000,231.000
344.397,303.168,294.085,240.580
340.000,307.000,333.000,232.000
363.000,296.000,310.000,237.000
351.000,299.000,324.000,246.000
359.000,305.000,319.000,234.000
361.000,322.000,277.000,214.000
370.000,326.000,269.000,219.000
367.000,317.000,281.000,226.000
372.000,314.000,282.000,224.000
371.000,322.000,285.000,216.000
369.000,325.000,295.000,221.000
371.000,298.000,290.000,239.000
371.000,316.000,290.000,248.000
361.000,308.000,310.000,233.000
352.000,306.000,325.000,227.000
359.000,313.000,322.000,238.000
353.000,302.000,333.000,238.000
343.791,305.769,323.609,242.131
366.000,302.000,312.000,239.000
362.000,303.000,317.000,240.000
366.000,311.000,293.000,244.000
371.000,303.000,295.000,232.000
357.000,293.000,307.000,246.000
368.000,301.000,302.000,253.000
354.000,307.000,310.000,233.000
347.000,294.000,330.000,242.000
342.269,286.135,335.861,260.309
338.590,289.444,340.042,253.583
344.125,288.388,338.359,252.754
335.179,287.718,342.934,254.538
347.274,291.329,336.369,252.657
334.924,285.199,345.060,259.846
349.147,286.612,334.385,260.056
341.438,281.793,336.733,261.193
346.806,283.638,335.021,262.080
354.000,290.000,328.000,241.000
339.563,285.150,339.594,265.963
348.692,284.141,329.083,261.102
363.000,313.000,327.000,228.000
351.570,293.788,334.174,245.666
354.000,303.000,348.000,234.000
341.262,293.972,339.868,250.921
355.000,303.000,336.000,228.000
351.000,296.000,338.000,236.000
361.000,299.000,326.000,245.000
362.000,289.000,328.000,236.000
348.369,287.517,320.868,256.911
361.000,298.000,329.000,236.000
358.120,289.614,319.588,251.048
364.136,283.201,321.879,253.445
371.658,278.288,319.624,257.745
376.189,275.828,323.924,265.986
371.000,310.000,333.000,227.000
369.601,284.151,336.277,253.331
369.490,277.632,327.761,258.080
366.783,275.004,328.541,267.187
371.291,274.153,340.633,264.999
369.922,268.917,333.565,270.013
365.597,272.948,351.161,272.363
362.830,275.932,351.382,268.386
364.684,278.791,353.021,266.319
355.588,283.140,355.023,262.604
374.000,289.000,336.000,248.000
360.807,286.511,356.696,255.348
349.975,286.553,357.456,255.765
345.961,287.032,368.735,256.660
347.501,285.545,373.248,258.762
344.404,284.663,370.807,258.265
342.900,279.459,369.980,265.894
344.884,277.435,368.167,264.431
387.000,285.000,322.000,275.000
368.768,279.508,324.647,263.541
364.009,277.881,325.340,258.489
359.201,274.000,331.347,264.711
362.349,276.253,336.075,260.787
361.569,277.550,343.809,264.957
359.681,277.812,349.420,262.858
367.660,276.727,347.148,265.564
375.430,274.690,344.882,266.430
378.539,274.954,345.531,266.271
378.576,278.369,346.154,263.341
378.300,273.797,346.160,269.472
384.875,273.180,340.564,268.707
383.898,270.637,344.298,275.465
381.942,270.161,348.691,276.782
372.444,273.767,353.802,273.168
385.000,277.000,354.000,260.000
364.111,279.946,359.984,264.281
388.000,298.000,348.000,237.000
367.143,289.790,364.718,258.874
391.000,304.000,341.000,241.000
393.000,299.000,336.000,244.000
371.000,301.000,362.000,237.000
380.000,306.000,340.000,224.000
379.000,304.000,338.000,241.000
375.000,295.000,361.000,240.000
376.000,290.000,366.000,261.000
374.000,286.000,373.000,253.000
373.000,273.000,373.000,261.000
372.000,275.000,382.000,261.000
378.000,284.000,374.000,255.000
390.000,284.000,359.000,250.000
393.000,283.000,337.000,255.000
398.000,299.000,352.000,239.000
393.000,307.000,334.000,239.000
394.000,273.000,341.000,255.000
390.000,286.000,358.000,273.000
387.000,270.000,361.000,247.000
375.000,298.000,380.000,253.000
383.000,274.000,371.000,249.000
376.000,291.000,371.000,247.000
376.000,287.000,386.000,240.000
376.000,294.000,390.000,246.000
373.000,280.000,387.000,245.000
392.000,284.000,377.000,257.000
368.000,286.000,386.000,245.000
375.000,299.000,377.000,238.000
380.000,295.000,376.000,235.000
376.000,285.000,374.000,244.000
380.000,300.000,362.000,234.000
363.000,295.000,394.000,236.000
380.000,298.000,378.000,241.000
378.886,270.609,396.724,265.751
376.143,271.005,377.565,269.980
397.000,290.000,374.000,245.000
383.913,277.102,379.580,264.608
409.000,303.000,313.000,227.000
407.000,326.000,298.000,209.000
425.000,295.000,278.000,232.000
419.000,313.000,289.000,222.000
399.425,281.689,297.178,249.590
410.000,298.000,321.000,243.000
408.938,276.663,330.954,259.955
404.008,269.447,353.955,269.435
403.020,263.678,359.080,276.758
407.103,258.850,358.194,277.567
407.880,261.268,356.520,276.257
405.889,264.229,353.231,273.333
410.000,298.000,338.000,250.000
411.000,295.000,334.000,237.000
398.000,296.000,358.000,229.000
384.331,283.629,360.641,254.996
413.000,277.000,338.000,241.000
401.892,266.803,360.845,268.028
412.125,262.627,359.664,268.358
414.177,253.531,355.892,277.812
409.352,253.694,361.834,277.644
407.966,252.145,361.872,278.078
411.000,266.000,379.000,259.000
405.546,259.757,370.821,269.733
407.304,258.189,369.795,274.089
413.000,277.000,370.000,252.000
414.000,285.000,339.000,244.000
394.405,272.665,346.889,255.805
401.436,268.331,349.980,259.954
403.000,285.000,376.000,257.000
408.000,276.000,351.000,243.000
398.376,258.897,368.614,272.678
413.000,273.000,348.000,268.000
402.770,252.006,351.943,282.516
428.000,270.000,365.000,260.000
431.000,255.000,372.000,277.000
429.000,247.000,368.000,270.000
436.000,266.000,341.000,263.000
429.751,250.638,341.436,286.034
425.000,253.000,377.000,268.000
428.000,268.000,360.000,275.000
425.000,261.000,379.000,281.000
438.000,243.000,365.000,280.000
414.754,241.028,362.780,297.264
421.000,256.000,385.000,266.000
415.000,274.000,399.000,263.000
419.000,269.000,390.000,261.000
425.000,274.000,381.000,252.000
407.040,256.598,395.743,273.150
431.000,262.000,382.000,266.000
434.000,277.000,379.000,251.000
434.000,277.000,380.000,246.000
438.000,271.000,368.000,252.000
437.000,281.000,370.000,265.000
433.000,256.000,382.000,279.000
435.000,242.000,381.000,288.000
437.000,246.000,382.000,301.000
425.000,260.000,393.000,263.000
435.000,259.000,370.000,264.000
445.000,263.000,368.000,262.000
436.438,254.847,373.616,274.527
444.000,276.000,369.000,256.000
443.000,272.000,364.000,248.000
441.000,270.000,374.000,254.000
443.000,271.000,361.000,257.000
442.000,269.000,373.000,266.000
439.000,255.000,377.000,277.000
437.000,254.000,394.000,279.000
434.000,263.000,377.000,258.000
442.000,264.000,376.000,254.000
443.000,270.000,376.000,242.000
454.000,263.000,357.000,249.000
453.000,269.000,363.000,258.000
450.000,268.000,348.000,236.000
455.000,276.000,344.000,240.000
453.000,257.000,366.000,264.000
441.000,263.000,381.000,257.000
448.000,255.000,376.000,279.000
441.000,263.000,374.000,266.000
434.000,275.000,382.000,252.000
435.000,264.000,381.000,253.000
450.000,253.000,376.000,277.000
452.000,263.000,359.000,261.000
462.000,280.000,317.000,243.000
474.000,271.000,286.000,252.000
464.000,285.000,306.000,249.000
476.000,288.000,296.000,240.000
455.000,271.000,349.000,258.000
464.000,274.000,335.000,259.000
452.000,297.000,346.000,234.000
449.000,271.000,348.000,259.000
432.000,273.000,371.000,253.000
416.856,261.593,397.804,269.114
404.259,257.163,414.402,271.550
408.067,252.236,409.010,275.290
416.956,250.711,397.742,277.105
409.182,252.990,395.539,275.599
460.000,265.000,347.000,255.000
428.674,254.570,350.368,272.865
445.000,288.000,333.000,238.000
428.804,257.796,348.346,262.781
431.045,245.516,359.291,283.956
427.797,245.256,372.535,286.242
426.031,241.313,377.435,291.917
429.000,256.000,375.000,277.000
421.337,242.154,386.559,288.008
414.793,240.573,390.251,291.862
410.239,240.679,391.099,293.156
407.598,241.459,393.730,294.330
403.830,238.043,388.803,297.329
397.008,237.119,384.173,296.704
399.006,235.546,376.168,301.803
394.299,240.459,371.638,296.894
389.958,243.420,376.126,296.679
386.383,243.836,378.540,297.924
383.010,244.029,381.310,297.813
381.092,240.548,385.431,302.341
379.446,239.399,379.523,303.534
383.000,269.000,381.000,263.000
378.225,255.408,380.225,285.471
383.000,273.000,376.000,263.000
388.000,295.000,326.000,244.000
363.951,267.710,337.098,265.772
369.487,264.808,336.487,273.032
381.000,296.000,319.000,245.000
365.070,279.937,338.325,260.053
359.181,265.659,352.294,284.306
346.878,268.906,366.536,282.711
340.770,267.758,373.515,288.082
333.896,269.662,379.781,290.861
329.818,270.073,389.174,293.871
344.000,284.000,388.000,273.000
322.293,271.391,395.120,284.342
353.000,287.000,370.000,254.000
336.775,274.606,383.459,284.085
327.619,263.746,385.622,288.782
329.776,253.771,390.872,300.130
357.000,299.000,351.000,253.000
347.643,271.120,365.933,282.342
342.047,266.750,370.985,289.334
343.707,259.114,368.819,295.160
347.349,253.083,374.931,305.252
344.000,283.000,387.000,254.000
335.119,268.334,397.762,295.939
332.416,264.543,393.664,294.223
343.000,286.000,393.000,263.000
349.000,289.000,391.000,259.000
342.395,279.397,393.985,278.068
369.000,293.000,372.000,262.000
360.550,271.529,376.505,284.443
355.753,271.499,382.692,283.651
363.620,271.686,376.205,289.317
373.990,264.411,363.212,294.129
371.447,258.077,368.387,300.042
371.334,252.743,376.497,302.865
372.476,249.555,378.535,305.534
367.533,262.994,386.981,298.481
372.193,265.634,378.729,292.839
385.000,291.000,372.000,254.000
370.826,276.727,382.127,277.226
379.172,280.944,379.326,274.680
373.487,273.262,376.776,278.658
373.672,272.241,372.520,281.839
368.901,266.312,371.236,286.513
373.550,258.694,360.106,292.741
373.141,247.060,353.613,304.503
380.526,231.200,346.893,325.452
390.000,275.000,370.000,269.000
371.554,255.096,387.487,289.448
405.000,291.000,351.000,248.000
389.382,257.829,366.926,285.206
374.387,254.318,384.604,290.918
377.285,248.169,387.238,299.072
390.966,238.940,380.392,309.339
388.202,217.553,380.346,324.795
383.657,218.627,391.064,320.759
383.853,219.182,388.839,323.930
377.926,224.000,388.629,324.672
407.000,305.000,352.000,254.000
391.207,265.726,372.215,285.016
395.330,266.670,380.760,287.280
400.163,267.240,379.406,282.393
407.181,263.360,372.413,281.803
408.011,260.615,367.719,283.351
419.000,282.000,357.000,257.000
406.714,262.107,367.352,280.248
416.147,256.298,359.904,287.333
416.483,250.432,363.514,291.637
417.000,285.000,369.000,265.000
417.000,275.000,363.000,259.000
422.000,273.000,359.000,268.000
412.000,270.000,379.000,265.000
420.000,269.000,363.000,264.000
428.000,267.000,357.000,262.000
442.000,272.000,349.000,255.000
456.000,270.000,341.000,265.000
453.000,273.000,343.000,261.000
453.000,273.000,344.000,258.000
451.000,282.000,346.000,255.000
451.000,280.000,326.000,249.000
454.000,309.000,306.000,244.000
451.000,287.000,319.000,259.000
447.000,277.000,344.000,263.000
447.000,257.000,353.000,295.000
441.000,264.000,368.000,271.000
443.000,281.000,372.000,253.000
454.000,285.000,362.000,245.000
457.000,270.000,359.000,262.000
470.000,275.000,332.000,268.000
462.000,285.000,349.000,247.000
465.000,298.000,312.000,245.000
468.000,276.000,331.000,275.000
473.000,276.000,323.000,254.000
462.000,295.000,341.000,249.000
467.000,302.000,340.000,242.000
461.000,276.000,361.000,267.000
470.000,279.000,358.000,264.000
471.000,272.000,359.000,263.000
483.000,273.000,349.000,263.000
494.000,284.000,341.000,259.000
471.430,281.663,350.584,260.179
497.000,291.000,339.000,244.000
481.000,281.000,350.000,239.000
488.000,282.000,348.000,256.000
497.000,277.000,320.000,246.000
512.000,281.000,309.000,264.000
510.000,273.000,320.000,270.000
496.000,272.000,310.000,259.000
494.000,298.000,344.000,263.000
495.000,280.000,345.000,264.000
501.000,283.000,338.000,248.000
514.000,287.000,291.000,246.000
519.000,292.000,301.000,240.000
522.000,297.000,285.000,234.000
529.000,280.000,293.000,257.000
532.000,287.000,287.000,255.000
537.000,286.000,289.000,261.000
522.000,310.000,298.000,231.000
509.000,309.000,326.000,240.000
508.000,287.000,325.000,245.000
513.000,281.000,338.000,260.000
520.000,298.000,323.000,240.000
529.000,295.000,316.000,240.000
528.000,285.000,322.000,250.000
525.000,282.000,325.000,250.000
521.000,280.000,316.000,249.000
521.000,277.000,307.000,255.000
516.000,269.000,324.000,259.000
512.000,296.000,318.000,252.000
519.000,297.000,304.000,245.000
513.000,286.000,303.000,245.000
515.000,309.000,296.000,239.000
509.149,270.924,310.674,265.981
490.531,270.342,330.603,272.013
491.704,268.926,329.820,276.304
490.286,259.605,334.095,286.673
497.280,255.878,326.115,287.577
499.527,251.612,316.835,291.224
511.520,254.001,295.557,289.893
507.145,257.746,297.480,291.495
501.314,251.331,306.527,297.571
491.193,252.862,309.942,298.296
497.000,271.000,336.000,263.000
479.754,258.460,343.105,285.021
481.786,254.966,334.569,286.784
484.498,246.060,331.266,297.264
500.000,276.000,338.000,259.000
491.209,252.233,335.442,277.502
488.704,246.563,334.477,290.536
498.000,277.000,340.000,251.000
494.152,260.049,329.838,268.360
495.165,259.406,323.473,271.375
497.431,256.268,322.877,271.722
496.688,248.183,320.657,281.464
494.010,241.923,325.200,290.162
489.387,242.684,332.267,288.572
487.002,240.953,336.937,291.120
484.308,241.721,336.985,291.528
484.001,244.957,336.829,287.482
488.192,245.649,333.927,284.866
491.167,243.518,323.138,284.858
496.372,243.664,311.422,285.948
494.520,241.987,315.974,288.833
496.121,243.729,309.064,286.082
496.802,250.574,309.774,284.784
496.560,246.353,304.231,282.017
501.445,239.578,304.077,288.335
505.908,243.591,303.649,288.853
501.000,273.000,303.000,253.000
500.529,257.580,305.266,263.543
499.535,249.015,300.412,276.356
504.269,250.835,297.811,275.972
497.515,244.283,301.737,275.815
496.273,244.391,301.957,281.422
501.000,273.000,278.000,251.000
500.000,259.000,276.000,271.000
497.378,245.135,292.115,275.522
487.356,241.275,295.952,280.218
483.000,270.000,284.000,250.000
489.311,247.850,294.212,273.644
478.000,275.000,292.000,263.000
480.000,285.000,276.000,233.000
470.444,269.656,294.580,258.245
467.509,267.134,304.248,265.390
472.899,269.297,311.422,264.804
474.240,259.426,306.623,266.685
478.320,256.826,300.118,271.933
487.000,278.000,290.000,247.000
489.000,287.000,287.000,251.000
491.324,276.198,291.388,261.578
481.911,272.242,290.879,265.555
473.519,270.447,299.718,264.361
469.951,267.849,307.170,260.056
470.692,264.634,311.973,265.107
471.101,256.265,314.022,273.528
469.436,250.068,313.691,277.114
469.358,252.625,324.271,280.477
471.239,250.789,320.356,275.560
475.138,242.503,313.173,286.740
470.772,236.029,307.373,295.363
474.461,226.096,306.506,303.592
468.457,233.789,305.742,301.606
468.020,234.614,302.675,298.308
467.647,238.566,297.302,297.909
468.489,242.619,298.786,291.576
471.781,247.066,295.286,286.556
471.090,253.053,287.461,281.553
471.222,257.441,286.390,280.575
474.669,257.331,282.555,277.738
477.318,253.264,278.742,284.664
480.515,249.370,275.699,286.072
484.590,249.127,276.518,287.349
489.282,249.679,278.612,286.400
488.087,247.541,281.576,288.905
492.089,248.454,279.486,290.748
494.346,248.776,278.180,288.328
496.213,246.568,276.373,285.126
498.360,247.747,270.769,282.440
506.520,244.551,259.293,285.373
511.839,236.981,258.401,289.093
517.000,313.000,206.000,212.000
500.470,306.348,221.756,219.306
513.000,310.000,214.000,205.000
498.959,302.498,221.533,220.898
512.000,324.000,221.000,191.000
500.934,306.847,234.279,218.060
505.000,309.000,253.000,222.000
493.833,289.452,270.311,231.364
494.498,279.840,283.471,242.311
509.000,300.000,268.000,221.000
512.000,301.000,284.000,214.000
516.096,276.464,274.590,244.518
520.854,270.757,269.896,254.917
521.957,262.157,266.570,263.803
528.901,256.746,256.440,268.978
536.861,256.490,254.301,269.274
538.144,257.404,254.001,273.552
536.739,249.952,252.037,285.205
534.800,246.160,258.374,286.826
532.225,236.152,260.559,295.659
532.645,231.870,266.957,299.101
529.860,233.587,266.034,299.149
527.378,236.328,267.918,295.581
523.582,238.895,271.282,292.440
525.325,244.308,270.773,286.053
521.022,243.004,276.599,284.218
518.856,243.348,275.520,280.807
520.988,240.095,277.888,282.863
519.240,234.002,276.276,283.328
513.908,234.534,273.599,285.030
510.756,232.867,270.947,290.003
510.478,227.569,273.425,294.493
510.186,220.043,281.627,300.969
509.618,218.157,285.182,306.614
512.109,219.224,277.530,307.188
516.913,216.497,273.542,308.193
521.535,213.720,266.541,310.976
521.415,211.874,260.635,310.476
519.478,213.031,254.870,309.159
520.300,214.417,245.154,308.820
525.081,221.482,241.069,303.652
529.626,223.355,246.177,300.777
537.426,230.743,251.516,296.077
543.455,243.098,248.203,290.147
550.959,248.187,229.236,283.234
549.000,284.000,256.000,222.000
541.722,277.637,248.575,240.398
562.000,285.000,229.000,218.000
555.069,279.534,232.758,229.616
557.588,277.453,237.980,229.678
558.103,274.394,232.269,232.072
559.797,266.606,227.865,238.742
566.726,266.288,231.535,238.536
563.592,259.882,238.318,245.739
561.153,256.120,244.024,250.015
558.469,251.057,242.246,250.829
560.469,251.051,244.991,251.833
559.402,249.925,245.987,248.838
564.253,248.909,246.063,245.627
569.232,245.965,241.544,248.207
568.618,246.352,240.594,246.766
569.572,243.687,239.850,246.017
572.637,245.199,240.607,245.506
572.594,250.402,245.603,240.643
572.339,254.636,249.247,239.825
572.003,251.760,241.411,238.124
572.788,247.774,238.491,242.827
571.437,245.582,237.666,246.360
572.731,242.116,234.628,247.604
572.296,238.417,232.229,246.562
574.463,234.298,237.098,250.505
573.712,230.515,234.986,254.834
574.395,231.799,244.193,254.859
573.051,232.474,247.697,252.546
569.395,229.984,248.517,253.897
569.147,225.317,248.366,258.395
571.232,223.264,247.089,259.530
569.614,223.142,249.571,259.111
572.016,223.390,245.610,261.155
575.443,221.611,241.281,261.257
578.428,228.265,245.408,254.371
583.377,224.229,252.407,256.162
581.332,226.750,245.404,250.133
586.277,225.357,242.498,252.248
588.415,224.805,238.091,249.984
589.393,220.903,235.357,252.259
588.825,221.196,233.316,248.854
594.890,215.690,224.461,255.710
596.228,217.028,225.248,252.835
593.016,217.088,226.296,256.394
595.604,214.416,224.328,256.298
593.303,212.943,219.016,257.199
596.168,203.089,213.048,263.102
598.102,197.781,209.291,274.628
603.635,192.866,206.819,274.751
600.182,196.108,215.824,272.277
603.580,204.038,223.592,265.407
601.844,211.859,226.956,254.005
600.348,212.514,230.096,247.718
602.483,213.371,231.793,247.221
604.597,215.825,231.548,246.793
604.466,218.145,231.406,244.264
604.961,220.731,230.447,242.991
606.377,226.259,232.255,237.636
603.373,242.425,240.217,224.584
601.939,248.041,239.944,218.090
606.188,249.128,242.756,215.627
609.335,247.576,242.881,217.004
601.697,244.024,251.316,219.667
602.876,244.741,257.577,218.516
603.650,241.913,255.087,220.487
604.243,239.813,254.605,223.136
609.575,242.832,259.158,221.249
609.840,241.799,260.342,225.025
609.631,241.106,262.924,223.400
608.662,241.060,258.864,224.987
609.754,240.818,260.396,223.928
609.742,243.160,261.021,222.211
606.789,240.052,262.865,225.342
606.255,241.742,262.179,223.127
603.951,239.778,263.738,220.487
601.735,240.481,265.110,219.246
600.812,240.423,266.936,215.903
601.405,237.708,266.024,221.369
604.508,235.617,263.286,218.901
607.924,236.233,257.751,220.933
611.842,235.938,256.910,220.777
616.268,237.719,262.055,221.467
614.317,244.600,269.800,220.898
616.232,243.928,273.551,221.973
620.268,245.250,275.772,219.810
625.633,237.414,268.330,225.049
623.644,234.422,266.914,228.063
628.624,232.437,263.021,233.178
629.764,234.528,263.253,229.984
624.276,236.382,268.158,227.237
623.933,242.190,274.510,221.966
622.442,239.110,273.584,223.080
617.486,235.434,276.776,223.912
616.361,234.223,276.658,227.364
621.105,236.132,274.642,227.056
619.807,232.972,278.943,228.208
627.217,234.936,278.535,224.794
631.950,233.958,275.997,224.711
632.000,259.000,231.000,198.000
626.577,250.184,232.100,208.485
622.589,245.037,237.482,209.118
622.533,238.941,248.101,216.929
621.591,230.740,270.198,224.062
623.380,228.273,282.491,224.607
618.420,227.592,290.736,228.409
609.203,228.267,295.644,229.018
608.605,230.285,302.012,228.997
608.129,228.960,308.784,228.223
603.090,227.240,313.036,230.193
597.628,221.671,319.940,233.638
593.765,212.390,324.625,244.829
586.950,193.096,320.554,260.550
582.911,182.931,324.718,273.864
586.460,176.274,328.403,280.098
583.417,174.194,330.276,288.213
585.911,170.292,335.084,291.618
585.435,169.259,335.182,295.653
584.035,163.210,334.853,297.667
585.530,149.763,337.344,309.979
586.123,128.162,334.548,326.589
589.046,115.505,333.813,339.294
577.988,106.744,340.405,349.598
585.890,113.728,336.240,353.408
585.631,115.892,336.255,350.334
593.006,113.895,329.768,351.804
598.633,118.640,321.950,349.065
608.482,128.938,320.695,344.629
619.207,127.927,308.220,342.138
624.547,134.604,308.174,340.208
626.952,131.895,299.422,339.507
630.165,124.423,302.083,343.871
637.442,132.347,299.217,341.876
639.760,132.851,293.053,334.968
639.548,144.846,298.969,334.516
640.227,147.726,293.383,323.522
640.721,162.771,296.858,315.861
640.435,180.530,298.924,299.901
637.492,199.594,312.066,288.739
635.469,221.108,310.539,265.709
630.051,238.338,329.131,247.913
629.758,250.470,335.674,229.243
624.029,253.994,338.640,225.011
623.088,257.043,347.064,222.286
625.783,259.197,347.126,220.265
623.873,257.630,354.076,221.498
618.279,253.496,355.578,223.823
615.870,249.497,358.288,228.132
615.397,248.758,359.601,230.908
618.648,247.300,358.735,237.966
624.287,245.585,351.600,240.137
625.085,245.929,348.711,242.177
627.576,250.488,345.312,239.579
631.269,256.145,337.616,235.258
627.892,260.831,331.617,230.728
627.855,274.260,339.407,220.158
624.104,279.786,321.676,210.654
622.923,280.962,322.790,210.033
622.374,278.796,314.491,212.533
618.593,280.594,313.472,212.427
615.661,281.402,312.336,212.234
613.312,278.811,311.867,212.840
610.597,280.467,313.867,214.365
609.152,281.829,314.193,216.337
613.114,281.133,305.860,216.073
621.421,285.926,304.713,212.857
628.400,280.607,287.464,212.951
630.668,281.610,292.467,216.064
630.417,278.968,286.757,218.950
629.823,277.833,287.439,222.987
629.422,277.985,286.099,222.589
628.167,279.286,288.995,225.940
624.567,277.697,293.730,227.927
626.337,277.227,298.407,233.219
625.508,278.309,303.526,233.951
632.411,279.931,300.433,231.545
641.483,281.928,298.689,230.113
642.686,280.666,297.998,227.342
640.229,277.589,301.917,234.261
645.693,277.201,295.139,234.559
648.376,280.903,293.369,234.599
657.442,283.136,290.861,235.082
658.893,278.531,286.060,233.905
662.150,278.657,296.023,237.030
663.139,277.961,299.005,239.194
663.360,279.917,307.821,239.264
663.224,284.446,315.347,235.302
672.321,287.867,326.014,231.916
673.349,281.805,315.526,235.667
693.337,281.012,309.981,237.012
701.999,281.999,298.957,234.220
708.251,284.372,299.522,230.946
714.961,281.277,295.656,233.899
727.971,279.490,295.173,235.170
737.642,277.091,297.284,239.274
745.931,275.937,306.469,243.231
755.874,278.640,308.813,244.552
770.228,279.503,304.744,240.693
783.395,281.424,305.349,236.309
800.000,291.000,283.000,223.000
805.736,293.850,296.696,225.006
829.000,291.000,277.000,232.000
835.987,292.576,293.259,228.153
857.000,305.000,281.000,223.000
863.060,294.636,294.092,221.512
868.422,291.859,294.101,226.182
876.985,292.609,306.659,227.764
883.906,290.611,305.258,229.872
890.805,287.661,308.762,232.052
894.201,282.715,303.130,237.841
900.724,277.447,308.418,243.366
899.570,267.973,303.474,245.772
929.000,281.000,244.000,222.000
918.218,282.051,281.753,237.957
910.336,277.281,275.439,244.319
907.966,275.604,282.647,250.351
911.120,270.886,277.666,253.169
907.341,269.846,277.455,256.833
907.130,271.790,282.857,260.274
905.877,277.664,291.431,254.663
904.347,276.117,284.189,251.859
901.436,279.181,282.590,251.054
904.677,286.559,280.824,248.628
900.788,289.525,270.065,241.196
897.323,296.872,274.152,238.836
917.000,328.000,247.000,216.000
910.998,305.886,243.400,224.242
917.000,310.000,238.000,241.000
915.676,304.104,250.660,235.436
929.000,317.000,231.000,231.000
918.000,328.000,239.000,216.000
923.000,310.000,234.000,216.000
917.000,314.000,246.000,218.000
927.000,314.000,229.000,228.000
933.000,303.000,212.000,220.000
939.000,321.000,201.000,233.000
941.000,305.000,202.000,233.000
936.000,317.000,213.000,236.000
945.000,318.000,190.000,236.000
945.000,300.000,195.000,240.000
937.000,309.000,204.000,241.000
939.000,318.000,203.000,225.000
936.000,325.000,210.000,226.000
936.000,330.000,209.000,217.000
932.000,329.000,216.000,218.000
929.000,335.000,217.000,212.000
934.000,333.000,207.000,216.000
948.000,343.000,186.000,211.000
941.000,323.000,197.000,232.000
941.000,336.000,193.000,230.000
937.000,321.000,199.000,233.000
931.291,324.585,212.892,231.867
925.502,322.631,213.768,233.728
914.571,324.099,220.987,234.380
904.913,325.106,231.582,234.886
899.436,326.263,240.360,234.861
884.766,322.874,248.513,236.437
879.430,319.919,257.272,241.333
899.872,315.846,241.196,245.833
906.639,317.215,225.966,245.866
971.000,340.000,145.000,228.000
960.891,328.601,164.462,234.709
949.040,327.977,178.315,237.519
938.737,326.338,179.255,237.594
931.936,329.723,187.253,240.312
930.090,325.722,189.031,242.935
930.229,328.911,185.509,245.234
928.124,330.427,184.065,246.225
930.004,329.868,181.055,248.917
929.746,328.234,176.709,256.333
932.424,323.682,174.969,257.183
934.916,322.238,171.158,261.406
934.279,322.444,171.657,256.039
932.186,323.212,169.602,259.076
927.850,322.503,171.732,254.497
927.983,319.710,173.410,257.617
928.313,319.194,171.838,257.799
927.204,319.487,169.475,254.092
925.234,321.272,164.341,250.179
921.668,323.541,163.348,248.445
917.540,324.833,162.894,249.453
915.909,326.425,160.236,249.492
913.189,324.373,160.000,248.265
910.795,329.073,159.609,241.484
907.245,332.491,157.523,239.132
905.957,333.620,159.184,240.154
902.855,333.196,160.627,237.058
897.715,331.655,161.515,236.682
899.172,329.753,158.606,238.999
891.949,327.224,161.816,237.988
886.594,327.370,158.217,237.205
882.232,323.230,157.127,241.411
877.907,322.341,157.745,244.856
879.104,320.534,157.246,245.831
875.690,314.219,158.392,246.207
868.224,308.455,157.933,247.092
862.639,310.321,158.366,250.676
857.632,310.799,155.489,253.791
854.448,311.152,154.631,255.341
851.260,309.263,153.984,255.900
847.925,304.375,154.534,256.737
842.462,298.647,157.546,258.874
840.206,293.897,159.228,257.873
837.807,286.696,159.610,262.793
832.593,281.434,161.157,264.277
831.178,278.063,162.665,267.047
818.773,268.833,166.655,271.909
822.234,269.985,161.195,277.114
810.453,267.258,160.585,276.823
811.582,274.684,157.927,276.726
797.284,275.676,161.356,277.574
796.021,278.921,163.194,276.891
789.946,285.081,163.615,270.750
786.671,290.838,160.571,263.514
777.158,290.903,159.431,257.481
774.912,296.979,160.423,250.420
764.964,304.087,158.888,245.924
761.072,307.577,159.814,247.639
758.672,309.764,158.572,248.639
754.080,307.933,158.697,249.498
750.341,306.704,158.288,251.452
745.246,302.812,160.669,257.314
743.813,300.899,157.412,257.260
741.494,294.018,156.291,260.883
734.967,291.682,157.538,264.501
731.176,290.413,157.008,269.594
724.509,287.242,157.843,270.688
719.710,285.645,158.319,271.709
715.824,278.385,158.551,276.282
707.436,272.883,158.313,278.183
702.385,272.277,158.588,278.753
694.062,271.790,159.833,278.279
690.970,275.980,157.677,277.225
680.458,276.552,160.458,277.517
674.309,285.318,161.714,276.525
675.182,289.312,162.864,273.823
669.093,292.726,161.342,268.935
663.457,294.702,163.494,264.691
658.710,298.540,164.540,261.274
655.398,306.792,163.046,255.955
650.727,312.954,161.513,253.729
646.743,315.316,166.695,250.042
644.143,315.861,167.381,249.135
642.012,317.842,168.515,247.969
642.548,318.740,168.509,248.369
643.387,324.335,169.275,246.722
644.592,330.994,168.907,240.716
647.531,341.787,173.546,231.173
651.723,342.746,169.360,228.775
654.360,344.394,167.060,225.183
656.533,348.345,166.849,225.748
659.852,342.794,168.778,229.316
662.355,337.831,172.878,229.640
689.000,353.000,148.000,215.000
695.000,344.000,146.000,225.000
691.624,336.864,149.289,229.882
703.000,330.000,146.000,238.000
710.000,332.000,143.000,234.000
725.000,352.000,139.000,211.000
719.000,347.000,147.000,221.000
731.000,320.000,135.000,252.000
738.000,317.000,136.000,256.000
740.000,342.000,142.000,231.000
730.158,340.288,149.747,239.177
742.000,333.000,140.000,243.000
752.000,334.000,130.000,244.000
749.000,341.000,129.000,231.000
748.000,366.000,140.000,210.000
751.000,355.000,135.000,220.000
741.318,360.009,144.675,219.922
747.000,405.000,148.000,170.000
743.000,408.000,151.000,168.000
742.000,418.000,150.000,161.000
741.000,424.000,150.000,150.000
727.202,421.335,155.744,158.513
720.352,416.263,162.695,166.461
712.572,410.418,170.211,173.537
707.133,407.037,178.089,178.338
733.000,403.000,151.000,179.000
726.603,403.803,154.266,174.298
728.000,382.000,149.000,208.000
714.000,370.000,166.000,226.000
708.000,370.000,175.000,229.000
708.000,365.000,177.000,229.000
708.000,363.000,172.000,238.000
697.000,342.000,187.000,261.000
697.000,341.000,184.000,272.000
688.863,338.535,186.629,270.067
683.343,334.510,189.448,273.290
676.798,335.452,191.254,274.670
694.000,334.000,168.000,281.000
683.705,332.729,171.347,279.401
694.000,354.000,170.000,267.000
683.000,359.000,180.000,262.000
676.000,357.000,192.000,266.000
671.000,350.000,195.000,274.000
675.000,359.000,193.000,265.000
659.547,355.880,197.160,268.538
651.965,349.984,199.658,269.685
655.048,345.208,203.426,275.238
682.000,356.000,188.000,269.000
675.000,348.000,193.000,283.000
665.742,347.758,203.249,282.196
657.843,355.590,212.965,280.482
651.839,362.455,222.429,283.430
653.220,360.630,227.349,283.923
650.904,362.311,231.405,285.500
678.000,389.000,193.000,248.000
667.686,385.065,206.501,249.849
658.573,382.178,220.889,254.629
652.864,379.618,232.999,261.587
648.608,382.708,245.938,260.860
647.342,383.265,249.648,264.829
646.329,383.808,249.121,271.737
646.314,382.627,250.172,275.998
646.579,379.500,246.566,280.472
649.656,373.028,241.686,285.795
652.682,369.115,240.266,289.240
650.717,359.743,243.956,295.362
652.134,355.702,244.948,300.197
652.432,351.702,245.539,298.879
648.431,348.931,245.231,300.260
665.000,395.000,220.000,258.000
652.042,398.506,232.106,255.871
675.000,403.000,215.000,251.000
654.000,426.000,239.000,228.000
643.000,409.000,242.000,246.000
637.493,409.847,249.550,249.577
633.424,404.279,259.002,250.524
632.643,393.330,264.990,255.863
631.098,386.898,268.259,259.994
625.739,387.825,275.268,266.709
622.941,389.653,280.210,271.652
622.019,386.189,283.571,273.613
615.843,383.520,287.805,279.648
613.602,380.464,291.589,285.302
610.820,381.057,299.079,290.827
615.574,377.805,299.718,296.138
612.145,377.538,302.650,300.574
610.277,370.562,306.369,305.075
603.383,360.189,310.149,309.333
603.694,348.537,311.429,318.414
602.789,341.161,315.941,325.127
600.464,345.421,326.106,326.967
591.263,345.681,332.316,326.420
590.512,343.610,338.216,331.885
586.668,345.207,340.897,334.252
585.241,347.563,342.479,335.577
576.557,352.983,346.494,331.954
571.696,355.200,344.979,328.594
568.876,355.111,340.290,325.128
558.213,352.290,340.350,324.629
567.000,379.000,324.000,304.000
578.000,381.000,323.000,303.000
559.000,391.000,335.000,285.000
554.486,382.278,342.214,291.286
545.000,377.000,343.000,301.000
538.000,375.000,374.000,314.000
543.000,398.000,345.000,288.000
529.000,406.000,368.000,274.000
526.000,389.000,374.000,291.000
524.000,384.000,372.000,306.000
516.000,367.000,381.000,318.000
522.705,358.152,385.660,326.981
514.660,357.044,392.276,328.459
517.045,352.368,394.709,336.222
517.798,344.554,396.950,343.834
510.000,412.000,391.000,283.000
508.218,400.349,390.101,288.253
499.630,392.366,398.649,292.922
498.000,382.000,403.000,309.000
488.000,424.000,419.000,272.000
488.000,411.000,426.000,285.000
481.000,424.000,431.000,273.000
488.000,431.000,433.000,262.000
489.523,429.610,450.496,262.791
488.005,426.529,456.660,268.198
490.174,420.816,466.631,279.715
489.289,415.586,479.894,285.524
480.000,439.000,469.000,251.000
488.601,422.478,493.669,268.371
484.172,407.288,496.317,281.641
481.904,403.379,505.362,283.308
486.059,400.747,513.827,285.772
476.679,400.913,517.333,282.190
476.051,400.511,519.197,276.471
470.816,399.358,520.732,272.932
464.384,395.311,521.794,275.870
458.216,389.262,515.225,283.986
456.053,377.491,515.900,297.758
457.741,365.003,511.377,303.203
460.058,352.889,511.692,312.281
460.396,342.900,508.093,320.962
461.013,332.239,511.555,327.296
456.561,320.968,506.766,335.725
456.749,310.163,514.818,341.256
443.494,303.241,521.798,348.452
440.335,293.958,529.242,354.661
433.501,288.118,531.337,368.324
432.800,288.274,539.100,374.216
433.308,286.771,548.425,375.407
436.324,283.832,558.666,377.315
440.044,278.009,560.093,380.072
440.670,278.415,559.889,383.860
444.822,277.893,562.313,388.012
443.047,275.628,567.664,392.629
440.752,273.943,573.878,396.160
439.000,444.000,608.000,257.000
443.090,410.979,605.003,296.044
444.531,405.669,611.124,299.600
450.419,397.176,616.801,320.333
450.859,387.224,615.735,323.757
456.107,375.184,625.578,341.228
464.371,364.301,633.826,345.475
464.941,354.057,640.352,354.900
478.813,340.226,647.961,367.109
478.874,323.748,642.305,379.568
488.749,305.915,643.319,396.453
490.493,287.801,649.485,415.581
494.965,272.055,653.473,438.075
510.216,250.994,650.572,446.159
520.295,223.446,650.904,476.975
518.168,190.017,663.875,502.070
518.533,141.144,659.664,539.693
441.000,483.000,709.000,242.000
440.334,456.038,713.470,263.745
431.047,445.447,719.697,273.436
430.565,442.266,720.014,280.715
449.000,492.000,748.000,225.000
454.611,472.486,719.410,257.243
438.779,481.782,721.204,228.243
431.571,480.542,738.453,247.491
415.120,486.133,725.679,226.536
394.668,481.675,747.828,249.151
400.244,479.421,764.224,236.639
395.508,469.949,761.827,258.603
400.749,461.073,760.219,255.576
444.000,501.000,724.000,225.000
436.485,481.463,709.053,235.367
403.000,510.000,761.000,209.000
405.000,508.000,761.000,228.000
402.000,496.000,767.000,234.000
380.000,495.000,806.000,240.000
399.000,515.000,777.000,203.000
391.000,506.000,801.000,230.000
376.000,542.000,846.000,189.000
392.000,541.000,840.000,183.000
397.000,535.000,811.000,188.000
387.000,519.000,827.000,204.000
389.000,560.000,835.000,162.000
391.000,553.000,827.000,166.000
391.000,514.000,881.000,206.000
389.000,490.000,870.000,232.000
377.000,469.000,878.000,255.000
370.000,504.000,842.000,210.000
382.000,522.000,841.000,207.000
398.000,493.000,836.000,232.000
406.000,487.000,865.000,240.000
363.000,530.000,793.000,187.000
381.000,537.000,799.000,194.000
394.000,536.000,821.000,184.000
343.000,530.000,751.000,191.000
370.000,560.000,662.000,156.000
457.000,574.000,677.000,155.000
506.000,535.000,645.000,205.000
602.000,487.000,658.000,265.000
416.000,497.000,631.000,226.000
629.000,475.000,565.000,251.000
620.000,463.000,491.000,260.000
776.000,449.000,373.000,278.000
793.000,438.000,268.000,296.000
809.326,418.760,257.095,300.591
805.575,412.272,262.766,316.138
808.523,387.545,252.386,324.626
815.402,375.964,252.441,347.737
830.545,368.574,253.612,347.698
842.003,368.393,254.796,351.439
857.991,372.901,259.866,346.867
856.156,384.405,256.826,345.173
849.138,388.423,256.962,343.039
847.554,388.545,249.476,341.120
839.916,385.730,251.539,343.182
831.051,377.778,245.875,346.158
827.326,374.431,242.496,350.202
810.979,370.301,249.409,355.134
799.420,365.437,253.599,356.148
785.636,366.088,257.177,354.499
770.671,370.070,259.488,353.530
749.370,371.986,256.993,346.839
733.789,377.459,259.751,342.712
717.003,381.140,263.211,337.679
704.755,385.586,260.670,335.355
685.242,386.035,252.586,333.063
671.796,381.587,253.826,336.592
659.927,377.481,252.436,340.140
651.547,370.552,249.475,343.177
649.018,362.232,249.952,349.139
635.000,476.000,249.000,245.000
631.943,457.983,251.628,260.153
634.000,479.000,240.000,239.000
618.000,472.000,241.000,245.000
616.835,454.560,250.377,265.459
599.000,479.000,263.000,238.000
594.272,472.975,267.898,253.028
612.000,473.000,222.000,242.000
585.000,475.000,240.000,243.000
590.000,475.000,230.000,243.000
575.000,463.000,226.000,255.000
571.000,467.000,228.000,255.000
557.000,453.000,222.000,267.000
536.000,457.000,239.000,265.000
509.000,455.000,259.000,267.000
516.000,461.000,264.000,262.000
527.000,427.000,239.000,296.000
537.000,422.000,224.000,305.000
539.000,418.000,213.000,300.000
538.000,430.000,209.000,294.000
537.000,424.000,205.000,297.000
530.000,434.000,213.000,282.000
531.000,428.000,215.000,294.000
521.000,420.000,226.000,302.000
527.000,399.000,214.000,317.000
522.000,407.000,218.000,316.000
520.000,391.000,224.000,332.000
505.000,395.000,234.000,327.000
488.000,416.000,253.000,304.000
486.000,409.000,243.000,310.000
486.000,402.000,227.000,302.000
476.000,348.000,224.000,373.000
458.000,374.000,233.000,337.000
454.000,368.000,234.000,349.000
445.000,388.000,245.000,330.000
444.000,363.000,237.000,356.000
442.000,371.000,241.000,358.000
392.000,365.000,289.000,360.000
387.020,342.128,288.028,349.809
366.000,385.000,323.000,335.000
404.000,406.000,276.000,310.000
380.000,397.000,294.000,320.000
374.000,409.000,294.000,314.000
369.000,358.000,285.000,365.000
360.000,390.000,293.000,336.000
375.000,347.000,261.000,379.000
354.000,354.000,280.000,373.000
342.000,375.000,284.000,348.000
325.000,392.000,305.000,336.000
302.000,411.000,333.000,304.000
298.000,408.000,328.000,313.000
299.000,379.000,332.000,337.000
277.000,378.000,347.000,337.000
277.000,390.000,340.000,330.000
287.000,376.000,331.000,338.000
281.000,394.000,329.000,323.000
278.000,343.000,329.000,388.000
272.000,346.000,334.000,371.000
267.000,377.000,352.000,344.000
247.000,383.000,355.000,323.000
254.000,351.000,342.000,356.000
256.000,356.000,348.000,355.000
267.000,330.000,325.000,384.000
260.000,333.000,323.000,373.000
261.000,349.000,312.000,346.000
225.000,349.000,332.000,344.000
213.000,358.000,345.000,328.000
215.000,378.000,330.000,315.000
211.000,336.000,317.000,354.000
194.000,391.000,354.000,295.000
215.906,391.778,339.796,292.735
208.000,333.000,315.000,347.000
211.000,319.000,314.000,368.000
221.000,309.000,306.000,368.000
199.000,336.000,323.000,349.000
199.000,328.000,321.000,347.000
187.000,338.000,326.000,335.000
187.000,335.000,321.000,343.000
189.000,347.000,330.000,327.000
207.000,403.000,317.000,269.000
189.000,374.000,329.000,297.000
203.000,322.000,323.000,340.000
223.000,326.000,299.000,336.000
229.000,336.000,304.000,322.000
237.000,346.000,305.000,304.000
244.000,364.000,306.000,282.000
253.000,373.000,295.000,263.000
258.000,353.000,288.000,278.000
261.000,341.000,287.000,286.000
265.000,343.000,287.000,289.000
256.000,378.000,321.000,248.000
257.000,321.000,311.000,302.000
244.000,362.000,343.000,259.000
242.000,304.000,329.000,303.000
253.000,315.000,305.000,294.000
254.000,355.000,302.000,242.000
254.000,309.000,305.000,285.000
262.000,305.000,295.000,280.000
255.000,348.000,292.000,225.000
260.000,299.000,282.000,274.000
279.000,329.000,271.000,239.000
245.000,316.000,303.000,240.000
333.520,368.749,296.602,258.942
386.697,346.264,316.588,274.159
371.992,336.145,331.129,280.388
349.277,330.750,349.108,282.943
355.945,326.444,363.204,281.135
353.610,317.813,369.858,282.636
334.040,310.179,373.097,288.123
333.875,300.432,363.607,290.999
332.133,298.762,355.617,291.440
319.243,296.337,347.058,288.936
345.367,286.969,337.267,292.532
336.978,288.435,351.533,291.710
344.186,278.705,357.058,296.626
351.166,282.142,361.597,293.597
362.868,289.642,354.850,289.298
337.075,290.347,350.056,293.364
331.489,290.147,351.954,291.486
342.233,292.866,345.915,284.183
344.287,295.360,337.450,274.687
351.264,298.417,334.905,264.440
344.160,298.433,332.785,260.030
351.569,294.561,328.907,260.255
348.535,285.527,325.940,262.011
350.103,286.015,324.643,253.447
341.511,282.677,319.219,255.520
352.316,284.314,319.886,249.142
335.947,284.324,322.717,248.345
334.907,287.884,326.141,236.935
332.256,287.863,327.904,232.186
332.059,287.567,326.855,236.848
325.694,287.282,323.415,233.435
341.085,286.827,320.385,235.333
354.341,290.619,321.905,236.213
354.156,281.903,323.664,246.823
348.565,277.095,329.623,252.952
344.274,274.537,334.420,257.274
341.606,282.503,342.345,259.204
339.327,277.858,346.351,261.509
336.466,288.402,352.098,253.525
332.471,281.850,343.448,253.279
331.460,286.166,344.973,248.401
336.301,284.540,336.606,248.931
332.692,286.069,331.529,252.547
332.480,273.438,319.728,259.599
331.346,267.536,317.294,262.902
319.987,264.183,330.954,265.129
306.507,260.976,344.461,267.762
297.816,262.730,353.763,269.678
287.182,263.575,362.538,265.653
288.784,268.379,364.878,259.949
290.938,275.129,369.831,253.019
293.957,278.311,371.775,247.637
277.003,279.280,390.319,246.624
291.359,284.129,395.647,245.496
275.773,280.919,403.594,250.057
257.174,279.215,418.456,249.655
248.139,274.946,414.665,248.287
228.100,269.547,413.705,247.862
198.494,266.929,417.824,246.906
185.019,271.055,415.582,239.337
175.557,272.921,411.624,238.738
162.386,275.997,403.534,237.637
166.610,277.808,383.607,236.947
174.445,285.934,382.361,234.783
164.943,292.694,381.081,232.968
188.836,284.385,378.892,233.323
202.579,285.608,375.507,237.113
222.098,285.049,383.331,240.835
234.378,286.835,385.043,242.514
247.991,290.382,374.501,246.250
260.063,300.954,373.449,244.867
268.310,312.564,377.907,243.344
270.982,311.608,373.487,246.065
255.659,312.236,370.690,248.954
245.754,313.620,344.563,243.258
235.905,312.445,329.164,245.440
226.756,310.108,326.099,249.838
226.872,306.116,336.105,249.682
236.474,311.209,333.861,250.241
239.767,312.917,328.572,247.503
245.451,320.274,325.210,242.567
244.379,328.116,327.085,236.490
252.131,336.966,327.984,229.556
257.590,343.287,329.473,226.733
270.755,351.842,325.142,223.228
283.253,357.913,311.379,217.852
298.645,364.123,301.796,217.772
304.055,365.792,292.319,216.530
312.462,367.057,277.849,217.198
316.632,369.420,265.734,218.333
325.844,375.667,256.193,223.323
336.230,385.486,248.913,226.217
339.342,391.875,246.956,229.385
340.117,394.122,257.792,235.177
337.675,400.683,268.357,236.427
327.393,400.292,269.308,237.217
328.802,407.740,273.131,234.964
336.268,419.692,264.875,232.379
340.517,433.150,257.665,228.624
338.760,440.365,249.623,224.726
345.572,446.858,243.374,220.675
347.636,456.920,238.482,216.366
350.126,465.627,232.736,213.565
352.499,470.010,228.687,209.055
348.245,472.920,229.350,206.776
335.709,474.943,229.936,208.159
339.832,478.406,231.319,210.832
338.566,477.267,238.019,212.595
324.430,480.663,237.907,210.430
329.151,482.962,234.245,200.984
338.897,488.941,230.224,192.362
335.633,499.113,231.366,191.326
321.359,486.579,232.632,194.139
304.982,483.882,243.508,196.228
288.000,452.000,300.000,250.000
276.000,416.000,316.000,287.000
293.000,387.000,289.000,313.000
280.000,426.000,286.000,282.000
238.096,409.804,309.262,278.583
270.000,404.000,255.000,295.000
267.000,377.000,268.000,287.000
277.000,409.000,257.000,284.000
280.000,406.000,246.000,280.000
251.000,392.000,283.000,301.000
212.598,389.583,289.242,289.522
230.827,384.083,281.363,276.422
236.124,384.055,275.708,273.471
238.514,389.418,268.493,268.669
224.000,346.000,252.000,363.000
250.000,358.000,223.000,354.000
233.740,360.514,253.512,345.123
233.449,360.171,250.961,334.677
237.596,353.475,246.748,323.534
242.337,350.817,234.822,312.771
243.656,349.293,229.126,298.312
253.565,353.354,216.208,284.618
258.103,367.230,210.196,276.938
261.839,363.939,202.025,269.781
272.106,354.213,195.117,257.815
276.662,348.759,187.045,245.515
277.075,350.377,182.675,235.221
281.842,348.616,180.138,227.432
286.567,345.408,181.784,226.224
289.772,342.890,182.694,222.997
302.069,332.630,180.124,222.827
333.000,259.000,156.000,333.000
325.687,243.272,165.524,337.133
328.438,231.278,175.507,349.644
331.311,228.285,180.198,349.228
333.154,226.102,183.871,344.271
369.000,307.000,134.000,261.000
363.737,305.786,154.800,250.850
374.000,301.000,135.000,263.000
365.836,306.571,156.561,261.908
382.000,315.000,142.000,244.000
376.866,324.310,152.368,237.431
372.386,325.761,156.740,236.115
372.339,319.924,161.639,234.162
375.447,321.346,165.872,230.296
383.583,310.318,171.530,238.260
386.000,318.000,226.000,211.000
391.000,298.000,225.000,234.000
398.000,302.000,219.000,219.000
398.000,286.000,212.000,226.000
399.000,295.000,200.000,214.000
382.000,282.000,177.000,225.000
394.000,284.000,152.000,223.000
390.000,286.000,143.000,218.000
388.000,275.000,157.000,225.000
391.000,289.000,153.000,207.000
374.000,299.000,172.000,197.000
380.000,291.000,167.000,198.000
377.000,284.000,170.000,205.000
374.000,275.000,178.000,208.000
377.000,263.000,180.000,218.000
404.000,264.000,152.000,206.000
420.000,262.000,140.000,209.000
430.000,253.000,131.000,213.000
443.000,252.000,124.000,212.000
454.000,250.000,116.000,201.000
449.000,258.000,129.000,193.000
452.000,247.000,127.000,192.000
441.000,253.000,153.000,194.000
435.000,247.000,175.000,193.000
430.000,261.000,186.000,181.000
426.000,251.000,192.000,189.000
419.000,226.000,210.000,209.000
419.000,210.000,232.000,223.000
427.000,201.000,236.000,226.000
439.000,217.000,231.000,206.000
458.000,211.000,217.000,211.000
483.000,238.000,163.000,178.000
484.478,215.213,160.219,195.221
514.000,217.000,136.000,194.000
521.000,201.000,152.000,206.000
531.000,184.000,171.000,221.000
540.000,175.000,159.000,222.000
529.917,184.041,156.977,217.657
536.000,192.000,173.000,203.000
534.000,214.000,193.000,183.000
538.000,219.000,193.000,166.000
524.152,213.451,199.798,180.087
527.668,213.044,199.173,177.524
559.000,195.000,196.000,181.000
537.157,193.818,197.645,192.123
556.000,193.000,210.000,177.000
570.000,181.000,205.000,187.000
583.000,168.000,195.000,198.000
603.000,163.000,180.000,197.000
620.000,165.000,167.000,204.000
624.000,158.000,183.000,206.000
610.285,151.023,174.964,204.519
621.432,150.854,167.396,200.522
630.103,154.369,168.003,201.972
634.242,161.346,164.678,192.288
636.361,162.685,164.802,190.174
637.510,161.558,163.037,191.640
646.000,170.000,221.000,186.000
645.000,163.000,217.000,177.000
646.000,174.000,221.000,166.000
667.000,167.000,202.000,160.000
678.000,165.000,208.000,166.000
698.000,161.000,188.000,168.000
713.000,161.000,163.000,174.000
715.916,165.186,157.831,176.385
737.000,167.000,150.000,186.000
735.000,158.000,174.000,199.000
741.000,196.000,162.000,181.000
745.000,238.000,162.000,169.000
748.000,255.000,158.000,165.000
751.000,277.000,169.000,168.000
749.000,294.000,180.000,164.000
751.000,295.000,192.000,165.000
740.000,293.000,214.000,168.000
750.000,298.000,201.000,172.000
735.000,296.000,213.000,166.000
749.000,268.000,200.000,191.000
743.000,268.000,204.000,176.000
761.000,267.000,185.000,163.000
781.000,264.000,160.000,169.000
785.000,266.000,161.000,159.000
796.000,255.000,149.000,169.000
804.000,259.000,139.000,162.000
804.000,271.000,144.000,154.000
801.000,259.000,154.000,152.000
797.000,257.000,172.000,156.000
784.000,249.000,195.000,161.000
787.000,238.000,199.000,180.000
780.000,228.000,210.000,182.000
771.000,237.000,227.000,190.000
762.000,262.000,228.000,173.000
776.000,260.000,212.000,161.000
781.000,269.000,202.000,169.000
789.000,268.000,189.000,166.000
799.000,285.000,151.000,155.000
801.000,285.000,154.000,160.000
797.982,287.543,151.707,166.262
793.567,291.959,147.104,171.480
794.569,301.960,144.555,173.327
799.000,328.000,161.000,141.000
792.000,340.000,170.000,146.000
786.000,346.000,193.000,158.000
789.000,338.000,193.000,167.000
750.428,346.489,219.459,185.261
779.000,358.000,225.000,183.000
752.000,365.000,233.000,166.000
755.000,360.000,226.000,179.000
755.000,375.000,213.000,160.000
760.000,366.000,223.000,168.000
753.979,360.482,213.638,174.187
772.000,336.000,201.000,189.000
764.000,326.000,204.000,188.000
763.000,324.000,200.000,187.000
760.000,314.000,193.000,178.000
