351.000,114.000,21.000,28.000
350.601,111.382,21.778,28.318
351.444,108.457,20.998,27.844
351.820,104.821,20.491,28.889
352.000,103.000,21.000,27.000
352.000,99.000,22.000,26.000
352.000,95.000,23.000,28.000
352.000,95.000,23.000,25.000
351.000,93.000,23.000,23.000
351.000,92.000,24.000,23.000
349.000,87.000,24.000,26.000
348.000,85.000,25.000,26.000
348.000,84.000,24.000,24.000
347.000,85.000,24.000,22.000
344.000,80.000,25.000,24.000
342.000,79.000,28.000,24.000
339.000,78.000,28.000,24.000
338.000,77.000,28.000,24.000
337.000,75.000,27.000,24.000
336.000,72.000,28.000,26.000
332.000,69.000,29.000,26.000
331.000,69.000,32.000,26.000
330.000,68.000,35.000,25.000
328.000,66.000,37.000,25.000
327.000,67.000,38.000,23.000
326.000,66.000,39.000,24.000
323.000,67.000,41.000,23.000
321.000,63.000,43.000,26.000
319.000,64.000,46.000,26.000
317.000,61.000,47.000,29.000
314.000,60.000,50.000,30.000
312.000,59.000,52.000,30.000
312.540,59.900,48.928,34.720
306.000,62.000,58.000,29.000
305.335,62.605,56.716,30.878
303.949,63.680,57.812,30.931
302.556,63.872,59.086,30.830
298.952,63.811,60.603,31.741
298.134,63.826,61.419,32.421
297.545,63.237,63.724,32.799
287.864,62.964,65.800,34.075
287.722,62.618,65.753,34.220
283.326,62.530,66.498,35.689
279.000,67.000,34.000,27.000
277.191,70.027,31.895,26.497
273.054,71.427,32.479,27.343
270.971,71.763,31.983,27.130
267.125,72.889,32.353,27.934
263.885,73.968,33.727,29.303
261.495,74.463,33.100,30.589
257.000,75.000,31.000,33.000
254.076,78.119,31.767,33.692
252.000,80.000,29.000,32.000
244.255,83.649,30.237,33.385
243.587,84.487,30.870,33.365
240.293,86.512,30.520,33.855
237.879,88.047,30.459,34.191
233.773,90.550,29.119,35.316
231.178,92.256,29.520,35.626
226.656,95.118,29.568,36.279
225.000,95.000,28.000,38.000
220.907,98.835,28.261,39.393
218.000,98.000,27.000,40.000
215.225,101.154,27.516,42.742
211.949,103.021,26.381,40.728
208.060,104.400,26.411,42.310
206.462,105.438,25.490,43.844
202.272,106.282,25.390,44.360
199.550,106.431,25.205,44.720
200.000,110.000,22.000,41.000
194.270,107.972,23.763,41.880
191.739,108.172,25.256,43.589
193.000,112.000,22.000,40.000
193.000,111.000,20.000,40.000
188.260,108.307,22.060,39.978
192.000,112.000,18.000,38.000
193.000,110.000,17.000,36.000
137.000,70.000,22.000,31.000
137.000,70.000,22.000,31.000
194.000,109.000,21.000,32.000
195.000,109.000,18.000,32.000
198.000,108.000,17.000,29.000
198.000,107.000,18.000,28.000
201.000,105.000,18.000,29.000
208.000,103.000,14.000,29.000
208.000,101.000,15.000,28.000
210.000,100.000,16.000,27.000
212.000,98.000,16.000,28.000
215.000,97.000,16.000,27.000
215.000,95.000,18.000,26.000
218.000,95.000,19.000,24.000
221.000,94.000,19.000,24.000
222.000,91.000,21.000,24.000
224.000,90.000,21.000,23.000
227.000,91.000,22.000,22.000
229.000,89.000,24.000,23.000
229.732,89.320,24.352,23.555
232.426,89.676,24.883,23.778
236.378,89.235,24.606,24.168
238.000,88.000,26.000,21.000
241.000,89.000,26.000,20.000
244.000,89.000,27.000,20.000
246.000,89.000,28.000,18.000
250.000,88.000,28.000,20.000
255.000,90.000,26.000,19.000
256.000,88.000,28.000,20.000
259.000,89.000,28.000,19.000
263.000,89.000,26.000,19.000
264.000,89.000,27.000,19.000
269.000,91.000,25.000,18.000
272.000,93.000,26.000,17.000
273.000,94.000,27.000,17.000
276.000,94.000,27.000,15.000
277.000,95.000,25.000,15.000
278.000,95.000,24.000,16.000
281.000,96.000,25.000,16.000
282.000,98.000,24.000,14.000
285.000,99.000,21.000,15.000
286.000,99.000,21.000,16.000
288.000,100.000,20.000,16.000
290.000,102.000,18.000,16.000
292.000,106.000,18.000,16.000
295.000,108.000,16.000,17.000
295.000,109.000,16.000,18.000
298.000,113.000,14.000,18.000
298.000,113.000,14.000,18.000
313.000,121.000,18.000,16.000
312.000,126.000,18.000,15.000
317.485,121.319,19.643,15.738
310.000,131.000,20.000,13.000
311.000,134.000,23.000,14.000
311.000,135.000,25.000,15.000
306.000,135.000,30.000,18.000
304.000,135.000,31.000,22.000
304.000,135.000,32.000,24.000
302.000,136.000,32.000,27.000
300.000,137.000,34.000,29.000
301.766,132.749,34.550,33.221
297.000,140.000,34.000,32.000
295.000,141.000,34.000,33.000
295.000,142.000,31.000,34.000
293.000,143.000,32.000,35.000
290.687,143.193,32.765,34.712
288.000,143.000,29.000,37.000
283.000,143.000,29.000,39.000
280.000,145.000,28.000,39.000
277.000,146.000,27.000,40.000
273.000,146.000,27.000,39.000
269.763,145.931,26.948,40.150
266.127,145.877,27.429,39.651
262.668,146.173,27.650,39.327
258.576,145.281,26.729,39.162
254.202,145.069,27.895,37.687
250.644,142.616,28.141,38.043
249.000,140.000,28.000,39.000
245.000,138.000,29.000,39.000
241.000,136.000,31.000,38.000
237.000,136.000,32.000,38.000
235.000,134.000,31.000,37.000
232.000,131.000,31.000,39.000
228.139,130.539,32.474,39.094
224.576,128.992,33.408,38.954
222.600,127.725,33.471,36.342
219.618,124.684,34.150,33.733
219.000,125.000,35.000,31.000
217.000,126.000,37.000,27.000
213.000,124.000,37.000,28.000
210.000,122.000,39.000,27.000
210.000,121.000,40.000,28.000
207.000,120.000,39.000,26.000
204.000,118.000,40.000,26.000
202.000,119.000,41.000,25.000
200.000,118.000,40.000,25.000
198.959,116.404,39.501,25.704
198.000,117.000,42.000,24.000
197.000,115.000,43.000,23.000
197.000,115.000,42.000,22.000
195.000,113.000,43.000,22.000
194.000,114.000,41.000,20.000
193.000,112.000,44.000,21.000
193.000,112.000,45.000,20.000
193.000,110.000,43.000,20.000
193.000,110.000,41.000,20.000
192.000,110.000,41.000,20.000
192.000,110.000,41.000,20.000
192.000,109.000,41.000,20.000
191.000,108.000,40.000,20.000
191.000,106.000,40.000,21.000
189.000,106.000,39.000,21.000
188.000,106.000,39.000,21.000
187.000,104.000,39.000,21.000
189.000,104.000,38.000,22.000
184.934,103.998,38.241,22.325
186.436,103.186,36.585,22.308
185.898,102.094,36.576,22.426
182.473,103.446,37.856,22.437
186.011,98.455,36.079,24.435
182.946,101.403,36.211,25.497
176.337,102.738,36.856,25.827
182.401,96.958,38.770,27.275
178.459,97.354,38.273,28.470
172.598,95.895,41.745,29.533
173.074,91.904,44.163,30.538
167.496,92.643,45.716,31.722
167.724,95.526,47.418,33.454
168.259,96.081,48.894,35.201
165.895,97.264,48.158,36.854
188.000,106.000,14.000,13.000
185.000,106.000,14.000,12.000
185.000,106.000,14.000,12.000
185.000,106.000,14.000,12.000
166.000,117.000,17.000,10.000
165.000,116.000,19.000,10.000
164.000,116.000,19.000,11.000
165.000,116.000,18.000,12.000
165.000,116.000,18.000,12.000
165.000,118.000,18.000,15.000
151.903,114.223,18.685,15.407
149.069,118.439,19.844,19.215
151.116,113.214,22.579,19.644
168.000,117.000,17.000,20.000
167.000,116.000,22.000,21.000
159.000,125.000,26.000,18.000
169.000,119.000,23.000,19.000
160.647,119.303,23.458,19.603
160.000,125.000,31.000,21.000
159.000,127.000,34.000,20.000
157.000,126.000,35.000,21.000
159.000,126.000,34.000,23.000
158.000,128.000,33.000,22.000
161.000,130.000,30.000,20.000
164.000,133.000,30.000,19.000
164.000,134.000,29.000,18.000
165.000,135.000,28.000,18.000
166.000,136.000,28.000,17.000
169.000,138.000,27.000,16.000
170.000,139.000,27.000,14.000
172.000,139.000,24.000,13.000
173.000,141.000,25.000,11.000
176.000,142.000,24.000,11.000
177.000,142.000,24.000,10.000
178.000,143.000,23.000,9.000
183.000,143.000,20.000,8.000
184.000,144.000,19.000,8.000
186.000,144.000,19.000,8.000
189.000,144.000,18.000,8.000
189.000,145.000,18.000,8.000
190.000,144.000,17.000,7.000
192.000,146.000,16.000,7.000
194.000,145.000,17.000,6.000
196.000,145.000,16.000,6.000
194.000,145.000,18.000,7.000
196.000,145.000,18.000,6.000
198.000,145.000,18.000,6.000
200.000,146.000,17.000,6.000
202.000,146.000,17.000,6.000
200.996,146.891,18.053,6.427
206.000,145.000,17.000,6.000
205.000,145.000,18.000,6.000
207.000,145.000,18.000,7.000
210.000,145.000,20.000,7.000
211.000,144.000,20.000,9.000
212.000,143.000,20.000,9.000
212.000,141.000,22.000,10.000
215.000,140.000,21.000,12.000
217.000,139.000,23.000,13.000
217.000,139.000,23.000,15.000
221.000,138.000,23.000,16.000
223.000,136.000,25.000,17.000
224.000,134.000,24.000,19.000
227.000,133.000,22.000,21.000
229.000,131.000,23.000,23.000
233.000,130.000,22.000,24.000
234.000,128.000,22.000,25.000
237.000,127.000,21.000,27.000
240.000,127.000,21.000,25.000
241.000,125.000,21.000,26.000
244.000,123.000,20.000,28.000
245.000,123.000,20.000,28.000
246.000,120.000,23.000,31.000
249.000,120.000,22.000,31.000
253.000,118.000,21.000,31.000
255.000,117.000,22.000,32.000
257.000,115.000,22.000,33.000
257.000,113.000,22.000,33.000
258.000,112.000,24.000,31.000
261.000,113.000,24.000,29.000
263.000,111.000,25.000,31.000
262.499,111.701,26.614,29.895
264.995,112.428,26.799,29.061
267.801,111.884,27.226,27.436
264.000,108.000,32.000,25.000
263.000,105.000,35.000,25.000
266.000,105.000,32.000,24.000
271.000,103.000,30.000,24.000
272.000,102.000,32.000,23.000
275.000,99.000,31.000,24.000
275.000,97.000,28.000,23.000
276.000,94.000,32.000,23.000
277.000,93.000,32.000,23.000
280.000,91.000,32.000,23.000
279.000,88.000,33.000,24.000
280.000,85.000,34.000,24.000
280.000,84.000,35.000,23.000
281.000,82.000,36.000,23.000
283.000,81.000,34.000,24.000
284.000,78.000,34.000,26.000
284.000,76.000,36.000,26.000
286.000,74.000,34.000,24.000
287.000,72.000,32.000,24.000
287.000,71.000,34.000,21.000
288.000,68.000,33.000,21.000
288.000,68.000,33.000,20.000
287.000,66.000,33.000,21.000
287.000,63.000,33.000,21.000
288.000,62.000,32.000,21.000
288.000,60.000,33.000,21.000
289.000,57.000,32.000,21.000
288.000,56.000,34.000,22.000
288.021,54.826,33.846,23.413
287.764,52.223,34.266,25.487
288.021,51.247,34.092,26.204
287.690,49.596,34.314,26.579
287.353,48.278,34.633,26.316
285.973,46.825,35.229,26.240
285.038,45.678,35.899,26.662
284.314,43.816,36.037,27.824
284.497,42.477,36.132,29.033
283.054,41.278,35.889,29.925
282.113,39.599,35.513,30.769
281.489,38.622,34.304,31.207
280.926,36.577,35.031,31.555
281.293,35.735,34.397,32.595
279.959,34.703,35.322,32.891
278.860,34.389,35.742,33.628
277.369,33.776,36.129,34.110
276.900,32.531,35.057,33.993
275.861,31.878,34.548,33.981
275.516,31.643,35.149,34.232
274.707,31.278,34.959,34.690
273.697,30.763,34.638,34.211
272.224,30.637,35.212,34.011
271.814,31.062,35.613,33.926
270.468,31.015,36.368,33.565
269.857,30.229,35.921,33.517
268.250,30.548,36.876,33.306
268.317,30.220,36.578,33.292
267.491,30.933,37.069,32.812
266.118,31.065,37.437,32.856
265.552,31.537,38.098,33.422
264.562,32.140,39.972,34.063
262.972,31.727,39.450,33.920
264.270,33.934,39.073,33.768
262.503,35.864,39.500,34.144
261.929,35.498,38.909,34.972
261.274,35.878,39.852,34.603
260.715,37.347,40.553,34.691
259.595,36.955,41.476,35.562
258.794,37.862,42.538,35.405
258.379,38.512,42.127,35.912
257.906,39.475,43.054,36.789
257.164,40.893,43.030,37.135
257.155,41.113,43.435,37.773
256.808,41.208,43.764,38.468
256.000,49.000,22.000,7.000
256.000,49.000,23.000,7.000
255.000,51.000,25.000,7.000
255.000,51.000,25.000,7.000
255.000,51.000,25.000,7.000
255.000,51.000,25.000,7.000
255.000,51.000,25.000,7.000
255.000,51.000,25.000,7.000
255.000,51.000,25.000,7.000
255.000,51.000,25.000,7.000
255.000,51.000,25.000,7.000
255.000,51.000,25.000,7.000
255.000,51.000,25.000,7.000
247.097,54.938,26.834,11.060
249.403,55.982,30.426,11.462
251.028,56.268,31.584,11.209
251.221,56.101,32.859,10.919
249.894,56.409,34.826,10.902
247.224,56.350,35.662,10.906
245.851,56.388,36.198,10.717
245.215,56.503,38.522,10.541
243.677,56.648,40.932,10.592
243.245,56.814,40.038,10.441
241.427,57.298,40.435,10.618
240.571,57.538,40.549,10.602
240.262,57.755,40.927,10.776
239.314,57.760,40.716,10.896
237.786,58.158,39.913,10.917
236.924,58.486,40.506,11.187
235.384,58.363,40.933,11.115
235.324,59.032,40.639,10.990
233.899,59.562,41.621,11.101
231.641,60.374,41.185,11.549
232.810,61.331,41.926,11.711
230.134,62.201,45.094,11.968
229.166,62.219,44.649,11.548
227.999,62.750,45.281,11.356
225.410,62.559,45.197,11.131
227.458,62.481,42.379,11.241
225.949,62.678,42.534,11.188
225.496,62.684,41.821,11.451
224.437,62.960,41.469,11.830
223.736,63.390,40.876,12.122
221.065,64.193,42.433,12.058
221.395,64.465,43.101,11.973
219.501,64.800,45.333,11.850
218.127,65.149,45.032,11.729
216.800,65.413,43.954,12.025
215.000,67.000,48.000,11.000
214.000,68.000,49.000,10.000
214.000,68.000,50.000,11.000
212.000,68.000,51.000,10.000
211.598,67.662,45.980,10.429
210.897,68.023,45.234,10.950
208.000,67.000,50.000,11.000
207.000,67.000,49.000,12.000
205.000,67.000,47.000,13.000
203.000,68.000,50.000,11.000
201.000,68.000,49.000,11.000
201.000,70.000,51.000,10.000
197.000,70.000,50.000,11.000
197.000,71.000,46.000,9.000
195.000,73.000,47.000,9.000
192.000,73.000,48.000,10.000
193.000,75.000,48.000,9.000
189.000,75.000,48.000,8.000
187.000,75.000,47.000,8.000
187.000,76.000,46.000,9.000
184.000,76.000,47.000,9.000
183.000,78.000,46.000,8.000
181.000,78.000,46.000,8.000
178.000,79.000,46.000,8.000
176.000,79.000,46.000,8.000
174.000,81.000,46.000,9.000
173.000,81.000,45.000,10.000
171.000,81.000,46.000,10.000
168.000,82.000,47.000,10.000
168.000,82.000,45.000,10.000
167.000,84.000,45.000,10.000
165.000,84.000,45.000,10.000
162.000,87.000,44.000,10.000
162.000,87.000,45.000,11.000
160.000,88.000,45.000,11.000
158.000,88.000,44.000,11.000
159.652,89.078,43.007,12.787
157.471,90.291,41.783,13.535
156.257,91.106,41.731,14.425
153.160,92.185,41.381,14.556
152.145,93.297,40.841,15.054
149.490,93.674,41.109,15.388
147.475,94.380,41.876,15.159
145.494,95.060,42.772,15.004
140.009,95.703,44.198,14.986
138.395,96.225,44.764,15.634
137.039,97.085,45.025,15.473
134.954,98.511,45.760,15.038
133.372,99.321,47.052,14.601
130.720,99.683,46.768,14.532
128.904,100.439,46.545,15.726
127.296,101.159,45.063,17.434
126.280,102.415,45.850,18.955
123.206,102.104,45.779,18.288
121.383,102.087,46.568,18.168
119.607,107.160,46.753,19.540
118.404,106.603,44.352,20.734
119.544,104.205,43.237,21.431
119.203,105.932,41.846,25.519
113.027,109.798,41.768,26.250
112.695,108.650,41.563,29.387
113.017,108.589,40.481,31.665
113.838,109.007,39.170,33.260
109.769,105.647,39.290,33.170
110.200,112.863,40.133,32.615
101.262,112.062,42.074,31.713
97.739,118.173,42.347,31.799
96.340,119.095,43.254,30.713
96.000,117.000,48.000,31.000
94.000,114.000,50.000,37.000
90.000,113.000,56.000,44.000
86.000,111.000,61.000,49.000
86.000,111.000,61.000,49.000
86.000,111.000,61.000,49.000
86.000,111.000,61.000,49.000
86.000,111.000,61.000,49.000
86.000,111.000,61.000,49.000
53.000,129.000,48.000,47.000
49.000,135.000,48.000,38.000
51.000,144.000,43.000,31.000
49.000,146.000,46.000,26.000
48.000,147.000,46.000,26.000
46.000,148.000,46.000,24.000
46.000,147.000,45.000,23.000
46.000,147.000,48.000,25.000
46.000,147.000,47.000,24.000
44.000,149.000,50.000,22.000
46.000,149.000,49.000,22.000
47.000,150.000,49.000,20.000
48.000,149.000,49.000,21.000
49.000,149.000,49.000,20.000
50.000,149.000,49.000,20.000
51.000,149.000,49.000,18.000
50.000,151.000,52.000,18.000
52.000,150.000,52.000,17.000
53.000,150.000,51.000,17.000
53.000,149.000,51.000,18.000
56.000,148.000,50.000,18.000
58.000,147.000,50.000,19.000
59.000,145.000,51.000,20.000
62.798,142.073,48.091,26.985
64.000,142.000,52.000,25.000
70.000,137.000,49.000,27.000
73.000,135.000,48.000,29.000
75.925,129.780,48.698,34.985
82.000,129.000,45.000,33.000
86.000,128.000,43.000,33.000
88.000,124.000,41.000,34.000
91.000,121.000,37.000,35.000
93.000,118.000,34.000,34.000
95.000,115.000,34.000,34.000
98.000,110.000,31.000,34.000
100.000,107.000,28.000,35.000
103.000,103.000,27.000,37.000
106.000,103.000,22.000,35.000
106.495,101.277,24.566,34.256
106.315,99.560,24.921,34.365
108.000,97.000,27.000,43.000
109.000,96.000,23.000,48.000
109.000,92.000,27.000,56.000
108.000,87.000,29.000,57.000
109.000,94.000,25.000,59.000
110.000,88.000,23.000,65.000
108.000,82.000,28.000,68.000
107.000,92.000,32.000,68.000
109.000,83.000,26.000,79.000
109.000,73.000,26.000,91.000
111.000,80.000,25.000,87.000
110.000,71.000,27.000,94.000
112.000,99.000,28.000,80.000
113.000,90.000,23.000,84.000
114.000,84.000,21.000,89.000
105.628,106.523,33.857,74.093
100.443,105.681,35.016,72.072
101.909,107.928,36.416,71.557
101.082,108.839,36.027,70.712
102.625,110.726,36.578,69.285
103.944,110.638,35.012,68.968
104.472,110.016,34.282,68.468
106.043,109.987,34.800,67.163
106.912,112.433,33.609,65.461
109.604,111.542,33.007,64.221
111.648,112.932,32.180,60.664
111.918,112.755,30.604,57.443
113.233,113.597,29.889,54.672
112.621,113.414,29.600,52.935
113.147,115.704,29.693,49.471
111.592,117.675,30.948,47.500
110.474,117.648,31.635,46.150
109.186,118.781,34.172,45.350
106.456,121.553,36.117,43.753
106.106,120.985,37.302,44.155
104.117,123.977,38.682,44.126
102.945,127.189,40.335,43.484
99.260,130.583,43.529,44.568
98.292,132.292,46.570,45.822
94.772,133.972,48.982,46.578
92.353,135.701,53.921,46.308
88.759,135.986,56.994,45.909
87.125,137.027,57.881,44.745
94.000,132.000,50.000,37.000
93.000,138.000,53.000,30.000
89.000,137.000,55.000,27.000
92.404,136.179,54.028,29.950
88.899,135.640,54.371,32.205
88.848,135.780,53.964,32.862
86.173,133.073,54.578,33.882
88.000,132.000,51.000,36.000
90.000,130.000,49.000,39.000
92.000,129.000,49.000,43.000
93.000,132.000,47.000,41.000
92.496,132.595,49.310,44.372
92.312,133.133,51.886,46.708
91.653,132.618,53.294,47.972
91.728,130.938,54.847,51.041
89.045,129.509,56.098,53.237
87.000,167.000,52.000,22.000
86.000,168.000,53.000,22.000
85.032,171.954,53.321,24.971
83.918,174.230,55.362,26.573
81.755,176.307,55.245,27.424
80.937,179.374,55.982,28.083
79.440,181.753,55.565,28.778
78.656,184.125,55.503,29.460
76.645,186.998,55.799,30.323
75.241,190.249,56.298,30.690
74.331,192.413,55.930,30.920
74.364,195.377,55.592,31.577
72.512,198.687,55.460,31.637
71.179,200.185,55.813,33.145
71.960,201.653,55.801,34.227
71.000,205.000,58.000,28.000
70.482,207.670,56.527,34.459
73.000,210.000,57.000,27.000
72.474,212.429,56.336,34.442
75.587,213.919,55.243,33.502
76.308,215.751,55.338,33.188
77.537,218.709,54.243,34.067
79.443,220.568,54.315,34.745
80.484,222.785,54.572,34.784
81.663,224.450,54.224,35.190
83.803,225.411,55.765,35.380
85.159,227.364,55.015,33.919
87.143,229.395,55.729,33.698
88.359,231.406,56.213,32.401
89.313,233.381,56.351,32.485
91.794,235.829,56.496,31.617
94.278,238.021,56.326,30.449
96.354,239.997,55.119,28.808
98.823,241.454,54.154,28.351
101.994,242.918,51.708,27.282
103.880,243.861,51.702,27.678
105.765,244.796,52.115,27.736
107.428,245.166,52.733,27.475
110.936,245.378,50.958,26.720
113.228,245.696,49.427,27.466
115.356,246.171,49.843,28.137
117.000,250.000,52.000,23.000
119.831,247.049,49.922,29.483
121.393,248.193,53.660,28.609
124.426,248.590,52.339,29.815
127.562,248.333,51.348,30.768
129.164,249.336,51.433,32.251
131.782,249.808,51.539,32.663
134.813,250.286,50.019,34.118
135.395,251.759,50.407,33.314
135.568,252.565,52.189,34.640
137.793,251.872,51.234,35.214
139.580,252.209,51.924,34.909
142.563,252.442,51.079,35.324
144.247,253.372,49.716,34.925
143.853,254.599,50.342,34.812
145.718,254.084,48.618,34.160
147.666,254.053,48.898,33.575
150.983,253.430,47.360,33.783
152.170,252.921,47.622,32.969
153.711,252.011,46.330,32.902
154.487,251.603,46.960,32.791
156.701,251.622,46.819,32.381
159.091,251.203,45.490,33.382
160.071,251.073,46.101,33.326
163.000,252.000,46.000,28.000
161.621,250.759,45.767,32.819
164.425,249.917,44.379,33.166
166.351,249.254,44.714,33.930
167.235,249.094,44.711,33.031
167.819,248.813,44.879,33.524
167.412,249.268,45.214,33.107
169.335,248.699,44.474,32.916
169.160,248.571,46.115,33.242
169.132,248.448,45.799,33.330
170.436,248.180,46.317,33.786
170.712,247.514,45.253,35.016
172.249,247.789,45.082,34.864
172.700,248.038,44.450,34.460
174.290,248.588,45.270,33.861
174.314,247.917,45.160,34.014
175.389,248.196,45.465,34.486
175.454,247.295,47.239,35.265
175.046,248.064,46.490,34.427
176.094,248.908,47.977,33.252
176.635,248.912,48.449,34.364
176.314,249.534,49.103,34.175
178.023,249.781,48.899,34.961
178.646,250.682,49.455,34.564
180.271,250.852,49.634,34.446
181.824,251.458,48.693,33.947
183.353,251.886,48.026,33.765
185.120,253.675,47.881,33.237
185.418,253.934,47.352,32.957
186.523,254.281,47.451,33.429
189.344,255.247,47.166,33.367
190.631,255.734,48.002,33.142
190.498,256.159,47.541,33.070
191.815,256.870,48.483,32.820
193.486,257.565,48.738,32.842
196.229,258.601,48.209,32.097
198.420,258.434,47.438,32.146
199.602,260.552,47.736,31.920
200.972,260.855,48.203,32.310
204.263,261.886,47.816,32.352
206.488,262.207,47.015,32.992
205.990,263.903,47.681,32.840
207.864,263.454,47.156,33.178
211.715,265.893,48.303,33.641
213.175,267.553,47.673,33.321
216.038,269.909,47.056,33.032
217.605,270.890,46.792,33.582
219.819,272.473,47.114,33.527
224.000,274.000,45.000,30.000
225.368,274.194,46.030,32.433
230.000,276.000,44.000,31.000
230.524,276.968,44.943,32.611
232.444,277.138,45.424,33.980
235.200,276.323,45.828,35.561
236.949,277.151,46.555,36.178
238.679,277.697,47.267,37.172
238.984,278.182,47.929,36.636
242.054,278.132,48.119,37.092
244.627,278.395,46.824,37.823
246.518,277.809,47.404,37.214
247.603,277.740,47.147,37.164
250.159,278.821,46.865,36.611
253.339,277.382,46.361,36.168
255.338,277.911,47.265,35.703
256.210,276.950,47.692,35.988
259.128,276.473,47.429,36.568
262.587,276.102,47.582,36.869
264.380,274.258,46.613,37.259
266.755,272.574,46.161,37.878
269.285,271.006,47.073,39.590
270.667,270.073,47.216,40.344
273.278,266.537,47.230,41.012
276.815,263.520,47.303,43.245
281.099,259.227,46.918,45.664
283.929,254.673,46.396,49.885
286.455,251.070,46.763,49.979
289.797,245.934,45.827,50.501
293.299,242.247,46.610,53.540
295.012,237.658,46.521,54.880
299.998,232.323,46.084,57.528
306.400,225.493,43.810,58.379
309.091,219.256,46.584,58.144
314.202,211.327,45.795,61.037
324.000,207.000,38.000,64.000
328.000,204.000,40.000,62.000
331.000,198.000,41.000,64.000
335.000,192.000,39.000,63.000
339.000,190.000,41.000,59.000
339.000,185.000,46.000,57.000
341.000,182.000,46.000,52.000
343.000,177.000,45.000,51.000
344.000,174.000,47.000,48.000
344.000,169.000,47.000,47.000
344.000,165.000,49.000,48.000
346.000,163.000,50.000,45.000
345.000,163.000,50.000,41.000
343.000,160.000,49.000,41.000
342.000,160.000,50.000,41.000
341.000,158.000,51.000,40.000
343.000,157.000,51.000,40.000
341.000,158.000,52.000,41.000
341.000,154.000,53.000,42.000
340.000,154.000,54.000,39.000
342.000,152.000,54.000,40.000
342.000,148.000,53.000,41.000
343.000,146.000,53.000,40.000
341.000,145.000,54.000,38.000
340.000,142.000,55.000,39.000
342.000,141.000,54.000,39.000
341.000,140.000,54.000,38.000
342.000,137.000,52.000,39.000
340.000,137.000,53.000,39.000
340.000,136.000,52.000,40.000
341.000,136.000,52.000,40.000
340.000,135.000,52.000,41.000
338.543,136.388,53.188,44.090
338.530,137.323,52.778,45.227
339.000,136.000,49.000,42.000
340.000,138.000,49.000,41.000
338.000,141.000,52.000,39.000
337.000,139.000,53.000,39.000
338.000,139.000,53.000,41.000
336.000,141.000,53.000,40.000
334.000,138.000,55.000,43.000
334.000,139.000,54.000,44.000
334.000,139.000,50.000,45.000
334.000,141.000,52.000,43.000
334.000,141.000,51.000,43.000
333.000,145.000,51.000,42.000
332.000,143.000,49.000,43.000
330.000,146.000,51.000,43.000
332.000,147.000,48.000,43.000
332.000,148.000,47.000,43.000
332.000,150.000,45.000,44.000
331.000,152.000,45.000,43.000
332.000,151.000,43.000,45.000
331.000,153.000,44.000,46.000
331.000,153.000,41.000,48.000
332.000,154.000,40.000,49.000
335.000,158.000,39.000,47.000
334.000,160.000,39.000,47.000
335.000,165.000,42.000,46.000
335.000,165.000,39.000,47.000
336.000,165.000,36.000,48.000
337.000,165.000,37.000,49.000
338.000,168.000,37.000,45.000
339.000,168.000,37.000,46.000
331.370,166.342,43.268,47.519
333.193,158.820,48.255,48.748
344.000,169.000,35.000,43.000
342.033,165.358,37.859,40.906
347.000,172.000,35.000,41.000
349.000,173.000,34.000,38.000
351.000,173.000,35.000,38.000
353.000,175.000,37.000,34.000
355.000,174.000,38.000,32.000
356.000,175.000,37.000,29.000
364.000,176.000,33.000,29.000
366.000,176.000,33.000,29.000
366.000,176.000,36.000,26.000
367.000,178.000,37.000,25.000
371.000,179.000,37.000,23.000
374.000,178.000,35.000,22.000
378.000,178.000,36.000,22.000
381.000,178.000,36.000,20.000
386.000,177.000,32.000,18.000
389.000,175.000,32.000,17.000
391.000,175.000,33.000,16.000
392.000,174.000,35.000,15.000
400.000,175.000,31.000,15.000
401.000,175.000,30.000,15.000
404.000,176.000,29.000,15.000
404.000,176.000,30.000,15.000
403.000,177.000,29.000,13.000
400.000,178.000,30.000,13.000
399.000,179.000,28.000,13.000
400.000,180.000,28.000,12.000
398.000,181.000,28.000,12.000
399.000,182.000,28.000,12.000
400.790,183.233,29.996,12.968
401.433,183.675,32.413,13.886
402.035,184.015,33.692,14.849
400.580,184.530,33.746,15.447
402.500,185.079,33.021,15.020
408.623,183.802,32.290,15.466
425.058,172.284,36.606,17.093
405.000,189.000,27.000,11.000
406.000,191.000,28.000,11.000
406.000,190.000,27.000,11.000
407.000,191.000,25.000,12.000
409.000,192.000,24.000,11.000
408.000,192.000,25.000,11.000
412.000,191.000,24.000,12.000
410.000,191.000,26.000,12.000
413.000,191.000,24.000,13.000
412.000,192.000,24.000,11.000
416.383,191.884,29.605,11.177
415.534,192.340,32.749,10.975
415.000,193.000,32.000,14.000
458.000,200.000,33.000,17.000
454.000,197.000,28.000,21.000
419.000,191.000,25.000,18.000
418.000,193.000,26.000,18.000
416.000,195.000,26.000,15.000
415.000,196.000,26.000,13.000
415.000,197.000,25.000,12.000
414.000,194.000,27.000,15.000
415.000,191.000,24.000,18.000
420.000,198.000,25.000,15.000
420.000,198.000,25.000,15.000
422.316,200.898,25.701,13.610
420.000,198.000,25.000,15.000
420.000,198.000,25.000,15.000
414.000,190.000,21.000,19.000
414.000,190.000,21.000,19.000
414.000,190.000,21.000,19.000
412.000,189.000,25.000,22.000
403.000,185.000,29.000,25.000
400.000,178.000,30.000,31.000
397.000,177.000,30.000,35.000
395.919,177.084,30.946,33.592
389.000,175.000,34.000,35.000
385.000,174.000,37.000,39.000
393.000,176.000,34.000,41.000
380.000,176.000,39.000,36.000
376.000,174.000,38.000,37.000
371.000,175.000,41.000,36.000
370.000,174.000,34.000,34.000
366.000,173.000,34.000,35.000
363.000,165.000,27.000,40.000
366.000,176.000,34.000,34.000
366.000,174.000,31.000,35.000
364.000,175.000,31.000,36.000
371.000,177.000,31.000,39.000
366.000,175.000,32.000,37.000
370.000,178.000,38.000,38.000
372.000,180.000,40.000,35.000
374.403,178.775,39.088,38.198
378.238,181.324,38.412,37.607
380.000,184.000,43.000,38.000
384.000,185.000,44.000,40.000
386.000,186.000,45.000,37.000
387.000,187.000,43.000,38.000
390.636,187.697,41.885,41.066
393.813,191.529,41.535,40.475
396.894,192.788,41.468,41.234
398.819,193.900,42.712,41.324
401.860,194.841,42.861,41.214
404.576,196.937,42.881,41.611
408.580,198.428,43.037,41.486
413.284,201.015,42.630,41.475
420.231,203.182,42.499,42.158
427.767,205.806,43.293,42.054
431.639,208.626,42.917,42.509
433.547,210.880,42.773,42.421
446.000,215.000,33.000,38.000
450.000,219.000,28.000,34.000
454.000,221.000,25.000,31.000
448.105,230.397,25.819,29.731
457.000,230.000,22.000,28.000
458.000,232.000,22.000,28.000
458.000,234.000,21.000,28.000
460.000,234.000,19.000,29.000
462.000,239.000,18.000,28.000
462.000,239.000,17.000,29.000
464.000,239.000,17.000,29.000
464.000,239.000,16.000,30.000
465.000,246.000,20.000,25.000
465.000,247.000,15.000,25.000
467.000,247.000,13.000,25.000
469.000,249.000,15.000,23.000
470.000,252.000,13.000,21.000
470.000,254.000,9.000,20.000
472.000,256.000,11.000,18.000
472.000,259.000,12.000,14.000
463.502,256.213,10.682,15.903
474.000,261.000,9.000,9.000
476.000,260.000,8.000,8.000
475.000,260.000,7.000,8.000
477.000,259.000,8.000,7.000
477.000,259.000,8.000,7.000
477.000,259.000,8.000,7.000
477.000,259.000,8.000,7.000
477.000,259.000,8.000,7.000
477.000,259.000,8.000,7.000
477.000,259.000,8.000,7.000
477.000,259.000,8.000,7.000
477.000,259.000,8.000,7.000
477.000,259.000,8.000,7.000
477.000,259.000,8.000,7.000
477.000,259.000,8.000,7.000
473.084,262.223,11.050,10.965
477.000,259.000,8.000,7.000
477.000,259.000,8.000,7.000
477.000,259.000,8.000,7.000
477.000,259.000,8.000,7.000
477.000,259.000,8.000,7.000
477.000,259.000,8.000,7.000
477.000,259.000,8.000,7.000
473.484,262.648,11.013,11.360
477.000,259.000,8.000,7.000
473.646,262.838,11.012,11.365
477.000,259.000,8.000,7.000
473.475,263.129,10.956,11.419
477.000,259.000,8.000,7.000
477.000,259.000,8.000,7.000
477.000,259.000,8.000,7.000
473.689,262.165,9.947,9.673
477.000,259.000,8.000,7.000
477.000,259.000,8.000,7.000
477.000,259.000,8.000,7.000
477.000,259.000,8.000,7.000
477.000,259.000,8.000,7.000
477.000,259.000,8.000,7.000
477.000,259.000,8.000,7.000
477.000,259.000,8.000,7.000
477.000,259.000,8.000,7.000
477.000,259.000,8.000,7.000
477.000,259.000,8.000,7.000
477.000,259.000,8.000,7.000
477.000,259.000,8.000,7.000
477.000,259.000,8.000,7.000
477.000,259.000,8.000,7.000
477.000,259.000,8.000,7.000
477.000,259.000,8.000,7.000
477.000,259.000,8.000,7.000
477.000,259.000,8.000,7.000
477.000,259.000,8.000,7.000
477.000,259.000,8.000,7.000
477.000,259.000,8.000,7.000
477.000,259.000,8.000,7.000
477.000,259.000,8.000,7.000
477.000,259.000,8.000,7.000
477.000,259.000,8.000,7.000
477.000,259.000,8.000,7.000
477.000,259.000,8.000,7.000
477.000,259.000,8.000,7.000
477.000,259.000,8.000,7.000
477.000,259.000,8.000,7.000
473.246,261.879,9.728,9.542
477.000,259.000,8.000,7.000
477.000,259.000,8.000,7.000
477.000,259.000,8.000,7.000
477.000,259.000,8.000,7.000
477.000,259.000,8.000,7.000
477.000,259.000,8.000,7.000
477.000,259.000,8.000,7.000
477.000,259.000,8.000,7.000
477.000,259.000,8.000,7.000
477.000,259.000,8.000,7.000
477.000,259.000,8.000,7.000
477.000,259.000,8.000,7.000
477.000,259.000,8.000,7.000
477.000,259.000,8.000,7.000
477.000,259.000,8.000,7.000
477.000,259.000,8.000,7.000
477.000,259.000,8.000,7.000
477.000,259.000,8.000,7.000
477.000,259.000,8.000,7.000
477.000,259.000,8.000,7.000
477.000,259.000,8.000,7.000
477.000,259.000,8.000,7.000
477.000,259.000,8.000,7.000
477.000,259.000,8.000,7.000
477.000,259.000,8.000,7.000
477.000,259.000,8.000,7.000
477.000,259.000,8.000,7.000
477.000,259.000,8.000,7.000
477.000,259.000,8.000,7.000
477.000,259.000,8.000,7.000
477.000,259.000,8.000,7.000
472.720,262.060,9.668,9.620
477.000,259.000,8.000,7.000
477.000,259.000,8.000,7.000
477.000,259.000,8.000,7.000
477.000,259.000,8.000,7.000
477.000,259.000,8.000,7.000
477.000,259.000,8.000,7.000
477.000,259.000,8.000,7.000
477.000,259.000,8.000,7.000
477.000,259.000,8.000,7.000
477.000,259.000,8.000,7.000
477.000,259.000,8.000,7.000
477.000,259.000,8.000,7.000
477.000,259.000,8.000,7.000
477.000,259.000,8.000,7.000
477.000,259.000,8.000,7.000
477.000,259.000,8.000,7.000
477.000,259.000,8.000,7.000
477.000,259.000,8.000,7.000
477.000,259.000,8.000,7.000
477.000,259.000,8.000,7.000
477.000,259.000,8.000,7.000
477.000,259.000,8.000,7.000
477.000,259.000,8.000,7.000
477.000,259.000,8.000,7.000
477.000,259.000,8.000,7.000
477.000,259.000,8.000,7.000
477.000,259.000,8.000,7.000
477.000,259.000,8.000,7.000
477.000,259.000,8.000,7.000
477.000,259.000,8.000,7.000
477.000,259.000,8.000,7.000
472.393,262.273,9.720,9.670
477.000,259.000,8.000,7.000
477.000,259.000,8.000,7.000
477.000,259.000,8.000,7.000
477.000,259.000,8.000,7.000
477.000,259.000,8.000,7.000
477.000,259.000,8.000,7.000
477.000,259.000,8.000,7.000
477.000,259.000,8.000,7.000
477.000,259.000,8.000,7.000
477.000,259.000,8.000,7.000
477.000,259.000,8.000,7.000
477.000,259.000,8.000,7.000
477.000,259.000,8.000,7.000
477.000,259.000,8.000,7.000
477.000,259.000,8.000,7.000
477.000,259.000,8.000,7.000
477.000,259.000,8.000,7.000
477.000,259.000,8.000,7.000
477.000,259.000,8.000,7.000
477.000,259.000,8.000,7.000
477.000,259.000,8.000,7.000
477.000,259.000,8.000,7.000
477.000,259.000,8.000,7.000
477.000,259.000,8.000,7.000
477.000,259.000,8.000,7.000
477.000,259.000,8.000,7.000
477.000,259.000,8.000,7.000
477.000,259.000,8.000,7.000
477.000,259.000,8.000,7.000
477.000,259.000,8.000,7.000
477.000,259.000,8.000,7.000
472.146,262.280,9.526,9.717
477.000,259.000,8.000,7.000
477.000,259.000,8.000,7.000
477.000,259.000,8.000,7.000
477.000,259.000,8.000,7.000
477.000,259.000,8.000,7.000
477.000,259.000,8.000,7.000
477.000,259.000,8.000,7.000
477.000,259.000,8.000,7.000
477.000,259.000,8.000,7.000
477.000,259.000,8.000,7.000
477.000,259.000,8.000,7.000
477.000,259.000,8.000,7.000
477.000,259.000,8.000,7.000
477.000,259.000,8.000,7.000
477.000,259.000,8.000,7.000
477.000,259.000,8.000,7.000
477.000,259.000,8.000,7.000
477.000,259.000,8.000,7.000
477.000,259.000,8.000,7.000
477.000,259.000,8.000,7.000
477.000,259.000,8.000,7.000
477.000,259.000,8.000,7.000
477.000,259.000,8.000,7.000
477.000,259.000,8.000,7.000
477.000,259.000,8.000,7.000
477.000,259.000,8.000,7.000
477.000,259.000,8.000,7.000
477.000,259.000,8.000,7.000
477.000,259.000,8.000,7.000
477.000,259.000,8.000,7.000
477.000,259.000,8.000,7.000
473.166,262.314,9.697,9.733
477.000,259.000,8.000,7.000
477.000,259.000,8.000,7.000
477.000,259.000,8.000,7.000
477.000,259.000,8.000,7.000
477.000,259.000,8.000,7.000
477.000,259.000,8.000,7.000
477.000,259.000,8.000,7.000
477.000,259.000,8.000,7.000
477.000,259.000,8.000,7.000
477.000,259.000,8.000,7.000
477.000,259.000,8.000,7.000
477.000,259.000,8.000,7.000
477.000,259.000,8.000,7.000
477.000,259.000,8.000,7.000
477.000,259.000,8.000,7.000
477.000,259.000,8.000,7.000
477.000,259.000,8.000,7.000
477.000,259.000,8.000,7.000
477.000,259.000,8.000,7.000
477.000,259.000,8.000,7.000
477.000,259.000,8.000,7.000
477.000,259.000,8.000,7.000
477.000,259.000,8.000,7.000
477.000,259.000,8.000,7.000
477.000,259.000,8.000,7.000
477.000,259.000,8.000,7.000
477.000,259.000,8.000,7.000
477.000,259.000,8.000,7.000
477.000,259.000,8.000,7.000
477.000,259.000,8.000,7.000
477.000,259.000,8.000,7.000
472.695,262.076,9.631,9.785
477.000,259.000,8.000,7.000
477.000,259.000,8.000,7.000
477.000,259.000,8.000,7.000
477.000,259.000,8.000,7.000
477.000,259.000,8.000,7.000
477.000,259.000,8.000,7.000
477.000,259.000,8.000,7.000
477.000,259.000,8.000,7.000
477.000,259.000,8.000,7.000
477.000,259.000,8.000,7.000
477.000,259.000,8.000,7.000
477.000,259.000,8.000,7.000
477.000,259.000,8.000,7.000
477.000,259.000,8.000,7.000
477.000,259.000,8.000,7.000
477.000,259.000,8.000,7.000
477.000,259.000,8.000,7.000
477.000,259.000,8.000,7.000
477.000,259.000,8.000,7.000
477.000,259.000,8.000,7.000
477.000,259.000,8.000,7.000
477.000,259.000,8.000,7.000
477.000,259.000,8.000,7.000
477.000,259.000,8.000,7.000
477.000,259.000,8.000,7.000
477.000,259.000,8.000,7.000
477.000,259.000,8.000,7.000
477.000,259.000,8.000,7.000
477.000,259.000,8.000,7.000
477.000,259.000,8.000,7.000
477.000,259.000,8.000,7.000
473.274,262.389,9.725,9.743
477.000,259.000,8.000,7.000
477.000,259.000,8.000,7.000
477.000,259.000,8.000,7.000
477.000,259.000,8.000,7.000
477.000,259.000,8.000,7.000
477.000,259.000,8.000,7.000
477.000,259.000,8.000,7.000
477.000,259.000,8.000,7.000
477.000,259.000,8.000,7.000
477.000,259.000,8.000,7.000
477.000,259.000,8.000,7.000
477.000,259.000,8.000,7.000
477.000,259.000,8.000,7.000
477.000,259.000,8.000,7.000
477.000,259.000,8.000,7.000
477.000,259.000,8.000,7.000
477.000,259.000,8.000,7.000
477.000,259.000,8.000,7.000
477.000,259.000,8.000,7.000
477.000,259.000,8.000,7.000
477.000,259.000,8.000,7.000
477.000,259.000,8.000,7.000
477.000,259.000,8.000,7.000
477.000,259.000,8.000,7.000
477.000,259.000,8.000,7.000
477.000,259.000,8.000,7.000
477.000,259.000,8.000,7.000
477.000,259.000,8.000,7.000
477.000,259.000,8.000,7.000
477.000,259.000,8.000,7.000
477.000,259.000,8.000,7.000
473.857,262.349,9.768,9.753
477.000,259.000,8.000,7.000
477.000,259.000,8.000,7.000
477.000,259.000,8.000,7.000
477.000,259.000,8.000,7.000
477.000,259.000,8.000,7.000
477.000,259.000,8.000,7.000
477.000,259.000,8.000,7.000
477.000,259.000,8.000,7.000
477.000,259.000,8.000,7.000
477.000,259.000,8.000,7.000
477.000,259.000,8.000,7.000
477.000,259.000,8.000,7.000
477.000,259.000,8.000,7.000
477.000,259.000,8.000,7.000
477.000,259.000,8.000,7.000
477.000,259.000,8.000,7.000
477.000,259.000,8.000,7.000
477.000,259.000,8.000,7.000
477.000,259.000,8.000,7.000
477.000,259.000,8.000,7.000
477.000,259.000,8.000,7.000
477.000,259.000,8.000,7.000
477.000,259.000,8.000,7.000
477.000,259.000,8.000,7.000
477.000,259.000,8.000,7.000
477.000,259.000,8.000,7.000
477.000,259.000,8.000,7.000
477.000,259.000,8.000,7.000
477.000,259.000,8.000,7.000
477.000,259.000,8.000,7.000
477.000,259.000,8.000,7.000
472.117,261.610,10.031,9.486
477.000,259.000,8.000,7.000
477.000,259.000,8.000,7.000
477.000,259.000,8.000,7.000
477.000,259.000,8.000,7.000
477.000,259.000,8.000,7.000
477.000,259.000,8.000,7.000
477.000,259.000,8.000,7.000
477.000,259.000,8.000,7.000
477.000,259.000,8.000,7.000
477.000,259.000,8.000,7.000
477.000,259.000,8.000,7.000
477.000,259.000,8.000,7.000
477.000,259.000,8.000,7.000
477.000,259.000,8.000,7.000
477.000,259.000,8.000,7.000
477.000,259.000,8.000,7.000
477.000,259.000,8.000,7.000
477.000,259.000,8.000,7.000
477.000,259.000,8.000,7.000
477.000,259.000,8.000,7.000
477.000,259.000,8.000,7.000
477.000,259.000,8.000,7.000
477.000,259.000,8.000,7.000
477.000,259.000,8.000,7.000
477.000,259.000,8.000,7.000
477.000,259.000,8.000,7.000
477.000,259.000,8.000,7.000
477.000,259.000,8.000,7.000
477.000,259.000,8.000,7.000
477.000,259.000,8.000,7.000
477.000,259.000,8.000,7.000
473.681,262.135,9.805,9.614
477.000,259.000,8.000,7.000
477.000,259.000,8.000,7.000
477.000,259.000,8.000,7.000
477.000,259.000,8.000,7.000
477.000,259.000,8.000,7.000
477.000,259.000,8.000,7.000
477.000,259.000,8.000,7.000
477.000,259.000,8.000,7.000
477.000,259.000,8.000,7.000
477.000,259.000,8.000,7.000
477.000,259.000,8.000,7.000
477.000,259.000,8.000,7.000
477.000,259.000,8.000,7.000
477.000,259.000,8.000,7.000
477.000,259.000,8.000,7.000
477.000,259.000,8.000,7.000
477.000,259.000,8.000,7.000
477.000,259.000,8.000,7.000
477.000,259.000,8.000,7.000
477.000,259.000,8.000,7.000
477.000,259.000,8.000,7.000
477.000,259.000,8.000,7.000
477.000,259.000,8.000,7.000
477.000,259.000,8.000,7.000
477.000,259.000,8.000,7.000
477.000,259.000,8.000,7.000
477.000,259.000,8.000,7.000
477.000,259.000,8.000,7.000
477.000,259.000,8.000,7.000
477.000,259.000,8.000,7.000
477.000,259.000,8.000,7.000
473.559,261.828,10.290,9.531
477.000,259.000,8.000,7.000
477.000,259.000,8.000,7.000
477.000,259.000,8.000,7.000
477.000,259.000,8.000,7.000
477.000,259.000,8.000,7.000
477.000,259.000,8.000,7.000
477.000,259.000,8.000,7.000
477.000,259.000,8.000,7.000
477.000,259.000,8.000,7.000
477.000,259.000,8.000,7.000
477.000,259.000,8.000,7.000
477.000,259.000,8.000,7.000
477.000,259.000,8.000,7.000
477.000,259.000,8.000,7.000
477.000,259.000,8.000,7.000
477.000,259.000,8.000,7.000
477.000,259.000,8.000,7.000
477.000,259.000,8.000,7.000
477.000,259.000,8.000,7.000
477.000,259.000,8.000,7.000
477.000,259.000,8.000,7.000
477.000,259.000,8.000,7.000
477.000,259.000,8.000,7.000
477.000,259.000,8.000,7.000
477.000,259.000,8.000,7.000
477.000,259.000,8.000,7.000
477.000,259.000,8.000,7.000
477.000,259.000,8.000,7.000
477.000,259.000,8.000,7.000
477.000,259.000,8.000,7.000
477.000,259.000,8.000,7.000
473.458,261.753,10.158,9.642
477.000,259.000,8.000,7.000
477.000,259.000,8.000,7.000
477.000,259.000,8.000,7.000
477.000,259.000,8.000,7.000
477.000,259.000,8.000,7.000
477.000,259.000,8.000,7.000
477.000,259.000,8.000,7.000
477.000,259.000,8.000,7.000
477.000,259.000,8.000,7.000
477.000,259.000,8.000,7.000
477.000,259.000,8.000,7.000
477.000,259.000,8.000,7.000
477.000,259.000,8.000,7.000
477.000,259.000,8.000,7.000
477.000,259.000,8.000,7.000
477.000,259.000,8.000,7.000
477.000,259.000,8.000,7.000
477.000,259.000,8.000,7.000
473.940,262.976,10.981,11.276
477.000,259.000,8.000,7.000
477.000,259.000,8.000,7.000
477.000,259.000,8.000,7.000
477.000,259.000,8.000,7.000
477.000,259.000,8.000,7.000
477.000,259.000,8.000,7.000
477.000,259.000,8.000,7.000
477.000,259.000,8.000,7.000
477.000,259.000,8.000,7.000
477.000,259.000,8.000,7.000
477.000,259.000,8.000,7.000
477.000,259.000,8.000,7.000
474.540,262.493,10.047,9.884
477.000,259.000,8.000,7.000
477.000,259.000,8.000,7.000
477.000,259.000,8.000,7.000
477.000,259.000,8.000,7.000
477.000,259.000,8.000,7.000
477.000,259.000,8.000,7.000
477.000,259.000,8.000,7.000
477.000,259.000,8.000,7.000
477.000,259.000,8.000,7.000
477.000,259.000,8.000,7.000
477.000,259.000,8.000,7.000
477.000,259.000,8.000,7.000
474.781,263.527,11.416,11.157
477.000,259.000,8.000,7.000
477.000,259.000,8.000,7.000
477.000,259.000,8.000,7.000
477.000,259.000,8.000,7.000
477.000,259.000,8.000,7.000
477.000,259.000,8.000,7.000
477.000,259.000,8.000,7.000
477.000,259.000,8.000,7.000
477.000,259.000,8.000,7.000
477.000,259.000,8.000,7.000
477.000,259.000,8.000,7.000
477.000,259.000,8.000,7.000
477.000,259.000,8.000,7.000
477.000,259.000,8.000,7.000
477.000,259.000,8.000,7.000
475.518,262.736,11.427,11.303
477.000,259.000,8.000,7.000
477.000,259.000,8.000,7.000
473.302,262.791,9.608,9.805
477.000,259.000,8.000,7.000
477.000,259.000,8.000,7.000
477.000,259.000,8.000,7.000
477.000,259.000,8.000,7.000
477.000,259.000,8.000,7.000
477.000,259.000,8.000,7.000
477.000,259.000,8.000,7.000
477.000,259.000,8.000,7.000
477.000,259.000,8.000,7.000
477.000,259.000,8.000,7.000
477.000,259.000,8.000,7.000
477.000,259.000,8.000,7.000
477.000,259.000,8.000,7.000
477.000,259.000,8.000,7.000
477.000,259.000,8.000,7.000
477.000,259.000,8.000,7.000
477.000,259.000,8.000,7.000
477.000,259.000,8.000,7.000
477.000,259.000,8.000,7.000
477.000,259.000,8.000,7.000
477.000,259.000,8.000,7.000
477.000,259.000,8.000,7.000
477.000,259.000,8.000,7.000
477.000,259.000,8.000,7.000
477.000,259.000,8.000,7.000
477.000,259.000,8.000,7.000
477.000,259.000,8.000,7.000
477.000,259.000,8.000,7.000
477.000,259.000,8.000,7.000
477.000,259.000,8.000,7.000
477.000,259.000,8.000,7.000
474.977,262.095,10.134,9.751
477.000,259.000,8.000,7.000
475.365,262.866,11.062,10.654
471.458,269.678,15.087,16.638
477.000,259.000,8.000,7.000
477.000,259.000,8.000,7.000
477.000,259.000,8.000,7.000
477.000,259.000,8.000,7.000
477.000,259.000,8.000,7.000
477.000,259.000,8.000,7.000
477.000,259.000,8.000,7.000
477.000,259.000,8.000,7.000
477.000,259.000,8.000,7.000
477.000,259.000,8.000,7.000
477.000,259.000,8.000,7.000
477.000,259.000,8.000,7.000
477.000,259.000,8.000,7.000
477.000,259.000,8.000,7.000
477.000,259.000,8.000,7.000
477.000,259.000,8.000,7.000
477.000,259.000,8.000,7.000
477.000,259.000,8.000,7.000
477.000,259.000,8.000,7.000
477.000,259.000,8.000,7.000
477.000,259.000,8.000,7.000
477.000,259.000,8.000,7.000
477.000,259.000,8.000,7.000
477.000,259.000,8.000,7.000
477.000,259.000,8.000,7.000
477.000,259.000,8.000,7.000
477.000,259.000,8.000,7.000
477.000,259.000,8.000,7.000
475.275,262.196,10.215,9.833
477.000,259.000,8.000,7.000
477.000,259.000,8.000,7.000
477.000,259.000,8.000,7.000
477.000,259.000,8.000,7.000
477.000,259.000,8.000,7.000
477.000,259.000,8.000,7.000
477.000,259.000,8.000,7.000
477.000,259.000,8.000,7.000
477.000,259.000,8.000,7.000
477.000,259.000,8.000,7.000
477.000,259.000,8.000,7.000
477.000,259.000,8.000,7.000
477.000,259.000,8.000,7.000
477.000,259.000,8.000,7.000
477.000,259.000,8.000,7.000
477.000,259.000,8.000,7.000
477.000,259.000,8.000,7.000
477.000,259.000,8.000,7.000
475.778,263.080,11.129,11.479
477.000,259.000,8.000,7.000
477.000,259.000,8.000,7.000
477.000,259.000,8.000,7.000
477.000,259.000,8.000,7.000
477.000,259.000,8.000,7.000
477.000,259.000,8.000,7.000
477.000,259.000,8.000,7.000
477.000,259.000,8.000,7.000
477.000,259.000,8.000,7.000
477.000,259.000,8.000,7.000
477.000,259.000,8.000,7.000
477.000,259.000,8.000,7.000
474.946,262.371,9.988,9.989
477.000,259.000,8.000,7.000
477.000,259.000,8.000,7.000
477.000,259.000,8.000,7.000
477.000,259.000,8.000,7.000
477.000,259.000,8.000,7.000
477.000,259.000,8.000,7.000
477.000,259.000,8.000,7.000
472.369,262.678,11.525,10.279
477.000,259.000,8.000,7.000
477.000,259.000,8.000,7.000
477.000,259.000,8.000,7.000
477.000,259.000,8.000,7.000
477.000,259.000,8.000,7.000
477.000,259.000,8.000,7.000
477.000,259.000,8.000,7.000
477.000,259.000,8.000,7.000
477.000,259.000,8.000,7.000
477.000,259.000,8.000,7.000
477.000,259.000,8.000,7.000
477.000,259.000,8.000,7.000
477.000,259.000,8.000,7.000
477.000,259.000,8.000,7.000
477.000,259.000,8.000,7.000
477.000,259.000,8.000,7.000
477.000,259.000,8.000,7.000
477.000,259.000,8.000,7.000
477.000,259.000,8.000,7.000
477.000,259.000,8.000,7.000
477.000,259.000,8.000,7.000
477.000,259.000,8.000,7.000
477.000,259.000,8.000,7.000
469.846,259.899,9.245,8.610
470.167,261.689,13.056,12.686
470.159,261.832,16.446,16.703
464.864,259.469,20.075,21.387
459.196,246.267,23.214,24.951
450.987,228.982,27.171,27.748
446.067,229.300,30.057,28.430
444.223,229.232,31.329,27.952
444.432,229.284,31.122,26.755
442.523,228.614,31.132,26.445
441.407,229.759,31.168,25.573
438.496,230.154,31.535,25.480
436.871,231.954,31.211,25.222
435.908,233.286,31.193,25.864
436.226,235.229,32.075,26.642
433.851,237.625,32.266,27.199
434.545,240.591,32.731,27.432
432.868,242.358,32.768,27.690
432.995,246.419,33.243,27.447
430.895,248.000,32.537,28.441
431.069,246.786,33.123,28.605
432.129,250.012,33.988,27.916
428.503,251.761,33.709,29.699
431.040,249.808,33.410,29.073
428.343,251.370,34.581,30.051
430.752,252.492,34.364,30.635
431.454,252.729,34.398,30.916
430.084,252.398,34.723,31.527
430.111,252.909,35.197,31.905
429.595,253.664,35.976,32.517
429.653,252.948,36.489,32.821
429.971,254.830,37.512,33.173
431.746,254.294,37.967,34.321
433.053,256.007,40.008,35.039
435.590,255.040,41.191,35.916
433.596,253.261,41.534,36.630
434.238,252.985,42.975,37.459
433.532,252.538,43.875,38.046
433.198,252.792,44.525,38.514
432.680,253.523,44.263,38.476
433.471,253.804,44.332,39.258
433.641,254.504,44.018,39.447
433.885,253.000,44.027,40.058
434.783,254.942,43.834,41.640
435.622,253.340,42.851,41.163
436.280,256.621,42.840,42.472
436.509,254.646,41.979,41.988
437.701,256.950,41.573,41.491
437.754,255.127,40.918,41.132
437.471,256.647,41.564,41.550
438.871,256.912,40.522,40.315
438.192,258.458,40.411,39.969
439.399,257.642,38.829,39.250
440.593,257.976,38.659,38.323
441.019,260.125,38.217,38.640
441.730,260.049,37.601,38.007
444.397,259.971,36.545,36.650
442.061,262.247,37.257,34.803
446.424,261.149,34.965,33.964
442.923,264.136,36.409,33.175
447.960,260.197,34.725,32.630
443.594,263.746,35.239,31.796
446.302,262.182,34.618,31.024
445.520,263.444,33.670,30.535
448.072,262.986,31.992,30.002
449.258,266.087,31.633,29.661
449.413,261.055,31.226,30.637
447.779,265.514,32.927,30.248
449.719,258.765,31.296,29.985
448.703,262.818,31.304,28.802
450.303,261.032,29.495,27.493
452.071,262.887,29.227,25.289
452.145,260.911,26.380,22.648
454.425,263.156,26.945,22.714
453.863,261.028,26.208,21.731
455.412,261.927,24.008,22.049
456.553,259.580,24.494,21.872
457.331,259.298,22.813,21.780
458.698,261.384,22.715,21.331
458.819,256.615,22.428,22.264
458.577,261.423,21.202,25.115
459.830,250.597,22.331,26.103
457.023,255.094,19.256,32.286
461.612,249.582,23.612,34.428
460.606,248.686,22.166,37.956
456.062,244.800,21.194,41.241
453.268,240.924,24.789,43.625
467.000,248.000,12.000,24.000
460.199,247.812,13.548,25.168
451.807,246.109,16.191,24.554
467.000,248.000,12.000,24.000
467.000,248.000,12.000,24.000
455.000,250.769,13.188,26.421
467.000,248.000,12.000,24.000
467.000,248.000,12.000,24.000
467.000,248.000,12.000,24.000
462.269,247.387,14.213,25.586
467.000,248.000,12.000,24.000
467.000,248.000,12.000,24.000
467.000,248.000,12.000,24.000
431.000,214.000,14.000,26.000
431.000,214.000,14.000,26.000
431.000,214.000,14.000,26.000
431.000,214.000,14.000,26.000
431.000,214.000,14.000,26.000
431.000,214.000,14.000,26.000
431.000,214.000,14.000,26.000
431.000,214.000,14.000,26.000
431.000,214.000,14.000,26.000
431.000,214.000,14.000,26.000
431.000,214.000,14.000,26.000
431.000,214.000,14.000,26.000
431.000,214.000,14.000,26.000
431.000,214.000,14.000,26.000
431.000,214.000,14.000,26.000
431.000,214.000,14.000,26.000
431.000,214.000,14.000,26.000
431.000,214.000,14.000,26.000
431.000,214.000,14.000,26.000
421.000,208.000,14.000,29.000
425.000,207.000,10.000,31.000
425.000,207.000,13.000,30.000
425.000,207.000,13.000,30.000
428.000,206.000,13.000,31.000
421.331,199.750,16.044,29.602
414.987,201.472,17.287,29.233
412.866,200.388,18.103,29.064
414.741,200.530,20.606,29.212
412.200,199.477,23.412,29.672
414.299,199.553,24.513,30.074
414.925,198.884,25.716,30.413
416.787,198.230,26.765,29.935
417.587,198.615,28.130,30.174
417.544,199.219,28.687,30.324
420.740,198.751,29.214,30.425
421.862,198.043,29.734,29.992
422.298,198.667,30.591,30.381
423.137,199.085,30.813,30.506
426.480,200.070,30.988,30.812
428.120,198.658,31.828,30.234
429.466,200.088,31.326,31.775
430.869,197.863,32.939,31.017
431.584,199.311,32.910,32.184
434.781,199.496,33.846,31.943
437.792,198.852,32.414,32.946
439.747,198.472,32.968,32.559
440.501,198.518,34.202,32.371
442.083,199.663,33.779,32.823
443.075,198.464,33.650,32.847
444.054,199.144,32.739,32.683
442.072,199.136,32.230,32.232
443.907,199.003,32.889,31.823
444.325,198.766,32.675,32.145
445.799,197.218,33.284,32.389
445.113,198.833,33.510,33.655
441.612,196.990,34.731,34.105
447.763,197.702,34.909,33.773
444.861,198.349,33.878,37.664
450.045,195.605,31.836,36.210
446.117,196.539,32.909,39.007
450.001,190.134,33.981,40.997
437.286,185.160,33.821,45.988
449.686,187.170,44.183,48.973
426.899,165.602,44.012,50.670
421.801,152.649,48.383,56.613
414.281,144.321,54.273,68.817
421.210,123.521,56.844,89.599
418.669,96.259,58.547,100.352
419.639,69.483,61.364,120.065
414.838,50.293,61.636,133.248
417.277,54.905,62.270,136.189
415.883,50.906,60.633,140.514
417.088,56.026,63.409,140.802
420.131,53.190,62.806,147.143
417.553,49.576,63.044,152.017
411.283,41.950,66.962,149.609
475.000,213.000,12.000,29.000
457.000,180.000,17.000,28.000
457.000,180.000,17.000,28.000
457.000,172.000,22.000,29.000
457.000,169.000,22.000,33.000
457.000,162.000,23.000,38.000
456.000,154.000,25.000,38.000
454.000,154.000,29.000,38.000
425.000,171.166,33.884,48.789
403.661,189.590,39.727,55.734
366.444,197.902,49.699,53.707
367.441,196.412,49.206,50.958
374.566,194.090,47.105,45.914
377.412,195.344,43.639,41.635
377.857,195.632,43.441,39.092
379.393,195.651,43.140,36.874
382.278,196.121,43.800,34.535
385.894,196.854,41.947,32.867
388.485,196.980,41.735,32.421
389.887,196.616,40.294,32.591
391.764,196.765,40.490,32.229
392.621,196.119,40.302,31.934
394.789,196.069,40.929,31.781
397.747,195.932,40.585,31.353
400.230,196.289,40.004,30.637
402.597,196.044,40.059,30.561
403.620,196.556,40.349,30.487
405.241,196.044,41.352,30.877
408.371,196.039,41.739,31.048
410.654,196.916,41.398,31.001
413.626,196.342,41.539,31.230
415.789,196.340,40.750,30.977
417.532,196.631,41.307,30.759
420.768,196.515,41.966,31.267
424.296,196.259,40.979,31.542
427.641,196.054,39.878,31.375
430.243,196.030,40.063,31.482
432.614,195.789,39.992,31.584
434.235,195.289,39.588,31.474
436.035,194.923,40.480,31.472
438.329,194.837,40.783,31.940
440.315,195.343,39.843,31.327
442.338,196.257,37.138,30.690
443.590,196.531,35.213,30.853
444.363,196.633,34.430,30.666
447.138,196.767,33.731,30.138
448.833,197.659,32.334,30.209
450.270,198.219,30.789,29.985
456.000,197.000,25.000,26.000
456.000,197.000,23.000,27.000
460.000,197.000,21.000,26.000
462.000,197.000,19.000,26.000
463.000,195.000,18.000,29.000
466.000,196.000,17.000,27.000
466.000,196.000,17.000,27.000
466.000,196.000,17.000,27.000
466.000,196.000,17.000,27.000
466.000,196.000,17.000,27.000
466.000,196.000,17.000,27.000
466.000,196.000,17.000,27.000
451.293,172.637,18.370,29.906
447.774,162.037,21.064,29.799
451.614,157.758,23.278,33.059
456.431,154.595,23.421,36.204
460.173,151.041,21.498,40.353
461.697,151.317,19.839,41.558
463.118,150.839,18.100,42.011
461.366,151.974,17.152,44.737
462.876,161.120,18.073,52.659
459.352,157.129,20.267,54.270
458.016,150.601,23.958,55.773
447.651,160.866,26.155,63.265
464.337,168.122,49.438,81.200
454.000,177.000,25.000,28.000
450.247,177.724,30.571,34.304
458.000,177.000,23.000,29.000
460.000,177.000,22.000,28.000
461.000,178.000,21.000,27.000
453.483,176.518,23.722,34.359
447.773,177.394,29.910,42.581
423.922,198.684,34.778,51.347
435.866,202.341,51.507,56.634
422.273,210.444,53.152,65.471
421.726,184.964,55.434,66.431
416.436,183.080,60.620,70.245
411.693,179.854,72.065,72.646
398.987,184.126,79.908,79.012
377.989,185.763,90.002,79.122
362.179,180.220,103.237,78.442
353.058,182.841,107.571,78.227
350.560,181.284,108.141,78.771
351.249,185.374,110.190,78.626
350.352,179.357,110.627,78.448
345.146,180.610,109.556,78.139
335.633,169.453,111.063,79.948
310.853,161.916,106.072,78.012
290.364,158.272,106.989,73.703
290.102,159.206,106.069,71.023
294.849,159.424,105.045,69.952
300.520,162.703,101.152,68.559
298.714,164.036,100.294,69.720
299.363,160.090,98.432,70.759
306.625,163.552,95.272,69.787
307.835,163.941,92.777,71.371
307.981,163.577,90.889,72.966
310.348,164.234,89.022,73.785
309.146,164.167,89.422,76.427
307.719,163.409,91.568,73.619
309.976,163.691,90.732,72.664
309.860,162.490,89.618,72.246
314.203,164.016,86.978,70.177
313.005,163.211,85.764,70.709
317.503,162.470,78.740,69.983
320.977,163.754,75.302,65.016
326.137,162.895,71.999,63.580
332.518,163.158,68.997,61.479
335.919,164.148,64.056,62.233
336.179,166.240,62.884,59.482
340.640,163.554,60.536,57.169
341.701,166.510,58.532,54.045
343.017,167.123,56.070,52.956
343.806,166.637,55.458,52.949
343.608,168.922,54.945,51.650
341.721,172.259,55.643,51.735
348.518,170.871,55.377,52.446
347.047,169.976,53.700,52.320
345.340,170.211,53.642,52.333
346.480,169.447,53.121,51.830
344.728,169.183,53.166,52.564
346.814,168.979,53.163,51.928
345.884,168.828,52.686,51.253
346.359,169.919,52.133,51.304
347.327,169.198,51.500,51.563
346.375,169.332,51.518,51.280
348.739,166.271,50.551,52.391
348.874,167.755,49.827,50.673
348.870,166.683,49.506,50.123
349.922,165.694,48.108,48.660
350.654,164.494,47.719,48.229
353.916,163.917,47.209,46.800
357.040,163.894,45.762,45.411
355.502,160.175,45.903,44.669
357.397,159.982,46.244,45.065
360.623,160.267,45.106,44.435
361.344,160.508,44.512,44.678
369.348,158.371,43.589,46.077
371.670,152.360,43.436,44.408
371.174,152.149,44.382,42.899
371.771,152.850,44.183,42.052
374.143,152.925,44.187,42.068
375.135,152.666,43.800,41.677
377.354,152.901,43.099,41.110
379.640,153.080,42.899,41.303
379.569,150.472,43.305,40.856
378.992,151.763,43.408,39.828
381.095,151.039,43.074,40.078
381.615,150.433,43.906,39.700
382.755,148.978,44.228,40.071
382.676,150.432,45.727,40.766
383.813,150.824,46.204,40.370
384.700,151.115,45.712,39.937
386.196,151.318,45.023,39.614
389.529,152.467,43.742,39.127
390.990,152.227,42.823,39.016
391.829,151.690,42.806,38.704
393.220,151.276,43.267,38.555
394.744,149.938,43.214,39.055
394.894,149.692,43.326,38.877
395.091,149.122,43.738,38.949
395.827,148.821,44.292,38.438
397.789,148.395,44.787,38.637
398.565,147.465,45.040,38.569
400.410,147.076,45.108,39.359
400.847,146.637,45.611,39.900
402.398,145.435,46.370,40.925
402.957,145.877,46.547,40.485
404.539,145.034,46.509,41.451
404.668,144.629,47.546,42.575
407.268,145.227,46.824,43.346
407.691,144.142,46.740,43.412
409.398,143.313,46.827,44.094
410.908,143.714,47.193,44.196
412.295,142.067,47.475,44.350
414.096,141.030,47.088,44.353
415.550,141.251,46.478,43.910
416.293,140.113,46.837,43.952
418.517,141.131,45.903,43.334
420.216,139.759,46.202,43.004
420.791,138.038,47.020,42.718
422.110,137.766,47.372,42.685
425.303,137.293,47.225,43.673
427.769,136.051,47.303,44.238
429.395,133.282,47.038,45.179
431.502,131.210,47.271,45.535
432.672,129.807,46.365,44.412
434.601,127.843,45.457,43.761
437.062,126.589,44.122,42.000
432.259,122.717,44.358,39.593
425.024,122.918,48.931,37.598
415.777,121.009,52.983,35.791
397.253,119.324,59.531,35.817
369.856,125.344,68.060,35.318
360.500,126.942,71.281,33.685
364.440,124.469,73.640,32.494
365.626,124.329,75.489,30.998
364.311,123.331,74.529,30.147
365.705,122.909,73.037,28.865
368.287,122.523,71.878,28.436
371.123,122.005,72.752,28.221
370.230,121.473,74.004,28.597
373.512,120.886,74.805,28.833
374.787,119.397,75.659,29.745
374.946,118.648,75.595,29.946
375.683,120.048,74.675,29.744
378.105,119.285,76.196,29.790
377.700,118.951,78.885,30.445
378.514,118.811,80.640,31.224
378.986,117.940,80.531,32.721
380.261,117.370,81.235,33.191
381.659,117.044,81.075,33.519
382.374,115.364,81.078,33.825
382.732,115.974,80.893,33.513
382.297,114.864,81.248,33.338
384.115,114.426,80.197,32.929
383.928,114.298,80.278,32.968
384.602,113.452,79.354,32.465
384.766,113.522,78.690,32.388
386.466,112.929,77.808,31.966
386.410,111.782,77.289,32.792
386.578,111.217,77.821,32.430
386.080,111.545,78.215,32.530
385.580,111.453,77.713,32.169
386.331,110.834,76.987,31.383
386.716,109.881,76.607,31.821
387.025,109.685,76.594,31.318
387.083,109.397,77.038,31.374
386.278,108.866,78.067,30.926
387.751,108.590,77.284,30.682
387.861,107.510,77.224,31.226
386.940,106.477,78.161,31.561
387.734,106.227,78.555,32.181
387.480,105.959,79.230,32.982
387.561,104.556,78.648,33.282
386.995,104.505,78.196,33.666
388.301,104.018,77.080,33.241
388.218,101.559,76.751,34.608
388.119,102.343,76.450,34.516
388.643,99.747,75.696,34.526
389.012,99.849,77.017,34.736
389.768,97.643,76.452,34.911
388.269,97.143,76.349,34.546
390.756,96.133,74.329,33.543
391.961,95.576,73.972,33.390
392.512,94.970,74.266,32.817
391.731,93.458,73.648,32.638
392.726,93.119,74.575,31.972
394.202,91.949,73.394,31.741
393.990,90.904,73.078,31.503
395.067,89.777,73.077,31.298
395.062,89.408,74.125,31.232
395.895,88.109,72.947,31.786
397.553,88.306,72.915,32.015
400.151,87.179,71.530,32.130
400.334,87.102,72.277,32.592
399.458,85.557,72.501,33.025
401.234,84.230,72.256,32.783
400.554,83.818,72.681,32.973
401.535,81.726,71.487,32.173
401.913,81.497,71.512,31.818
403.436,80.909,70.452,31.392
403.238,80.959,69.637,31.049
404.226,79.699,68.207,30.989
405.326,78.673,66.168,31.043
405.082,77.706,65.039,31.200
406.177,77.481,65.583,31.139
404.872,77.133,66.884,31.896
406.614,76.200,66.342,32.480
406.470,74.775,66.283,33.518
407.655,73.621,67.046,34.307
408.843,73.012,66.294,34.558
409.151,71.345,66.243,35.099
410.984,70.323,65.891,35.966
410.726,70.050,65.800,36.323
411.798,68.138,64.108,36.235
412.385,66.705,63.120,36.226
413.153,68.055,62.260,36.451
413.054,67.966,61.845,36.582
414.863,65.620,60.952,36.173
415.925,63.841,59.983,36.726
417.166,58.522,59.164,37.910
416.605,61.967,57.324,39.821
420.019,57.999,57.302,38.803
420.662,61.654,56.258,39.189
421.938,58.939,56.453,38.678
422.273,58.082,55.688,38.093
423.409,56.162,56.100,37.701
424.189,55.530,54.011,38.397
424.913,54.815,53.566,37.925
425.487,51.620,52.644,39.105
426.639,46.947,51.225,40.270
425.080,47.007,51.272,42.313
425.536,44.156,51.488,43.883
425.659,41.931,51.809,45.041
425.981,41.298,51.743,46.016
427.428,41.848,49.158,46.953
428.295,42.053,49.262,47.679
428.627,38.036,49.344,48.711
430.033,38.081,48.492,48.930
429.884,36.589,47.909,49.294
429.521,37.235,48.605,49.910
429.525,34.607,49.491,49.683
429.861,32.962,49.322,49.033
430.120,30.308,48.222,49.988
430.487,33.352,48.612,50.533
429.688,32.425,49.764,50.041
426.975,27.479,50.039,49.841
425.243,25.178,50.432,52.007
457.000,49.000,22.000,14.000
454.000,48.000,24.000,14.000
452.123,47.752,24.034,13.405
449.587,46.565,24.252,12.980
447.141,45.900,24.779,13.048
445.393,44.984,24.361,13.037
444.116,44.125,24.203,12.947
441.224,43.475,24.425,13.017
440.284,42.502,24.381,12.615
439.299,42.252,23.902,12.751
437.556,41.419,23.610,12.824
435.075,40.426,24.584,13.013
432.451,39.728,24.453,12.699
430.408,38.776,23.330,12.398
427.876,37.180,24.085,12.515
427.654,37.295,23.713,12.418
426.489,36.683,24.624,12.359
424.531,35.472,24.172,12.260
422.297,35.805,23.614,12.138
419.266,34.501,23.949,12.341
417.054,35.389,24.308,12.410
414.276,35.945,24.171,12.245
410.135,36.566,23.790,12.243
405.154,37.417,23.385,12.120
399.215,38.979,22.939,12.003
391.613,41.201,22.388,12.298
381.758,43.347,22.450,13.043
374.161,45.217,22.316,13.383
366.779,53.285,23.443,13.836
361.058,55.773,23.106,13.250
357.138,62.875,23.409,14.211
353.523,65.820,24.131,13.949
351.089,71.008,23.620,14.000
349.779,73.648,23.066,13.450
350.227,79.238,24.089,13.853
350.668,79.768,24.030,13.224
349.099,81.831,24.705,13.216
349.713,82.085,24.458,12.835
349.118,83.425,24.273,12.604
349.307,84.855,23.733,12.934
347.002,85.946,23.198,12.936
346.547,87.620,23.250,12.903
343.339,89.751,23.421,12.717
341.080,91.860,22.798,12.639
337.151,94.311,22.443,12.876
331.676,97.675,22.721,13.564
327.488,100.881,22.790,13.536
320.214,101.974,23.405,13.966
313.096,105.201,24.277,14.137
302.230,113.343,25.684,14.362
297.935,117.892,25.188,14.468
292.996,122.965,25.439,15.169
289.681,125.889,24.431,14.721
288.093,128.811,24.049,14.477
286.915,130.514,24.356,14.097
284.971,132.606,24.695,13.832
283.368,134.682,24.069,13.693
283.084,135.778,24.244,13.615
282.296,137.569,24.360,13.467
280.729,138.672,24.248,13.187
281.640,139.307,24.957,13.035
282.582,139.934,24.544,12.950
284.072,139.905,24.530,13.029
284.516,138.711,24.450,13.116
285.203,136.358,23.976,13.338
288.236,134.963,24.607,14.304
316.000,126.000,24.000,26.000
323.000,119.000,25.000,25.000
330.000,113.000,25.000,25.000
338.000,108.000,26.000,24.000
343.000,104.000,24.000,26.000
345.000,99.000,24.000,26.000
348.096,96.762,28.888,25.368
344.898,95.173,32.345,26.423
352.000,90.000,24.000,27.000
354.000,87.000,23.000,26.000
354.000,88.000,25.000,26.000
355.000,87.000,24.000,27.000
355.000,88.000,26.000,25.000
356.000,86.000,25.000,25.000
357.000,86.000,25.000,25.000
350.035,87.773,29.712,23.535
361.000,86.000,24.000,26.000
353.111,85.117,29.659,26.319
362.000,83.000,24.000,25.000
363.000,80.000,24.000,26.000
364.000,77.000,23.000,25.000
363.904,74.183,28.111,25.565
362.920,67.319,32.571,25.696
370.000,67.000,23.000,25.000
373.000,66.000,23.000,24.000
373.000,63.000,23.000,23.000
374.000,62.000,25.000,25.000
376.000,60.000,24.000,24.000
376.000,58.000,23.000,23.000
376.000,57.000,25.000,23.000
376.000,56.000,23.000,24.000
376.000,53.000,24.000,25.000
377.000,53.000,25.000,24.000
378.000,52.000,24.000,22.000
377.000,50.000,24.000,22.000
372.488,49.912,27.402,21.640
373.867,42.155,29.175,22.481
378.000,40.000,24.000,25.000
378.000,37.000,23.000,25.000
377.000,33.000,23.000,26.000
372.947,34.439,27.886,23.571
375.000,27.000,25.000,26.000
373.000,25.000,26.000,27.000
371.000,24.000,25.000,26.000
368.000,21.000,25.000,27.000
364.000,18.000,26.000,27.000
363.000,17.000,27.000,27.000
358.000,15.000,26.000,25.000
353.000,12.000,28.000,25.000
348.062,9.874,31.894,26.767
344.000,8.000,29.000,25.000
339.000,7.000,29.000,25.000
333.000,5.000,25.000,26.000
327.000,3.000,27.000,26.000
320.000,2.000,27.000,24.000
315.000,1.000,27.000,25.000
310.000,2.000,27.000,25.000
304.000,2.000,24.000,24.000
296.000,1.000,22.000,23.000
288.000,1.000,24.000,23.000
282.000,1.000,26.000,23.000
275.000,2.000,27.000,23.000
272.000,4.000,25.000,24.000
267.000,5.000,22.000,25.000
265.000,9.000,24.000,24.000
264.000,10.000,23.000,25.000
261.000,12.000,26.000,25.000
260.000,15.000,24.000,25.000
259.000,19.000,22.000,25.000
258.000,22.000,22.000,25.000
257.000,25.000,21.000,26.000
256.000,29.000,21.000,26.000
254.000,32.000,21.000,27.000
253.000,38.000,20.000,25.000
251.000,44.000,22.000,24.000
250.000,48.000,21.000,24.000
245.000,51.000,22.000,24.000
243.000,54.000,23.000,25.000
239.000,55.000,25.000,25.000
238.000,57.000,24.000,27.000
235.000,59.000,25.000,24.000
232.111,64.683,30.581,25.225
233.000,63.000,23.000,23.000
231.000,64.000,21.000,25.000
229.000,64.000,22.000,24.000
227.000,64.000,23.000,24.000
226.000,66.000,22.000,25.000
226.000,67.000,20.000,24.000
222.000,68.000,22.000,24.000
221.000,69.000,24.000,24.000
218.000,70.000,24.000,25.000
217.000,70.000,22.000,25.000
217.000,70.000,21.000,25.000
215.000,71.000,22.000,24.000
213.000,72.000,23.000,25.000
210.000,73.000,24.000,23.000
209.000,74.000,24.000,23.000
209.000,74.000,22.000,23.000
208.000,75.000,23.000,24.000
206.000,74.000,24.000,26.000
205.000,74.000,22.000,25.000
206.000,74.000,21.000,27.000
204.000,74.000,22.000,28.000
201.000,73.000,23.000,27.000
201.000,72.000,23.000,27.000
201.000,72.000,23.000,26.000
200.000,72.000,25.000,27.000
201.000,72.000,23.000,26.000
200.000,71.000,24.000,26.000
200.000,70.000,24.000,26.000
197.000,69.000,25.000,26.000
198.000,70.000,24.000,25.000
196.000,68.000,26.000,26.000
189.442,69.261,29.130,26.188
189.019,63.520,32.802,26.495
192.000,62.000,23.000,27.000
190.000,61.000,24.000,26.000
186.000,57.000,23.000,27.000
180.000,53.000,24.000,26.000
174.000,49.000,27.000,25.000
169.000,44.000,25.000,26.000
167.000,41.000,26.000,28.000
163.000,37.000,26.000,27.000
161.000,35.000,24.000,28.000
159.000,31.000,22.000,27.000
158.000,30.000,22.000,26.000
156.000,26.000,22.000,27.000
154.000,23.000,23.000,26.000
152.000,21.000,23.000,26.000
149.000,18.000,24.000,28.000
150.000,16.000,25.000,27.000
142.818,17.572,27.830,25.610
147.000,11.000,23.000,26.000
145.000,10.000,23.000,26.000
146.000,7.000,23.000,26.000
143.000,3.000,26.000,26.000
143.000,0.000,25.000,26.000
144.000,0.000,22.000,25.000
142.000,0.000,22.000,23.000
133.196,11.483,24.925,23.188
141.000,0.000,19.000,20.000
143.000,0.000,15.000,19.000
142.000,0.000,14.000,17.000
140.755,4.539,18.689,15.674
135.672,2.119,22.305,15.158
140.352,0.000,25.043,15.308
154.700,5.001,30.400,16.483
158.157,8.659,29.139,20.059
155.641,3.883,30.787,21.213
154.489,7.208,34.602,22.955
153.765,0.000,36.541,26.291
158.116,3.542,40.313,29.965
150.344,7.022,43.737,31.708
144.693,7.442,49.905,35.379
136.209,13.772,54.340,45.353
145.797,0.000,63.729,50.643
151.392,13.774,88.923,64.386
192.926,14.585,132.479,68.277
256.889,28.687,164.391,90.073
298.437,64.652,155.966,151.667
318.489,68.788,124.701,127.241
315.420,71.950,83.716,107.211
325.856,75.362,70.917,92.132
323.308,75.941,70.999,89.066
327.058,74.822,69.380,86.701
327.582,75.465,67.391,85.680
328.603,74.655,67.525,85.494
328.233,74.202,67.807,86.444
329.900,74.664,66.774,86.266
328.902,75.818,66.831,88.023
330.451,75.534,65.622,86.080
328.655,75.734,66.651,87.334
328.287,76.015,65.651,87.231
329.004,76.941,65.964,86.860
328.693,75.697,66.498,86.982
328.585,76.484,65.017,88.227
331.056,76.150,66.053,87.793
331.421,77.955,65.863,86.844
334.368,78.630,66.339,87.311
337.365,79.707,66.189,87.780
340.007,80.840,65.892,88.533
343.916,81.601,65.610,88.458
346.877,82.024,65.670,88.917
350.867,81.840,66.108,89.284
355.925,81.128,66.470,89.858
363.034,79.699,68.369,90.463
368.752,78.157,69.804,90.570
372.886,76.065,71.072,91.585
375.909,73.657,72.390,90.754
377.246,73.145,71.379,91.109
379.079,73.221,72.084,90.133
380.754,72.234,71.788,90.909
381.643,71.636,71.395,90.955
381.446,70.998,70.201,91.418
382.244,71.220,70.210,90.750
383.051,69.927,69.723,90.786
383.029,71.093,69.119,92.079
384.080,70.180,70.011,91.401
384.005,71.708,69.019,91.728
385.843,72.832,70.504,92.451
388.160,75.786,71.231,92.929
391.254,78.070,72.055,92.874
394.754,81.283,70.302,91.879
398.458,83.784,69.436,91.057
403.315,86.446,69.321,90.322
407.656,88.610,69.447,90.698
412.142,89.988,67.502,90.022
414.160,91.714,64.336,89.050
415.624,93.980,63.557,89.079
420.485,94.878,61.334,89.815
422.432,95.415,58.512,90.298
423.603,95.192,56.798,90.262
425.874,94.745,54.889,90.226
426.763,95.704,54.284,88.742
427.770,94.910,51.742,89.070
430.146,94.770,51.422,88.068
431.422,96.082,49.362,86.561
433.621,97.881,47.630,86.013
435.587,99.002,47.000,85.940
439.386,100.909,43.537,84.969
440.112,101.510,41.524,85.320
441.773,105.762,42.933,83.462
443.188,108.255,48.388,76.354
442.073,116.083,51.751,67.943
439.630,122.527,57.259,60.059
433.872,123.818,59.241,50.804
433.264,128.493,52.942,45.788
436.786,131.474,49.235,41.479
441.292,132.405,43.509,39.634
127.000,10.000,15.000,14.000
130.215,9.642,18.537,15.906
136.776,8.005,24.102,18.550
140.477,10.823,28.115,19.538
140.285,12.952,31.899,20.010
136.604,13.879,35.225,19.301
134.887,13.935,37.311,19.131
133.988,14.639,39.447,19.515
138.497,11.149,41.782,21.387
139.761,12.138,41.988,24.360
140.000,18.000,41.000,19.000
140.000,18.000,41.000,19.000
142.313,18.254,44.173,23.075
142.234,19.521,47.107,24.533
139.921,20.319,49.296,24.875
140.990,22.336,49.944,25.714
144.412,25.344,51.194,25.448
144.002,24.453,52.070,25.044
143.370,26.089,52.576,26.574
146.606,24.939,55.219,28.576
120.000,3.000,35.000,23.000
120.000,3.000,35.000,23.000
120.000,3.000,35.000,23.000
129.611,6.954,31.347,44.996
124.734,10.419,32.415,47.041
122.132,8.246,31.234,45.210
124.464,9.894,28.102,44.741
123.848,11.310,26.792,44.894
123.967,13.824,27.175,43.123
123.451,15.488,26.118,42.085
123.486,17.289,26.115,41.500
122.603,18.445,25.688,41.001
122.218,19.385,26.180,41.904
121.430,21.186,25.866,42.059
121.250,22.795,25.639,42.312
121.028,25.089,25.633,42.403
120.511,26.524,25.436,42.519
121.232,27.771,25.532,42.452
120.460,28.205,24.587,42.895
121.124,29.250,24.997,43.526
121.950,32.008,24.334,44.610
123.097,34.060,23.622,45.055
122.610,34.643,22.209,46.831
123.776,36.334,22.600,46.578
123.418,38.670,21.973,47.559
123.914,41.598,22.165,48.080
123.528,43.057,21.389,49.074
123.503,44.987,21.411,48.241
123.738,46.778,21.319,47.086
123.790,49.345,20.856,46.781
121.438,51.916,20.426,48.782
121.955,54.345,20.198,48.442
121.294,56.719,20.534,48.834
118.813,58.954,21.002,49.814
114.889,60.495,21.173,50.888
115.531,64.421,21.499,50.884
112.405,67.535,21.134,52.059
110.466,69.497,21.062,51.410
108.802,72.502,21.024,52.214
105.627,76.334,20.791,53.013
105.098,79.878,20.886,53.411
101.988,83.055,21.047,52.991
101.809,88.372,20.667,52.100
97.015,91.563,20.966,51.885
97.802,91.977,20.945,50.208
95.703,94.221,20.348,50.041
94.762,97.038,19.980,50.162
93.446,100.772,19.522,50.603
91.977,102.558,19.828,51.733
91.668,106.393,18.966,53.404
89.969,106.100,18.713,55.991
87.778,110.638,19.085,59.016
85.639,108.232,19.011,60.799
85.000,126.000,17.000,35.000
85.000,128.000,17.000,35.000
83.000,131.000,17.000,36.000
80.627,130.443,17.327,37.649
77.000,134.000,20.000,36.000
75.000,135.000,21.000,36.000
71.129,137.739,20.581,40.687
66.546,138.909,20.614,41.966
71.000,142.000,19.000,36.000
68.000,144.000,18.000,36.000
65.000,146.000,19.000,36.000
65.000,148.000,19.000,36.000
62.000,150.000,17.000,35.000
62.000,153.000,17.000,37.000
59.000,156.000,17.000,36.000
58.000,159.000,16.000,36.000
55.000,162.000,20.000,35.000
52.049,162.745,19.709,36.177
50.029,164.529,19.700,36.715
47.099,167.871,19.836,36.556
44.927,172.878,20.271,36.188
43.208,176.783,20.081,35.178
41.929,179.111,19.812,34.622
39.483,180.819,18.872,34.715
37.318,185.388,18.190,33.804
35.706,187.309,17.684,33.547
33.307,191.124,18.338,34.071
31.812,192.901,19.153,33.736
29.327,196.766,19.276,34.806
26.632,198.849,19.094,35.996
23.938,201.060,20.522,36.262
21.996,208.895,21.652,36.592
18.625,208.059,20.970,38.102
17.000,213.000,21.000,35.000
15.000,216.000,20.000,35.000
11.893,218.471,22.122,34.617
10.000,219.000,22.000,36.000
8.000,222.000,21.000,35.000
7.000,225.000,19.000,36.000
5.000,227.000,18.000,35.000
4.000,230.000,18.000,35.000
2.000,231.000,18.000,36.000
2.000,234.000,18.000,36.000
1.000,237.000,16.000,36.000
1.000,238.000,15.000,36.000
0.000,239.000,14.000,36.000
0.000,241.000,13.000,36.000
0.000,245.000,11.000,36.000
0.000,246.000,12.000,39.000
4.271,255.110,18.440,40.625
2.466,258.664,23.461,38.531
0.512,261.051,24.209,36.645
1.491,260.929,24.830,33.327
1.146,266.576,25.884,33.214
0.000,269.187,26.256,33.674
0.000,274.543,26.928,33.038
0.000,276.765,28.189,31.536
0.000,282.325,31.579,29.339
1.302,286.627,36.342,29.528
3.002,289.592,39.666,30.106
5.923,292.196,45.903,30.972
7.273,301.937,57.340,37.763
14.511,298.966,73.277,51.990
14.362,279.471,87.034,57.261
18.084,273.905,90.279,68.362
23.840,274.959,93.862,75.357
25.422,265.853,106.004,67.663
13.546,271.842,115.293,68.839
16.636,277.256,113.503,78.233
13.705,273.661,118.902,74.838
11.723,274.011,120.248,71.263
10.467,276.538,120.010,70.626
10.962,275.659,121.449,69.105
11.256,277.651,119.739,68.431
11.649,276.959,121.119,67.830
11.850,277.430,119.504,67.401
11.788,276.975,121.210,66.999
13.132,277.231,120.626,67.397
13.091,276.578,121.069,68.669
12.032,276.504,121.222,68.421
11.640,275.550,120.668,67.839
16.532,275.231,118.499,73.939
14.196,274.113,120.029,71.555
12.008,275.946,121.961,70.274
10.489,275.550,123.239,69.596
9.128,274.746,125.075,69.714
8.160,274.827,126.802,69.908
7.332,274.565,126.616,69.702
6.533,272.729,127.839,69.139
11.803,272.582,124.914,74.792
11.191,268.409,127.274,72.300
16.994,267.151,121.830,75.440
15.593,264.475,122.581,74.564
17.151,261.323,122.149,77.695
18.514,259.123,124.375,80.173
20.852,254.997,125.564,83.609
26.058,253.372,123.849,85.498
26.468,250.241,123.762,83.805
29.686,247.080,121.286,86.732
6.000,246.000,28.000,41.000
6.000,254.000,30.000,37.000
9.000,251.000,31.000,33.000
10.000,250.000,32.000,31.000
12.000,245.000,28.000,36.000
12.000,249.000,27.000,38.000
15.000,250.000,26.000,38.000
14.000,248.000,29.000,34.000
14.000,250.000,29.000,38.000
14.000,249.000,27.000,39.000
14.000,249.000,27.000,40.000
16.000,247.000,25.000,40.000
14.000,245.000,29.000,39.000
17.000,243.000,27.000,37.000
17.000,241.000,26.000,36.000
19.000,238.000,30.000,37.000
21.000,235.000,29.000,34.000
20.000,236.000,28.000,37.000
21.000,233.000,29.000,39.000
24.000,233.000,29.000,34.000
23.000,230.000,28.000,33.000
24.000,232.000,28.000,34.000
24.000,230.000,30.000,31.000
25.000,228.000,30.000,34.000
26.000,227.000,26.000,38.000
28.000,225.000,22.000,39.000
28.000,224.000,27.000,39.000
27.000,222.000,26.000,39.000
28.000,221.000,25.000,39.000
29.000,221.000,27.000,38.000
29.000,220.000,27.000,40.000
29.000,217.000,26.000,40.000
27.964,216.455,27.331,38.365
27.239,214.784,28.268,38.924
27.434,214.330,28.851,39.341
27.899,212.776,29.922,39.073
27.883,212.138,30.337,38.538
27.486,211.994,30.778,38.362
27.390,211.179,30.891,38.079
26.948,210.291,31.485,38.052
27.963,209.785,31.538,37.991
28.165,208.780,31.165,37.742
28.524,208.715,31.162,37.619
28.029,206.912,31.018,36.986
28.906,205.800,30.667,37.304
28.996,207.020,30.647,36.671
31.000,206.000,28.000,39.000
31.000,206.000,27.000,39.000
27.924,204.264,27.669,38.190
27.263,202.323,28.157,37.481
27.440,202.031,29.439,37.700
25.871,200.299,29.369,37.260
25.344,200.469,29.060,36.694
25.464,200.362,29.401,36.405
24.754,199.359,29.638,36.073
28.000,201.000,26.000,39.000
27.000,199.000,27.000,38.000
26.000,199.000,27.000,39.000
23.775,197.214,27.373,37.470
23.594,197.203,28.187,37.582
25.000,196.000,27.000,39.000
22.229,195.630,27.254,38.255
22.383,193.106,27.748,39.092
21.744,194.045,28.611,38.580
23.000,195.000,27.000,40.000
23.000,194.000,25.000,40.000
23.000,193.000,26.000,39.000
21.000,194.000,29.000,39.000
21.000,193.000,28.000,40.000
21.000,193.000,27.000,40.000
20.000,192.000,29.000,39.000
18.000,191.000,28.000,40.000
19.000,191.000,27.000,41.000
17.000,192.000,28.000,41.000
18.000,191.000,28.000,39.000
17.000,190.000,29.000,41.000
18.000,190.000,28.000,40.000
17.000,190.000,27.000,40.000
15.000,190.000,29.000,39.000
15.000,189.000,29.000,39.000
15.000,189.000,29.000,40.000
16.000,189.000,28.000,40.000
14.000,188.000,28.000,40.000
14.000,190.000,26.000,40.000
14.000,188.000,25.000,40.000
14.000,190.000,26.000,39.000
14.000,189.000,26.000,40.000
15.000,190.000,25.000,40.000
14.000,190.000,26.000,39.000
12.000,188.000,28.000,38.000
12.000,188.000,28.000,38.000
14.000,188.000,28.000,40.000
13.000,189.000,28.000,39.000
11.000,188.000,28.000,39.000
12.000,187.000,25.000,40.000
12.000,188.000,25.000,40.000
10.364,188.314,26.740,38.433
9.415,188.305,27.238,38.782
9.193,188.688,28.609,39.068
10.000,190.000,27.000,40.000
9.000,189.000,26.000,40.000
9.000,189.000,27.000,40.000
10.000,190.000,29.000,40.000
9.000,191.000,29.000,39.000
8.000,189.000,26.000,40.000
8.000,189.000,28.000,40.000
6.000,190.000,29.000,40.000
7.000,190.000,29.000,40.000
6.000,189.000,30.000,40.000
6.000,190.000,28.000,39.000
6.000,189.000,30.000,39.000
5.000,190.000,29.000,40.000
5.000,189.000,29.000,39.000
6.000,188.000,28.000,39.000
4.000,186.000,28.000,40.000
4.000,188.000,29.000,38.000
3.000,186.000,29.000,39.000
4.000,185.000,29.000,39.000
4.000,183.000,29.000,39.000
4.000,183.000,29.000,41.000
4.000,183.000,27.000,40.000
5.000,183.000,29.000,39.000
4.000,182.000,28.000,39.000
4.000,181.000,31.000,38.000
4.000,181.000,31.000,38.000
5.000,181.000,30.000,39.000
5.000,181.000,29.000,39.000
6.000,181.000,30.000,39.000
3.190,180.389,30.568,37.011
1.040,177.537,31.625,35.995
0.891,177.833,32.355,34.819
0.900,179.512,32.834,33.366
1.498,177.867,32.953,32.963
4.000,177.000,28.000,40.000
3.000,178.000,28.000,40.000
3.000,178.000,26.000,40.000
2.000,177.000,26.000,39.000
1.000,176.000,26.000,40.000
0.000,177.000,26.000,39.000
0.000,176.000,25.000,40.000
0.000,175.000,27.000,39.000
0.000,174.000,25.000,40.000
2.000,174.000,21.000,39.000
0.000,174.000,23.000,39.000
2.000,172.000,17.000,39.000
2.000,173.000,17.000,37.000
0.000,170.000,14.000,37.000
0.000,164.000,12.000,36.000
9.094,172.960,21.185,43.156
9.514,172.543,34.952,36.350
14.521,174.895,52.469,37.757
9.517,184.726,64.553,45.670
5.760,181.393,72.814,54.756
9.446,186.625,85.112,65.696
9.224,153.809,101.130,72.649
10.840,137.029,108.155,77.695
9.741,143.334,113.780,75.875
4.177,154.084,118.360,80.590
0.000,144.289,115.420,84.377
9.766,150.196,117.436,87.888
0.368,140.253,119.807,87.682
10.088,151.017,120.197,93.308
3.965,131.557,120.637,87.094
3.261,149.422,124.754,91.254
0.027,138.566,124.650,89.248
6.116,150.114,127.744,94.357
0.000,135.408,124.597,94.184
4.055,147.436,125.906,98.678
0.000,136.279,126.763,94.892
2.806,146.977,129.472,98.483
0.000,139.941,129.793,94.458
0.000,147.351,128.248,102.437
3.118,137.494,126.558,97.809
0.000,146.600,126.217,100.747
0.000,144.755,123.846,95.429
0.000,149.885,120.259,97.224
0.000,146.905,116.122,90.878
0.000,151.986,113.483,91.645
0.000,148.496,111.384,84.901
0.000,153.888,109.464,83.865
1.951,151.943,107.795,78.524
0.000,153.421,108.253,79.817
0.000,160.297,106.699,84.742
1.479,149.387,104.779,84.651
0.000,153.619,106.311,83.796
0.000,155.137,104.614,87.310
0.000,152.666,103.455,85.905
0.000,154.184,100.615,83.830
0.000,155.579,98.678,82.756
1.019,155.957,95.492,79.992
0.000,157.068,92.912,80.986
2.150,153.687,90.993,78.918
0.000,156.635,89.581,81.734
3.340,155.759,88.260,77.858
0.000,154.377,87.119,78.408
0.000,156.911,86.038,79.174
6.565,153.882,84.254,78.123
0.000,153.693,83.556,77.870
0.005,152.636,83.021,76.913
2.041,152.689,82.037,75.796
0.000,149.884,82.672,74.326
3.203,155.981,83.818,80.615
2.044,146.962,85.760,81.565
3.009,149.269,89.377,88.469
17.431,146.411,97.628,93.056
45.338,149.889,98.064,102.631
52.685,144.905,98.029,100.596
58.479,145.057,102.410,97.302
58.348,146.750,102.880,93.519
55.380,148.188,102.819,90.106
54.706,147.239,103.633,90.823
51.835,148.099,104.447,91.400
50.712,146.106,104.528,93.380
49.957,146.398,104.857,93.732
48.582,146.116,104.605,94.856
48.660,145.995,105.313,96.730
46.042,146.544,105.019,97.019
46.881,145.375,104.875,97.415
42.319,146.632,105.513,96.496
41.200,144.478,104.882,96.886
44.172,145.097,106.150,97.390
41.074,145.628,107.220,96.551
37.284,146.182,106.467,96.497
39.112,143.885,108.004,97.260
35.022,139.350,109.120,99.054
35.818,140.129,112.821,102.068
30.084,142.103,114.473,103.913
35.138,141.773,116.435,104.479
29.576,145.059,117.722,102.777
29.422,145.463,117.113,100.708
28.044,147.352,117.320,99.076
26.922,145.518,118.571,99.031
26.942,145.981,118.053,97.493
25.550,145.904,118.894,96.181
23.231,146.004,120.744,95.172
21.790,146.656,120.163,94.496
20.592,147.317,120.189,94.135
20.469,147.279,119.597,93.664
19.893,146.500,118.805,93.146
19.847,145.901,118.095,92.180
18.961,145.870,118.187,90.735
18.544,145.628,118.665,89.442
17.453,145.311,119.998,89.233
17.280,143.675,120.299,89.677
18.154,143.678,120.964,89.441
18.321,143.230,123.184,88.265
18.235,144.530,126.127,87.185
19.580,143.986,126.237,86.946
21.431,143.774,125.821,88.250
20.575,145.358,127.086,89.502
19.423,145.181,128.135,91.097
19.540,144.936,127.550,90.921
18.117,144.387,129.342,91.610
19.081,143.988,127.621,91.468
18.812,143.570,127.838,91.941
18.765,141.632,128.105,92.399
19.416,140.012,127.409,94.900
20.992,141.420,125.644,97.217
20.062,140.235,124.214,97.000
18.933,140.232,124.231,96.643
18.218,140.776,124.490,95.410
18.447,140.994,125.707,93.309
18.001,140.598,126.969,92.031
21.015,142.626,126.931,91.729
19.746,144.730,129.050,91.238
19.995,145.378,129.982,91.815
19.758,146.460,129.170,92.683
19.404,145.269,129.017,92.982
19.480,145.572,129.586,91.875
19.799,147.211,131.516,90.660
21.295,146.055,130.643,91.730
23.118,146.621,127.859,92.044
23.842,147.989,126.673,91.798
23.457,147.826,127.859,90.912
24.145,148.368,127.884,90.246
24.286,148.298,128.203,90.283
23.380,148.052,128.162,90.741
23.896,148.995,126.738,90.556
23.447,148.690,128.077,90.152
23.459,148.588,128.324,90.717
23.568,148.983,128.554,90.455
22.872,149.423,128.538,90.756
22.607,148.154,127.891,91.426
21.614,147.492,127.626,91.116
22.709,147.537,127.356,89.550
22.607,147.590,126.536,89.755
23.046,148.522,126.557,88.628
23.840,149.174,127.113,87.742
24.227,146.984,124.685,88.776
23.590,147.255,124.455,90.034
23.921,147.429,123.351,90.139
23.741,147.087,123.768,90.510
22.874,147.646,124.678,89.744
23.546,146.393,125.041,90.265
24.236,146.414,124.359,90.034
24.521,146.549,124.689,89.562
24.812,146.684,126.266,88.816
25.092,147.075,126.167,88.116
25.135,146.677,127.194,87.270
25.423,146.452,128.043,86.730
26.247,145.708,128.613,86.920
27.603,145.481,128.006,86.483
28.486,146.325,128.138,84.988
29.953,146.723,128.860,83.153
29.509,145.288,127.246,82.583
29.446,145.942,127.069,81.700
29.305,145.556,127.622,81.612
29.620,146.300,127.699,82.177
29.478,145.891,127.030,81.837
29.781,146.199,127.179,81.212
29.988,144.683,127.226,80.965
28.613,144.747,128.542,79.987
29.384,144.599,131.728,78.159
30.901,146.149,131.588,80.570
31.974,143.681,129.020,81.859
30.791,144.388,128.148,83.325
29.236,144.156,128.813,81.994
29.181,144.755,131.942,79.184
29.412,144.745,132.155,78.928
29.946,144.971,131.147,79.786
30.554,143.850,128.056,81.969
27.026,143.828,128.799,83.090
30.328,144.883,129.895,83.320
31.342,141.713,128.682,83.703
30.644,142.166,127.385,85.697
28.719,141.781,129.727,84.946
29.817,142.799,130.546,84.577
30.570,142.487,128.450,84.710
29.099,141.782,126.796,84.429
28.269,142.943,127.120,84.664
29.781,143.157,127.069,85.398
29.113,144.014,125.960,85.253
26.317,144.675,123.621,85.784
23.946,147.529,124.830,86.591
22.397,151.078,122.382,87.098
17.892,159.251,122.037,88.058
12.034,163.392,121.138,88.978
7.590,167.660,119.056,87.811
6.938,172.342,119.083,87.081
4.866,177.297,117.697,84.584
6.257,177.120,117.354,83.021
7.415,181.646,117.866,80.064
7.331,180.577,115.692,78.598
10.632,187.844,112.986,79.505
6.490,186.538,113.015,78.041
7.081,188.590,110.615,78.608
6.519,188.186,109.529,77.163
28.000,205.000,22.000,22.000
22.204,207.486,25.546,22.050
19.582,208.092,28.687,21.041
22.000,209.000,22.000,23.000
22.000,210.000,23.000,23.000
15.938,212.384,27.041,22.554
11.988,211.598,29.408,22.259
7.916,214.411,31.992,22.212
5.085,215.415,34.512,22.729
4.739,216.697,37.206,22.612
2.291,216.225,39.815,23.281
8.000,219.000,24.000,22.000
8.000,221.000,24.000,23.000
7.000,222.000,24.000,23.000
6.000,224.000,24.000,24.000
0.000,228.397,26.995,22.342
1.039,226.758,27.802,23.191
0.000,229.316,29.495,23.087
1.000,227.000,24.000,25.000
2.000,229.000,25.000,24.000
1.000,231.000,25.000,23.000
1.000,231.000,25.000,24.000
0.000,232.000,28.000,23.000
1.000,232.000,27.000,23.000
1.000,234.000,26.000,23.000
1.000,235.000,26.000,23.000
0.000,237.000,25.000,24.000
0.000,239.000,21.000,24.000
1.000,240.000,18.000,24.000
0.000,240.000,21.000,24.000
1.000,241.000,22.000,24.000
1.000,243.000,20.000,24.000
0.000,244.000,21.000,22.000
0.000,244.000,18.000,22.000
0.000,246.000,16.000,21.000
0.000,247.000,18.000,20.000
0.000,246.000,18.000,19.000
0.000,250.835,19.140,18.435
0.000,249.000,16.000,17.000
0.000,249.000,17.000,16.000
0.000,248.000,18.000,17.000
0.000,248.000,18.000,16.000
0.000,249.000,18.000,16.000
0.000,248.000,15.000,18.000
0.000,248.000,17.000,17.000
0.000,245.000,15.000,19.000
0.000,245.000,15.000,19.000
0.000,242.000,14.000,19.000
0.000,242.000,12.000,17.000
0.000,241.000,11.000,16.000
0.000,240.000,13.000,17.000
0.000,240.000,13.000,16.000
0.000,241.000,13.000,16.000
0.000,243.000,14.000,16.000
0.000,241.000,13.000,17.000
0.000,241.000,13.000,17.000
0.000,238.000,14.000,20.000
0.000,238.000,14.000,20.000
0.000,238.000,14.000,20.000
0.000,238.000,14.000,20.000
0.000,228.000,14.000,16.000
0.000,227.000,13.000,16.000
0.000,224.000,13.000,18.000
0.000,222.000,14.000,16.000
0.000,222.000,14.000,16.000
0.000,221.000,15.000,17.000
0.000,220.000,13.000,17.000
0.000,217.000,13.000,20.000
0.000,217.000,14.000,23.000
3.278,226.501,21.945,26.081
3.346,239.221,28.456,30.073
2.520,228.368,34.593,31.003
3.462,224.719,36.368,34.339
4.361,222.700,37.429,38.584
3.804,216.672,39.972,41.783
4.459,211.164,44.842,41.950
6.712,215.715,49.489,42.019
9.363,203.864,52.831,46.937
12.851,202.335,54.546,47.746
16.579,202.577,54.855,47.646
26.927,195.592,49.637,49.853
26.293,196.261,47.146,47.020
28.163,196.513,45.778,44.946
29.328,195.627,45.282,44.141
29.070,197.162,44.876,44.065
29.925,193.904,44.866,44.791
28.959,193.780,45.210,44.900
30.301,193.437,45.127,45.074
32.353,190.440,44.537,45.307
33.658,191.349,43.962,43.110
33.808,190.388,43.608,42.367
34.638,190.182,43.618,41.911
34.299,187.229,43.790,42.034
35.734,187.928,43.661,41.529
35.694,186.227,43.947,41.790
35.680,185.053,43.410,41.130
37.884,185.748,43.539,41.108
38.627,184.816,43.115,40.934
38.524,182.208,42.414,41.756
39.494,180.551,43.199,43.186
41.717,178.815,43.586,42.921
42.750,176.336,43.628,44.060
47.142,179.939,41.785,42.639
53.379,176.503,41.473,43.698
54.418,173.524,41.159,43.218
55.479,173.309,41.238,42.228
57.615,170.884,40.838,41.934
60.760,170.381,40.972,42.010
63.251,169.346,40.595,41.368
68.169,169.948,39.623,40.330
72.074,166.576,39.448,41.431
73.692,165.660,39.447,40.538
75.710,163.177,39.382,40.392
77.563,161.396,39.801,40.228
79.058,159.714,40.044,39.724
81.936,157.078,39.881,39.626
84.001,155.556,39.951,39.420
86.421,155.235,39.062,39.064
87.568,154.702,39.767,38.990
88.800,149.530,41.222,40.364
90.356,150.586,41.003,39.558
91.737,149.923,40.852,39.568
92.428,147.614,40.990,39.289
93.593,147.804,41.025,38.809
96.692,144.452,40.873,38.735
95.492,141.204,40.943,37.584
96.343,139.096,40.723,37.522
98.748,137.189,40.819,37.699
101.789,134.828,40.332,37.444
101.595,133.917,40.299,36.684
102.505,129.937,40.612,37.198
105.533,128.770,40.353,37.201
107.706,128.737,39.188,36.584
109.165,129.747,38.062,37.235
112.776,130.197,38.007,39.483
116.930,135.112,37.732,40.299
116.782,133.476,38.856,41.803
112.572,136.976,40.932,42.767
107.784,139.592,42.937,41.146
103.054,143.051,44.848,40.063
103.316,133.749,48.158,37.934
97.000,122.000,21.000,22.000
99.000,121.000,21.000,22.000
103.000,119.000,21.000,22.000
107.000,118.000,22.000,22.000
111.000,117.000,22.000,21.000
116.000,117.000,21.000,21.000
120.000,116.000,23.000,21.000
123.000,117.000,23.000,21.000
124.000,116.000,23.000,20.000
128.000,116.000,21.000,21.000
130.000,116.000,21.000,21.000
133.000,117.000,21.000,21.000
135.000,116.000,21.000,22.000
136.000,117.000,23.000,22.000
140.000,119.000,22.000,23.000
141.000,118.000,22.000,22.000
143.000,120.000,21.000,23.000
145.000,119.000,21.000,24.000
144.000,119.000,21.000,23.000
145.000,119.000,21.000,25.000
147.000,118.000,21.000,24.000
147.000,118.000,19.000,23.000
149.000,118.000,20.000,24.000
149.000,118.000,19.000,24.000
144.457,119.864,23.750,23.305
149.000,117.000,19.000,25.000
149.000,117.000,19.000,23.000
147.000,116.000,19.000,22.000
145.000,116.000,20.000,22.000
145.000,116.000,21.000,22.000
145.000,115.000,20.000,21.000
145.000,115.000,21.000,22.000
146.000,114.000,19.000,22.000
147.000,113.000,20.000,21.000
149.000,113.000,21.000,19.000
150.000,112.000,21.000,20.000
152.000,113.000,20.000,19.000
153.000,113.000,19.000,20.000
156.000,113.000,19.000,19.000
157.000,113.000,20.000,19.000
159.000,115.000,20.000,16.000
160.000,115.000,22.000,20.000
161.000,117.000,25.000,19.000
158.000,116.000,26.000,22.000
161.000,116.000,24.000,21.000
161.000,116.000,24.000,21.000
169.000,118.000,19.000,17.000
168.489,117.631,20.582,17.399
168.801,118.322,22.406,17.609
165.815,117.825,23.735,18.970
158.430,117.189,25.313,20.311
171.000,116.000,20.000,21.000
171.000,117.000,19.000,22.000
171.000,118.000,20.000,22.000
172.000,117.000,20.000,23.000
173.000,118.000,20.000,24.000
170.721,120.329,25.316,24.496
171.074,119.854,29.208,23.828
171.377,121.453,32.015,23.109
165.483,121.716,33.617,22.631
182.000,122.000,20.000,23.000
182.000,123.000,20.000,23.000
185.000,123.000,20.000,25.000
185.000,124.000,20.000,24.000
187.000,124.000,20.000,24.000
188.000,126.000,22.000,23.000
190.000,126.000,21.000,23.000
192.000,126.000,21.000,24.000
193.000,127.000,19.000,24.000
194.000,128.000,23.000,23.000
196.000,129.000,22.000,24.000
197.000,129.000,21.000,24.000
198.000,131.000,21.000,24.000
199.000,131.000,22.000,22.000
201.000,131.000,22.000,22.000
201.000,131.000,22.000,23.000
203.000,131.000,22.000,22.000
198.350,132.467,25.290,21.228
207.000,130.000,21.000,23.000
208.000,129.000,22.000,24.000
212.000,129.000,20.000,24.000
213.000,129.000,20.000,22.000
214.000,129.000,21.000,22.000
217.000,128.000,21.000,22.000
218.000,127.000,22.000,22.000
219.000,129.000,21.000,21.000
223.000,128.000,20.000,22.000
225.000,129.000,20.000,22.000
222.995,129.500,26.071,21.843
218.245,129.134,27.431,21.809
229.000,129.000,21.000,21.000
231.000,129.000,20.000,20.000
232.000,128.000,19.000,22.000
232.000,129.000,20.000,23.000
233.000,128.000,20.000,22.000
234.000,127.000,21.000,23.000
233.000,129.000,20.000,23.000
234.000,127.000,20.000,23.000
232.000,128.000,21.000,23.000
230.000,130.000,21.000,22.000
230.000,131.000,20.000,21.000
224.991,132.292,21.769,19.766
221.952,132.994,24.629,19.130
220.833,132.695,26.214,19.146
217.377,132.820,26.632,19.184
220.000,133.000,20.000,22.000
219.000,135.000,19.000,22.000
215.000,134.000,20.000,23.000
214.912,135.848,25.830,21.098
210.085,137.201,30.584,20.382
212.000,139.000,21.000,23.000
210.000,140.000,21.000,23.000
208.000,142.000,23.000,23.000
207.000,144.000,24.000,22.000
205.000,145.000,22.000,22.000
204.000,145.000,22.000,21.000
202.000,147.000,22.000,22.000
200.000,149.000,23.000,22.000
200.000,151.000,23.000,22.000
199.000,154.000,23.000,22.000
196.301,158.161,26.968,22.217
191.743,158.741,28.723,22.106
187.602,160.922,31.368,22.124
196.000,161.000,25.000,22.000
196.000,161.000,23.000,22.000
193.000,162.000,23.000,21.000
195.000,164.000,22.000,21.000
193.000,164.000,22.000,20.000
195.000,163.000,21.000,22.000
194.000,163.000,21.000,21.000
195.000,162.000,22.000,20.000
194.000,163.000,22.000,20.000
193.000,162.000,23.000,21.000
189.343,163.264,25.013,20.825
194.000,159.000,22.000,22.000
192.000,159.000,21.000,22.000
191.000,159.000,22.000,22.000
190.000,158.000,21.000,21.000
190.000,157.000,22.000,21.000
185.671,157.795,23.526,20.548
183.540,153.268,26.218,21.103
191.000,153.000,22.000,22.000
191.000,154.000,21.000,22.000
191.000,153.000,19.000,22.000
190.000,152.000,21.000,22.000
189.000,152.000,21.000,22.000
190.000,151.000,21.000,22.000
190.000,150.000,20.000,22.000
185.408,153.831,25.011,20.887
189.000,151.000,21.000,21.000
189.000,151.000,22.000,20.000
188.000,149.000,20.000,21.000
186.005,151.695,25.475,20.876
188.000,148.000,20.000,22.000
189.000,148.000,21.000,21.000
188.000,146.000,20.000,21.000
188.000,147.000,21.000,21.000
188.238,147.286,25.099,20.917
189.000,143.000,21.000,22.000
188.000,144.000,21.000,21.000
189.000,143.000,21.000,21.000
188.000,140.000,21.000,24.000
188.000,139.000,23.000,22.000
188.000,137.000,21.000,22.000
189.000,134.000,20.000,23.000
189.000,133.000,20.000,22.000
187.000,131.000,20.000,22.000
188.000,129.000,21.000,22.000
188.000,127.000,20.000,21.000
189.000,126.000,20.000,21.000
191.000,125.000,20.000,22.000
190.000,122.000,21.000,23.000
191.000,121.000,20.000,23.000
192.000,120.000,21.000,22.000
193.000,119.000,20.000,23.000
192.000,118.000,22.000,22.000
193.000,116.000,22.000,22.000
195.000,116.000,22.000,21.000
197.000,116.000,21.000,21.000
200.000,115.000,21.000,21.000
201.000,114.000,21.000,21.000
202.000,113.000,21.000,21.000
206.000,115.000,21.000,21.000
207.000,114.000,22.000,21.000
209.226,115.428,27.095,21.150
212.000,111.000,21.000,23.000
214.000,112.000,23.000,22.000
217.000,111.000,23.000,23.000
219.000,112.000,22.000,23.000
221.000,112.000,23.000,20.000
224.000,112.000,22.000,22.000
228.000,112.000,22.000,21.000
232.000,109.000,21.000,23.000
236.000,109.000,21.000,23.000
240.000,110.000,21.000,21.000
246.000,109.000,22.000,21.000
249.000,108.000,21.000,21.000
253.000,108.000,21.000,22.000
258.000,108.000,21.000,21.000
260.000,107.000,22.000,21.000
264.000,105.000,21.000,22.000
268.000,105.000,20.000,22.000
270.000,105.000,20.000,22.000
274.000,105.000,21.000,23.000
277.000,105.000,21.000,23.000
278.000,105.000,22.000,22.000
281.000,104.000,21.000,23.000
282.000,105.000,22.000,23.000
284.000,104.000,21.000,23.000
286.000,105.000,21.000,22.000
289.000,104.000,20.000,23.000
289.000,103.000,21.000,23.000
292.000,104.000,21.000,24.000
293.000,103.000,20.000,23.000
295.000,104.000,21.000,24.000
299.000,103.000,21.000,23.000
294.131,106.078,24.008,23.947
303.000,104.000,19.000,22.000
307.000,103.000,20.000,23.000
308.000,104.000,21.000,22.000
310.000,104.000,20.000,22.000
313.000,103.000,20.000,22.000
316.000,104.000,20.000,23.000
319.000,104.000,19.000,21.000
321.000,103.000,19.000,21.000
323.000,103.000,20.000,23.000
325.000,103.000,21.000,22.000
327.000,104.000,21.000,21.000
329.000,104.000,20.000,22.000
332.000,104.000,21.000,22.000
334.000,102.000,20.000,23.000
334.000,103.000,21.000,21.000
337.000,103.000,21.000,22.000
337.000,101.000,24.000,22.000
339.000,101.000,23.000,21.000
340.000,101.000,22.000,22.000
341.000,101.000,22.000,24.000
342.000,101.000,22.000,23.000
341.000,101.000,23.000,22.000
340.000,101.000,23.000,21.000
340.000,100.000,21.000,22.000
339.000,100.000,22.000,21.000
338.000,99.000,21.000,21.000
338.000,100.000,21.000,21.000
337.000,100.000,22.000,21.000
336.000,99.000,22.000,20.000
334.000,99.000,22.000,21.000
334.000,98.000,21.000,21.000
328.297,100.533,25.602,21.011
321.971,99.945,26.972,20.986
318.012,98.912,29.356,20.851
322.653,94.676,35.545,21.226
324.436,90.730,37.063,21.078
320.616,92.424,36.116,19.869
318.271,94.992,35.418,19.218
296.000,107.000,21.000,21.000
294.000,110.000,22.000,22.000
292.000,110.000,22.000,21.000
292.000,111.000,22.000,22.000
290.000,112.000,24.000,21.000
289.000,113.000,23.000,21.000
285.236,113.673,24.354,20.723
289.000,112.000,23.000,23.000
287.000,112.000,21.000,22.000
287.000,114.000,21.000,22.000
286.000,114.000,22.000,22.000
284.000,115.000,22.000,21.000
282.000,116.000,23.000,21.000
276.761,119.080,25.096,20.414
282.000,117.000,22.000,22.000
281.000,118.000,21.000,22.000
280.000,119.000,21.000,20.000
279.000,120.000,20.000,21.000
277.000,121.000,20.000,21.000
275.000,123.000,21.000,21.000
274.000,124.000,21.000,21.000
268.080,126.638,23.394,19.609
268.939,127.743,24.617,19.217
264.491,127.860,25.987,18.788
269.393,128.886,27.172,19.756
262.607,128.297,28.456,20.140
271.000,128.000,19.000,22.000
270.000,131.000,20.000,21.000
271.000,129.000,21.000,23.000
269.000,131.000,20.000,22.000
268.000,132.000,21.000,20.000
269.000,131.000,21.000,21.000
269.000,133.000,20.000,22.000
267.000,133.000,20.000,21.000
266.000,133.000,22.000,21.000
266.000,133.000,20.000,21.000
265.000,133.000,21.000,21.000
264.000,133.000,24.000,23.000
262.000,134.000,25.000,24.000
264.000,134.000,21.000,22.000
263.000,136.000,20.000,23.000
261.000,134.000,22.000,22.000
262.000,136.000,22.000,23.000
259.000,135.000,22.000,23.000
261.000,135.000,21.000,23.000
259.000,137.000,20.000,23.000
257.000,137.000,22.000,21.000
255.000,138.000,21.000,22.000
254.000,139.000,23.000,22.000
249.000,137.000,26.000,22.000
248.000,140.000,25.000,22.000
248.000,141.000,21.000,23.000
246.000,141.000,19.000,24.000
243.000,141.000,20.000,20.000
241.000,142.000,21.000,20.000
239.000,143.000,21.000,22.000
238.000,143.000,21.000,23.000
231.096,148.843,28.309,22.910
229.054,140.579,31.179,23.377
231.000,146.000,20.000,23.000
227.000,147.000,22.000,22.000
225.000,148.000,20.000,21.000
223.000,149.000,21.000,22.000
221.000,151.000,21.000,22.000
218.000,151.000,21.000,21.000
218.000,151.000,19.000,23.000
216.000,153.000,20.000,23.000
216.000,153.000,20.000,23.000
216.000,153.000,20.000,22.000
216.000,155.000,19.000,21.000
