44.000,184.000,240.000,139.000
36.094,179.657,229.137,137.216
34.000,178.000,225.000,146.000
47.000,194.000,215.000,132.000
63.000,191.000,211.000,134.000
91.000,193.000,196.000,135.000
109.000,194.000,183.000,126.000
127.000,205.000,181.000,127.000
150.000,209.000,171.000,119.000
170.000,213.000,161.000,120.000
184.000,212.000,154.000,118.000
205.000,209.000,148.000,115.000
224.000,213.000,138.000,114.000
246.000,212.000,132.000,112.000
265.000,216.000,126.000,110.000
283.000,213.000,120.000,111.000
295.000,215.000,123.000,105.000
309.000,217.000,121.000,109.000
324.000,221.000,113.000,99.000
326.000,220.000,109.000,100.000
334.000,221.000,105.000,96.000
338.000,222.000,110.000,95.000
342.000,214.000,108.000,98.000
344.000,219.000,111.000,96.000
350.000,217.000,105.000,92.000
348.000,220.000,112.000,94.000
349.000,219.000,113.000,94.000
350.000,217.000,115.000,94.000
351.000,223.000,110.000,88.000
346.000,219.000,119.000,92.000
344.000,225.000,110.000,84.000
342.000,220.000,110.000,85.000
339.281,220.004,113.006,84.340
338.124,219.146,113.225,83.988
336.138,218.127,114.144,83.742
335.618,217.135,114.878,83.237
331.000,217.000,120.000,85.000
339.597,215.882,115.350,81.994
337.020,215.647,119.964,81.707
339.631,216.494,120.037,81.116
341.395,216.153,120.637,80.861
345.569,216.464,120.328,80.590
348.461,216.879,121.446,79.749
353.077,216.443,121.921,79.106
353.611,215.422,123.970,79.719
356.634,215.048,124.242,79.520
356.954,214.390,124.653,79.193
355.000,220.000,129.000,75.000
359.230,217.787,127.910,76.320
358.000,219.000,125.000,73.000
357.000,226.000,132.000,76.000
360.802,223.093,129.813,74.031
360.000,222.000,131.000,77.000
366.380,220.640,130.013,76.835
361.000,225.000,131.000,74.000
364.000,220.000,133.000,78.000
360.000,222.000,137.000,73.000
365.603,218.180,140.402,77.269
365.970,217.296,139.469,77.496
367.626,216.464,140.832,77.768
370.197,215.297,141.201,77.858
373.421,214.291,142.340,77.845
378.472,214.110,142.334,77.480
379.523,213.731,140.036,76.209
381.750,213.453,146.808,77.228
386.004,214.113,145.611,76.460
391.066,214.780,145.678,75.902
394.413,215.015,147.054,76.236
397.476,216.645,149.062,75.976
400.612,217.539,148.574,75.552
403.119,218.117,148.214,75.702
403.913,219.822,145.904,74.786
406.783,220.219,144.595,75.384
406.309,219.809,142.269,75.493
411.867,218.264,142.092,76.376
413.222,216.382,144.094,77.712
414.847,215.248,147.220,77.911
417.903,213.190,150.151,78.516
414.000,210.000,158.000,102.000
421.000,210.000,152.000,91.000
428.000,208.000,145.000,80.000
429.000,206.000,148.000,80.000
435.000,204.000,146.000,80.000
439.000,199.000,146.000,84.000
443.000,200.000,151.000,90.000
450.000,199.000,150.000,91.000
454.000,200.000,150.000,92.000
461.000,199.000,148.000,93.000
465.000,194.000,146.000,98.000
469.000,193.000,147.000,99.000
469.000,194.000,146.000,99.000
472.000,191.000,150.000,103.000
473.000,192.000,154.000,103.000
479.000,189.000,147.000,104.000
484.000,193.000,149.000,102.000
483.000,194.000,146.000,99.000
491.229,193.779,145.064,98.046
487.470,193.167,146.656,98.284
489.000,196.000,145.000,93.000
496.000,197.000,148.000,90.000
500.000,196.000,149.000,87.000
488.000,197.000,159.000,86.000
495.000,192.000,153.000,84.000
499.000,187.000,158.000,92.000
505.000,181.000,153.000,102.000
504.000,185.000,152.000,99.000
506.000,181.000,149.000,94.000
508.000,185.000,143.000,82.000
514.000,185.000,144.000,90.000
517.000,182.000,143.000,87.000
521.000,185.000,148.000,91.000
520.000,180.000,149.000,85.000
520.000,192.000,148.000,83.000
526.000,189.000,144.000,88.000
532.000,190.000,165.000,87.000
543.000,190.000,151.000,87.000
542.000,190.000,145.000,84.000
544.000,185.000,142.000,88.000
548.000,193.000,141.000,79.000
550.000,193.000,137.000,77.000
552.000,192.000,135.000,75.000
560.000,195.000,132.000,74.000
566.000,193.000,126.000,74.000
571.000,192.000,122.000,72.000
574.000,194.000,120.000,74.000
578.000,193.000,118.000,73.000
582.000,192.000,117.000,72.000
587.000,193.000,108.000,70.000
589.937,192.772,109.806,69.261
594.000,194.000,104.000,65.000
601.000,192.000,93.000,66.000
606.000,192.000,91.000,66.000
609.000,191.000,92.000,62.000
616.000,195.000,84.000,63.000
620.000,193.000,80.000,61.000
623.000,191.000,78.000,60.000
623.000,190.000,78.000,62.000
626.000,190.000,73.000,62.000
630.000,193.000,70.000,58.000
631.000,190.000,70.000,60.000
630.000,190.000,68.000,60.000
630.000,192.000,66.000,58.000
631.000,190.000,64.000,59.000
632.000,191.000,59.000,58.000
630.000,193.000,62.000,55.000
630.000,194.000,62.000,55.000
629.000,196.000,63.000,54.000
628.000,196.000,66.000,57.000
627.000,199.000,70.000,56.000
626.000,200.000,72.000,57.000
624.000,202.000,74.000,60.000
624.000,202.000,74.000,56.000
620.000,201.000,78.000,60.000
615.000,199.000,81.000,61.000
611.000,199.000,88.000,63.000
611.000,199.000,87.000,62.000
605.000,197.000,95.000,63.000
601.000,198.000,97.000,68.000
593.000,198.000,103.000,66.000
586.000,195.000,107.000,68.000
583.773,193.027,112.614,68.013
572.000,193.000,118.000,75.000
567.000,191.000,122.000,73.000
560.000,188.000,125.000,78.000
555.000,192.000,128.000,82.000
548.000,193.000,135.000,80.000
538.000,190.000,138.000,87.000
528.000,190.000,146.000,90.000
525.000,186.000,148.000,94.000
511.000,190.000,162.000,94.000
503.000,189.000,165.000,99.000
499.000,191.000,168.000,97.000
485.000,187.000,177.000,105.000
474.000,184.000,186.000,115.000
461.000,184.000,198.000,113.000
449.000,183.000,207.000,120.000
434.000,179.000,218.000,123.000
423.000,176.000,225.000,136.000
411.000,170.000,232.000,135.000
397.000,166.000,240.000,147.000
376.000,155.000,266.000,159.000
368.000,142.000,267.000,174.000
349.000,128.000,287.000,190.000
328.000,101.000,310.000,220.000
328.000,110.000,310.000,215.000
313.000,97.000,328.000,212.000
310.000,87.000,333.000,206.000
297.000,94.000,357.000,223.000
299.000,100.000,375.000,219.000
302.000,94.000,366.000,219.000
305.000,108.000,371.000,198.000
310.000,129.000,379.000,175.000
326.271,125.716,357.403,175.882
323.232,126.227,362.201,178.751
330.823,124.187,363.897,179.599
328.373,126.858,364.488,181.749
332.203,132.660,363.266,182.034
334.736,138.488,360.568,180.639
330.544,145.606,357.215,178.951
331.529,149.840,357.997,180.944
302.000,159.000,390.000,179.000
301.935,156.999,383.413,184.321
287.314,156.491,383.713,191.832
286.243,159.995,382.422,194.593
272.664,158.338,380.473,197.054
256.052,159.364,384.514,197.198
255.888,164.803,380.999,195.011
243.271,169.143,378.737,193.620
221.000,179.000,346.000,184.000
225.174,173.495,354.670,182.276
206.450,174.367,366.714,187.671
188.869,172.331,377.782,187.580
173.660,170.536,381.900,188.900
153.413,168.439,372.844,185.368
145.055,164.958,375.902,186.307
129.777,161.046,379.520,186.953
129.632,157.962,386.490,189.505
116.677,154.953,386.270,188.526
122.810,153.103,396.241,193.259
121.000,162.000,365.000,188.000
113.000,158.000,376.000,196.000
93.854,156.139,372.136,192.856
93.639,158.036,385.405,197.480
87.422,162.779,380.859,198.869
79.281,166.323,384.462,199.174
70.674,168.531,378.232,200.589
77.396,172.085,382.917,203.195
67.490,172.629,380.311,205.617
70.901,174.224,375.170,203.427
77.486,177.239,377.586,207.521
81.792,179.286,368.775,205.554
86.540,181.591,368.296,207.012
91.548,182.705,359.700,206.591
93.460,184.884,360.154,207.601
101.049,183.019,350.050,209.663
104.735,181.280,343.813,211.575
118.273,176.479,332.281,218.476
134.019,173.303,320.534,224.359
144.026,167.899,309.974,232.033
168.409,165.284,295.251,239.246
192.799,160.119,285.521,246.656
215.852,151.461,272.057,254.989
235.187,146.716,258.948,262.601
258.450,138.451,249.295,269.884
274.035,130.469,239.063,280.474
289.066,122.836,233.894,290.128
298.446,119.521,226.583,294.745
301.569,113.807,218.927,297.882
302.398,108.250,214.118,303.762
293.951,104.705,214.910,310.652
286.430,102.658,219.679,311.158
287.664,97.439,223.341,312.727
297.072,93.135,226.591,318.571
289.346,88.960,236.579,320.366
283.000,158.000,274.000,270.000
279.000,158.000,288.000,263.000
265.549,160.396,296.004,258.281
265.558,158.401,297.555,255.050
222.000,168.000,341.000,254.000
249.304,157.058,315.320,241.983
260.000,166.000,304.000,239.000
259.181,167.141,300.901,229.948
244.000,175.000,314.000,224.000
263.000,172.000,296.000,204.000
254.000,162.000,306.000,216.000
257.000,157.000,301.000,217.000
252.000,164.000,309.000,204.000
258.000,166.000,303.000,193.000
265.000,166.000,283.000,195.000
267.616,160.892,281.446,185.158
275.000,164.000,283.000,170.000
281.000,172.000,275.000,154.000
284.000,171.000,278.000,160.000
291.000,169.000,273.000,158.000
299.000,171.000,266.000,146.000
293.000,176.000,276.000,151.000
294.000,178.000,277.000,149.000
302.000,179.000,269.000,142.000
294.000,191.000,264.000,131.000
298.000,186.000,267.000,137.000
300.000,182.000,256.000,140.000
297.000,189.000,254.000,134.000
297.025,184.549,256.860,133.654
277.000,175.000,273.000,143.000
273.000,183.000,275.000,141.000
273.000,183.000,280.000,133.000
260.000,168.000,282.000,144.000
255.000,178.000,286.000,138.000
254.990,174.483,278.815,136.184
244.000,174.000,279.000,139.000
232.000,175.000,288.000,136.000
240.082,170.328,282.420,137.104
222.000,174.000,300.000,131.000
225.000,181.000,280.000,128.000
231.579,177.098,278.607,131.187
219.000,176.000,285.000,133.000
220.000,181.000,276.000,131.000
223.699,178.319,272.626,132.354
215.000,185.000,272.000,132.000
211.000,189.000,272.000,123.000
216.579,188.631,267.404,130.191
209.165,187.968,262.183,130.262
203.146,188.834,259.312,131.171
205.962,189.091,257.215,131.790
197.000,192.000,250.000,129.000
190.000,189.000,243.000,125.000
181.952,189.494,243.312,127.891
181.385,187.804,236.992,127.190
169.000,191.000,234.000,115.000
168.810,189.202,226.444,117.416
163.509,185.946,224.929,118.631
156.000,185.000,216.000,118.000
159.000,184.000,211.000,116.000
166.678,187.058,206.209,117.222
156.000,195.000,196.000,105.000
157.000,187.000,191.000,110.000
166.372,192.657,183.013,113.096
161.988,196.215,180.809,111.218
166.000,199.000,173.000,104.000
166.000,201.000,166.000,112.000
169.958,198.250,159.631,108.256
166.000,204.000,153.000,107.000
172.000,210.000,147.000,96.000
176.607,203.956,144.208,98.332
182.000,208.000,136.000,95.000
185.000,206.000,132.000,101.000
193.000,211.000,119.000,91.000
196.000,205.000,122.000,97.000
202.000,208.000,120.000,97.000
208.000,210.000,116.000,94.000
216.000,211.000,110.000,93.000
222.000,214.000,111.000,89.000
227.000,216.000,112.000,92.000
234.000,218.000,111.000,94.000
242.000,219.000,104.000,88.000
248.000,225.000,105.000,87.000
249.000,224.000,108.000,87.000
255.000,223.000,110.000,86.000
260.000,228.000,108.000,88.000
264.000,223.000,111.000,85.000
264.000,222.000,117.000,90.000
272.000,230.000,116.000,78.000
275.000,226.000,115.000,82.000
276.000,224.000,120.000,88.000
281.000,226.000,119.000,84.000
285.000,225.000,122.000,80.000
288.000,225.000,120.000,83.000
285.000,226.000,121.000,85.000
276.000,227.000,128.000,92.000
269.000,224.000,132.000,89.000
264.000,224.000,133.000,92.000
254.000,220.000,147.000,96.000
253.051,217.181,147.068,94.201
246.000,207.000,163.000,101.000
241.000,203.000,165.000,103.000
236.000,207.000,169.000,103.000
235.000,201.000,181.000,110.000
226.000,198.000,192.000,107.000
223.000,197.000,200.000,119.000
222.000,191.000,210.000,123.000
219.000,192.000,222.000,119.000
220.000,194.000,219.000,125.000
218.000,182.000,232.000,126.000
211.000,174.000,253.000,138.000
211.000,175.000,260.000,140.000
218.000,179.000,259.000,144.000
217.000,162.000,275.000,157.000
214.000,168.000,294.000,152.000
223.000,163.000,300.000,153.000
225.000,146.000,317.000,167.000
225.000,146.000,335.000,169.000
222.000,145.000,340.000,181.000
219.000,141.000,357.000,185.000
233.000,127.000,357.000,200.000
235.000,135.000,373.000,202.000
223.000,136.000,400.000,211.000
234.000,126.000,407.000,213.000
261.000,141.000,414.000,216.000
279.000,136.000,412.000,216.000
304.000,141.000,413.000,203.000
297.000,146.000,429.000,200.000
286.000,153.000,428.000,216.000
293.000,157.000,429.000,205.000
320.000,162.000,432.000,199.000
318.887,159.185,433.835,202.584
341.941,157.610,430.287,202.565
365.038,154.856,430.111,202.819
371.640,150.166,434.430,205.497
390.121,146.772,435.863,206.892
400.000,149.000,433.000,210.000
397.000,145.000,452.000,209.000
417.000,144.000,434.000,206.000
433.807,139.207,444.207,211.303
416.000,143.000,450.000,207.000
418.000,130.000,450.000,213.000
429.960,129.413,448.955,212.931
410.000,137.000,452.000,203.000
407.000,146.000,454.000,192.000
398.000,139.000,456.000,212.000
382.000,153.000,453.000,208.000
371.101,151.411,444.909,208.587
368.786,151.404,447.257,213.065
358.688,150.790,435.900,209.602
342.000,148.000,447.000,214.000
342.506,146.857,435.459,206.300
318.966,144.610,429.840,206.633
320.054,140.564,439.269,210.355
296.000,124.000,477.000,226.000
296.000,133.000,461.000,218.000
295.000,120.000,444.000,219.000
302.000,121.000,448.000,228.000
304.939,120.887,442.108,222.549
299.000,111.000,448.000,228.000
304.000,102.000,451.000,231.000
315.000,118.000,443.000,224.000
320.000,107.000,438.000,226.000
346.413,106.702,447.816,236.118
337.000,109.000,441.000,235.000
360.000,113.000,437.000,227.000
371.414,98.583,436.628,230.507
394.336,94.615,434.222,237.908
416.134,89.779,427.411,240.611
426.562,87.823,423.819,244.065
439.738,85.986,418.167,247.076
464.131,85.198,413.015,248.482
476.813,77.255,409.335,250.183
485.584,71.271,409.937,254.771
504.954,70.858,401.481,255.300
521.356,64.974,395.964,256.690
539.702,61.253,387.123,260.300
559.442,60.354,378.265,263.227
570.130,55.653,367.517,266.410
579.885,53.557,363.124,268.849
587.303,54.884,355.479,267.488
598.286,50.687,346.827,269.247
604.212,46.869,335.688,269.387
605.663,41.632,332.283,271.860
603.971,33.197,326.389,272.994
603.242,27.836,324.732,275.944
603.030,26.156,325.496,275.087
598.376,22.839,324.170,277.758
601.829,19.324,324.987,280.769
591.393,15.120,323.248,279.301
586.633,10.691,323.897,282.424
583.367,8.505,322.612,284.113
579.249,6.420,319.013,284.401
575.140,3.052,315.782,285.706
570.359,1.293,314.136,288.321
567.000,6.000,298.000,294.000
570.000,26.000,294.000,276.000
558.000,18.000,299.000,303.000
547.000,12.000,311.000,308.000
539.000,17.000,323.000,305.000
545.246,5.635,330.047,302.571
538.472,3.528,341.466,308.958
530.981,9.896,354.091,312.597
521.758,13.347,364.974,316.995
507.704,18.625,376.186,322.334
478.577,21.401,386.177,323.651
454.173,21.932,400.710,328.940
438.449,28.211,414.764,332.091
430.663,37.379,422.580,334.097
413.211,44.417,428.024,334.859
401.777,54.545,431.863,331.765
387.919,62.793,431.567,324.317
367.872,69.262,432.799,319.375
347.000,115.000,458.000,270.000
322.000,98.000,462.000,262.000
301.000,103.000,465.000,283.000
288.000,111.000,470.000,258.000
264.000,125.000,466.000,241.000
242.000,116.000,475.000,254.000
220.000,117.000,475.000,251.000
226.755,123.298,457.447,246.692
215.000,152.000,451.000,219.000
206.000,146.000,444.000,224.000
199.000,142.000,431.000,222.000
188.000,140.000,429.000,220.000
211.000,156.000,392.000,205.000
213.732,156.346,393.572,199.748
202.000,176.000,387.000,182.000
214.000,177.000,380.000,186.000
230.000,181.000,358.000,173.000
218.000,190.000,364.000,179.000
232.000,189.000,348.000,161.000
231.000,208.000,339.000,147.000
216.000,201.000,357.000,156.000
219.000,202.000,341.000,152.000
210.000,201.000,338.000,154.000
212.000,199.000,330.000,157.000
205.000,208.000,328.000,151.000
202.000,208.000,334.000,143.000
193.000,208.000,331.000,166.000
193.000,209.000,328.000,151.000
196.000,224.000,317.000,139.000
183.000,214.000,323.000,160.000
179.000,211.000,314.000,160.000
170.000,226.000,313.000,143.000
167.000,221.000,304.000,145.000
160.000,220.000,307.000,144.000
150.000,226.000,302.000,147.000
154.000,217.000,279.000,156.000
145.000,216.000,274.000,151.000
140.000,224.000,274.000,150.000
126.000,220.000,279.000,142.000
129.000,217.000,253.000,141.000
133.000,222.000,237.000,129.000
130.000,215.000,222.000,132.000
112.000,211.000,234.000,147.000
103.000,209.000,232.000,138.000
105.000,212.000,218.000,145.000
102.000,202.000,207.000,143.000
105.377,207.135,198.076,143.188
94.000,208.000,192.000,139.000
92.221,210.435,186.991,137.015
88.000,215.000,170.000,128.000
82.000,217.000,178.000,135.000
74.000,210.000,169.000,131.000
78.502,209.310,162.996,131.457
71.067,209.143,160.817,130.732
68.000,216.000,146.000,123.000
66.000,215.000,145.000,128.000
63.000,214.000,142.000,128.000
61.000,212.000,137.000,134.000
61.000,213.000,128.000,129.000
57.000,214.000,133.000,134.000
63.100,212.877,128.230,129.927
59.915,215.106,127.591,128.687
60.617,213.996,125.431,128.927
59.863,214.397,122.149,128.155
61.708,215.335,119.263,127.345
62.248,216.393,116.933,126.836
65.360,216.625,114.784,126.348
65.985,218.131,113.860,125.182
70.255,218.690,111.797,123.218
71.646,219.646,110.021,121.845
76.251,220.109,108.554,120.758
78.112,220.692,107.634,119.480
81.431,219.828,106.041,118.112
84.280,220.729,106.537,116.961
88.600,221.556,105.316,114.845
91.181,221.666,104.592,113.371
93.231,221.105,104.029,112.191
96.260,221.157,104.564,110.292
98.214,221.440,106.165,107.711
100.895,221.257,105.444,106.513
103.978,222.622,104.831,105.945
108.485,224.288,103.980,103.359
112.162,225.920,102.544,101.388
114.247,225.915,102.614,99.250
118.252,227.180,101.973,97.676
122.473,227.078,101.438,96.776
125.246,226.411,101.692,96.131
128.722,225.485,101.386,94.544
132.807,224.643,100.485,92.828
134.531,224.347,101.350,91.721
136.958,222.862,100.304,90.364
138.835,220.888,101.379,89.993
141.155,219.431,101.173,89.971
143.386,217.989,102.248,89.257
146.313,215.201,102.121,88.541
149.799,214.070,102.971,87.626
152.211,213.620,102.540,86.734
153.000,215.000,102.000,85.000
163.218,214.366,101.124,85.603
164.275,215.510,101.944,84.435
171.547,216.031,100.422,83.221
176.579,215.675,100.960,82.551
181.600,214.912,100.215,81.751
186.344,214.673,99.984,81.517
193.392,214.598,99.005,79.682
196.817,213.761,100.093,79.368
206.032,212.780,98.565,78.332
212.690,212.623,98.652,77.254
216.113,211.388,98.173,77.050
218.978,208.733,97.391,76.076
218.197,207.958,96.700,74.741
217.575,207.374,95.820,74.621
216.119,207.173,95.903,74.215
210.792,207.794,94.490,73.561
201.127,209.337,94.452,72.538
192.473,211.448,95.426,72.520
184.712,212.310,95.477,71.713
174.127,215.000,95.394,70.500
167.580,215.880,95.307,71.167
162.935,215.526,94.588,71.640
155.656,215.136,93.010,71.498
150.559,215.840,92.982,71.103
146.275,216.193,93.850,70.584
140.495,220.226,93.737,69.717
139.493,220.125,92.633,69.320
137.351,219.808,91.559,68.904
137.665,218.083,91.109,69.260
136.225,217.807,91.041,68.448
136.000,221.000,89.000,66.000
137.025,219.066,88.940,65.056
140.000,216.000,90.000,61.000
145.587,216.516,88.871,64.846
146.484,215.501,88.367,63.723
150.985,214.482,87.375,63.208
156.473,213.998,85.557,63.224
158.000,211.000,87.000,63.000
161.000,210.000,85.000,61.000
164.715,209.890,86.065,62.579
166.327,207.526,86.283,62.579
166.244,206.321,85.804,62.282
163.731,204.568,85.029,62.251
166.179,203.207,84.439,62.009
168.319,202.727,84.828,60.947
171.232,201.908,83.790,60.169
175.511,200.415,83.677,60.311
179.275,199.483,83.109,59.789
177.000,202.000,84.000,60.000
181.510,201.016,82.497,58.750
182.521,201.529,81.940,58.268
181.238,203.026,81.699,57.839
177.434,204.379,82.750,57.056
175.312,205.487,82.580,56.158
172.041,206.558,83.038,55.997
170.065,206.062,83.310,56.196
172.000,207.000,79.000,56.000
172.000,210.000,79.000,56.000
173.067,208.431,80.079,54.743
176.000,207.000,84.000,55.000
183.000,208.000,83.000,55.000
191.032,208.063,82.849,53.368
196.362,208.581,83.275,52.790
201.700,208.707,83.263,52.206
209.112,208.532,83.775,52.092
217.366,208.929,83.270,51.569
221.113,208.843,82.274,51.569
215.000,207.000,85.000,56.000
210.000,204.000,86.000,54.000
202.000,200.000,88.000,56.000
198.000,196.000,91.000,58.000
192.000,189.000,95.000,59.000
188.000,182.000,99.000,63.000
187.000,180.000,99.000,65.000
185.000,174.000,106.000,66.000
187.000,168.000,110.000,69.000
184.520,168.168,108.564,69.557
183.358,163.555,111.216,70.314
185.000,153.000,126.000,75.000
188.000,144.000,129.000,80.000
193.000,138.000,128.000,80.000
196.000,130.000,138.000,81.000
208.000,127.000,138.000,85.000
213.885,124.292,141.345,87.758
221.000,123.000,154.000,94.000
229.000,112.000,159.000,99.000
237.000,106.000,171.000,98.000
251.000,102.000,170.000,103.000
265.028,99.113,166.383,101.015
288.000,93.000,181.000,105.000
311.000,95.000,188.000,104.000
342.000,95.000,189.000,108.000
372.000,98.000,187.000,108.000
401.000,99.000,192.000,109.000
430.981,101.153,189.756,108.382
461.000,104.000,198.000,108.000
494.000,108.000,190.000,106.000
524.000,108.000,184.000,106.000
542.000,113.000,193.000,109.000
560.406,112.903,189.923,105.754
586.000,121.000,187.000,101.000
601.000,126.000,188.000,105.000
612.000,132.000,193.000,109.000
627.000,139.000,193.000,110.000
632.000,148.000,188.000,107.000
638.000,147.000,188.000,103.000
638.419,149.458,188.970,105.411
628.000,156.000,198.000,99.000
637.893,157.638,196.422,101.232
631.849,163.327,194.589,100.816
632.821,166.955,191.665,101.245
635.000,169.000,187.000,113.000
626.000,175.000,188.000,113.000
609.000,188.000,173.000,111.000
607.425,193.058,175.126,111.467
583.651,199.485,186.199,112.759
555.810,203.057,184.626,114.317
534.427,203.005,179.989,117.597
535.049,203.332,176.267,125.426
528.685,201.269,173.936,127.270
498.000,213.000,208.000,116.000
485.481,210.900,188.681,114.448
483.848,212.089,190.307,112.556
472.821,215.855,187.130,107.848
453.919,215.307,189.403,105.715
427.125,212.965,190.935,103.771
409.906,213.399,190.784,101.460
401.424,212.373,185.511,99.104
376.491,208.990,180.158,98.604
365.079,209.478,178.554,97.477
369.000,206.000,179.000,110.000
354.000,201.000,192.000,132.000
335.000,208.000,207.000,120.000
322.000,205.000,221.000,145.000
283.716,207.886,252.664,122.449
280.725,202.318,268.717,111.070
299.491,198.562,261.782,97.979
317.921,197.052,241.381,88.397
317.465,194.800,228.832,84.787
322.245,191.136,220.942,81.278
338.195,187.856,206.946,76.460
358.511,184.084,196.550,74.707
382.587,180.351,185.323,72.334
370.000,180.000,194.000,66.000
387.000,173.000,191.000,67.000
403.000,170.000,192.000,66.000
422.000,167.000,185.000,66.000
431.000,163.000,188.000,66.000
442.000,160.000,194.000,67.000
452.000,154.000,195.000,67.000
457.000,150.000,201.000,65.000
471.000,143.000,211.000,68.000
475.000,140.000,209.000,67.000
488.000,137.000,200.000,62.000
506.000,133.000,194.000,65.000
513.000,130.000,209.000,69.000
520.000,130.000,212.000,85.000
530.000,136.000,218.000,84.000
534.000,137.000,208.000,89.000
545.000,139.000,198.000,80.000
550.000,143.000,196.000,84.000
551.000,146.000,208.000,83.000
560.000,151.000,205.000,85.000
561.000,159.000,209.000,86.000
568.000,159.000,212.000,101.000
574.000,164.000,211.000,93.000
587.000,164.000,202.000,93.000
587.000,166.000,206.000,100.000
595.000,167.000,205.000,94.000
600.000,166.000,212.000,107.000
616.000,167.000,206.000,116.000
633.000,167.000,205.000,113.000
646.346,168.488,210.267,112.267
654.095,170.048,208.580,112.901
665.722,171.782,207.887,113.315
676.962,177.422,205.605,112.569
687.974,180.103,205.043,112.322
699.196,181.365,203.553,111.314
708.854,182.725,204.092,110.783
723.281,185.050,205.386,111.184
736.220,188.371,202.530,110.591
745.000,192.000,197.000,105.000
752.588,191.345,200.982,109.262
757.847,191.793,198.735,110.194
766.320,191.034,200.924,112.110
779.312,192.303,199.926,111.954
783.000,197.000,203.000,106.000
794.306,195.177,202.261,110.211
805.621,197.664,202.214,112.276
809.510,198.707,199.746,112.728
817.300,200.453,201.559,114.143
821.000,207.000,195.000,106.000
827.715,205.594,197.713,110.212
839.000,208.000,191.000,112.000
847.271,204.462,191.418,110.269
856.376,205.958,194.641,112.415
865.266,206.942,193.728,112.326
872.843,205.660,191.552,111.585
882.761,205.350,193.677,113.772
893.141,205.841,191.059,112.888
897.782,207.506,191.512,113.310
906.379,208.285,189.504,113.158
908.285,208.064,189.052,112.229
915.849,207.361,188.828,113.294
918.000,218.000,190.000,113.000
920.325,208.536,181.682,111.554
933.000,218.000,145.000,107.000
934.000,222.000,127.000,103.000
938.000,219.000,112.000,108.000
1013.000,216.000,115.000,118.000
1019.086,217.140,120.097,123.722
1018.000,221.000,108.000,113.000
997.000,218.000,126.000,119.000
968.000,226.000,152.000,117.000
952.000,233.000,165.000,117.000
930.000,238.000,183.000,120.000
931.000,242.000,176.000,116.000
925.000,250.000,169.000,119.000
914.000,251.000,173.000,128.000
903.000,264.000,173.000,120.000
899.000,264.000,165.000,121.000
885.000,272.000,170.000,120.000
880.000,276.000,173.000,126.000
872.000,270.000,168.000,124.000
863.000,283.000,161.000,124.000
855.000,281.000,165.000,113.000
835.000,277.000,165.000,120.000
829.000,269.000,161.000,125.000
826.000,267.000,160.000,135.000
816.000,266.000,160.000,122.000
815.000,270.000,149.000,116.000
815.000,258.000,147.000,131.000
806.000,249.000,154.000,137.000
800.000,248.000,152.000,133.000
797.000,241.000,152.000,133.000
797.000,247.000,151.000,138.000
791.048,243.391,153.498,131.958
780.000,242.000,167.000,137.000
798.000,242.000,147.000,140.000
791.000,246.000,152.000,144.000
800.000,238.000,149.000,149.000
795.000,249.000,155.000,142.000
803.000,242.000,151.000,144.000
789.000,246.000,164.000,151.000
794.000,242.000,156.000,146.000
796.000,245.000,151.000,157.000
799.000,236.000,150.000,158.000
793.000,242.000,161.000,160.000
787.000,240.000,172.000,155.000
800.000,242.000,157.000,171.000
789.000,235.000,175.000,163.000
792.000,243.000,172.000,163.000
786.000,255.000,174.000,159.000
781.000,241.000,183.000,171.000
784.000,247.000,168.000,167.000
785.000,251.000,167.000,174.000
780.000,248.000,165.000,177.000
773.000,244.000,172.000,187.000
770.000,250.000,175.000,182.000
766.000,250.000,173.000,188.000
757.000,246.000,181.000,187.000
750.000,246.000,189.000,195.000
749.000,246.000,184.000,194.000
745.000,252.000,190.000,195.000
740.000,246.000,196.000,191.000
739.000,251.000,193.000,192.000
739.000,241.000,187.000,200.000
731.000,253.000,198.000,197.000
726.804,251.404,190.358,187.611
722.000,244.000,208.000,206.000
721.000,241.000,201.000,198.000
704.000,259.000,219.000,196.000
708.000,243.000,210.000,204.000
696.000,249.000,217.000,204.000
689.000,232.000,228.000,217.000
683.000,246.000,227.000,217.000
672.000,252.000,226.000,211.000
660.000,244.000,236.000,216.000
649.000,242.000,233.000,228.000
628.000,261.000,244.000,211.000
610.000,249.000,266.000,211.000
613.000,272.000,256.000,216.000
609.000,259.000,253.000,234.000
585.000,251.000,267.000,242.000
577.000,266.000,260.000,208.000
568.000,253.000,268.000,241.000
547.000,255.000,277.000,244.000
544.000,261.000,291.000,248.000
556.000,247.000,282.000,254.000
564.000,254.000,278.000,252.000
570.000,253.000,285.000,248.000
585.000,236.000,293.000,278.000
596.000,222.000,303.000,299.000
589.000,236.000,259.000,283.000
608.000,241.000,262.000,265.000
602.000,241.000,299.000,269.000
585.000,243.000,330.000,261.000
589.000,241.000,339.000,270.000
582.000,246.000,362.000,283.000
565.000,223.000,382.000,303.000
591.979,229.079,353.426,301.719
582.000,222.000,387.000,314.000
579.000,223.000,385.000,314.000
586.000,208.000,395.000,318.000
569.000,186.000,415.000,349.000
574.000,205.000,402.000,324.000
582.000,194.000,423.000,317.000
568.000,202.000,412.000,315.000
527.000,185.000,461.000,341.000
529.000,193.000,463.000,333.000
509.000,192.000,462.000,333.000
504.000,176.000,475.000,350.000
502.000,168.000,454.000,358.000
490.000,178.000,457.000,335.000
489.000,182.000,450.000,352.000
465.000,157.000,456.000,372.000
448.000,170.000,454.000,355.000
434.000,177.000,464.000,355.000
412.000,157.000,474.000,357.000
392.000,182.000,469.000,348.000
375.000,169.000,459.000,350.000
365.000,160.000,447.000,366.000
345.000,179.000,456.000,340.000
338.000,189.000,417.000,323.000
328.000,198.000,417.000,304.000
325.000,211.000,414.000,305.000
327.000,203.000,384.000,286.000
332.000,222.000,380.000,280.000
317.000,215.000,384.000,264.000
314.000,229.000,388.000,274.000
322.000,214.000,375.000,268.000
318.000,211.000,375.000,250.000
329.561,213.787,339.467,249.024
326.874,217.306,334.125,245.346
334.175,215.902,315.226,241.226
319.000,219.000,339.000,217.000
322.000,225.000,327.000,207.000
315.000,215.000,325.000,209.000
330.058,222.486,307.650,217.271
311.000,221.000,325.000,208.000
329.151,220.835,293.479,199.650
311.981,224.129,301.134,195.731
318.542,227.316,287.753,186.510
313.010,229.182,288.633,184.737
314.392,231.853,280.113,178.798
313.723,233.767,278.045,176.766
312.389,234.059,269.591,172.330
312.428,235.327,264.146,169.508
312.149,236.716,256.109,165.697
313.022,237.618,249.043,160.854
312.137,238.607,244.344,157.665
306.000,233.000,249.000,155.000
317.623,235.591,234.862,156.030
312.648,238.466,231.145,151.689
318.579,240.658,221.267,146.800
318.375,242.375,217.812,143.179
320.336,242.949,211.864,140.807
322.704,243.588,206.892,138.583
322.523,243.400,204.706,136.254
323.920,243.341,199.223,134.601
320.838,243.707,196.870,131.615
316.194,244.609,196.637,129.481
307.453,246.042,195.929,127.823
299.019,246.378,194.083,126.312
279.000,250.000,223.000,130.000
273.000,244.000,224.000,126.000
270.769,243.742,212.476,128.163
258.000,242.000,228.000,131.000
251.000,236.000,228.000,128.000
253.375,235.625,220.857,131.968
242.000,246.000,236.000,115.000
233.000,234.000,234.000,122.000
234.868,233.928,228.924,127.104
226.000,233.000,243.000,122.000
222.000,220.000,238.000,133.000
215.000,222.000,235.000,126.000
212.000,222.000,248.000,129.000
209.000,223.000,243.000,126.000
222.645,221.794,229.396,125.089
209.000,224.000,242.000,123.000
218.000,232.000,241.000,113.000
224.000,223.000,226.000,120.000
229.000,225.000,217.000,113.000
225.221,226.599,225.737,116.797
224.889,224.738,223.412,117.735
215.000,231.000,229.000,121.000
228.971,226.602,216.203,117.230
224.000,222.000,212.000,116.000
223.000,230.000,211.000,123.000
229.000,233.000,202.000,114.000
225.000,232.000,205.000,118.000
228.000,230.000,196.000,113.000
237.763,230.716,195.138,113.221
233.600,230.198,190.339,113.929
242.624,230.593,185.166,113.416
238.000,235.000,177.000,109.000
248.561,235.748,172.761,107.361
248.000,241.000,170.000,108.000
256.000,241.000,159.000,104.000
261.000,241.000,148.000,95.000
268.000,242.000,146.000,108.000
277.000,239.000,140.000,102.000
281.000,240.000,130.000,107.000
295.000,242.000,123.000,99.000
308.000,245.000,119.000,105.000
307.000,246.000,116.000,93.000
313.000,246.000,106.000,101.000
306.000,244.000,108.000,97.000
303.000,238.000,112.000,107.000
306.551,231.111,104.515,108.334
307.956,229.954,101.907,110.494
306.157,227.834,101.396,113.921
301.833,228.409,102.210,114.838
295.527,228.238,104.505,115.220
284.588,231.268,108.380,116.073
270.977,233.921,111.803,114.669
259.929,235.948,115.242,114.810
240.000,232.000,142.000,127.000
226.000,223.000,155.000,135.000
218.000,222.000,167.000,143.000
201.000,221.000,175.000,140.000
187.000,220.000,190.000,143.000
174.000,221.000,206.000,153.000
165.000,210.000,199.000,150.000
155.000,212.000,212.000,158.000
135.000,207.000,224.000,161.000
117.000,200.000,241.000,171.000
107.000,196.000,246.000,166.000
88.499,194.666,253.792,170.293
77.587,194.113,262.522,172.753
62.977,193.944,277.325,174.886
32.000,177.000,303.000,192.000
34.545,173.840,300.287,193.271
23.626,173.809,310.091,197.225
0.000,160.000,338.000,221.000
0.000,154.000,336.000,216.000
0.000,146.000,331.000,230.000
0.000,156.000,344.000,225.000
0.000,155.000,338.000,248.000
0.000,131.000,333.000,257.000
0.000,123.304,328.567,265.736
0.000,124.264,332.629,271.117
3.651,127.884,335.734,271.264
25.000,150.000,353.000,270.000
7.000,133.000,396.000,261.000
20.000,145.000,391.000,261.000
25.309,142.551,397.082,261.631
0.000,158.000,463.000,253.000
1.000,141.000,477.000,255.000
0.000,145.000,488.000,285.000
0.000,157.000,511.000,248.000
0.000,134.000,531.000,260.000
17.228,139.196,523.798,270.429
32.627,140.573,522.039,265.842
45.869,141.220,529.778,267.408
60.792,141.301,528.212,266.831
79.621,142.670,527.658,266.536
99.190,146.718,520.674,262.935
119.807,148.856,520.625,260.465
140.319,151.219,519.599,258.510
158.381,152.040,522.831,255.771
180.421,155.011,523.132,255.366
185.000,151.000,525.000,279.000
191.000,146.000,535.000,272.000
212.000,137.000,522.000,288.000
223.000,134.000,524.000,286.000
242.000,122.000,513.000,287.000
246.000,141.000,510.000,281.000
261.000,119.000,497.000,298.000
274.000,132.000,493.000,278.000
284.000,136.000,481.000,289.000
286.000,137.000,485.000,297.000
287.000,131.000,478.000,312.000
290.000,128.000,466.000,300.000
298.000,131.000,447.000,297.000
292.000,142.000,437.000,308.000
288.000,143.000,438.000,299.000
284.000,140.000,432.000,303.000
298.000,134.000,401.000,296.000
308.000,147.000,385.000,316.000
314.000,140.000,386.000,304.000
321.000,143.000,370.000,317.000
337.000,133.000,344.000,318.000
324.000,146.000,344.000,324.000
333.000,126.000,333.000,340.000
332.000,122.000,323.000,356.000
336.000,140.000,311.000,335.000
330.000,143.000,303.000,334.000
310.000,152.000,309.000,322.000
300.000,137.000,310.000,343.000
289.000,158.000,311.000,326.000
269.000,144.000,329.000,347.000
265.615,144.741,339.581,353.302
221.000,159.000,379.000,354.000
200.000,142.000,394.000,346.000
176.000,137.000,418.000,370.000
155.000,135.000,456.000,362.000
142.000,149.000,459.000,382.000
117.000,124.000,459.000,385.000
94.000,140.000,485.000,376.000
41.000,162.000,526.000,357.000
19.000,134.000,525.000,364.000
0.000,123.000,556.000,408.000
0.000,100.000,540.000,398.000
0.000,150.000,570.000,379.000
0.000,139.000,516.000,339.000
0.000,134.000,508.000,387.000
0.000,130.000,513.000,360.000
0.000,124.000,517.000,372.000
0.000,118.000,510.000,386.000
0.000,127.000,529.000,384.000
0.000,110.000,559.000,388.000
0.000,103.000,604.000,408.000
0.000,117.000,632.000,388.000
0.000,110.000,656.000,400.000
0.000,81.000,669.000,421.000
0.000,74.000,700.000,449.000
0.000,56.000,694.000,435.000
0.000,57.744,675.670,435.763
0.000,67.000,713.000,408.000
12.866,57.840,689.666,419.037
12.018,49.190,697.132,424.709
27.502,38.368,692.824,431.402
32.620,30.069,688.878,433.712
22.453,24.482,685.931,433.739
20.356,16.997,673.794,436.251
18.528,10.059,659.024,443.671
11.404,7.490,646.754,453.828
2.167,8.783,631.327,460.811
0.000,6.938,619.401,460.111
0.000,6.104,608.712,467.846
0.000,6.631,588.904,471.071
0.000,0.000,536.000,494.000
0.000,27.000,536.000,476.000
0.000,19.000,511.000,462.000
0.000,28.000,487.000,475.000
0.000,47.000,461.000,460.000
21.495,39.260,429.786,451.550
47.846,34.819,407.989,454.495
61.895,37.288,387.826,459.855
74.000,77.000,388.000,423.000
108.388,76.854,367.858,422.880
134.923,91.985,358.776,415.237
155.282,106.580,349.549,399.838
175.953,121.642,341.738,386.280
197.465,131.113,338.366,373.437
213.331,137.296,340.991,368.153
222.439,140.386,348.736,364.700
230.267,133.997,353.827,362.639
237.336,138.299,358.686,360.052
245.735,141.416,365.286,353.333
250.305,147.690,372.563,347.973
254.739,153.003,376.585,344.766
265.479,158.468,383.226,338.781
245.000,166.000,422.000,322.000
272.333,166.095,403.279,327.042
256.000,183.000,430.000,301.000
251.000,177.000,450.000,310.000
271.688,171.399,447.971,315.702
270.774,164.672,459.450,323.932
271.863,157.586,473.164,323.149
276.979,153.207,487.173,329.496
273.950,145.350,502.714,332.234
237.000,187.000,565.000,286.000
257.511,175.962,538.823,293.405
249.459,166.082,558.227,297.014
248.232,159.669,564.751,299.639
253.000,182.000,559.000,281.000
252.000,151.000,571.000,302.000
243.530,152.838,563.370,294.833
260.000,163.000,540.000,270.000
251.000,149.000,544.000,281.000
254.000,155.000,520.000,283.000
260.909,155.136,530.272,283.474
264.000,132.000,486.000,295.000
254.000,130.000,497.000,289.000
259.000,137.000,488.000,302.000
274.000,126.000,463.000,301.000
287.084,136.905,459.042,300.008
294.846,140.817,442.100,292.519
306.891,142.376,435.598,294.358
321.640,143.100,417.439,289.651
333.076,141.809,415.991,291.482
337.000,154.000,423.000,269.000
346.000,135.000,401.000,292.000
360.000,153.000,403.000,275.000
379.375,151.072,391.226,271.818
391.623,149.333,389.349,274.224
399.211,151.411,384.968,267.436
407.000,140.000,391.000,279.000
421.000,141.000,397.000,281.000
433.000,135.000,401.000,277.000
435.000,159.000,400.000,272.000
474.262,151.675,384.376,262.818
467.000,140.000,405.000,275.000
486.000,132.000,399.000,275.000
503.000,157.000,405.000,264.000
529.020,155.868,402.412,258.254
532.000,162.000,407.000,259.000
556.000,162.000,404.000,256.000
569.000,145.000,396.000,253.000
579.000,166.000,404.000,248.000
585.673,165.644,411.957,246.852
581.000,160.000,407.000,247.000
575.000,178.000,402.000,227.000
572.000,184.000,409.000,229.000
570.167,183.990,419.620,232.334
524.000,171.000,441.000,249.000
511.000,166.000,436.000,234.000
505.977,165.765,449.037,249.234
468.000,180.000,441.000,242.000
443.000,169.000,429.000,248.000
417.819,166.131,435.141,244.661
357.000,160.000,452.000,249.000
320.000,179.000,452.000,237.000
284.000,164.000,456.000,250.000
262.187,159.095,463.540,254.367
239.895,156.641,457.289,256.460
217.964,153.343,460.943,262.821
200.140,153.946,458.353,261.395
176.404,153.993,465.865,263.930
164.000,168.000,474.000,253.000
160.000,161.000,461.000,275.000
168.000,152.000,457.000,280.000
179.881,152.233,446.368,272.350
181.954,150.205,456.309,274.659
178.444,143.827,445.345,277.514
178.501,137.728,447.702,278.743
184.000,130.000,434.000,283.000
187.918,124.725,445.560,288.459
194.401,115.599,437.723,296.117
194.000,107.000,438.000,295.000
209.000,97.000,432.000,313.000
221.000,86.000,422.000,325.000
235.564,86.337,411.166,315.889
243.922,84.909,402.459,318.919
257.000,81.000,390.000,325.000
272.346,82.134,379.441,324.475
284.292,89.331,362.858,328.165
289.000,101.000,356.000,314.000
296.000,100.000,352.000,318.000
304.000,88.000,332.000,340.000
321.146,88.723,332.453,336.401
325.000,58.000,305.000,385.000
325.000,62.000,314.000,387.000
338.000,73.000,298.000,381.000
337.000,65.000,294.000,387.000
351.160,78.387,304.942,382.936
327.000,71.000,323.000,393.000
322.000,85.000,343.000,387.000
322.000,63.000,355.000,407.000
323.000,87.000,395.000,384.000
327.742,84.505,393.941,379.169
324.000,80.000,426.000,391.000
329.000,88.000,449.000,393.000
314.000,81.000,477.000,384.000
302.000,47.000,514.000,429.000
310.000,49.000,535.000,416.000
305.000,77.000,554.000,380.000
292.000,99.000,569.000,361.000
270.000,64.000,600.000,400.000
267.000,71.000,613.000,390.000
228.000,75.000,670.000,388.000
224.000,79.000,673.000,373.000
205.000,91.000,701.000,367.000
190.000,94.000,717.000,353.000
203.000,108.000,706.000,351.000
186.000,78.000,728.000,366.000
182.000,99.000,735.000,369.000
164.000,54.000,755.000,401.000
164.000,84.000,738.000,369.000
185.000,84.000,731.000,355.000
186.000,97.000,712.000,353.000
187.000,69.000,711.000,362.000
179.000,92.000,701.000,337.000
199.000,94.000,699.000,337.000
182.000,85.000,694.000,342.000
215.000,62.000,653.000,376.000
227.000,54.000,623.000,384.000
237.000,83.000,599.000,337.000
255.000,64.000,594.000,365.000
246.000,72.000,595.000,347.000
277.000,61.000,541.000,350.000
288.000,34.000,528.000,375.000
303.136,29.171,504.081,360.955
317.799,25.580,484.018,361.702
326.326,17.680,458.469,360.578
336.022,10.605,436.338,362.092
348.644,7.670,412.175,361.766
357.944,8.360,390.269,357.427
370.359,6.877,362.432,352.016
378.874,7.143,339.945,344.879
390.390,7.983,314.823,339.790
405.254,8.042,289.721,336.251
413.485,6.792,268.420,335.132
416.197,0.887,256.319,336.535
412.311,0.546,249.852,333.066
404.865,4.968,250.553,326.071
395.026,4.460,252.768,323.483
386.147,7.188,259.818,318.818
377.216,14.125,262.478,309.408
361.565,18.059,272.750,299.781
354.650,13.494,276.624,294.468
330.000,23.000,329.000,284.000
330.387,9.428,308.834,283.819
310.026,6.083,321.368,284.538
302.554,2.009,321.546,282.344
295.017,0.856,331.447,280.066
287.447,1.337,344.127,280.043
284.891,5.173,347.495,277.024
284.313,3.656,355.341,278.377
286.873,4.576,363.902,279.601
287.788,1.931,372.617,280.366
289.955,4.307,378.005,277.342
295.363,4.434,385.871,277.593
303.755,5.594,388.655,274.807
303.396,7.355,396.914,270.626
310.428,6.414,396.494,269.366
319.419,2.351,397.368,268.970
322.914,0.000,396.436,266.485
322.277,0.000,402.992,264.895
323.739,0.000,406.032,265.756
330.001,0.000,415.183,264.733
341.337,0.000,416.792,262.576
348.683,0.000,418.736,260.418
356.209,0.000,423.751,260.013
363.801,0.000,429.938,261.374
367.012,0.000,435.422,263.885
376.114,0.000,442.643,266.599
384.343,0.000,447.782,271.814
394.019,0.000,447.732,274.645
406.708,0.000,448.679,277.059
415.737,2.275,451.692,280.022
429.903,4.638,454.646,284.874
446.964,9.667,451.710,285.932
460.041,14.988,449.769,287.323
452.000,52.000,456.000,251.000
475.117,46.380,465.210,266.563
483.000,53.000,449.000,256.000
507.127,49.021,465.848,269.739
523.036,52.525,450.568,276.222
534.876,51.798,447.086,282.154
549.968,52.248,444.304,290.561
565.038,49.449,437.740,300.886
575.447,47.104,435.128,307.171
591.333,45.314,432.771,314.344
604.474,45.383,435.520,322.102
599.000,76.000,433.000,291.000
616.714,74.463,446.238,296.998
614.000,81.000,441.000,292.000
625.000,96.000,440.000,279.000
625.000,89.000,447.000,295.000
629.000,95.000,437.000,294.000
624.000,98.000,437.000,290.000
631.000,101.000,436.000,287.000
618.000,104.000,432.000,291.000
612.000,103.000,418.000,290.000
610.000,108.000,422.000,283.000
593.000,125.000,404.000,263.000
579.000,148.000,383.000,250.000
577.000,157.000,382.000,232.000
551.000,156.000,402.000,239.000
539.000,164.000,400.000,230.000
538.000,174.000,393.000,215.000
530.000,169.000,402.000,222.000
528.000,173.000,397.000,218.000
518.000,174.000,400.000,219.000
509.000,166.000,400.000,218.000
497.000,172.000,401.000,210.000
515.000,163.000,384.000,218.000
509.000,166.000,377.000,208.000
512.000,155.000,391.000,215.000
521.000,149.000,365.000,220.000
520.000,156.000,362.000,216.000
522.000,164.000,356.000,200.000
521.000,153.000,355.000,198.000
520.000,155.000,356.000,203.000
541.000,150.000,335.000,196.000
541.000,161.000,326.000,196.000
560.000,143.000,304.000,192.000
559.629,147.263,312.481,191.965
568.000,144.000,286.000,187.000
568.000,155.000,284.000,185.000
583.000,131.000,271.000,187.000
587.000,141.000,261.000,190.000
595.000,126.000,255.000,181.000
604.000,137.000,239.000,186.000
618.000,143.000,220.000,168.000
623.000,133.000,219.000,185.000
628.000,140.000,200.000,174.000
617.000,139.000,196.000,179.000
615.000,142.000,180.000,184.000
621.000,140.000,166.000,173.000
619.000,140.000,166.000,181.000
622.000,131.000,155.000,191.000
628.000,135.000,132.000,178.000
628.000,130.000,134.000,184.000
624.000,147.000,129.000,170.000
619.000,136.000,140.000,173.000
611.000,130.000,149.000,184.000
606.000,144.000,152.000,172.000
604.000,145.000,156.000,163.000
603.000,145.000,153.000,171.000
590.000,150.000,168.000,161.000
582.000,143.000,171.000,164.000
578.000,157.000,173.000,156.000
576.000,146.000,177.000,153.000
564.000,153.000,185.000,153.000
556.000,145.000,189.000,152.000
546.000,152.000,200.000,153.000
543.000,151.000,200.000,144.000
536.000,146.000,203.000,158.000
534.441,144.004,198.310,150.571
531.084,145.108,200.019,153.043
521.779,146.583,198.895,149.404
502.000,144.000,208.000,151.000
500.000,144.000,208.000,151.000
489.000,135.000,213.000,155.000
484.000,143.000,207.000,141.000
476.852,143.188,210.717,147.063
457.000,138.000,226.000,149.000
452.000,139.000,221.000,142.000
449.000,146.000,218.000,141.000
445.000,145.000,219.000,135.000
441.000,148.000,220.000,139.000
426.000,150.000,227.000,133.000
421.000,147.000,234.000,134.000
418.000,153.000,225.000,130.000
409.000,149.000,237.000,134.000
406.000,154.000,230.000,131.000
404.000,152.000,232.000,126.000
393.000,153.000,235.000,129.000
388.000,155.000,238.000,130.000
379.000,149.000,249.000,131.000
375.000,155.000,242.000,126.000
375.000,156.000,250.000,126.000
372.000,154.000,248.000,126.000
370.000,153.000,249.000,125.000
374.000,160.000,245.000,123.000
366.000,159.000,257.000,127.000
361.000,142.000,253.000,146.000
363.000,135.000,247.000,148.000
357.000,145.000,253.000,145.000
351.000,134.000,258.000,146.000
357.465,135.550,246.636,143.406
353.168,136.434,249.676,144.640
352.193,135.873,248.840,145.454
347.485,136.962,247.364,144.096
344.280,139.175,245.696,143.701
345.000,131.000,234.000,152.000
342.000,139.000,236.000,141.000
340.697,142.332,238.027,142.775
333.601,144.380,236.459,139.577
329.000,130.000,237.000,152.000
330.000,135.000,231.000,158.000
321.000,133.000,233.000,147.000
319.614,135.564,232.522,154.856
320.058,136.804,221.879,149.813
314.867,140.134,223.877,150.868
319.332,143.305,212.344,150.172
325.501,145.252,209.843,152.639
337.513,149.724,207.000,151.300
342.783,151.405,208.428,153.503
359.465,152.278,203.567,157.589
377.620,153.664,200.414,157.472
389.449,154.419,203.203,157.836
397.475,154.842,205.215,161.351
404.000,149.000,241.000,164.000
427.612,148.464,227.166,169.565
420.936,149.994,227.393,169.065
427.431,147.361,224.615,170.662
428.096,148.676,224.842,170.879
421.818,149.835,228.080,170.492
411.637,151.680,234.388,170.392
404.501,154.314,240.493,169.002
399.924,154.126,250.514,172.543
394.468,152.563,261.307,173.646
390.120,155.634,268.361,178.042
383.677,155.163,271.551,179.919
376.123,155.254,276.044,180.682
340.000,158.000,363.000,174.000
350.290,164.014,333.157,180.263
317.000,163.000,357.000,179.000
324.740,159.613,344.400,179.269
303.000,164.000,359.000,187.000
303.028,155.606,348.205,184.984
279.000,161.000,366.000,187.000
281.000,142.000,359.000,199.000
283.451,141.171,347.254,195.059
271.233,142.744,353.375,198.089
277.317,149.246,347.903,195.762
277.208,152.489,347.792,194.581
281.375,154.406,345.211,193.450
280.000,177.000,343.000,176.000
279.360,170.537,334.611,175.838
274.000,175.000,330.000,168.000
271.077,172.114,327.056,171.822
267.542,168.981,318.780,170.845
245.000,167.000,309.000,167.000
259.693,166.931,302.086,167.957
250.000,168.000,287.000,165.000
248.000,166.000,275.000,156.000
257.000,165.000,263.000,160.000
260.623,163.985,265.357,157.421
258.203,161.943,254.460,155.713
261.829,160.445,245.529,153.857
260.000,162.000,228.000,147.000
261.000,166.000,221.000,144.000
269.287,160.910,212.730,142.231
272.579,158.640,203.327,141.503
275.836,156.043,191.781,141.114
280.467,155.305,182.279,140.530
284.255,153.259,173.193,138.023
288.036,153.426,164.123,135.457
293.791,152.070,156.622,133.267
299.540,152.526,148.516,130.104
305.353,152.532,144.278,128.682
308.657,152.703,139.914,127.968
312.967,151.832,137.572,125.540
316.990,151.981,135.011,122.781
322.762,152.202,129.439,119.498
325.227,152.790,125.320,116.169
326.555,154.344,123.529,113.902
327.391,156.585,122.385,110.460
329.993,158.027,121.267,107.744
331.621,160.287,120.045,104.418
333.428,160.551,119.607,103.443
337.126,160.336,120.704,102.475
339.653,161.843,123.393,101.879
341.743,164.342,125.287,99.410
345.601,166.020,125.593,96.152
347.081,167.034,127.410,95.822
350.779,168.316,127.229,93.352
354.295,169.379,128.074,92.201
359.051,170.509,127.679,90.741
360.632,170.667,129.599,89.863
366.814,170.812,128.738,89.693
369.173,171.031,131.171,89.115
375.640,169.944,132.029,90.571
380.888,170.419,133.006,89.378
386.826,171.209,134.887,88.756
395.347,171.512,134.765,88.421
399.592,172.343,135.527,88.277
408.509,174.547,134.822,86.663
412.224,175.818,135.215,85.961
420.737,178.142,132.718,85.600
425.070,179.453,133.647,84.533
434.148,182.148,132.820,82.941
435.000,189.000,138.000,77.000
447.593,185.875,135.040,78.586
452.554,186.206,135.634,79.775
459.705,187.044,134.469,79.219
467.688,188.052,134.897,79.101
474.309,189.084,134.923,78.594
480.072,190.632,135.161,78.809
486.046,191.572,133.560,78.799
490.304,192.361,135.151,79.178
495.691,193.220,134.983,78.704
499.798,192.955,134.454,78.222
506.048,194.837,134.216,77.525
511.086,196.201,134.568,77.055
517.308,195.561,134.580,76.962
523.242,196.303,135.930,77.306
529.083,197.307,135.187,77.542
533.223,198.307,136.014,77.638
537.973,200.125,135.878,76.678
542.711,201.181,136.994,75.919
548.107,202.590,136.708,75.506
547.368,203.244,138.842,75.677
552.946,204.406,139.173,75.734
551.636,204.646,137.049,75.346
547.141,205.720,136.689,74.656
539.873,205.475,139.240,74.083
535.537,205.220,138.306,74.637
533.835,204.122,139.760,74.653
525.500,202.332,137.393,76.045
524.071,203.508,141.770,75.334
516.824,202.122,138.146,75.734
514.344,203.000,142.758,76.786
507.989,203.510,140.002,76.987
504.708,205.335,143.223,77.004
500.575,205.884,143.447,77.106
497.482,206.254,143.358,77.136
493.636,206.547,143.596,76.598
491.300,206.472,143.840,77.287
488.467,205.868,145.375,76.327
484.548,206.021,147.945,75.985
479.322,204.751,149.062,76.295
473.000,207.000,141.000,78.000
468.840,203.696,140.675,77.061
464.000,204.000,149.000,80.000
461.431,201.034,144.269,81.712
459.309,200.850,145.487,82.916
451.000,200.000,153.000,94.000
449.639,199.002,155.118,93.312
450.277,196.207,152.924,92.542
454.921,192.932,152.556,92.909
452.374,190.980,156.152,92.742
453.000,193.000,153.000,92.000
457.460,192.608,153.545,91.802
460.991,192.473,152.127,91.984
464.694,193.331,153.684,91.953
469.981,194.554,156.038,94.068
472.665,194.782,157.345,96.386
477.000,195.000,147.000,101.000
478.000,194.000,161.000,104.000
487.000,196.000,156.000,103.000
494.000,195.000,152.000,103.000
502.000,199.000,147.000,98.000
514.000,204.000,150.000,93.000
520.000,205.000,156.000,94.000
533.000,207.000,153.000,92.000
543.000,209.000,155.000,92.000
549.000,213.000,161.000,87.000
570.000,209.000,153.000,91.000
584.000,208.000,152.000,98.000
592.000,211.000,154.000,85.000
611.000,206.000,141.000,78.000
616.000,204.000,149.000,94.000
629.000,200.000,145.000,82.000
639.000,199.000,149.000,92.000
645.000,201.000,154.000,98.000
640.000,194.000,159.000,107.000
645.000,208.000,155.000,94.000
637.000,215.000,150.000,88.000
629.000,218.000,144.000,85.000
617.000,223.000,142.000,85.000
608.000,226.000,138.000,85.000
599.000,233.000,141.000,81.000
585.000,234.000,140.000,83.000
572.000,238.000,137.000,77.000
567.000,241.000,125.000,74.000
561.000,245.000,123.000,70.000
554.000,246.000,128.000,71.000
549.000,245.000,121.000,71.000
545.000,249.000,120.000,66.000
545.324,248.271,120.192,65.144
546.000,249.000,110.000,64.000
545.000,250.000,109.000,62.000
551.000,249.000,104.000,61.000
554.000,250.000,97.000,62.000
555.000,249.000,98.000,63.000
557.000,247.000,95.000,61.000
556.000,250.000,96.000,63.000
559.000,250.000,92.000,59.000
558.000,251.000,90.000,62.000
565.000,252.000,83.000,56.000
567.000,251.000,77.000,59.000
569.000,249.000,78.000,60.000
572.000,251.000,72.000,59.000
575.000,251.000,69.000,56.000
577.000,251.000,68.000,60.000
580.000,251.000,65.000,59.000
580.000,255.000,66.000,59.000
583.000,252.000,60.000,56.000
584.000,255.000,61.000,57.000
586.000,257.000,60.000,53.000
588.000,255.000,60.000,54.000
590.000,256.000,58.000,54.000
593.000,256.000,58.000,56.000
594.000,254.000,59.000,52.000
596.000,257.000,56.000,52.000
601.000,258.000,54.000,51.000
601.000,260.000,56.000,51.000
602.000,259.000,55.000,51.000
604.000,260.000,58.000,52.000
603.000,259.000,60.000,50.000
605.000,263.000,61.000,50.000
608.048,262.273,62.762,49.643
608.000,263.000,64.000,49.000
609.000,265.000,66.000,51.000
610.000,263.000,68.000,52.000
613.000,263.000,68.000,54.000
610.000,262.000,74.000,53.000
612.000,260.000,76.000,56.000
615.000,258.000,76.000,57.000
613.000,260.000,82.000,57.000
615.000,261.000,84.000,56.000
618.000,256.000,85.000,60.000
619.000,257.000,87.000,62.000
619.000,257.000,91.000,62.000
619.000,254.000,95.000,62.000
619.000,254.000,100.000,65.000
618.000,253.000,102.000,67.000
620.000,252.000,109.000,69.000
617.000,251.000,110.000,70.000
613.000,248.000,118.000,72.000
614.000,252.000,121.000,72.000
607.000,246.000,127.000,75.000
605.000,243.000,129.000,79.000
602.000,243.000,139.000,79.000
595.000,241.000,143.000,81.000
587.000,235.000,148.000,91.000
578.000,239.000,156.000,88.000
570.000,237.000,166.000,89.000
560.000,231.000,171.000,100.000
