690.000,264.000,205.000,206.000
686.257,267.674,211.924,199.488
690.264,260.455,207.488,203.938
684.140,263.375,205.614,202.398
685.709,253.133,205.415,200.300
683.943,260.489,203.938,192.823
674.000,261.000,196.000,169.000
669.000,268.000,195.000,155.000
695.013,258.725,178.468,195.654
667.000,258.000,193.000,179.000
668.000,262.000,188.000,162.000
684.528,263.146,180.541,194.205
674.000,253.000,170.000,179.000
678.000,248.000,166.000,184.000
719.352,247.011,160.179,185.862
688.000,237.000,168.000,200.000
680.000,243.000,184.000,186.000
685.000,243.000,182.000,180.000
695.945,244.476,179.017,192.536
683.000,242.000,182.000,179.000
677.000,243.000,188.000,186.000
687.243,241.350,189.244,185.752
678.334,243.297,191.113,181.283
674.000,251.000,191.000,161.000
676.000,246.000,184.000,171.000
686.000,248.000,174.000,148.000
678.000,286.000,175.000,199.000
681.000,250.000,175.000,219.000
706.161,242.008,178.436,207.993
706.104,248.277,181.702,206.233
692.000,234.000,179.000,242.000
687.000,235.000,180.000,241.000
691.900,249.032,174.099,238.292
684.000,253.000,207.000,284.000
690.000,266.000,246.000,317.000
682.000,188.000,253.000,313.000
693.000,173.000,243.000,404.000
704.000,137.000,219.000,446.000
698.000,148.000,236.000,443.000
700.000,154.000,231.000,436.000
703.000,152.000,234.000,439.000
687.000,147.000,250.000,445.000
708.000,144.000,227.000,438.000
684.000,148.000,249.000,444.000
694.000,160.000,241.000,439.000
677.000,163.000,259.000,434.000
680.000,153.000,256.000,445.000
690.000,164.000,242.000,431.000
692.000,158.000,244.000,444.000
675.000,168.000,261.000,435.000
685.000,154.000,255.000,447.000
680.000,160.000,259.000,440.000
662.000,167.000,278.000,419.000
684.000,177.000,254.000,421.000
681.000,172.000,254.000,425.000
683.000,180.000,257.000,420.000
670.000,181.000,274.000,355.000
671.000,220.000,231.000,361.000
687.000,261.000,197.000,304.000
680.000,271.000,182.000,270.000
681.000,278.000,173.000,244.000
677.000,275.000,177.000,272.000
677.000,272.000,174.000,300.000
681.000,256.000,173.000,303.000
682.914,285.183,190.073,295.787
668.000,264.000,216.000,326.000
680.000,197.000,271.000,316.000
683.000,196.000,258.000,363.000
682.000,174.000,249.000,405.000
704.000,181.000,240.000,359.000
680.000,195.000,263.000,329.000
678.000,290.000,207.000,250.000
680.000,302.000,159.000,225.000
673.000,297.000,173.000,238.000
669.000,294.000,194.000,237.000
674.000,291.000,181.000,240.000
688.000,283.000,177.000,246.000
693.000,282.000,170.000,246.000
688.000,287.000,175.000,237.000
694.000,281.000,171.000,251.000
677.000,291.000,187.000,242.000
687.000,300.000,178.000,243.000
704.000,290.000,166.000,264.000
707.000,286.000,170.000,262.000
708.000,286.000,172.000,262.000
705.000,290.000,167.000,243.000
696.000,289.000,174.000,232.000
696.000,283.000,172.000,241.000
699.000,281.000,163.000,241.000
706.000,258.000,170.000,265.000
705.000,266.000,175.000,249.000
691.000,254.000,193.000,253.000
703.000,253.000,176.000,269.000
700.000,240.000,186.000,262.000
701.000,236.000,200.000,260.000
700.000,237.000,206.000,241.000
683.591,256.136,201.292,231.326
685.212,243.921,200.913,224.244
684.873,221.630,202.355,211.332
685.939,220.537,204.622,208.231
708.000,211.000,195.000,209.000
701.000,201.000,201.000,204.000
705.000,203.000,199.000,214.000
703.000,195.000,197.000,202.000
710.000,203.000,195.000,198.000
707.000,208.000,199.000,199.000
710.000,201.000,200.000,204.000
706.000,193.000,215.000,213.000
697.000,197.000,235.000,207.000
706.000,190.000,220.000,207.000
704.000,189.000,228.000,202.000
701.000,190.000,197.000,191.000
707.000,190.000,182.000,193.000
707.000,187.000,177.000,193.000
714.000,184.000,168.000,202.000
707.000,180.000,176.000,198.000
707.000,183.000,175.000,189.000
712.000,178.000,167.000,195.000
709.000,179.000,177.000,185.000
710.000,175.000,175.000,186.000
712.000,173.000,173.000,193.000
714.000,163.000,181.000,209.000
718.000,162.000,173.000,208.000
716.000,159.000,169.000,218.000
722.000,151.000,159.000,220.000
719.000,162.000,162.000,206.000
717.000,160.000,165.000,205.000
711.000,176.000,167.000,188.000
709.897,169.438,166.388,219.118
705.216,202.418,176.040,225.174
713.321,200.200,186.130,235.941
708.592,207.741,189.989,239.712
712.349,192.268,192.181,251.327
694.686,193.691,197.520,258.702
707.000,179.000,178.000,276.000
696.000,177.000,199.000,269.000
696.000,175.000,200.000,275.000
699.000,179.000,197.000,272.000
692.000,176.000,199.000,269.000
700.000,179.000,184.000,260.000
674.000,182.000,207.000,247.000
692.000,181.000,181.000,233.000
697.000,184.000,183.000,225.000
678.000,184.000,204.000,198.000
673.000,181.000,210.000,203.000
687.000,179.000,190.000,197.000
681.000,178.000,188.000,198.000
680.000,172.000,195.000,199.000
690.000,170.000,181.000,193.000
690.000,172.000,179.000,193.000
681.000,174.000,197.000,202.000
680.000,173.000,192.000,190.000
688.000,169.000,190.000,203.000
672.000,173.000,201.000,190.000
682.000,173.000,188.000,195.000
677.000,170.000,198.000,190.000
666.000,176.000,211.000,193.000
666.000,172.000,221.000,198.000
684.000,175.000,192.000,192.000
667.000,183.000,210.000,185.000
675.771,162.251,202.688,212.562
673.982,171.374,205.061,209.468
674.518,169.590,202.686,210.586
674.399,168.516,203.415,211.456
671.586,168.072,205.324,212.952
671.071,165.362,209.285,215.555
666.541,167.743,212.402,216.232
668.242,166.184,216.171,218.318
666.825,165.003,216.622,220.164
664.962,164.656,217.849,221.460
662.692,164.352,221.352,221.534
666.068,165.232,221.750,222.761
665.285,165.089,225.489,223.808
666.591,168.669,222.930,224.972
671.479,169.864,216.434,221.942
670.845,173.299,215.459,218.405
676.212,180.983,209.104,214.467
675.172,188.419,206.228,223.164
680.386,185.956,204.947,226.762
684.884,186.172,208.541,228.542
684.245,185.083,211.449,232.124
685.658,181.673,211.656,239.085
676.791,183.384,213.416,236.529
673.974,190.761,211.821,237.041
675.612,185.002,206.205,238.121
669.925,197.849,204.788,236.295
672.501,194.452,202.611,250.721
673.521,194.532,202.802,246.657
666.551,190.519,209.239,245.986
666.547,175.750,213.507,246.683
668.419,174.904,219.281,244.383
670.420,173.718,221.113,242.105
670.269,174.135,221.843,246.975
675.423,171.961,221.271,248.068
685.009,164.524,217.514,249.861
685.890,168.294,218.364,238.163
677.767,167.233,219.998,226.812
700.000,173.000,199.000,201.000
690.576,175.459,200.060,200.064
685.607,175.695,201.371,199.609
684.381,180.529,201.057,197.423
688.940,174.951,198.404,198.376
692.536,178.326,200.753,194.110
695.367,175.859,202.026,192.472
699.543,178.741,200.816,190.549
707.131,176.478,199.272,192.999
707.354,162.998,196.035,197.733
707.014,163.678,192.893,196.283
711.068,166.150,194.313,194.182
716.398,161.241,195.377,196.070
719.000,176.000,179.000,173.000
717.000,181.000,175.000,177.000
721.000,180.000,169.000,177.000
740.206,164.953,177.821,182.651
725.000,180.000,166.000,181.000
719.000,183.000,179.000,183.000
715.000,183.000,187.000,183.000
726.168,177.181,187.455,180.154
725.988,178.948,190.291,184.343
728.763,178.309,186.861,182.747
730.000,181.000,162.000,184.000
738.000,178.000,173.000,174.000
747.000,178.000,172.000,159.000
746.000,182.000,176.000,134.000
779.934,210.049,166.706,155.206
765.000,186.000,162.000,152.000
746.000,186.000,186.000,166.000
757.000,189.000,176.000,193.000
760.000,177.000,167.000,202.000
763.000,187.000,172.000,200.000
762.000,180.000,173.000,206.000
770.000,178.000,176.000,209.000
772.000,179.000,173.000,210.000
768.000,189.000,172.000,216.000
772.000,180.000,173.000,223.000
774.000,184.000,171.000,217.000
771.000,180.000,175.000,211.000
769.000,177.000,185.000,209.000
755.000,185.000,199.000,203.000
760.000,192.000,193.000,197.000
754.000,183.000,200.000,208.000
768.000,193.000,187.000,210.000
767.000,204.000,192.000,209.000
770.000,197.000,187.000,214.000
770.000,198.000,186.000,228.000
770.000,196.000,190.000,252.000
772.000,200.000,192.000,247.000
773.000,191.000,187.000,259.000
779.000,188.000,182.000,247.000
777.000,187.000,181.000,245.000
777.000,186.000,178.000,240.000
791.000,183.000,151.000,244.000
790.000,184.000,152.000,242.000
789.000,171.000,138.000,254.000
821.000,192.000,124.000,264.000
779.000,166.000,145.000,291.000
760.298,179.520,152.875,293.621
765.992,185.312,153.562,286.929
758.295,181.110,167.176,287.515
760.285,189.660,163.855,283.278
765.041,194.869,167.968,272.411
778.988,194.296,178.924,263.363
783.834,203.003,196.605,264.429
785.596,203.265,210.708,260.934
788.658,201.285,211.665,257.854
867.000,168.000,144.000,308.000
858.000,207.000,152.000,268.000
855.000,203.000,173.000,278.000
848.415,235.666,202.425,260.121
857.983,236.711,215.034,258.370
866.000,221.000,187.000,260.000
868.000,211.000,196.000,277.000
877.000,232.000,202.000,257.000
878.000,215.000,205.000,291.000
878.000,207.000,220.000,299.000
893.000,235.000,201.000,267.000
899.000,226.000,202.000,275.000
904.000,215.000,204.000,264.000
906.000,233.000,206.000,248.000
912.000,247.000,202.000,226.000
912.000,234.000,192.000,228.000
924.000,264.000,178.000,200.000
919.000,243.000,180.000,226.000
928.000,264.000,150.000,197.000
929.000,277.000,153.000,178.000
924.000,268.000,160.000,190.000
930.000,279.000,149.000,176.000
923.000,268.000,134.000,187.000
927.335,279.815,171.636,190.570
939.007,286.472,201.123,199.661
952.879,281.902,208.457,203.458
971.636,282.660,213.802,209.446
959.390,283.088,225.960,209.559
934.925,274.922,235.855,211.492
951.110,276.560,236.108,213.800
942.946,281.849,241.935,213.301
936.308,274.167,245.469,209.409
945.888,279.292,244.734,209.825
919.000,259.000,187.000,204.000
890.000,258.000,171.000,202.000
907.000,266.000,182.000,168.000
890.435,275.948,177.152,172.609
847.000,262.000,270.000,194.000
874.552,282.742,267.646,207.374
896.000,290.000,247.000,178.000
881.000,289.000,244.000,178.000
860.000,286.000,268.000,176.000
890.000,286.000,224.000,175.000
852.000,282.000,259.000,184.000
892.000,298.000,207.000,154.000
876.000,295.000,229.000,170.000
858.000,295.000,243.000,165.000
894.000,300.000,204.000,156.000
889.000,306.000,206.000,148.000
883.000,311.000,204.000,145.000
875.000,302.000,196.000,155.000
876.000,299.000,179.000,153.000
851.000,300.000,208.000,156.000
876.000,313.000,178.000,135.000
872.000,315.000,186.000,137.000
868.675,307.066,185.787,151.840
872.000,314.000,183.000,139.000
880.000,311.000,179.000,141.000
880.000,307.000,175.000,146.000
875.000,309.000,183.000,141.000
885.000,318.000,171.000,140.000
906.000,320.000,146.000,136.000
877.000,310.000,163.000,147.000
902.000,322.000,151.000,133.000
878.000,301.000,175.000,157.000
896.000,310.000,153.000,146.000
906.000,315.000,140.000,138.000
883.000,304.000,164.000,153.000
904.000,311.000,140.000,143.000
906.000,316.000,140.000,135.000
908.000,319.000,135.000,136.000
879.000,313.000,170.000,136.000
880.000,313.000,165.000,142.000
896.000,318.000,149.000,137.000
913.000,315.000,133.000,134.000
902.000,317.000,144.000,140.000
903.000,318.000,142.000,136.000
916.000,316.000,127.000,137.000
911.000,317.000,133.000,137.000
918.000,314.000,127.000,137.000
926.000,316.000,120.000,135.000
917.000,316.000,131.000,138.000
917.000,318.000,136.000,138.000
912.000,316.000,139.000,139.000
919.000,311.000,133.000,138.000
926.000,316.000,125.000,135.000
926.000,317.000,127.000,135.000
904.602,311.410,143.510,139.271
900.370,312.535,157.541,139.890
896.997,307.337,159.433,142.916
896.710,307.457,164.564,143.410
898.505,306.185,167.762,146.104
900.336,303.069,166.470,147.616
899.046,298.278,172.478,151.324
898.138,295.748,180.857,154.477
901.314,294.451,182.901,153.224
900.878,294.073,182.710,152.765
903.533,293.760,182.930,153.617
903.599,294.482,184.474,153.257
904.414,294.502,184.271,152.838
903.868,294.241,185.920,152.572
903.385,294.573,186.918,151.421
904.245,295.152,186.048,149.549
904.556,295.488,187.673,149.505
906.885,295.662,189.992,148.872
905.885,296.013,191.269,150.043
905.359,296.988,195.711,150.084
905.335,296.890,195.328,149.363
898.618,297.113,201.809,150.602
902.247,289.046,203.295,154.212
913.535,284.814,200.820,158.059
945.000,310.000,144.000,129.000
925.079,297.609,157.962,140.292
913.351,296.469,173.458,142.763
903.415,293.855,169.981,145.876
895.757,288.012,169.694,151.687
894.502,288.647,168.899,154.304
897.452,293.040,171.253,151.885
899.035,293.285,168.029,152.010
902.273,291.886,165.116,153.326
902.786,291.964,162.459,152.473
898.905,295.149,167.267,151.477
901.200,294.896,169.334,150.949
922.000,298.000,156.000,143.000
905.874,303.283,161.973,142.775
907.000,298.000,174.000,146.000
916.000,295.000,164.000,147.000
901.964,301.388,165.804,143.794
904.250,302.495,165.951,142.767
903.476,301.831,165.444,142.790
909.000,296.000,169.000,141.000
904.406,299.929,169.399,140.567
901.857,303.203,169.051,140.612
915.000,298.000,169.000,143.000
910.000,298.000,168.000,142.000
909.000,299.000,176.000,139.000
919.000,300.000,167.000,137.000
913.000,297.000,168.000,141.000
910.000,298.000,173.000,140.000
914.000,294.000,169.000,146.000
904.378,299.556,170.870,145.198
903.217,297.932,168.868,146.585
910.000,300.000,174.000,140.000
908.000,296.000,177.000,144.000
913.000,291.000,170.000,144.000
929.000,294.000,158.000,138.000
936.000,291.000,148.000,141.000
939.000,295.000,142.000,136.000
938.000,293.000,147.000,135.000
937.000,294.000,148.000,133.000
930.000,294.000,153.000,134.000
921.426,295.515,153.933,137.690
923.000,289.000,161.000,137.000
922.000,291.000,165.000,139.000
926.000,290.000,162.000,139.000
925.000,292.000,157.000,136.000
930.000,293.000,157.000,134.000
926.000,288.000,163.000,138.000
921.000,293.000,167.000,137.000
926.000,293.000,161.000,135.000
923.000,290.000,170.000,140.000
928.000,291.000,161.000,133.000
929.000,288.000,159.000,139.000
935.000,286.000,152.000,138.000
929.000,289.000,156.000,136.000
931.000,285.000,156.000,141.000
930.000,291.000,157.000,135.000
928.000,281.000,161.000,140.000
928.000,288.000,161.000,138.000
935.000,287.000,152.000,137.000
945.000,288.000,142.000,132.000
944.000,288.000,145.000,136.000
947.000,285.000,142.000,135.000
944.000,288.000,144.000,136.000
945.000,287.000,142.000,133.000
958.000,283.000,131.000,135.000
958.000,286.000,132.000,132.000
952.000,284.000,140.000,133.000
947.000,286.000,141.000,130.000
948.000,285.000,141.000,132.000
950.000,286.000,139.000,135.000
951.000,284.000,142.000,132.000
953.000,285.000,138.000,130.000
936.514,281.237,144.435,133.889
928.460,282.208,151.091,133.168
934.000,283.000,159.000,130.000
929.000,284.000,162.000,131.000
935.000,282.000,158.000,133.000
928.000,279.000,166.000,135.000
926.000,282.000,164.000,133.000
922.000,280.000,173.000,132.000
925.000,282.000,168.000,134.000
921.000,278.000,177.000,140.000
919.000,281.000,174.000,133.000
920.000,279.000,177.000,135.000
920.000,279.000,172.000,140.000
923.000,277.000,172.000,141.000
921.000,278.000,174.000,138.000
924.000,280.000,170.000,138.000
923.000,275.000,170.000,139.000
921.000,279.000,175.000,139.000
932.000,276.000,163.000,139.000
922.000,279.000,172.000,137.000
924.000,280.000,173.000,136.000
919.000,279.000,175.000,139.000
927.000,280.000,169.000,137.000
925.000,275.000,173.000,140.000
925.000,277.000,169.000,137.000
922.000,277.000,174.000,141.000
924.000,277.000,175.000,137.000
923.000,275.000,174.000,139.000
923.000,275.000,174.000,145.000
931.000,273.000,163.000,140.000
924.000,276.000,174.000,138.000
928.000,276.000,170.000,138.000
919.017,276.508,168.074,142.419
925.000,274.000,175.000,142.000
922.000,273.000,171.000,141.000
925.000,274.000,175.000,143.000
923.000,278.000,174.000,138.000
925.000,277.000,176.000,139.000
927.000,277.000,166.000,136.000
925.000,273.000,175.000,144.000
929.000,279.000,169.000,134.000
929.000,279.000,171.000,139.000
926.000,275.000,174.000,142.000
933.000,280.000,168.000,135.000
934.000,279.000,164.000,139.000
931.000,276.000,170.000,145.000
929.000,279.000,173.000,140.000
934.000,274.000,169.000,144.000
932.000,281.000,172.000,138.000
936.000,277.000,168.000,141.000
931.000,279.000,171.000,137.000
931.000,279.000,173.000,137.000
939.000,275.000,165.000,144.000
936.000,279.000,164.000,137.000
937.000,279.000,167.000,138.000
935.000,279.000,170.000,141.000
935.000,279.000,169.000,139.000
933.000,278.000,170.000,138.000
932.000,279.000,171.000,139.000
940.000,280.000,168.000,137.000
942.000,279.000,165.000,134.000
938.000,279.000,168.000,136.000
938.000,278.000,169.000,137.000
939.000,279.000,168.000,136.000
930.030,276.663,167.026,140.492
932.887,274.101,166.297,142.055
933.205,274.771,166.321,142.454
932.400,275.133,166.623,142.968
931.905,275.055,166.636,144.056
934.961,275.314,166.666,145.675
934.501,275.137,165.488,147.389
934.548,275.393,166.000,147.364
936.505,275.159,166.589,147.593
937.101,273.789,165.320,148.120
937.142,273.239,165.437,148.448
945.000,281.000,169.000,138.000
934.275,277.033,165.275,142.689
937.350,276.812,167.224,144.189
938.974,276.259,167.005,144.723
940.271,276.005,166.709,145.079
940.615,275.373,166.848,145.470
940.921,274.577,167.330,146.238
940.507,275.191,168.017,147.227
941.385,275.579,168.065,147.241
943.169,275.660,168.016,146.865
943.818,277.635,167.802,147.053
944.534,278.532,167.155,146.707
945.582,279.140,167.251,146.631
946.503,277.942,166.923,146.690
945.663,277.099,166.821,147.120
945.381,276.956,166.764,146.907
945.725,276.426,166.342,147.203
945.768,275.117,166.708,147.802
946.897,274.502,167.556,148.280
949.144,273.187,167.177,149.058
952.335,273.069,167.011,149.781
955.491,273.597,164.088,149.835
954.473,275.086,163.019,149.498
957.000,282.000,167.000,142.000
954.427,281.213,166.522,144.342
955.300,279.709,166.768,144.164
958.192,279.161,165.755,144.607
960.722,278.995,166.473,145.613
964.395,278.864,164.769,146.035
965.103,281.267,164.902,145.537
967.834,282.847,165.439,145.366
968.926,281.368,163.837,145.734
970.206,281.650,163.188,145.799
972.538,281.979,162.486,145.908
973.064,282.120,162.626,146.741
973.841,281.573,162.593,147.237
974.546,281.242,162.470,147.421
974.404,282.335,162.215,146.939
978.324,281.542,162.315,147.592
978.002,282.619,162.634,148.261
980.917,281.742,162.149,148.888
980.577,282.978,162.413,149.103
983.527,284.649,161.804,148.563
987.348,285.637,161.950,148.454
988.004,285.697,161.163,148.842
988.447,286.825,160.526,148.790
992.342,286.896,160.009,148.495
994.412,288.416,159.740,147.916
995.115,289.760,159.601,147.663
996.929,290.514,159.738,148.543
997.118,291.579,159.369,149.248
998.571,291.977,160.108,149.894
1000.175,293.306,158.770,149.830
1007.000,297.000,164.000,143.000
997.950,295.218,159.085,147.369
1007.000,300.000,163.000,140.000
1000.682,297.361,161.371,146.054
1004.302,296.397,162.076,145.664
1008.222,296.909,162.041,145.965
1008.138,296.788,161.320,147.285
1010.815,297.158,160.516,147.207
1013.079,298.372,160.768,147.411
1014.845,298.549,161.372,147.961
1015.464,299.432,161.788,148.666
1016.852,299.668,161.713,149.137
1017.780,300.005,160.206,148.752
1018.532,300.283,160.806,149.071
1020.338,300.415,159.199,149.331
1021.555,301.131,159.769,149.742
1022.519,301.780,160.570,150.365
1023.143,302.130,160.093,150.501
1023.499,301.474,159.843,151.172
1024.390,302.090,160.469,151.625
1027.196,302.977,160.562,151.431
1027.630,303.653,160.777,152.047
1027.989,303.302,160.678,153.534
1029.983,303.644,160.568,153.895
1029.763,302.187,159.544,155.173
1031.336,303.250,160.552,156.623
1031.956,303.121,159.804,158.533
1030.549,303.567,160.152,160.759
1031.685,302.186,160.534,162.693
1031.362,300.514,160.700,164.523
1032.180,299.869,160.592,165.705
1037.000,310.000,163.000,146.000
1034.779,309.269,158.030,149.785
1034.736,310.481,157.935,150.094
1033.742,311.859,157.679,149.979
1039.000,312.000,162.000,144.000
1041.000,311.000,161.000,145.000
1041.000,314.000,156.000,143.000
1045.000,309.000,154.000,146.000
1043.000,310.000,156.000,144.000
1046.000,307.000,156.000,146.000
1044.000,306.000,159.000,153.000
1045.000,311.000,155.000,145.000
1044.000,309.000,160.000,147.000
1043.000,306.000,161.000,149.000
1043.000,308.000,159.000,146.000
1042.000,306.000,162.000,147.000
1043.000,307.000,160.000,145.000
1044.000,308.000,163.000,146.000
1044.000,312.000,164.000,142.000
1044.000,308.000,162.000,146.000
1044.000,312.000,162.000,142.000
1044.000,307.000,160.000,147.000
1048.000,308.000,153.000,146.000
1047.000,307.000,160.000,146.000
1050.000,309.000,151.000,142.000
1047.000,307.000,157.000,148.000
1049.000,310.000,156.000,141.000
1048.000,314.000,159.000,138.000
1050.000,307.000,158.000,148.000
1051.000,307.000,156.000,148.000
1049.000,308.000,158.000,147.000
1049.000,310.000,156.000,144.000
1048.000,306.000,158.000,148.000
1047.130,307.265,158.226,150.191
1049.000,308.000,160.000,147.000
1048.000,310.000,160.000,145.000
1049.000,305.000,161.000,149.000
1044.037,307.508,162.924,150.692
1042.171,306.653,160.859,151.792
1041.649,305.789,160.868,153.242
1042.717,305.004,160.012,154.636
1049.000,303.000,165.000,148.000
1043.487,304.469,165.172,151.453
1046.000,309.000,164.000,142.000
1046.000,306.000,162.000,140.000
1049.000,306.000,161.000,147.000
1046.442,307.142,162.130,148.127
1048.000,306.000,164.000,143.000
1049.000,303.000,161.000,146.000
1050.000,302.000,162.000,145.000
1052.000,306.000,157.000,144.000
1052.000,304.000,154.000,143.000
1043.283,306.905,156.351,145.161
1051.000,305.000,159.000,142.000
1053.000,305.000,158.000,139.000
1048.000,302.000,164.000,144.000
1050.000,301.000,161.000,144.000
1050.000,305.000,165.000,144.000
1043.826,303.513,160.968,146.844
1051.000,303.000,158.000,143.000
1053.000,302.000,157.000,144.000
1055.000,301.000,156.000,145.000
1052.000,301.000,157.000,143.000
1047.485,303.927,157.952,145.488
1055.000,298.000,161.000,146.000
1048.439,299.092,160.429,150.075
1055.000,300.000,158.000,146.000
1052.000,302.000,163.000,143.000
1045.134,301.066,160.222,147.292
1053.000,299.000,163.000,146.000
1052.000,301.000,161.000,144.000
1052.000,297.000,166.000,148.000
1047.077,296.903,161.028,150.130
1045.177,299.308,162.027,150.214
1044.644,301.212,161.605,150.008
1054.000,298.000,156.000,145.000
1050.000,296.000,165.000,146.000
1051.000,299.000,165.000,148.000
1045.167,297.124,161.221,150.722
1044.940,299.535,162.319,150.794
1044.491,301.550,160.710,150.288
1052.000,301.000,161.000,143.000
1044.442,300.935,161.969,147.654
1051.000,299.000,161.000,144.000
1054.000,302.000,157.000,138.000
1043.018,303.315,159.834,144.000
1056.000,301.000,155.000,146.000
1050.000,299.000,164.000,147.000
1054.000,303.000,157.000,141.000
1044.905,302.413,159.359,147.796
1054.000,301.000,161.000,141.000
1052.000,303.000,159.000,143.000
1054.000,302.000,154.000,141.000
1046.994,306.380,156.983,143.980
1052.000,298.000,159.000,150.000
1055.000,300.000,158.000,144.000
1055.000,304.000,152.000,142.000
1050.687,304.729,152.465,145.382
1052.000,303.000,155.000,141.000
1054.000,303.000,153.000,142.000
1052.000,302.000,160.000,142.000
1052.000,301.000,158.000,143.000
1055.000,300.000,155.000,144.000
1044.137,304.671,159.098,147.609
1051.000,304.000,160.000,141.000
1053.000,302.000,154.000,144.000
1052.000,300.000,162.000,146.000
1042.550,300.965,162.028,151.278
1051.000,302.000,163.000,143.000
1049.000,302.000,165.000,145.000
1044.055,302.275,163.538,149.687
1045.522,303.891,161.870,148.007
1054.000,302.000,152.000,142.000
1050.000,301.000,158.000,144.000
1044.568,304.850,160.847,146.042
1045.881,306.633,159.504,145.743
1051.000,301.000,159.000,143.000
1051.000,300.000,160.000,142.000
1052.000,301.000,166.000,147.000
1046.221,296.880,160.266,152.350
1048.464,299.770,161.823,151.297
1049.989,303.056,161.484,150.277
1048.310,302.088,160.315,150.861
1049.112,303.095,159.043,150.053
1056.000,299.000,154.000,145.000
1052.000,297.000,162.000,149.000
1044.695,300.958,163.002,150.899
1045.695,303.280,161.733,150.135
1052.000,298.000,159.000,147.000
1047.969,301.265,160.201,149.595
1050.000,299.000,165.000,147.000
1042.822,299.841,165.202,151.664
1043.954,302.412,164.070,151.407
1052.000,302.000,162.000,143.000
1042.758,301.810,164.276,148.389
1044.551,302.272,162.823,149.205
1046.099,302.475,160.697,149.159
1046.714,302.709,159.109,148.832
1056.000,301.000,154.000,145.000
1053.000,299.000,165.000,148.000
1043.815,292.781,160.432,154.769
1046.155,297.236,163.427,153.576
1047.504,300.706,161.887,152.655
1047.064,300.513,160.009,153.224
1053.000,299.000,161.000,146.000
1046.228,297.214,161.238,150.572
1048.235,299.479,161.052,151.219
1048.543,302.188,159.774,149.953
1051.000,301.000,157.000,143.000
1049.461,302.691,158.778,145.438
1048.133,302.138,158.309,146.762
1047.834,302.759,157.941,146.847
1052.000,298.000,162.000,146.000
1044.730,297.719,161.470,149.205
1047.397,300.142,160.576,148.977
1052.000,301.000,158.000,142.000
1050.000,297.000,168.000,144.000
1041.328,294.971,165.543,151.196
1043.908,298.608,166.015,150.476
1044.741,300.321,163.534,149.376
1046.203,300.819,161.701,149.006
1046.774,297.586,157.707,150.943
1046.414,298.237,157.828,151.534
1049.000,297.000,164.000,145.000
1046.410,299.746,165.056,150.056
1046.889,301.581,162.106,150.405
1046.778,301.770,160.520,150.930
1051.000,299.000,162.000,147.000
1047.379,300.408,163.126,149.751
1051.000,300.000,161.000,145.000
1054.000,300.000,159.000,144.000
1048.338,300.823,159.311,147.852
1050.471,304.432,158.740,146.457
1051.000,299.000,162.000,145.000
1052.000,302.000,159.000,144.000
1048.089,303.759,157.240,146.029
1052.000,298.000,163.000,148.000
1050.000,298.000,162.000,147.000
1048.234,302.255,163.491,148.980
1050.000,298.000,164.000,145.000
1053.000,304.000,160.000,142.000
1047.228,304.973,160.162,144.948
1051.000,301.000,160.000,146.000
1051.000,300.000,164.000,144.000
1048.708,301.986,163.028,148.811
1049.525,304.055,160.416,147.541
1048.545,304.500,158.586,146.533
1050.000,302.000,159.000,143.000
1051.000,300.000,162.000,145.000
1046.354,301.905,162.864,149.919
1052.000,300.000,160.000,145.000
1052.000,303.000,157.000,144.000
1052.000,300.000,160.000,145.000
1047.763,302.090,159.925,148.190
1050.000,299.000,161.000,145.000
1046.907,303.539,163.809,147.673
1047.113,305.749,161.599,147.194
1050.000,301.000,161.000,147.000
1051.000,299.000,159.000,148.000
1047.632,303.018,160.673,149.201
1053.000,303.000,159.000,146.000
1055.000,300.000,156.000,145.000
1051.000,299.000,163.000,148.000
1044.375,299.985,160.879,150.193
1044.727,303.136,161.183,149.968
1054.000,302.000,156.000,146.000
1051.000,304.000,162.000,143.000
1041.222,301.387,159.148,147.193
1045.190,299.953,159.926,149.817
1045.692,303.401,161.050,149.991
1049.000,299.000,159.000,143.000
1048.000,300.000,167.000,144.000
1051.000,304.000,155.000,140.000
1041.824,306.975,157.454,141.712
1048.000,299.000,160.000,147.000
1047.000,299.000,162.000,141.000
1048.000,302.000,161.000,142.000
1049.000,301.000,168.000,144.000
1046.000,302.000,164.000,145.000
1053.000,298.000,161.000,145.000
1045.276,300.567,162.811,148.155
1046.198,303.738,161.510,147.310
1051.000,302.000,160.000,144.000
1053.000,301.000,162.000,139.000
1048.509,300.601,163.181,145.789
1051.200,300.805,159.452,147.828
1056.000,297.000,157.000,142.000
1050.441,300.220,161.134,146.907
1051.881,301.472,158.811,147.175
1055.000,293.000,158.000,148.000
1050.931,296.341,161.000,150.842
1051.321,299.403,158.546,150.039
1051.000,300.000,166.000,145.000
1049.809,300.479,164.480,148.403
1054.000,301.000,160.000,140.000
1051.455,301.052,160.317,146.054
1052.376,301.073,159.328,145.913
1049.679,298.891,157.226,146.852
1057.000,299.000,157.000,143.000
1050.319,298.444,157.653,145.864
1052.491,301.654,157.495,145.472
1052.487,298.613,156.389,147.085
1053.234,300.235,156.625,146.508
1057.000,296.000,158.000,142.000
1057.000,293.000,156.000,146.000
1052.969,298.227,158.854,146.754
1056.000,296.000,165.000,142.000
1048.345,290.836,161.574,151.129
1051.685,296.501,161.744,149.846
1053.761,297.799,159.077,148.385
1057.000,296.000,158.000,141.000
1059.000,295.000,158.000,146.000
1051.811,292.394,156.130,148.128
1055.164,295.339,157.314,148.405
1055.000,292.000,162.000,144.000
1056.000,295.000,165.000,139.000
1052.345,293.703,162.601,146.618
1056.146,294.273,158.987,147.950
1053.341,293.724,157.943,149.170
1053.135,295.027,157.772,150.376
1060.000,290.000,157.000,149.000
1049.723,290.659,159.727,153.182
1054.933,292.273,158.728,153.990
1053.811,296.841,157.400,152.565
1057.000,296.000,163.000,146.000
1056.000,293.000,165.000,146.000
1050.922,290.512,163.159,153.627
1051.813,294.942,162.484,151.936
1054.884,296.384,160.463,151.682
1058.000,298.000,159.000,142.000
1053.322,296.782,158.084,147.032
1063.000,299.000,152.000,141.000
1053.501,296.132,155.204,148.167
1059.000,295.000,161.000,142.000
1055.217,295.664,160.039,148.539
1055.456,297.440,159.008,148.484
1055.615,299.660,157.294,148.072
1060.000,297.000,155.000,143.000
1057.161,298.594,156.843,145.951
1059.000,296.000,159.000,148.000
1053.573,294.860,158.900,151.216
1060.000,295.000,158.000,144.000
1052.178,293.297,159.330,151.837
1054.030,297.022,159.096,151.536
1053.000,296.000,161.000,144.000
1052.385,297.097,160.247,147.698
1054.000,292.000,159.000,145.000
1053.379,294.980,161.264,148.422
1054.000,294.000,162.000,144.000
1051.214,292.694,159.691,149.919
1051.297,294.216,159.439,150.050
1049.537,294.830,158.566,150.795
1055.000,295.000,162.000,143.000
1047.670,290.117,159.963,151.637
1049.374,293.879,160.856,151.253
1050.878,294.611,159.457,151.982
1054.000,299.000,162.000,141.000
1045.989,292.693,162.257,150.718
1056.000,295.000,163.000,145.000
1050.537,290.558,159.787,153.197
1051.459,294.455,159.650,151.979
1058.000,295.000,152.000,140.000
1052.713,297.041,154.999,144.645
1056.000,291.000,163.000,145.000
1056.000,296.000,159.000,141.000
1052.233,294.604,158.771,147.400
1057.000,294.000,159.000,145.000
1057.000,294.000,161.000,142.000
1057.000,294.000,158.000,141.000
1050.939,295.658,159.730,146.275
1051.918,297.226,157.001,145.800
1055.000,291.000,161.000,144.000
1055.000,290.000,165.000,145.000
1056.000,293.000,162.000,143.000
1051.623,291.712,160.375,148.783
1053.927,294.966,159.543,146.945
1051.573,293.408,158.093,147.869
1053.910,295.111,157.799,147.147
1052.449,292.914,157.205,148.157
1053.543,294.046,156.250,147.380
1054.199,293.864,153.964,146.920
1059.000,291.000,157.000,143.000
1057.000,291.000,158.000,144.000
1054.000,295.000,162.000,144.000
1052.117,295.891,158.783,146.110
1058.000,291.000,159.000,143.000
1057.000,289.000,161.000,147.000
1059.000,293.000,157.000,143.000
1058.000,288.000,159.000,145.000
1059.000,290.000,158.000,142.000
1060.000,292.000,159.000,142.000
1063.000,292.000,156.000,141.000
1055.925,290.252,155.962,148.015
1060.000,291.000,158.000,142.000
1060.000,289.000,156.000,144.000
1055.174,293.547,159.625,145.833
1060.000,288.000,157.000,143.000
1054.605,291.433,159.421,146.446
1056.329,293.698,157.489,147.759
1064.000,292.000,153.000,143.000
1062.000,293.000,154.000,140.000
1063.000,293.000,151.000,140.000
1055.864,292.473,152.662,145.112
1058.086,295.284,154.183,145.350
1054.891,292.643,151.987,147.463
1060.000,289.000,161.000,147.000
1054.245,290.278,159.414,150.224
1055.973,293.268,157.573,149.803
1054.389,293.170,155.461,150.673
1061.000,291.000,159.000,144.000
1054.265,291.892,159.509,147.958
1056.774,296.396,158.789,147.605
1063.000,292.000,157.000,143.000
1058.222,292.693,156.328,146.591
1061.000,294.000,158.000,144.000
1061.000,291.000,157.000,144.000
1059.617,295.409,158.396,146.602
1066.000,293.000,154.000,142.000
1057.661,295.152,156.472,146.365
1059.212,297.583,155.561,146.820
1063.000,296.000,167.000,144.000
1067.000,298.000,157.000,144.000
1056.784,291.780,156.131,150.199
1059.569,295.888,155.832,148.827
1061.498,299.527,155.831,146.925
1067.000,296.000,157.000,144.000
1069.000,296.000,151.000,145.000
1059.502,295.864,153.158,149.215
1062.775,297.455,152.067,148.596
1062.759,301.302,152.309,147.178
1066.000,296.000,158.000,147.000
1060.066,295.655,156.197,150.942
1061.256,299.057,155.283,150.890
1061.372,301.817,153.775,150.386
1068.000,303.000,151.000,138.000
1068.000,303.000,148.000,138.000
1063.974,306.251,149.569,140.409
1065.000,301.000,161.000,143.000
1066.000,299.000,159.000,146.000
1062.606,300.886,158.740,149.598
1069.000,302.000,153.000,141.000
1061.795,304.100,154.168,146.168
1069.000,302.000,158.000,143.000
1064.033,300.995,156.574,149.659
1065.072,304.491,156.804,149.445
1068.000,304.000,156.000,145.000
1065.977,304.228,153.947,149.648
1065.834,306.765,153.750,150.264
1062.965,304.915,151.849,152.331
1069.000,302.000,153.000,146.000
1068.000,304.000,163.000,146.000
1062.872,299.586,155.580,154.886
1061.841,303.412,157.068,153.981
1060.664,306.769,155.872,152.326
1069.000,306.000,150.000,141.000
1070.000,304.000,154.000,144.000
1068.000,307.000,160.000,142.000
1064.943,305.088,154.993,149.021
1070.000,305.000,159.000,147.000
1069.000,303.000,154.000,145.000
1064.763,304.498,155.962,148.441
1065.590,306.758,155.019,148.440
1069.000,307.000,158.000,142.000
1070.000,304.000,162.000,144.000
1069.000,305.000,160.000,147.000
1065.233,301.377,156.879,151.813
1065.334,306.395,157.856,150.160
1069.000,304.000,159.000,142.000
1069.000,303.000,157.000,145.000
1063.287,303.083,157.765,149.080
1063.348,305.429,158.291,148.903
1063.069,305.199,156.428,149.811
1068.000,302.000,156.000,148.000
1057.849,299.649,157.368,151.964
1060.881,301.591,157.248,152.495
1059.943,303.269,156.689,152.510
1063.000,303.000,157.000,142.000
1063.967,301.463,156.315,147.572
1062.000,302.000,161.000,144.000
1064.000,301.000,167.000,145.000
1065.000,304.000,161.000,143.000
1063.000,301.000,164.000,142.000
1059.111,298.575,162.309,149.722
1058.592,302.162,161.668,149.553
1059.679,301.700,159.676,150.504
1058.968,302.212,157.897,151.090
1064.000,300.000,156.000,141.000
1059.029,300.245,159.557,147.382
1061.105,301.238,158.815,149.237
1065.000,299.000,160.000,144.000
1054.404,292.095,160.301,151.689
1057.278,294.665,161.115,151.669
1059.660,296.997,160.801,152.033
1059.950,297.557,158.238,152.987
1059.144,297.976,157.229,153.600
1060.205,298.216,156.366,154.499
1059.725,298.339,155.163,155.441
1058.944,298.218,154.125,155.702
1059.860,296.431,154.149,157.063
1060.101,296.123,154.443,158.062
1068.000,295.000,158.000,146.000
1057.911,286.393,158.104,154.801
1058.902,289.406,161.465,157.043
1057.287,292.708,161.413,157.162
1058.408,294.693,160.635,157.567
1058.543,293.881,158.947,157.112
1067.000,294.000,162.000,144.000
1057.323,285.866,160.193,154.715
1058.021,290.082,164.299,156.208
1058.598,290.413,161.447,157.559
1058.405,290.707,159.494,157.652
1056.817,290.505,158.841,159.060
1057.548,291.298,159.324,161.349
1057.772,290.914,158.456,162.710
1058.729,290.737,159.418,164.078
1059.755,291.055,159.892,165.325
1059.749,290.939,159.409,165.634
1060.683,290.853,159.661,165.643
1060.921,291.325,161.542,167.014
1060.332,290.052,161.359,167.428
1059.174,289.735,163.478,169.584
1058.561,287.873,164.776,171.026
1058.687,285.404,165.347,171.808
1068.000,295.000,155.000,143.000
1064.088,293.100,158.087,151.691
1061.148,294.207,157.211,151.411
1064.270,296.577,156.515,152.661
1062.713,296.390,153.451,153.615
1071.000,297.000,156.000,142.000
1066.008,293.853,155.819,150.919
1064.231,294.899,155.874,150.958
1064.360,295.771,155.130,151.828
1063.384,296.679,154.100,153.100
1063.972,297.823,153.061,152.927
1069.000,295.000,156.000,147.000
1063.608,293.211,158.446,152.423
1064.530,295.012,158.339,153.129
1064.062,294.119,157.087,155.309
1064.210,294.972,158.345,157.718
1063.590,294.666,155.944,158.745
1072.000,297.000,156.000,146.000
1068.541,290.397,153.392,153.927
1069.559,294.098,154.369,153.881
1069.550,295.083,152.211,155.084
1077.000,294.000,153.000,147.000
1071.164,291.422,154.927,153.067
1072.682,294.272,155.609,154.526
1070.132,294.167,153.678,156.211
1069.562,294.027,153.438,157.291
1072.125,292.153,151.922,158.086
1072.322,291.883,152.075,159.306
1071.821,292.272,152.297,160.436
1071.220,293.294,152.173,160.979
1071.553,292.944,151.128,160.999
1071.420,293.224,151.360,161.476
1071.485,293.254,150.830,161.787
1071.588,294.511,151.423,162.049
1072.237,294.370,151.015,161.101
1071.998,293.221,150.719,160.573
1071.503,291.825,151.793,161.011
1076.000,296.000,159.000,148.000
1070.172,292.196,156.080,153.646
1071.850,292.197,156.177,154.774
1072.385,293.227,156.700,155.417
1072.747,294.469,155.873,156.536
1071.479,296.167,153.882,156.236
1071.361,296.952,153.277,155.029
1082.000,295.000,152.000,146.000
1073.100,291.855,154.031,149.715
1074.907,293.673,154.338,151.659
1077.009,295.509,153.525,151.893
1074.580,296.020,151.022,152.684
1082.000,294.000,158.000,145.000
1074.160,287.761,152.314,153.245
1075.522,290.832,152.756,152.852
1077.524,291.236,153.372,153.685
1076.678,293.656,153.457,154.288
1076.006,294.325,151.878,154.781
1078.000,292.000,165.000,148.000
1080.000,293.000,159.000,143.000
1073.870,290.877,158.486,152.040
1075.821,291.600,157.062,152.657
1074.973,292.006,155.463,152.657
1075.105,291.705,154.103,152.597
1074.127,289.595,153.368,152.678
1074.984,288.909,153.680,152.642
1076.220,287.568,153.490,153.120
1076.330,287.163,153.456,153.297
1075.994,286.641,152.886,153.678
1076.162,285.224,152.566,154.607
1076.881,283.113,152.345,155.619
1077.254,282.783,152.574,155.882
1077.836,282.050,152.847,157.321
1075.742,281.743,153.908,159.438
1075.105,280.595,153.896,160.405
1084.000,287.000,159.000,144.000
1075.045,279.782,152.861,152.633
1077.165,280.955,154.391,152.537
1078.360,282.234,155.734,153.617
1078.080,283.091,155.619,154.429
1075.514,283.144,155.265,155.232
1077.096,281.792,155.373,155.419
1077.888,283.420,155.979,156.353
1076.867,285.460,155.540,156.894
1077.155,286.238,154.568,156.493
1085.000,287.000,153.000,147.000
1084.000,286.000,155.000,147.000
1076.619,284.076,154.809,152.362
1079.917,286.716,155.111,153.293
1081.218,289.155,153.814,153.651
1080.103,290.550,153.149,153.733
1079.992,290.054,152.140,154.140
1077.368,291.691,152.616,154.591
1077.949,291.341,152.571,154.769
1076.466,293.722,153.136,155.526
1082.000,295.000,158.000,148.000
1074.059,289.928,155.613,157.165
1073.216,293.975,157.870,158.350
1080.000,299.000,161.000,146.000
1068.187,293.085,154.018,153.916
1068.851,298.467,157.399,154.393
1076.000,300.000,160.000,148.000
1067.611,297.625,159.780,155.641
1076.000,301.000,158.000,143.000
1066.777,300.083,160.705,151.572
1067.521,304.668,160.951,152.691
1068.258,306.098,158.192,152.695
1072.000,305.000,162.000,146.000
1063.296,301.063,161.405,155.934
1065.045,305.068,161.447,156.403
1065.149,307.284,158.957,155.554
1065.548,309.975,158.280,155.006
1065.539,308.066,158.256,156.888
1063.785,310.277,157.324,156.789
1062.956,311.973,157.893,157.286
1068.000,312.000,161.000,146.000
1062.118,308.925,160.408,154.937
1065.094,310.593,159.263,157.862
1060.731,311.501,156.378,158.744
1061.077,312.282,157.101,160.113
1067.000,316.000,165.000,145.000
1059.255,310.690,161.195,157.598
1060.933,314.801,161.238,157.339
1059.618,317.387,162.024,157.635
1067.000,318.000,157.000,143.000
1064.289,318.040,157.231,148.730
1063.763,318.677,155.520,151.806
1062.289,316.655,154.320,154.882
1061.983,317.912,155.751,155.895
1061.606,317.167,157.102,158.263
1066.000,320.000,160.000,146.000
1061.459,318.553,159.059,153.874
1062.274,319.850,159.583,155.133
1061.126,319.451,158.472,156.884
1064.000,317.000,165.000,148.000
1058.652,315.947,164.544,157.839
1061.102,319.049,161.321,157.418
1058.978,320.019,160.904,158.445
1059.165,318.223,159.943,159.752
1064.000,320.000,162.000,147.000
1061.000,319.877,162.606,154.596
1061.740,321.032,160.324,156.042
1059.105,320.194,159.977,157.576
1061.076,319.905,159.106,158.630
1066.000,318.000,163.000,149.000
1061.876,315.727,162.836,159.791
1061.240,318.266,160.901,159.910
1060.101,320.868,161.149,159.339
1058.933,320.216,160.909,160.443
1067.000,321.000,160.000,148.000
1068.000,321.000,155.000,146.000
1061.631,321.427,158.754,151.236
1063.299,323.655,158.414,154.254
1068.000,323.000,156.000,143.000
1066.000,323.000,158.000,142.000
1064.446,325.987,160.943,149.001
1066.000,324.000,161.000,144.000
1064.000,320.000,163.000,147.000
1064.000,323.000,164.000,148.000
1061.000,324.000,168.000,146.000
1060.567,322.527,164.601,153.637
1059.079,324.852,162.711,152.406
1060.620,323.489,161.537,155.689
1064.000,323.000,166.000,150.000
1067.000,321.000,158.000,149.000
1056.419,323.898,162.677,152.383
1059.059,322.196,161.019,154.485
1067.000,325.000,160.000,142.000
1057.876,320.913,159.889,153.008
1067.000,322.000,158.000,147.000
1066.000,321.000,161.000,147.000
1058.754,322.717,162.931,152.914
1060.344,323.490,160.648,153.663
1062.153,321.021,157.491,154.987
1062.430,323.819,157.885,155.619
1063.000,326.000,168.000,145.000
1065.000,322.000,166.000,146.000
1058.787,320.049,165.228,156.093
1059.889,324.197,164.485,154.006
1059.989,324.223,161.590,153.928
1060.288,323.305,160.341,155.532
1067.000,324.000,161.000,144.000
1058.694,320.539,161.320,154.071
1061.979,324.504,162.065,154.055
1061.770,324.580,158.975,155.615
1062.535,323.942,158.457,158.188
1060.333,323.193,158.727,159.988
1064.000,324.000,163.000,147.000
1059.403,324.805,162.314,152.466
1062.256,324.277,160.705,154.498
1062.124,322.837,159.980,157.471
1060.844,324.764,160.928,158.329
1059.050,322.527,160.152,160.990
1069.000,326.000,159.000,145.000
1068.000,326.000,153.000,143.000
1065.629,325.516,154.199,149.134
1066.310,326.223,154.435,151.560
1070.000,325.000,157.000,144.000
1070.000,327.000,156.000,143.000
1066.515,327.798,156.700,148.804
1068.000,327.000,163.000,144.000
1064.721,324.950,160.442,150.198
1069.000,330.000,162.000,144.000
1064.079,323.225,158.692,152.551
1065.611,327.759,160.895,152.750
1064.634,324.588,158.160,154.469
1069.000,325.000,170.000,146.000
1059.950,319.719,162.293,156.796
1064.557,324.368,164.026,156.112
1066.224,327.165,161.823,155.650
1064.974,325.671,160.715,157.655
1064.917,326.575,160.349,159.112
1073.000,328.000,158.000,148.000
1066.510,328.338,156.652,153.402
1071.024,327.044,154.909,154.105
1068.167,328.197,153.897,155.807
1067.706,327.475,155.140,157.970
1075.000,330.000,159.000,145.000
1067.423,328.735,158.408,152.729
1072.200,328.896,157.819,154.228
1070.660,329.623,157.049,155.317
1071.743,328.397,155.897,156.833
1077.000,331.000,164.000,147.000
1066.131,325.368,159.172,156.027
1070.768,328.597,159.256,155.673
1071.660,330.465,158.846,157.428
1071.242,329.308,157.197,158.988
1078.000,331.000,161.000,146.000
1070.127,330.956,162.013,153.174
1077.000,332.000,170.000,151.000
1068.671,323.505,162.004,159.286
1071.504,328.256,164.198,158.803
1072.687,330.734,162.314,158.559
1073.578,330.491,160.961,159.016
1074.616,328.970,160.278,160.190
1072.921,328.868,159.388,161.430
1075.000,329.449,158.151,161.929
1074.592,330.447,157.318,162.012
1083.000,332.000,162.000,148.000
1071.502,322.484,158.159,157.337
1073.830,327.349,161.771,158.154
1076.612,330.839,159.934,158.093
1074.167,330.544,157.453,159.135
1075.598,330.693,157.908,159.526
1076.178,331.884,157.327,158.873
1078.063,327.393,153.741,160.849
1076.377,328.095,154.552,161.796
1082.000,330.000,165.000,145.000
1073.350,324.279,162.139,157.111
1077.403,329.649,162.437,156.276
1079.049,330.876,160.931,156.916
1077.934,330.513,160.053,157.960
1077.035,330.813,160.449,159.043
1077.384,329.518,159.981,160.236
1085.000,335.000,160.000,146.000
1077.973,328.327,155.851,153.942
1079.183,332.055,158.985,154.502
1082.414,333.473,158.146,154.560
1080.925,328.529,157.353,157.968
1079.506,329.716,158.457,158.981
1080.274,330.812,159.021,159.872
1082.191,332.055,158.503,160.716
1079.054,330.008,158.987,162.693
1079.618,331.932,158.472,162.290
1080.517,334.051,157.841,162.201
1086.000,332.000,166.000,152.000
1077.783,324.813,159.404,162.018
1080.167,329.912,162.663,160.764
1079.393,329.289,160.531,161.138
1083.081,330.605,160.745,161.345
1079.721,331.702,159.479,162.209
1081.071,333.059,159.446,162.225
1082.115,333.061,159.336,162.811
1081.505,332.120,158.615,161.820
1083.520,333.987,159.217,162.063
1080.128,327.776,158.708,163.571
1087.556,329.426,158.952,162.151
1084.891,328.686,157.905,163.719
1083.211,327.427,157.300,164.483
1084.304,328.902,158.294,166.031
1082.488,329.530,159.470,167.143
1082.175,328.675,159.399,168.640
1082.712,327.985,159.479,168.781
1082.307,327.266,160.539,169.526
1083.400,327.499,160.811,169.536
1083.164,326.761,160.694,169.919
1083.403,326.866,160.557,170.176
1082.125,326.681,160.342,169.601
1082.492,327.477,160.360,169.332
1082.715,327.737,160.473,169.336
1081.826,328.592,161.040,169.051
1081.495,327.839,161.447,168.820
1080.921,325.507,162.144,169.535
1083.328,323.949,161.145,169.902
1084.648,323.994,160.466,170.866
1085.231,323.614,161.487,171.525
1096.000,332.000,164.000,155.000
1084.667,327.936,157.971,162.304
1085.497,328.267,159.134,163.297
1084.659,328.745,161.190,164.827
1084.335,328.284,161.223,165.933
1083.495,327.880,161.916,166.944
1083.731,326.975,162.677,167.969
1084.079,326.107,163.619,168.170
1086.025,326.806,163.784,168.451
1086.055,325.422,163.883,169.369
1087.326,325.828,164.224,170.059
1087.817,325.390,164.551,170.511
1086.740,325.984,165.007,171.341
1088.588,324.905,162.757,171.931
1089.438,325.192,163.177,173.554
1100.000,337.000,161.000,152.000
1085.315,331.661,156.286,159.741
1086.942,332.189,156.489,160.062
1087.728,332.128,157.377,161.016
1090.327,332.144,157.734,162.735
1088.414,332.093,158.164,164.685
1089.023,331.085,158.149,166.396
1087.623,328.648,158.675,168.105
1089.835,327.078,159.088,168.911
1091.783,327.730,160.024,170.642
1091.102,329.901,161.962,171.554
1089.894,329.655,161.599,171.717
1089.552,330.052,160.978,171.959
1090.091,330.130,160.877,171.959
1090.036,329.691,161.517,172.171
1090.160,330.315,161.621,172.513
1089.616,330.280,162.344,172.455
1090.310,329.565,161.770,172.353
1091.719,327.650,160.484,171.779
1092.371,328.081,161.951,172.604
1091.184,328.690,162.547,172.775
1090.958,330.395,162.784,172.072
1090.256,330.374,162.006,171.997
1090.275,330.251,161.860,172.151
1090.137,329.344,160.611,172.524
1091.066,328.083,161.742,173.139
1090.901,326.691,161.864,172.510
1092.711,326.524,161.350,173.257
1091.688,327.732,162.300,172.874
1089.475,327.736,162.145,172.537
1092.048,326.681,159.921,173.501
1100.000,339.000,165.000,149.000
1089.632,329.927,161.096,160.236
1103.000,338.000,161.000,149.000
1090.167,333.078,159.300,156.281
1090.543,332.486,159.531,158.239
1089.746,332.551,159.763,159.107
1091.179,329.259,160.293,161.069
1089.581,329.751,160.491,163.480
1092.707,328.435,160.897,164.949
1091.537,327.837,161.986,166.259
1090.137,326.884,163.323,166.896
1090.599,325.627,164.333,167.903
1091.654,324.009,164.217,168.083
1093.097,323.719,163.615,167.950
1092.613,324.127,164.482,167.890
1092.638,323.796,165.143,168.145
1103.000,330.000,160.000,153.000
1090.816,328.370,158.791,158.613
1090.546,328.343,159.774,159.632
1090.036,329.209,160.953,160.944
1089.554,328.822,160.724,162.105
1089.472,326.745,162.036,163.227
1089.232,326.846,162.576,163.756
1089.213,326.179,163.058,164.680
1089.823,326.018,162.781,165.032
1090.372,326.947,162.171,164.972
1087.947,325.947,162.152,165.655
1087.865,323.250,163.603,166.263
1090.111,319.690,164.214,167.249
1093.812,319.035,163.239,167.080
1093.620,320.346,165.044,166.443
1095.770,317.373,163.912,168.411
1099.000,331.000,171.000,150.000
1094.955,323.215,166.356,156.129
1096.137,322.037,166.714,158.924
1096.519,321.240,165.406,160.210
1096.082,322.194,164.931,161.656
1095.061,322.146,163.907,162.741
1093.860,319.630,164.448,163.826
1096.179,317.778,163.325,166.201
