422.000,501.000,101.000,53.000
423.010,499.942,100.321,52.319
425.000,503.000,106.000,46.000
441.000,489.000,106.000,46.000
445.532,472.167,113.028,50.276
464.093,462.152,114.354,53.005
491.994,442.292,120.917,52.121
514.125,422.854,117.819,55.130
550.223,412.366,118.261,56.418
578.348,410.744,118.664,59.067
593.000,410.000,129.000,46.000
603.000,420.000,129.000,47.000
603.000,414.000,124.000,47.000
626.000,388.000,126.000,46.000
675.000,359.000,124.000,48.000
672.000,360.000,127.000,49.000
653.000,378.000,125.000,47.000
655.000,402.000,119.000,47.000
705.000,401.000,119.000,54.000
767.000,387.000,124.000,58.000
777.000,373.000,122.000,61.000
725.836,400.685,124.119,72.553
659.969,415.785,124.773,69.196
584.064,416.884,129.633,72.417
573.357,436.077,126.076,75.096
581.650,443.483,133.400,77.005
614.446,431.485,138.392,83.061
640.736,432.871,134.521,82.130
654.141,442.800,131.576,85.023
676.056,436.976,126.226,78.140
698.875,420.425,124.893,74.737
729.870,407.987,124.951,69.641
740.383,404.005,125.434,62.477
746.989,393.675,129.355,59.485
763.123,398.097,131.656,57.294
779.300,398.782,134.299,56.148
767.000,392.000,137.000,38.000
767.000,379.000,129.000,48.000
770.406,384.825,133.173,50.053
767.952,379.449,134.249,53.061
764.000,383.000,125.000,46.000
764.000,393.000,123.000,42.000
762.000,400.000,115.000,37.000
757.000,402.000,112.000,40.000
759.604,408.604,110.613,42.031
761.250,416.294,106.236,48.550
751.670,422.614,109.325,55.452
729.000,447.000,116.000,47.000
730.000,453.000,119.000,43.000
734.000,459.000,114.000,38.000
734.000,459.000,112.000,36.000
737.000,461.000,104.000,34.000
745.119,460.970,104.432,38.534
740.371,461.961,103.944,39.834
738.885,460.713,107.166,38.851
741.074,465.380,113.327,38.471
734.000,471.000,119.000,37.000
722.000,477.000,129.000,39.000
720.000,491.000,128.000,36.000
728.000,497.000,135.000,38.000
722.000,507.000,135.000,43.000
699.000,521.000,138.000,45.000
688.655,529.794,134.194,46.008
664.000,538.000,144.000,47.000
660.937,543.267,140.957,52.223
661.373,545.610,142.208,52.638
657.000,543.000,144.000,56.000
661.167,547.745,138.539,61.142
666.331,549.910,137.330,63.360
663.000,547.000,133.000,57.000
665.042,542.383,124.347,63.702
662.000,542.000,118.000,58.000
678.000,540.000,112.000,53.000
685.466,538.476,117.753,54.927
684.820,543.422,115.069,61.853
679.110,554.488,112.934,59.777
676.961,565.689,111.851,60.060
663.935,581.851,107.672,58.776
644.163,609.667,107.758,59.371
600.474,617.204,107.964,55.799
598.200,620.593,107.860,57.678
592.179,626.428,109.134,59.221
572.393,632.294,113.397,60.903
566.626,632.457,117.728,57.808
563.130,632.316,120.036,57.746
554.163,630.976,125.736,57.376
545.330,620.262,131.534,55.276
544.000,621.000,137.000,34.000
560.000,607.000,131.000,36.000
535.000,586.000,139.000,39.000
511.000,574.000,142.000,42.000
511.000,567.000,149.000,44.000
509.701,558.205,137.948,48.768
483.000,538.000,153.000,54.000
467.000,537.000,148.000,51.000
454.000,530.000,155.000,58.000
453.132,523.751,146.774,65.706
441.000,516.000,156.000,64.000
446.000,511.000,153.000,60.000
451.000,505.000,158.000,57.000
462.000,506.000,154.000,58.000
470.000,506.000,151.000,64.000
483.000,511.000,140.000,51.000
509.000,514.000,134.000,46.000
522.000,512.000,126.000,42.000
548.000,517.000,112.000,37.000
568.000,523.000,98.000,36.000
602.000,527.000,86.000,38.000
632.000,534.000,78.000,38.000
628.000,533.000,88.000,46.000
639.000,546.000,97.000,51.000
647.000,562.000,106.000,52.000
651.000,568.000,105.000,60.000
656.000,572.000,110.000,65.000
670.000,574.000,103.000,64.000
675.000,571.000,108.000,63.000
681.000,566.000,112.000,64.000
699.000,558.000,109.000,64.000
715.000,557.000,114.000,54.000
739.000,556.000,105.000,57.000
760.000,555.000,97.000,53.000
766.000,558.000,100.000,48.000
775.000,560.000,97.000,49.000
773.000,570.000,99.000,46.000
773.000,576.000,98.000,46.000
772.000,581.000,102.000,44.000
773.000,590.000,104.000,39.000
778.704,587.684,102.743,40.782
771.764,584.206,107.345,44.831
770.859,581.343,110.827,46.082
778.370,580.549,113.145,48.340
773.396,575.728,111.598,48.337
773.955,569.574,112.734,52.314
774.627,567.541,114.249,53.585
772.000,573.000,111.000,45.000
774.190,569.023,108.478,49.076
771.837,559.757,107.262,50.972
773.000,553.228,108.617,53.925
769.151,553.003,105.323,54.559
758.845,549.079,107.471,55.609
753.058,542.684,108.532,58.254
737.986,536.193,111.211,61.089
723.903,530.082,116.833,61.690
713.124,532.463,118.481,61.291
697.041,535.194,119.678,59.699
675.000,551.000,139.000,40.000
656.000,553.000,149.000,39.000
649.000,549.000,149.000,39.000
632.000,546.000,149.000,38.000
624.000,541.000,150.000,35.000
607.000,530.000,146.000,38.000
591.000,519.000,145.000,39.000
582.000,506.000,146.000,47.000
568.000,491.000,162.000,56.000
548.000,469.000,151.000,65.000
540.000,453.000,151.000,71.000
534.000,427.000,154.000,82.000
521.000,411.000,167.000,94.000
515.000,404.000,166.000,88.000
510.000,395.000,174.000,88.000
517.806,393.940,169.335,89.356
503.000,390.000,188.000,82.000
505.000,393.000,192.000,79.000
509.000,399.000,191.000,70.000
501.000,405.000,211.000,75.000
507.000,417.000,219.000,65.000
515.000,433.000,219.000,56.000
532.000,441.000,205.000,53.000
542.000,445.000,187.000,48.000
571.000,451.000,164.000,45.000
588.000,458.000,152.000,38.000
594.000,463.000,140.000,35.000
601.000,468.000,123.000,43.000
606.000,470.000,113.000,44.000
614.000,474.000,103.000,43.000
619.000,473.000,94.000,48.000
628.000,476.000,82.000,49.000
646.000,487.000,70.000,56.000
648.000,498.000,71.000,62.000
680.000,522.000,81.000,60.000
676.000,528.000,91.000,63.000
690.000,538.000,92.000,67.000
691.000,549.000,109.000,61.000
692.000,549.000,116.000,67.000
698.000,547.000,113.000,73.000
700.000,548.000,120.000,68.000
702.000,547.000,122.000,71.000
715.000,549.000,116.000,71.000
714.000,562.000,124.000,61.000
714.000,569.000,129.000,58.000
716.000,570.000,131.000,63.000
717.000,579.000,136.000,64.000
733.374,585.011,125.098,78.019
739.057,595.544,117.102,76.059
733.000,610.000,114.000,78.000
734.228,620.536,112.745,81.111
724.000,634.000,103.000,79.000
695.000,647.000,114.000,69.000
685.000,654.000,113.000,65.000
667.000,666.000,119.000,52.000
649.000,669.000,118.000,48.000
625.000,673.000,122.000,38.000
589.000,669.000,117.000,34.000
557.000,662.000,122.000,34.000
543.000,639.000,109.000,43.000
507.000,616.000,122.000,52.000
461.000,584.000,131.000,71.000
425.000,555.000,143.000,85.000
436.000,552.000,151.000,93.000
404.000,516.000,159.000,102.000
417.000,507.000,129.000,105.000
419.000,507.000,105.000,86.000
388.000,491.000,103.000,79.000
378.000,504.000,106.000,67.000
362.000,502.000,118.000,71.000
349.000,504.000,138.000,79.000
339.000,498.000,153.000,86.000
376.000,523.000,141.000,71.000
385.000,528.000,134.000,61.000
508.000,570.000,126.000,51.000
493.000,564.000,141.000,51.000
471.000,554.000,168.000,60.000
439.000,541.000,185.000,65.000
416.000,538.000,205.000,61.000
416.408,536.136,224.041,72.165
411.478,533.546,243.249,76.060
411.000,540.000,250.000,66.000
431.000,551.000,234.000,64.000
463.000,562.000,206.000,64.000
478.000,565.000,193.000,79.000
517.000,564.000,165.000,98.000
543.000,563.000,143.000,109.000
566.000,577.000,129.000,101.000
571.000,575.000,142.000,110.000
572.000,576.000,165.000,116.000
590.000,590.000,170.000,105.000
623.000,601.000,153.000,96.000
635.000,602.000,162.000,98.000
647.000,615.000,173.000,86.000
663.750,616.840,180.337,87.162
676.290,621.466,185.859,84.827
692.993,623.172,188.890,83.584
717.549,625.740,197.426,82.810
736.449,631.354,204.679,84.029
758.790,632.890,197.231,83.347
770.047,636.363,202.370,82.085
784.820,636.852,204.071,82.539
790.352,640.490,211.319,81.652
814.327,642.477,203.117,78.577
833.000,664.000,184.000,53.000
852.288,660.344,180.327,67.386
871.196,659.121,173.530,63.881
892.247,660.015,162.645,62.497
915.667,661.199,150.699,61.880
928.327,659.806,142.937,60.018
934.638,662.440,139.486,57.994
914.000,675.000,153.000,42.000
919.000,675.000,149.000,40.000
917.000,676.000,149.000,41.000
913.000,677.000,151.000,39.000
902.000,677.000,160.000,40.000
897.000,677.000,157.000,41.000
897.000,679.000,151.000,38.000
893.000,679.000,146.000,38.000
885.000,678.000,137.000,41.000
873.000,677.000,131.000,43.000
861.000,679.000,116.000,39.000
847.000,681.000,113.000,38.000
827.000,680.000,110.000,37.000
805.000,682.000,99.000,37.000
779.000,682.000,103.000,31.000
755.000,684.000,102.000,29.000
696.000,682.000,93.000,36.000
696.000,682.000,93.000,36.000
629.000,687.000,103.000,29.000
560.000,688.000,104.000,29.000
529.000,678.000,111.000,36.000
509.000,671.000,125.000,44.000
500.000,662.000,127.000,51.000
490.000,652.000,139.000,53.000
485.000,644.000,139.000,56.000
483.000,642.000,128.000,52.000
487.000,637.000,125.000,48.000
516.000,633.000,104.000,51.000
507.000,619.000,103.000,47.000
525.000,627.000,103.000,35.000
525.000,622.000,96.000,34.000
540.000,627.000,106.000,33.000
547.378,624.150,113.055,34.959
590.000,632.000,110.000,33.000
594.000,632.000,114.000,36.000
582.000,629.000,126.000,41.000
581.000,626.000,141.000,56.000
581.000,630.000,139.000,60.000
571.000,631.000,148.000,68.000
575.000,631.000,138.000,73.000
573.000,623.000,135.000,83.000
577.000,610.000,126.000,92.000
588.000,614.000,107.000,83.000
588.000,622.000,110.000,82.000
603.000,639.000,98.000,68.000
600.000,646.000,95.000,64.000
601.000,648.000,99.000,56.000
595.000,638.000,106.000,63.000
594.000,637.000,114.000,59.000
587.000,634.000,124.000,61.000
586.000,633.000,129.000,60.000
585.000,628.000,133.000,62.000
581.000,629.000,142.000,62.000
582.000,630.000,145.000,62.000
596.000,631.000,138.000,59.000
592.000,629.000,144.000,61.000
600.000,631.000,148.000,59.000
608.000,630.000,146.000,58.000
612.000,631.000,143.000,55.000
612.000,631.000,145.000,49.000
615.000,631.000,144.000,45.000
612.000,630.000,146.000,41.000
601.000,623.000,157.000,39.000
588.000,624.000,166.000,36.000
599.214,622.093,163.020,38.155
593.828,619.014,161.400,37.956
596.748,616.530,151.799,38.680
582.000,614.000,155.000,37.000
586.000,618.000,145.000,37.000
583.000,620.000,136.000,35.000
569.000,622.000,138.000,41.000
575.196,621.641,129.141,45.870
574.027,621.349,122.748,46.674
571.485,623.329,124.878,49.832
564.000,612.000,128.000,57.000
560.000,615.000,132.000,51.000
558.000,615.000,121.000,47.000
554.000,610.000,128.000,48.000
554.841,608.894,126.255,50.874
548.000,609.000,127.000,40.000
540.000,606.000,131.000,40.000
546.000,603.000,125.000,38.000
547.078,599.738,125.670,39.170
545.910,597.504,130.358,38.130
543.000,597.000,132.000,33.000
543.000,590.000,136.000,34.000
544.000,588.000,137.000,33.000
547.000,585.000,140.000,32.000
553.000,579.000,138.000,36.000
554.000,577.000,141.000,36.000
564.914,579.288,138.710,39.350
563.898,579.305,142.937,36.461
567.221,578.030,136.692,37.391
570.926,576.193,140.880,35.762
572.823,572.683,132.289,37.139
575.054,571.736,135.484,36.880
574.875,568.457,136.478,38.699
575.000,566.000,129.000,37.000
580.000,564.000,119.000,37.000
576.000,564.000,120.000,38.000
581.000,560.000,116.000,42.000
585.000,564.000,111.000,40.000
588.000,566.000,109.000,38.000
585.000,564.000,108.000,43.000
588.000,561.000,105.000,48.000
596.000,570.000,102.000,43.000
603.000,570.000,93.000,38.000
603.000,573.000,97.000,36.000
607.000,571.000,91.000,38.000
609.000,569.000,91.000,38.000
610.000,566.000,93.000,41.000
626.000,571.000,86.000,33.000
627.000,557.000,94.000,42.000
633.000,554.000,90.000,43.000
640.000,551.000,90.000,45.000
644.000,549.000,93.000,46.000
647.000,543.000,96.000,48.000
655.000,545.000,94.000,47.000
661.000,549.000,95.000,44.000
662.000,541.000,98.000,49.000
669.000,543.000,98.000,46.000
677.000,546.000,94.000,40.000
679.000,543.000,98.000,41.000
679.000,536.000,97.000,48.000
682.000,540.000,99.000,45.000
689.000,543.000,91.000,40.000
689.000,542.000,89.000,41.000
688.000,546.000,87.000,36.000
689.719,541.130,86.730,41.402
686.414,535.960,86.486,42.557
680.063,533.938,85.976,43.914
681.000,545.000,74.000,30.000
674.000,534.000,75.000,33.000
663.000,536.000,72.000,32.000
661.323,529.428,72.866,32.287
653.000,525.000,77.000,36.000
654.000,523.000,79.000,33.000
651.000,523.000,84.000,32.000
648.000,519.000,93.000,34.000
650.000,521.000,97.000,32.000
648.000,519.000,93.000,35.000
653.000,518.000,88.000,33.000
655.000,515.000,84.000,34.000
652.000,515.000,87.000,34.000
653.000,510.000,85.000,38.000
651.000,508.000,93.000,43.000
655.000,500.000,89.000,48.000
653.000,498.000,97.000,50.000
655.000,493.000,101.000,54.000
663.000,499.000,101.000,46.000
672.000,502.000,99.000,40.000
684.000,508.000,88.000,32.000
681.000,505.000,92.000,32.000
682.000,504.000,96.000,30.000
680.000,499.000,97.000,34.000
678.000,498.000,95.000,34.000
685.000,493.000,93.000,35.000
688.000,489.000,95.000,35.000
688.000,483.000,96.000,38.000
686.000,482.000,97.000,35.000
684.833,479.875,99.042,41.797
688.000,483.000,98.000,40.000
693.014,481.155,95.325,47.452
698.753,475.801,95.186,51.216
701.933,472.519,93.712,56.109
697.437,471.694,95.854,59.063
695.074,471.631,97.300,62.472
699.673,476.281,93.615,63.753
694.560,477.529,88.608,61.587
671.831,475.205,92.448,58.468
653.401,473.361,98.683,56.362
635.216,468.123,98.735,52.118
609.000,463.000,114.000,43.000
596.000,450.000,117.000,52.000
573.000,429.000,121.000,61.000
565.000,419.000,127.000,68.000
559.753,412.278,120.551,68.896
549.000,404.000,117.000,62.000
542.000,396.000,118.000,57.000
543.105,392.302,121.209,58.719
533.000,391.000,124.000,51.000
534.000,389.000,118.000,49.000
523.000,390.000,126.000,52.000
520.000,397.000,136.000,55.000
522.000,405.000,131.000,62.000
522.908,409.503,124.517,73.398
533.000,407.000,125.000,93.000
545.000,416.000,117.000,100.000
560.000,416.000,112.000,112.000
566.374,422.202,119.227,123.529
577.030,431.241,114.552,126.086
586.229,435.364,117.270,135.915
592.465,439.426,120.153,144.842
595.936,436.986,129.381,153.988
631.000,514.000,118.000,81.000
631.000,517.000,140.000,85.000
640.000,530.000,150.000,78.000
638.000,527.000,163.000,86.000
651.000,533.000,163.000,88.000
662.000,537.000,165.000,91.000
676.000,542.000,163.000,98.000
714.000,558.000,137.000,87.000
724.000,574.000,130.000,76.000
730.000,575.000,131.000,80.000
731.000,576.000,127.000,89.000
741.000,580.000,108.000,88.000
727.000,589.000,109.000,89.000
697.000,588.000,121.000,100.000
667.000,600.000,138.000,91.000
639.000,604.000,151.000,90.000
619.000,620.000,150.000,71.000
528.000,638.000,154.000,54.000
483.000,635.000,149.000,43.000
444.000,617.000,144.000,43.000
336.000,595.000,136.000,50.000
327.000,566.000,139.000,64.000
326.000,527.000,138.000,86.000
293.000,460.000,150.000,102.000
310.000,430.000,145.000,127.000
307.000,402.000,146.000,141.000
296.000,360.000,175.000,155.000
289.000,324.000,215.000,156.000
268.000,279.000,233.000,140.000
244.000,325.000,282.000,105.000
213.379,293.262,334.631,107.139
210.882,284.252,338.228,101.899
207.040,287.398,334.330,107.427
386.000,414.000,193.000,62.000
370.000,434.000,164.000,61.000
343.000,429.000,151.000,80.000
322.000,428.000,132.000,97.000
290.000,278.000,139.000,93.000
288.000,463.000,131.000,69.000
288.000,500.000,119.000,60.000
300.000,524.000,109.000,63.000
294.000,537.000,113.000,62.000
303.000,561.000,110.000,46.000
333.000,558.000,96.000,47.000
335.000,531.000,89.000,67.000
337.591,530.000,92.044,64.839
338.058,522.858,98.545,60.880
337.000,537.000,129.000,49.000
335.000,540.000,147.000,54.000
352.000,542.000,152.000,50.000
366.000,546.000,151.000,53.000
372.000,544.000,167.000,59.000
386.114,544.086,163.917,63.985
400.989,545.278,163.468,67.875
411.049,546.235,161.491,74.540
424.530,546.590,159.301,83.197
438.128,549.923,161.015,89.719
449.678,550.604,154.104,97.477
458.326,552.712,148.569,102.672
482.000,559.000,129.000,109.000
485.000,566.000,134.000,105.000
498.000,570.000,131.000,107.000
501.041,572.182,135.328,113.632
506.711,574.433,137.534,118.708
515.201,576.739,138.174,118.164
518.324,580.452,140.349,116.831
518.204,585.762,137.419,114.066
517.602,588.956,139.502,113.331
509.823,591.843,144.981,110.790
505.242,594.948,146.561,110.217
494.892,592.758,152.014,105.369
482.279,591.982,159.665,102.082
469.268,589.148,176.479,98.692
428.000,613.000,227.000,60.000
420.641,612.342,238.440,62.660
401.369,601.595,269.700,61.063
386.000,588.000,273.000,54.000
393.561,586.527,289.102,56.570
457.000,586.000,286.000,50.000
449.000,573.000,304.000,59.000
456.610,572.225,299.546,66.459
442.000,564.000,270.000,62.000
406.000,550.000,257.000,73.000
378.000,532.000,232.000,84.000
392.000,537.000,200.000,81.000
384.000,535.000,170.000,82.000
390.799,539.029,153.708,86.994
382.366,534.604,152.273,80.794
380.000,535.000,145.000,78.000
385.000,533.000,145.000,79.000
396.000,527.000,156.000,88.000
406.000,525.000,149.000,90.000
426.000,533.000,137.000,84.000
440.000,526.000,141.000,94.000
452.977,524.088,147.064,97.202
464.742,521.759,153.499,102.656
474.274,521.636,157.825,108.775
486.000,543.000,196.000,104.000
500.000,544.000,207.000,115.000
516.115,551.681,213.793,121.145
520.000,545.000,224.000,141.000
541.000,560.000,212.000,134.000
556.000,572.000,209.000,117.000
564.000,572.000,217.000,124.000
603.225,577.631,222.848,127.421
607.000,592.000,223.000,99.000
624.000,598.000,220.000,87.000
649.422,596.155,223.479,91.184
667.618,592.289,215.482,93.735
677.887,590.664,204.732,99.373
687.131,588.207,196.157,98.655
695.722,590.159,189.134,98.844
701.958,590.527,177.189,100.262
705.562,592.319,162.696,101.035
704.227,595.550,152.865,100.546
687.712,601.693,141.465,98.189
656.747,602.851,145.959,92.360
612.693,597.435,146.272,97.507
586.010,594.379,149.985,92.831
552.938,584.198,163.477,87.738
505.381,586.301,166.684,86.517
463.000,603.000,206.000,51.000
434.554,588.275,204.876,57.773
422.784,575.485,206.068,63.720
407.355,560.316,189.571,70.475
395.000,546.000,182.000,60.000
403.924,535.357,175.694,69.826
387.000,521.000,164.000,57.000
394.000,512.000,141.000,54.000
418.000,524.000,125.000,57.000
418.000,524.000,125.000,57.000
414.000,486.000,131.000,46.000
408.000,486.000,123.000,47.000
417.000,490.000,120.000,55.000
424.000,489.000,115.000,64.000
433.000,490.000,130.000,67.000
438.000,486.000,137.000,78.000
442.000,490.000,142.000,77.000
451.000,496.000,134.000,84.000
456.000,501.000,139.000,87.000
469.000,496.000,136.000,97.000
473.000,507.000,153.000,94.000
492.000,514.000,148.000,93.000
507.000,519.000,153.000,94.000
524.000,531.000,162.000,84.000
534.000,535.000,164.000,85.000
545.000,538.000,175.000,89.000
553.000,541.000,180.000,92.000
561.000,543.000,189.000,89.000
562.000,548.000,201.000,89.000
570.000,553.000,205.000,86.000
592.000,559.000,187.000,85.000
596.000,563.000,184.000,83.000
614.000,572.000,166.000,80.000
613.000,578.000,164.000,78.000
617.000,576.000,154.000,79.000
627.000,589.000,136.000,66.000
607.000,591.000,146.000,60.000
605.277,583.909,148.472,68.369
601.566,579.005,141.673,64.663
597.319,574.197,139.028,62.124
593.257,566.623,137.446,61.000
585.000,572.000,138.000,40.000
573.286,568.757,144.012,42.373
551.831,569.210,151.324,42.459
540.961,560.512,148.146,48.913
518.000,550.000,163.000,47.000
510.000,549.000,154.000,41.000
496.000,547.000,155.000,36.000
485.000,545.000,155.000,36.000
468.000,542.000,159.000,42.000
454.000,542.000,169.000,45.000
452.000,538.000,168.000,57.000
452.927,535.078,164.774,57.767
445.000,534.000,170.000,54.000
452.000,532.000,159.000,54.000
458.000,526.000,151.000,57.000
465.000,521.000,149.000,57.000
467.000,517.000,160.000,54.000
487.828,510.954,159.644,58.268
494.450,505.967,159.863,54.660
501.000,518.000,165.000,36.000
505.000,515.000,181.000,36.000
514.000,510.000,190.000,37.000
518.000,506.000,199.000,39.000
531.000,506.000,196.000,40.000
538.000,506.000,194.000,43.000
551.644,508.150,191.464,47.245
557.000,505.000,182.000,62.000
561.000,506.000,175.000,72.000
573.733,507.674,169.496,85.609
584.106,510.137,158.606,92.612
584.000,512.000,150.000,91.000
589.586,513.537,152.075,101.377
594.958,513.984,143.652,102.341
605.551,517.079,137.842,100.685
614.749,514.766,132.445,97.537
618.749,517.694,127.241,94.670
618.460,518.478,131.186,90.701
615.717,515.195,137.336,84.194
619.000,538.000,134.000,43.000
621.000,534.000,141.000,39.000
620.000,525.000,143.000,38.000
617.000,519.000,151.000,39.000
622.592,515.684,148.796,46.721
610.000,500.000,156.000,60.000
602.000,493.000,160.000,63.000
596.000,490.000,163.000,59.000
593.000,492.000,163.000,59.000
591.000,492.000,156.000,54.000
587.000,498.000,152.000,44.000
587.000,500.000,137.000,42.000
596.709,499.260,132.553,53.468
593.494,500.638,118.888,56.294
589.428,497.723,119.834,70.247
590.404,495.338,126.684,74.666
591.000,495.000,127.000,78.000
592.123,491.915,127.141,81.161
597.199,488.357,127.132,82.835
600.317,484.592,118.389,80.825
597.149,485.228,118.418,78.044
595.000,504.000,117.000,49.000
589.160,494.633,117.116,51.914
588.057,486.998,111.638,49.149
583.658,480.357,115.163,48.711
579.464,474.089,119.586,49.347
578.507,476.103,123.648,48.426
575.000,470.000,131.000,48.000
569.000,452.000,141.000,58.000
565.000,436.000,142.000,72.000
564.000,431.000,137.000,71.000
567.369,421.480,133.939,73.521
564.090,417.930,129.581,72.640
569.341,413.476,130.672,69.206
561.750,403.369,128.085,67.545
564.809,385.230,128.103,68.251
561.106,375.354,127.222,68.294
563.619,366.756,121.040,65.604
573.068,367.221,116.002,65.305
572.208,369.738,113.902,70.564
577.824,374.406,117.295,72.443
591.889,377.291,114.755,71.602
606.314,379.327,110.740,70.985
623.326,382.797,112.688,71.710
645.000,387.000,88.000,55.000
650.000,387.000,103.000,49.000
658.000,387.000,101.000,46.000
667.000,385.000,99.000,44.000
667.000,384.000,106.000,48.000
672.693,384.190,104.321,53.938
673.895,385.554,107.218,56.579
672.994,389.706,107.560,61.242
677.610,397.449,113.348,62.892
682.868,396.152,111.319,66.212
684.456,396.442,115.354,71.847
692.033,398.610,112.685,70.098
695.445,401.409,110.139,70.466
698.742,405.573,108.880,73.205
702.586,418.045,110.029,71.541
706.591,422.562,104.738,70.179
705.212,430.590,100.096,69.550
710.185,435.919,100.752,65.859
712.204,442.013,97.846,61.526
711.979,446.673,101.325,58.764
701.000,456.000,118.000,48.000
704.000,458.000,125.000,51.000
721.562,461.461,123.371,52.876
726.000,463.000,121.000,56.000
731.165,464.770,120.480,58.661
720.000,462.000,132.000,69.000
737.962,463.134,126.295,73.534
744.595,467.244,118.021,75.781
747.984,472.385,109.026,74.620
741.509,473.870,104.437,73.801
738.657,478.521,98.169,72.471
727.374,474.437,100.462,69.533
688.000,493.000,119.000,43.000
658.000,483.000,126.000,42.000
630.000,469.000,137.000,46.000
601.000,448.000,142.000,51.000
583.000,430.000,139.000,62.000
571.000,403.000,141.000,82.000
551.000,376.000,148.000,86.000
545.000,365.000,157.000,85.000
551.373,348.722,161.348,97.292
534.954,338.946,168.476,102.929
523.000,345.000,158.000,79.000
514.993,339.089,171.105,83.974
515.465,338.953,172.869,81.474
508.000,353.000,169.000,57.000
514.414,351.447,169.819,60.274
519.000,353.000,147.000,56.000
523.000,360.000,148.000,47.000
536.008,360.124,139.221,50.170
542.000,357.000,127.000,48.000
551.000,356.000,107.000,48.000
571.000,360.000,95.000,43.000
580.000,362.000,93.000,49.000
591.000,367.000,92.000,55.000
594.798,373.166,94.023,60.252
605.000,385.000,107.000,75.000
619.000,402.000,107.000,75.000
622.000,400.000,117.000,90.000
642.000,412.000,114.000,91.000
647.000,419.000,123.000,95.000
652.000,429.000,131.000,99.000
667.000,445.000,125.000,87.000
680.000,455.000,124.000,83.000
687.000,462.000,127.000,80.000
689.000,466.000,132.000,80.000
694.000,461.000,134.000,91.000
697.000,464.000,136.000,98.000
700.000,476.000,139.000,90.000
719.101,480.826,140.930,95.416
722.531,489.657,133.004,95.185
695.000,499.000,152.000,93.000
704.000,500.000,140.000,92.000
706.000,508.000,138.000,91.000
709.355,511.677,140.324,104.458
696.000,526.000,136.000,89.000
688.000,534.000,130.000,91.000
683.015,542.114,139.137,90.246
667.000,556.000,139.000,77.000
630.000,559.000,156.000,69.000
612.000,564.000,149.000,57.000
604.784,561.950,139.953,56.081
572.710,550.248,130.734,55.177
553.731,548.770,131.022,54.867
403.000,519.000,165.000,59.000
389.000,479.000,156.000,79.000
387.000,439.000,175.000,103.000
375.000,384.000,173.000,139.000
391.000,359.000,169.000,145.000
391.000,309.000,183.000,189.000
386.000,275.000,229.000,188.000
374.000,273.000,256.000,151.000
366.000,271.000,275.000,115.000
347.000,273.000,275.000,98.000
335.000,269.000,260.000,96.000
336.000,268.000,279.000,104.000
337.581,269.181,283.278,109.301
336.374,267.670,272.526,117.977
327.507,262.384,260.022,134.005
349.779,246.247,235.831,162.436
359.220,248.041,223.854,169.201
360.423,264.598,216.255,169.864
358.534,272.144,208.785,183.146
329.000,421.000,141.000,123.000
329.000,421.000,141.000,123.000
360.000,419.000,106.000,99.000
391.045,414.218,112.630,106.824
410.000,492.000,122.000,69.000
417.000,498.000,130.000,59.000
430.000,505.000,137.000,44.000
429.000,507.000,150.000,43.000
435.000,507.000,160.000,47.000
450.000,509.000,158.000,51.000
464.000,519.000,159.000,51.000
481.000,527.000,162.000,55.000
493.000,536.000,160.000,58.000
503.000,541.000,159.000,60.000
515.000,551.000,158.000,59.000
515.000,557.000,156.000,63.000
522.000,566.000,154.000,62.000
526.000,569.000,157.000,61.000
528.000,568.000,161.000,66.000
533.000,566.000,166.000,69.000
535.000,572.000,173.000,65.000
539.000,574.000,184.000,65.000
548.000,578.000,187.000,65.000
552.000,582.000,191.000,63.000
553.000,583.000,204.000,67.000
555.000,587.000,210.000,67.000
571.000,593.000,208.000,66.000
571.000,604.000,221.000,58.000
558.000,603.000,244.000,64.000
579.000,603.000,248.000,75.000
585.000,606.000,253.000,73.000
508.000,573.000,276.000,87.000
482.000,566.000,297.000,86.000
490.000,584.000,320.000,87.000
507.000,602.000,293.000,85.000
562.524,610.916,242.371,137.671
614.565,591.968,213.447,115.748
654.767,589.024,207.691,116.769
691.852,594.324,205.577,110.160
773.000,646.000,168.000,52.000
799.491,644.059,162.349,59.927
829.243,641.022,171.337,66.635
834.890,634.611,169.421,66.524
837.431,624.964,169.701,71.662
839.601,620.103,171.618,72.202
845.543,622.862,154.953,73.114
860.365,624.269,125.429,67.858
852.000,627.000,121.000,67.000
832.000,629.000,132.000,57.000
824.332,621.294,128.332,62.696
813.745,623.965,127.194,61.344
779.149,618.061,135.311,61.236
771.000,624.000,137.000,49.000
753.000,618.000,138.000,49.000
746.048,617.218,138.781,49.519
728.649,610.611,138.637,48.694
713.902,603.656,136.920,50.579
680.000,597.000,153.000,52.000
681.542,587.324,146.288,59.832
679.807,584.050,134.313,63.151
637.000,573.000,155.000,72.000
655.392,564.589,155.136,79.569
643.000,562.000,130.000,77.000
645.000,563.000,121.000,72.000
634.000,563.000,129.000,68.000
636.000,560.000,121.000,70.000
636.380,552.423,125.767,69.607
625.000,545.000,123.000,64.000
625.000,542.000,102.000,59.000
640.000,544.000,116.000,64.000
643.000,546.000,111.000,65.000
640.000,542.000,125.000,58.000
638.000,539.000,129.000,53.000
640.000,541.000,128.000,52.000
644.000,533.000,127.000,53.000
638.000,526.000,130.000,56.000
632.000,522.000,129.000,55.000
637.000,519.000,123.000,55.000
631.000,510.000,119.000,62.000
634.000,511.000,116.000,59.000
627.000,507.000,120.000,62.000
628.000,502.000,118.000,64.000
631.000,501.000,108.000,63.000
628.000,504.000,110.000,59.000
631.000,504.000,107.000,55.000
626.000,510.000,109.000,49.000
630.000,508.000,101.000,55.000
625.000,496.000,106.000,65.000
620.000,490.000,112.000,72.000
623.000,487.000,113.000,77.000
628.000,497.000,112.000,75.000
638.000,508.000,107.000,64.000
639.000,509.000,106.000,62.000
645.000,519.000,106.000,55.000
644.000,515.000,107.000,51.000
636.000,509.000,112.000,54.000
640.000,512.000,111.000,48.000
638.000,510.000,113.000,45.000
633.000,502.000,111.000,50.000
632.271,496.761,116.341,55.155
625.000,492.000,123.000,57.000
623.000,494.000,124.000,57.000
622.000,491.000,124.000,65.000
618.000,486.000,122.000,68.000
611.000,481.000,129.000,72.000
618.000,482.000,120.000,72.000
616.000,478.000,120.000,74.000
616.000,471.000,122.000,77.000
618.000,468.000,123.000,79.000
622.000,468.000,133.000,76.000
619.000,472.000,144.000,75.000
641.000,482.000,138.000,60.000
647.000,477.000,141.000,59.000
653.000,481.000,146.000,49.000
668.000,486.000,138.000,40.000
669.000,486.000,150.000,38.000
675.000,485.000,143.000,37.000
670.000,479.000,156.000,39.000
671.000,474.000,152.000,40.000
668.000,471.000,156.000,41.000
670.000,469.000,152.000,39.000
668.000,469.000,152.000,37.000
667.000,468.000,149.000,37.000
668.000,467.000,140.000,40.000
671.000,473.000,124.000,36.000
672.000,475.000,121.000,40.000
676.000,483.000,111.000,34.000
662.000,478.000,116.000,41.000
662.000,471.000,111.000,50.000
669.000,469.000,99.000,52.000
666.000,461.000,98.000,60.000
661.002,455.483,99.581,65.120
658.328,455.192,101.078,68.197
658.340,455.942,103.351,68.994
659.523,453.660,102.855,68.750
662.028,452.407,102.492,67.334
661.376,450.509,104.095,63.526
658.384,447.672,108.038,59.133
659.778,446.500,111.991,56.814
658.879,443.824,113.301,54.301
662.355,436.890,116.772,55.195
665.857,435.132,114.949,53.831
663.937,433.672,117.537,51.941
661.293,436.477,126.966,48.541
661.130,437.962,127.614,47.589
657.930,436.730,127.762,46.935
661.528,431.433,125.457,49.101
664.250,436.377,121.425,49.996
666.144,440.751,120.842,50.459
667.349,440.057,115.193,55.824
668.653,445.120,118.869,60.115
670.512,447.931,121.607,68.494
671.568,449.729,124.644,70.200
673.907,453.590,121.722,73.624
674.439,452.670,120.713,73.123
679.009,453.821,115.373,74.290
673.903,454.011,117.149,72.687
673.449,452.587,118.319,70.175
673.101,454.808,118.921,67.827
672.060,453.003,121.591,62.830
683.000,473.000,120.000,31.000
690.000,472.000,120.000,28.000
686.000,466.000,134.000,33.000
694.095,464.878,137.466,36.094
691.575,461.478,143.142,40.093
687.769,455.407,147.624,49.281
690.150,450.214,150.657,56.911
689.729,453.418,146.957,57.084
687.969,458.918,148.528,55.474
689.602,463.050,142.234,56.808
690.186,465.685,138.148,63.973
689.417,470.500,131.937,64.655
695.599,475.441,121.419,63.675
694.812,477.493,113.529,64.154
695.924,481.439,116.350,64.487
698.554,484.048,116.534,67.927
699.032,484.942,117.469,68.141
697.236,485.058,109.136,65.177
698.803,485.381,105.140,64.777
702.651,485.703,102.691,65.445
703.206,486.370,101.901,64.375
699.000,494.000,91.000,58.000
700.000,498.000,91.000,53.000
701.000,502.000,86.000,49.000
697.000,508.000,95.000,42.000
698.000,508.000,97.000,39.000
694.000,506.000,95.000,39.000
699.378,502.850,94.767,38.075
691.000,509.000,93.000,34.000
692.000,510.000,89.000,35.000
687.000,504.000,91.000,35.000
685.000,504.000,92.000,34.000
683.000,502.000,96.000,32.000
677.881,496.741,91.678,35.795
671.000,502.000,98.000,33.000
668.468,495.023,98.111,33.406
670.601,490.571,94.589,35.682
670.000,491.000,99.000,38.000
668.000,486.000,105.000,44.000
671.000,483.000,103.000,45.000
680.618,478.715,101.338,52.735
684.075,482.483,104.094,53.769
690.660,488.085,106.279,55.662
697.749,493.690,105.528,62.569
710.100,498.503,108.613,67.464
719.829,499.369,109.765,72.763
729.015,496.735,113.229,74.613
736.491,498.898,115.806,75.820
746.696,499.365,115.182,79.658
754.440,502.314,106.112,79.369
761.732,514.141,92.523,77.831
760.381,512.258,91.215,73.710
742.135,517.194,89.285,72.602
716.689,519.540,96.142,69.107
683.755,512.803,104.717,68.764
663.712,507.197,109.694,67.521
647.809,493.833,117.124,66.080
620.974,480.977,127.440,65.113
606.868,468.040,125.141,66.225
600.771,454.032,124.745,71.881
587.444,438.115,131.221,72.273
573.664,432.006,136.936,71.914
554.000,431.000,156.000,60.000
555.347,425.414,159.634,66.733
544.012,420.149,161.569,66.309
529.000,426.000,169.000,53.000
528.974,422.966,169.942,54.409
526.000,423.000,162.000,50.000
522.000,424.000,160.000,46.000
524.000,418.000,152.000,49.000
532.000,419.000,139.000,47.000
540.000,419.000,128.000,47.000
547.000,421.000,119.000,43.000
561.000,421.000,119.000,47.000
576.000,424.000,113.000,39.000
591.000,426.000,109.000,36.000
603.423,427.331,106.559,35.332
611.859,431.515,97.484,34.478
620.976,440.880,99.617,50.899
609.000,450.000,106.000,64.000
611.000,464.000,109.000,74.000
619.542,465.096,108.711,84.740
626.228,472.141,105.481,92.078
634.000,473.000,106.000,98.000
647.000,485.000,105.000,92.000
653.000,484.000,117.000,96.000
659.310,488.481,118.593,100.290
665.417,493.790,122.450,106.252
664.000,505.000,130.000,96.000
681.669,509.596,131.195,100.717
690.302,518.948,130.933,98.694
689.000,537.000,136.000,82.000
684.000,529.000,151.000,95.000
682.000,545.000,162.000,86.000
706.119,551.557,166.863,91.000
715.010,553.927,163.020,89.267
725.666,561.698,159.375,89.256
733.558,571.480,158.378,87.606
741.340,571.452,160.336,88.590
716.000,570.000,175.000,89.000
725.000,576.000,161.000,93.000
739.000,580.000,138.000,96.000
728.000,594.000,135.000,92.000
707.000,598.000,134.000,94.000
681.000,609.000,137.000,82.000
648.000,622.000,147.000,66.000
591.000,633.000,150.000,57.000
543.000,640.000,135.000,45.000
495.000,632.000,154.000,48.000
449.000,614.000,161.000,54.000
402.000,580.000,169.000,69.000
363.000,508.000,170.000,98.000
345.000,421.000,143.000,121.000
360.000,379.000,133.000,151.000
367.000,331.000,106.000,190.000
367.000,331.000,106.000,190.000
367.000,331.000,106.000,190.000
367.000,331.000,106.000,190.000
367.000,331.000,106.000,190.000
367.000,331.000,106.000,190.000
417.000,354.000,118.000,196.000
410.000,341.000,143.000,200.000
402.000,338.000,166.000,212.000
399.000,334.000,193.000,221.000
380.000,328.000,229.000,243.000
361.000,346.000,250.000,233.000
335.000,371.000,280.000,211.000
326.000,407.000,293.000,194.000
336.000,459.000,288.000,187.000
346.000,511.000,275.000,152.000
337.000,507.000,262.000,195.000
379.276,507.844,251.990,213.096
414.609,503.299,214.531,223.630
434.024,494.312,199.100,224.138
452.974,455.655,207.388,248.012
467.507,426.037,206.210,271.607
483.140,413.580,228.965,291.768
475.018,384.457,272.964,307.053
478.229,367.551,320.320,342.335
496.640,371.222,335.097,344.187
501.725,370.637,328.250,348.662
507.597,362.957,307.364,349.096
515.480,350.352,292.705,368.546
530.885,354.902,294.312,371.958
541.972,337.740,298.598,373.427
547.035,328.804,324.883,386.333
555.881,319.300,337.669,384.822
558.394,323.190,352.872,391.588
574.961,321.980,349.526,388.003
571.249,311.312,349.037,387.088
574.277,298.788,350.767,388.476
577.281,275.505,343.401,403.008
576.373,270.302,340.168,397.853
563.476,252.617,354.914,420.809
554.595,242.158,359.447,446.970
544.696,231.839,358.022,482.588
531.185,217.514,355.779,502.917
520.310,206.261,343.152,512.400
508.254,196.250,345.091,519.473
500.454,186.277,336.149,530.004
492.191,181.583,324.695,537.471
478.523,171.819,306.359,540.847
470.098,177.799,291.668,542.119
462.654,178.915,276.286,544.173
454.007,178.408,275.424,555.207
445.275,171.441,260.384,561.681
437.502,176.041,260.721,566.906
422.925,162.252,256.273,568.060
414.418,150.452,250.467,570.063
405.559,144.193,251.519,582.089
405.405,133.488,236.605,577.697
396.922,124.956,233.982,591.538
401.680,122.649,222.142,590.395
404.463,117.388,214.062,590.376
409.418,109.527,207.360,596.305
415.269,101.781,201.453,611.265
422.147,98.790,194.396,610.252
433.721,87.765,185.437,609.404
444.696,79.779,174.694,610.643
452.301,81.314,168.707,598.296
460.943,84.140,164.310,596.126
470.864,87.843,159.441,585.702
474.830,86.904,159.625,588.191
479.487,90.970,158.025,578.865
486.061,92.183,156.335,565.741
490.113,92.739,161.930,566.473
490.979,100.994,168.308,580.508
494.770,104.583,173.253,578.357
498.781,108.921,173.209,582.521
497.440,112.942,175.943,580.701
496.903,112.707,177.427,583.571
485.953,109.967,187.606,586.931
488.092,105.536,197.539,581.337
484.660,103.939,197.663,567.125
499.091,97.591,187.658,547.758
507.135,104.803,185.632,541.729
522.625,95.472,178.287,535.911
526.505,100.353,179.235,536.849
531.736,97.527,181.445,529.375
532.785,98.672,189.204,517.458
535.980,99.950,195.121,511.270
534.530,95.421,192.437,512.309
535.102,99.952,193.760,517.262
537.023,100.035,194.790,525.822
538.714,102.261,192.521,525.017
542.104,105.423,194.369,527.899
546.043,112.704,197.249,531.460
551.169,119.248,193.104,530.329
556.155,118.155,188.107,538.147
561.645,120.172,181.873,538.712
564.081,122.220,175.706,536.724
564.518,124.475,173.799,533.486
567.122,122.628,176.047,537.135
566.069,126.203,172.013,525.525
568.118,123.681,173.820,516.084
569.560,124.652,174.189,503.766
574.521,128.147,169.141,493.626
572.904,130.450,166.804,485.418
576.957,125.539,166.947,483.394
574.152,131.274,163.764,474.281
579.156,123.088,165.505,479.064
577.810,122.007,161.159,464.972
577.656,112.497,161.635,482.540
581.161,104.637,156.693,481.151
581.811,102.189,156.384,490.782
582.036,102.435,155.718,481.979
583.539,96.813,159.113,491.703
582.747,99.342,156.025,491.255
581.200,101.015,160.241,496.517
583.709,99.446,160.065,505.470
580.927,104.733,161.733,509.406
587.107,107.936,156.151,508.455
591.064,112.957,155.060,513.411
592.304,118.134,149.198,509.254
588.812,120.242,149.044,512.210
589.530,116.692,144.994,507.140
593.295,113.794,145.323,500.868
598.713,116.324,139.186,492.230
600.657,117.240,136.691,486.855
604.120,120.341,136.144,477.758
606.249,121.604,137.639,467.145
605.868,120.442,135.706,466.210
608.199,121.845,139.305,460.870
609.994,120.321,135.769,460.023
614.774,118.488,132.364,455.871
615.051,112.460,129.457,463.691
618.303,107.408,126.493,460.643
620.089,103.973,126.418,458.442
620.074,101.677,125.836,448.771
619.157,101.706,128.668,452.740
619.010,100.189,130.589,456.362
619.891,103.675,132.362,450.512
620.021,103.235,134.638,452.759
620.040,109.054,136.677,461.686
621.292,104.032,136.728,480.210
622.509,110.002,139.279,477.460
621.255,111.201,140.000,483.506
622.716,116.558,140.686,481.477
622.986,117.357,141.011,480.136
622.599,124.287,142.885,468.564
621.842,124.947,140.638,478.550
622.125,131.255,137.360,467.286
620.565,126.600,134.603,469.313
619.015,137.514,132.862,451.025
616.624,133.707,136.025,458.265
616.431,137.074,136.710,449.956
611.475,133.617,139.240,450.813
606.563,130.376,143.783,445.521
601.615,129.748,151.940,439.558
605.585,124.260,147.222,428.026
607.439,112.203,147.674,419.583
609.234,108.804,142.925,415.211
611.388,106.059,142.363,416.387
613.888,106.296,138.748,408.090
617.016,110.273,134.833,394.488
618.015,108.816,129.497,401.832
617.217,118.463,133.935,405.649
622.986,114.613,131.212,418.876
623.847,121.171,129.372,413.806
628.641,122.382,129.707,413.828
631.787,125.947,131.415,422.054
638.429,126.127,130.226,431.368
639.604,125.381,135.794,429.728
641.133,122.471,132.062,429.613
644.354,126.922,135.590,427.374
646.772,124.211,133.219,428.288
650.337,129.438,132.198,417.565
653.160,126.744,127.361,417.570
652.612,135.698,126.310,409.689
652.524,132.486,126.424,419.981
653.802,137.472,123.424,410.820
654.543,138.481,128.765,402.774
656.266,137.797,127.153,407.676
656.680,137.827,127.222,398.398
656.813,140.333,129.444,405.959
655.560,142.799,130.979,419.427
657.205,140.695,134.326,423.404
660.962,139.433,133.056,429.888
658.761,136.974,132.430,430.149
654.028,141.007,136.804,429.238
649.914,137.951,142.744,424.703
647.323,136.740,143.574,423.491
646.057,135.036,148.141,424.996
643.842,131.363,149.709,423.230
645.833,129.931,150.003,420.418
645.262,126.961,153.574,413.890
646.178,129.376,151.530,409.977
647.272,125.737,148.201,409.783
650.077,127.211,149.423,404.605
649.285,126.604,144.904,406.150
652.233,127.054,140.328,397.090
651.434,126.562,137.182,399.748
656.132,127.186,135.580,393.352
654.426,126.762,132.399,394.189
653.632,132.686,132.958,403.112
656.098,128.459,131.617,399.589
655.937,129.125,129.185,400.614
653.828,132.419,132.385,400.366
656.127,132.371,127.587,402.300
653.897,132.760,125.294,400.225
654.188,133.457,123.501,405.258
654.312,130.257,121.865,407.930
654.411,134.399,119.885,395.993
655.485,134.828,120.159,387.758
653.631,134.575,118.589,387.554
653.927,131.639,121.062,384.885
652.574,135.150,121.532,387.460
651.123,135.798,121.704,383.192
650.736,132.596,120.383,379.628
651.718,132.870,120.910,374.971
653.369,134.446,120.007,376.424
653.206,135.623,119.100,376.100
654.121,135.873,120.967,382.586
652.146,137.136,125.979,382.195
651.630,140.174,126.463,378.563
653.615,140.041,129.260,377.363
652.143,140.729,132.013,372.525
652.502,147.186,133.651,371.587
652.392,144.363,139.436,369.293
652.235,150.978,144.489,368.577
651.132,144.520,146.965,372.718
652.241,153.842,148.198,368.705
649.764,147.084,154.348,374.833
651.029,156.123,156.219,374.384
645.185,146.156,156.885,382.921
647.469,158.835,154.496,367.974
641.622,150.459,156.691,373.702
644.154,165.274,156.578,359.376
634.988,153.437,166.006,363.302
639.265,176.680,169.184,343.506
630.063,166.173,178.239,344.984
633.245,186.969,176.062,330.425
624.968,177.842,183.228,333.933
628.859,199.642,177.140,332.479
622.815,188.474,179.068,350.345
628.452,194.991,176.926,355.961
623.990,189.916,173.531,366.342
626.450,185.517,165.157,380.543
623.578,179.587,163.485,384.361
621.491,168.625,153.900,380.209
614.838,158.252,146.921,379.950
613.140,148.825,140.032,385.887
609.568,134.931,134.240,390.845
610.252,123.879,129.924,392.653
610.663,111.703,128.778,398.138
610.598,101.648,125.849,397.167
600.698,92.724,127.291,399.883
592.722,83.815,131.237,399.312
583.936,79.905,134.511,395.853
565.987,78.561,150.972,395.420
553.327,67.625,156.719,398.629
555.433,71.574,155.947,394.685
559.125,68.228,148.561,394.924
557.249,69.981,147.097,401.165
562.843,71.438,141.287,395.761
562.284,70.846,144.692,397.783
568.188,76.724,140.939,385.264
571.531,75.754,144.778,388.175
573.980,80.188,145.116,383.416
570.050,95.692,152.321,367.763
568.659,113.609,159.725,336.885
570.162,125.025,163.101,316.885
570.180,139.617,167.841,309.447
572.328,152.396,167.464,298.504
570.598,164.888,169.619,303.311
577.418,182.052,168.671,312.413
580.067,192.380,171.391,326.604
579.992,208.711,173.650,333.667
581.193,216.396,178.733,339.311
585.960,229.453,174.797,335.594
592.536,240.954,175.269,323.564
593.501,253.433,178.478,328.020
591.728,261.308,193.721,336.647
584.727,268.774,214.028,345.508
574.312,271.650,231.722,341.318
568.382,275.021,250.093,341.561
557.409,277.889,271.107,346.339
549.265,282.383,282.104,346.017
544.365,287.474,299.814,353.470
539.424,294.283,307.070,360.936
531.449,295.907,323.507,362.502
529.148,299.510,327.468,365.630
520.622,301.267,330.132,374.839
521.624,301.441,324.829,381.479
523.826,296.110,318.467,393.492
535.068,288.534,289.266,404.795
545.816,278.102,258.031,417.089
536.464,261.962,253.632,426.417
511.289,243.912,260.844,432.826
469.767,223.023,261.870,442.117
465.101,212.454,278.112,445.561
459.409,191.880,281.812,442.995
445.443,175.270,282.082,448.801
418.662,149.737,299.174,463.194
417.962,94.263,312.142,466.761
402.901,73.267,319.092,501.396
394.581,41.722,308.424,489.835
367.050,25.616,338.553,467.517
333.807,8.349,368.124,458.212
321.128,0.000,402.819,440.426
316.521,0.000,389.585,447.248
293.336,0.000,365.917,436.785
296.843,0.000,341.958,404.639
286.128,0.000,335.195,383.325
288.802,0.000,314.302,381.886
301.390,0.000,300.530,371.780
308.042,0.000,296.876,365.716
331.818,0.000,271.978,356.582
335.572,0.000,251.036,342.426
334.872,0.000,248.216,339.414
321.950,0.000,245.268,351.841
294.217,20.633,277.572,370.946
268.966,49.521,290.607,383.313
273.372,61.829,299.513,394.511
276.649,91.770,291.669,416.372
284.124,124.825,281.953,456.464
291.196,145.646,267.178,476.752
301.735,172.707,265.278,454.464
301.978,198.444,270.726,448.568
319.245,214.668,261.441,426.512
342.006,230.076,252.959,403.002
357.678,248.291,239.724,385.143
384.181,260.387,225.283,364.895
394.080,263.313,221.126,357.164
398.668,277.683,226.350,356.780
399.017,280.000,226.878,358.053
411.501,283.923,224.954,358.861
418.945,285.780,222.488,363.049
423.171,284.998,225.655,368.320
424.678,281.272,230.017,368.720
433.220,284.509,233.260,367.604
437.137,276.092,235.122,363.054
447.874,275.865,235.300,357.106
447.840,269.744,238.365,348.046
443.984,267.983,244.580,341.445
447.199,260.475,250.523,347.959
458.893,260.191,244.325,348.133
471.098,249.617,236.063,362.693
483.851,241.820,227.901,367.381
491.537,238.491,228.763,377.473
504.264,229.968,223.852,379.357
506.738,230.496,219.821,392.340
517.842,219.078,223.483,413.195
522.633,224.406,215.158,440.399
532.154,213.290,223.629,493.952
540.063,212.421,212.330,502.377
547.448,203.663,221.363,506.310
555.148,202.241,214.428,527.269
562.912,198.581,217.476,517.409
570.058,194.041,211.293,534.255
577.423,192.136,214.227,528.773
581.495,185.162,217.795,542.902
588.907,182.937,218.481,544.630
593.382,176.394,219.643,549.294
599.801,176.958,218.630,546.005
605.962,174.297,220.075,550.236
611.513,169.821,225.467,551.840
617.263,165.283,234.062,547.197
624.183,161.205,235.094,548.455
631.613,160.100,245.328,550.772
628.423,157.545,244.368,553.831
636.661,149.997,248.544,558.189
633.606,154.146,249.306,565.479
640.489,149.315,255.709,566.063
635.607,147.559,244.939,563.668
641.997,134.204,230.978,576.839
642.513,134.190,218.778,583.875
642.121,140.253,214.598,580.751
641.846,135.998,205.211,585.858
642.085,141.796,201.707,584.046
636.467,145.319,197.790,573.797
634.458,150.287,191.508,578.697
629.783,152.078,198.749,565.103
621.643,149.337,192.698,567.355
623.134,155.996,197.311,565.928
612.419,151.170,192.956,565.008
612.295,160.455,194.526,573.083
605.597,160.426,193.142,565.548
602.035,163.340,190.098,575.222
595.672,164.362,187.787,560.009
590.275,165.232,186.659,566.207
586.253,162.527,184.038,555.653
579.672,163.665,188.757,574.452
572.894,161.272,190.319,550.310
567.512,155.585,191.181,565.115
569.246,156.899,187.426,561.303
563.240,154.846,182.818,559.000
561.378,155.540,179.226,560.832
561.310,155.398,181.351,552.602
557.334,154.005,177.869,553.506
557.279,150.075,174.877,550.230
555.817,154.171,169.228,536.253
553.084,152.956,169.422,556.185
552.765,155.575,162.329,537.959
550.037,148.248,161.963,542.173
549.086,156.303,161.210,534.311
549.688,158.521,156.172,547.056
545.960,156.207,153.805,525.972
544.484,149.500,156.262,527.202
543.175,143.153,159.272,534.111
543.635,144.033,159.689,527.119
542.456,142.092,157.921,519.910
545.313,138.816,155.853,519.714
544.998,139.774,157.700,518.086
549.098,140.666,157.252,508.374
546.728,137.628,157.170,511.610
552.602,139.072,160.301,504.096
553.797,137.942,158.577,509.362
561.719,139.212,154.121,502.128
565.924,145.791,152.970,501.467
566.571,136.630,152.006,505.753
568.234,148.618,154.171,483.678
570.067,137.858,155.803,509.545
572.267,149.055,156.718,487.881
574.523,145.807,156.698,489.051
577.211,149.213,152.638,482.265
581.176,153.079,151.286,476.254
581.847,153.073,154.490,475.117
582.260,157.589,156.091,470.754
579.920,156.207,161.176,472.128
578.139,156.055,171.716,466.477
570.223,155.236,180.738,466.247
563.775,151.608,190.077,461.594
560.495,153.047,201.892,464.106
552.956,151.522,207.790,465.381
551.715,145.431,210.014,463.768
545.910,141.427,212.997,458.646
548.568,139.475,211.023,449.241
550.485,124.486,206.183,444.001
550.002,131.893,202.719,448.226
558.707,123.236,191.653,434.628
565.855,125.166,185.214,443.072
569.241,129.488,177.168,435.147
574.346,135.097,169.659,429.514
585.860,143.863,160.531,416.356
583.468,155.817,161.705,427.918
589.653,166.365,162.047,417.079
592.822,171.084,160.384,429.144
596.250,177.586,161.078,426.858
600.701,179.137,160.778,423.527
602.236,176.635,159.956,415.592
604.371,180.078,168.495,412.587
597.033,177.114,180.722,417.471
592.591,177.700,192.422,412.117
585.681,183.969,201.426,422.884
583.683,183.395,194.069,414.695
571.828,175.573,195.492,415.057
557.053,156.050,203.029,421.402
537.163,148.722,209.758,414.626
540.682,127.588,210.134,410.737
543.784,106.746,203.091,404.119
544.114,95.252,194.844,409.049
545.134,80.212,190.276,406.893
546.608,72.317,185.338,414.061
545.794,69.332,190.599,415.557
541.712,66.405,193.475,411.357
535.547,66.522,201.824,407.256
532.207,69.308,203.530,397.053
537.359,76.215,200.303,379.700
544.978,93.642,198.371,353.086
554.274,103.664,190.218,334.849
559.466,113.214,178.423,331.987
564.913,132.961,174.608,329.277
565.400,142.698,171.697,350.574
566.501,158.205,170.991,353.727
572.627,171.891,165.104,362.550
577.643,179.995,161.412,357.584
582.242,188.965,160.354,344.753
581.383,195.492,161.671,341.130
583.591,205.811,165.763,334.213
584.240,213.967,173.094,346.139
585.030,220.181,176.121,357.601
591.086,227.649,181.767,361.438
592.867,232.129,184.626,356.165
596.386,238.023,189.938,350.954
602.103,245.809,193.375,340.115
600.198,245.472,191.666,339.009
607.364,251.048,194.742,327.857
604.193,251.740,197.477,330.445
608.216,254.452,205.167,333.636
609.007,254.535,206.270,342.326
612.322,257.401,212.525,347.085
609.935,259.755,215.179,356.423
609.585,260.754,225.304,367.047
607.871,262.436,233.654,368.016
605.456,264.546,239.648,372.810
596.415,266.988,250.761,380.361
590.648,269.070,261.814,390.572
583.135,272.735,272.893,393.178
579.275,267.602,267.663,401.509
586.023,266.537,252.173,410.844
594.758,258.100,233.830,418.361
567.264,258.423,240.208,416.622
524.299,252.411,258.280,424.599
509.266,241.411,264.111,443.157
492.458,223.915,262.582,436.245
469.078,205.382,273.646,433.969
467.807,196.308,278.323,427.220
466.897,179.042,284.506,423.840
456.967,141.606,316.015,433.042
459.142,131.734,332.769,426.829
445.137,87.898,343.840,431.999
433.340,56.630,331.499,439.491
427.783,50.687,331.212,417.709
412.965,30.354,349.365,404.833
394.347,18.476,386.314,390.164
380.250,0.377,394.807,398.223
351.039,0.000,380.484,401.753
310.509,0.449,387.962,404.719
261.522,0.000,396.951,399.231
241.151,0.000,398.098,396.899
246.189,0.000,401.382,375.432
256.330,0.000,380.469,354.551
251.657,0.000,368.300,353.266
264.665,0.000,358.570,363.235
265.734,0.000,346.409,370.195
269.978,1.940,333.828,388.999
291.013,31.316,319.924,392.128
323.087,53.423,281.628,414.494
329.645,79.378,272.815,407.201
344.611,95.398,258.398,414.224
344.549,115.666,260.919,405.758
343.589,135.819,260.239,378.864
377.578,170.054,236.986,346.176
395.686,193.208,229.449,337.130
417.556,214.175,218.842,323.345
425.095,226.500,213.561,307.230
431.181,229.360,217.918,301.006
435.970,239.791,217.798,296.444
445.255,244.825,220.168,311.043
452.899,251.537,221.405,314.130
461.033,249.648,224.438,311.897
471.586,251.623,224.418,307.762
480.716,255.082,228.158,311.414
493.057,256.369,237.971,327.131
508.268,257.168,242.045,331.681
521.892,256.658,241.180,335.207
532.199,255.282,240.398,341.966
541.356,240.977,236.798,347.111
555.974,250.930,232.490,334.439
562.077,228.641,217.963,331.547
575.622,242.709,197.214,295.447
585.581,233.620,181.463,281.498
598.932,240.667,185.806,282.705
607.444,231.650,183.326,289.712
616.189,238.140,185.422,285.744
630.758,226.915,184.797,289.777
637.190,236.031,189.839,293.592
648.495,228.156,187.888,306.187
653.012,226.471,190.872,316.314
660.676,225.509,191.361,321.530
668.741,214.613,185.289,323.904
674.157,215.477,182.785,325.981
676.665,207.896,179.243,334.256
677.258,202.239,177.100,337.351
678.123,200.232,174.439,341.957
672.801,187.044,177.667,361.614
675.949,170.511,180.872,391.124
664.433,164.305,186.260,411.171
669.059,151.987,178.007,420.763
660.120,151.756,176.657,430.540
666.014,137.381,167.080,439.773
657.213,143.407,167.383,452.258
659.874,130.957,157.731,446.257
655.534,147.034,162.090,478.739
655.494,134.412,151.198,473.297
645.187,137.489,155.309,487.210
638.231,138.760,156.312,481.796
630.647,143.111,155.528,490.311
624.370,135.047,154.698,487.743
611.766,141.063,161.885,479.694
616.756,133.733,163.115,482.916
601.434,136.535,163.810,480.461
600.217,134.557,166.887,479.721
597.565,126.885,161.143,484.476
598.660,124.522,167.103,480.525
589.161,128.050,162.192,482.971
594.426,123.435,169.170,478.164
584.380,122.443,163.401,490.272
589.455,121.348,172.186,484.615
584.311,120.536,159.467,480.552
586.167,115.647,171.125,479.452
584.545,110.966,153.961,478.211
588.529,108.605,161.556,475.974
585.923,111.588,151.436,479.170
587.982,104.150,160.465,475.773
586.193,112.200,144.628,474.104
589.821,103.874,146.250,484.471
588.730,104.412,143.509,486.651
592.063,98.550,143.273,489.094
591.177,103.272,142.796,489.364
594.083,101.982,144.535,493.311
591.697,106.747,143.524,486.773
591.479,106.171,145.555,490.445
592.704,108.541,146.588,482.188
590.449,109.507,146.635,477.433
590.795,109.126,147.663,470.475
592.926,109.846,149.522,460.812
592.022,111.666,149.589,460.941
594.615,113.253,153.666,459.102
595.754,116.928,153.328,459.256
595.754,118.444,154.896,459.237
597.676,119.358,152.824,465.661
599.003,120.773,152.475,462.406
603.294,123.462,149.898,456.392
605.673,124.930,149.076,453.313
605.783,125.934,149.480,455.442
604.597,127.462,148.888,457.678
605.297,128.338,151.085,456.457
603.147,125.490,151.765,457.190
599.884,124.653,149.746,457.609
598.599,125.553,154.463,457.674
600.193,121.247,148.899,459.142
597.761,120.988,151.120,455.780
595.130,117.265,146.505,457.719
593.860,117.439,157.037,458.575
589.878,115.017,149.284,458.938
591.966,114.371,152.720,450.802
592.442,110.254,146.495,451.151
598.396,109.884,146.093,448.703
598.621,106.700,140.381,444.648
604.266,104.994,140.521,445.426
607.891,113.064,136.471,450.620
613.894,111.996,135.032,456.064
621.155,117.294,131.206,461.026
622.883,117.805,130.509,460.467
626.942,119.946,130.335,461.668
630.822,124.500,129.532,460.717
634.903,131.181,133.454,467.359
634.663,133.991,132.673,455.427
638.469,137.410,131.412,452.811
639.076,139.365,135.731,450.745
636.831,144.372,138.248,455.407
635.937,141.919,141.638,463.637
629.938,146.217,147.464,447.167
626.138,146.515,151.134,451.423
617.136,145.566,158.469,443.594
616.247,143.154,167.081,449.050
613.335,144.756,164.735,448.667
615.857,137.596,168.472,446.714
607.853,137.227,163.108,441.127
616.340,131.827,161.952,432.865
610.098,123.820,156.374,425.955
614.672,123.953,152.091,421.915
619.086,119.483,146.573,418.589
617.903,120.046,145.855,424.176
617.274,120.729,146.725,427.352
614.328,122.993,144.859,439.203
614.226,126.761,145.623,445.905
614.355,130.535,142.651,443.275
609.259,131.923,143.883,444.773
610.802,136.359,148.080,457.971
608.257,132.961,138.768,460.680
613.221,131.084,138.196,469.010
609.429,135.594,135.605,464.961
606.608,131.692,137.504,462.592
605.028,136.337,139.803,460.154
603.205,134.402,139.043,457.667
598.765,135.438,138.642,454.837
599.800,134.189,139.427,448.641
596.810,133.364,141.995,451.005
595.825,130.858,142.181,441.624
594.085,130.028,137.750,433.847
599.492,122.330,135.814,428.535
599.027,122.091,134.415,433.215
605.025,120.419,134.406,428.286
608.342,119.802,127.274,436.225
611.642,116.282,130.417,434.669
613.168,118.562,125.308,435.716
613.437,115.680,130.542,434.184
611.099,120.233,129.190,440.898
611.035,116.811,131.683,449.464
610.138,119.596,131.662,445.380
609.494,122.211,133.855,440.737
606.826,129.058,138.051,443.267
605.298,131.143,139.453,442.798
601.028,131.458,143.528,440.531
596.706,136.059,149.537,431.949
593.670,139.123,150.579,439.476
589.645,139.936,160.302,440.710
584.703,142.355,164.224,441.431
586.669,142.729,165.055,444.263
584.791,144.750,168.145,441.697
583.081,146.546,169.710,443.725
583.433,143.630,168.293,439.822
581.018,140.046,166.194,432.415
579.408,138.190,167.039,423.422
579.822,135.279,163.350,422.311
580.679,129.765,157.529,418.421
584.450,121.922,152.313,415.432
579.398,116.428,151.431,418.974
582.278,112.273,150.569,411.684
584.696,108.576,144.744,410.018
587.533,110.431,143.022,409.701
591.362,104.612,140.603,410.177
594.832,105.843,131.232,409.840
597.533,105.574,128.477,402.249
597.512,110.023,129.083,408.916
598.172,114.499,129.411,410.564
598.462,114.616,128.961,411.632
596.690,120.982,129.235,416.940
598.198,118.320,130.897,419.331
599.470,130.747,131.242,411.911
599.871,126.164,134.062,419.398
601.192,130.202,134.839,420.186
600.951,127.355,132.994,414.505
600.018,132.089,137.131,407.181
600.674,130.781,131.916,411.543
601.599,133.899,132.701,416.124
602.228,132.574,133.938,420.455
599.432,130.499,129.110,418.946
596.501,131.696,124.726,414.128
593.260,131.511,128.568,416.529
584.479,132.898,132.045,413.716
584.787,130.649,132.773,404.236
578.204,125.732,142.409,396.370
571.252,120.083,140.301,399.194
567.882,112.078,149.629,399.954
559.435,109.193,148.286,399.766
560.019,101.536,156.900,407.259
558.795,99.625,152.027,400.246
560.022,91.272,154.989,403.670
562.254,80.637,150.461,403.420
563.118,78.089,148.858,399.617
566.070,74.573,146.288,399.143
567.534,77.044,142.430,396.456
573.732,83.811,140.298,391.137
577.909,93.763,140.784,384.598
582.396,100.217,139.196,377.380
585.955,120.308,139.759,368.643
588.838,120.718,134.343,363.893
586.766,137.556,141.464,368.015
590.137,145.355,139.590,361.066
590.644,156.735,144.753,366.919
593.656,167.470,144.999,378.659
597.407,173.452,148.276,384.801
601.144,184.925,150.601,380.602
602.453,191.530,158.196,376.066
603.511,198.855,165.322,375.433
606.236,204.465,170.008,368.523
608.980,207.106,174.510,361.355
610.297,212.681,175.626,345.612
612.179,215.515,173.356,338.150
609.672,217.290,172.478,334.725
607.197,214.061,166.196,332.378
608.704,216.967,168.414,332.913
602.573,212.055,175.173,356.831
597.335,215.655,184.164,373.178
582.384,213.265,193.855,399.033
562.276,194.576,192.450,411.634
544.325,191.695,187.316,406.545
536.965,184.175,182.788,405.433
529.269,168.468,177.559,410.402
523.699,153.798,169.105,418.364
514.675,143.645,168.948,427.703
505.630,132.688,164.816,427.394
503.298,119.834,159.094,427.655
495.940,111.543,158.935,428.440
494.625,103.622,155.287,423.268
483.688,90.991,158.109,431.809
481.366,82.976,153.338,438.469
474.583,76.896,150.641,436.974
468.988,66.658,150.321,440.125
460.119,62.786,150.567,440.110
456.434,61.049,150.199,440.048
447.840,55.605,151.416,439.897
438.348,59.195,158.527,430.832
431.293,51.263,160.827,431.715
421.101,60.260,171.547,426.186
416.207,50.583,174.644,430.788
407.502,62.893,183.746,421.005
412.816,49.059,183.173,417.052
408.650,66.710,184.098,406.122
412.287,51.491,187.517,411.009
413.308,60.792,182.578,398.587
417.197,54.757,186.105,393.495
418.761,59.963,183.398,384.916
426.647,56.366,183.898,392.631
430.893,60.537,177.581,396.588
440.673,62.014,179.909,395.227
454.301,64.066,174.553,387.595
466.074,74.159,168.740,380.011
477.266,79.114,163.627,371.953
489.601,87.694,158.537,362.873
497.281,96.574,158.463,348.112
506.961,110.657,157.963,343.975
516.697,119.268,155.654,337.814
524.793,131.840,153.685,340.642
535.762,134.647,147.900,333.469
538.903,150.107,149.273,312.260
545.435,145.495,152.684,309.807
550.648,158.320,156.203,299.710
557.470,156.954,154.124,302.872
562.394,163.118,157.246,303.901
567.199,162.614,158.823,329.505
572.723,163.063,166.946,358.861
580.004,171.280,168.444,373.194
584.471,167.606,171.295,384.716
590.081,171.801,176.261,376.834
592.813,167.688,179.467,374.768
596.744,176.111,187.177,373.431
602.574,178.092,196.533,383.506
607.419,179.147,204.636,393.788
608.720,177.931,210.996,411.127
606.098,184.711,212.974,419.651
603.540,178.540,211.151,411.112
605.906,182.250,207.526,418.464
604.686,176.073,196.586,413.932
607.179,174.616,185.053,417.407
605.241,168.817,173.332,422.211
603.539,160.249,160.650,424.646
602.390,156.988,154.002,426.896
598.894,145.132,143.116,435.732
593.007,136.509,137.691,438.715
584.185,133.075,135.820,437.852
577.492,126.003,130.234,434.037
569.591,119.667,131.190,434.196
562.020,111.642,128.501,431.315
554.693,101.717,128.099,432.390
547.223,87.837,132.948,434.465
541.934,81.151,135.407,429.607
540.515,69.949,134.838,431.885
537.219,64.527,133.254,429.822
538.615,63.480,131.984,428.891
537.392,58.064,132.756,431.270
540.115,55.117,127.935,427.853
540.411,55.619,124.865,430.154
541.474,57.794,125.129,431.084
543.212,52.428,121.302,431.865
543.871,60.786,122.730,431.962
550.917,55.930,118.060,437.637
548.456,65.221,120.137,432.215
551.356,67.178,120.393,432.414
552.987,72.543,118.514,430.411
558.261,84.300,118.720,426.012
563.317,80.790,115.821,434.356
565.869,91.682,120.208,438.285
566.454,96.332,130.633,448.576
568.029,101.012,134.684,447.342
571.747,109.368,138.858,445.295
576.527,118.658,141.926,439.962
581.999,119.228,143.726,438.090
584.266,119.751,147.119,444.161
588.031,126.128,144.723,433.237
588.476,127.331,145.043,443.187
590.227,133.269,136.628,432.233
591.473,135.446,132.451,427.448
594.392,139.531,130.412,418.867
594.006,141.180,133.083,413.938
592.962,140.290,134.364,404.470
594.858,140.864,133.985,405.876
599.352,140.257,134.560,408.963
602.631,133.443,129.194,408.228
605.434,130.318,127.983,404.545
607.596,132.197,127.848,406.719
605.877,128.640,134.125,414.689
606.111,126.949,136.345,421.111
607.380,129.771,138.175,431.736
606.578,129.242,138.499,436.276
606.064,128.974,140.265,444.283
602.151,128.329,144.420,451.120
600.979,127.616,145.455,455.401
602.761,126.307,149.281,459.893
600.268,128.083,149.144,459.274
593.779,129.611,148.812,460.727
587.826,133.352,148.733,453.058
588.321,134.048,147.149,449.006
583.757,131.299,146.327,449.598
583.530,133.540,144.625,445.540
584.231,131.139,140.904,439.909
578.513,128.057,142.372,434.945
580.342,120.339,140.904,430.297
578.145,117.302,142.210,427.291
580.265,116.724,141.800,419.127
582.079,113.199,142.148,424.265
582.392,109.345,142.555,419.793
585.826,113.474,142.867,422.319
593.194,106.117,140.837,421.131
597.982,105.751,139.834,425.838
605.438,102.477,133.277,422.144
608.512,102.903,132.727,429.510
614.076,97.954,129.539,432.371
616.565,97.662,126.823,438.609
619.502,95.254,128.321,440.111
621.508,93.043,126.615,440.801
624.406,91.409,126.315,442.204
626.593,90.627,126.051,440.780
629.311,87.988,125.511,444.663
632.708,82.435,126.231,446.249
635.082,81.209,127.812,449.410
636.239,82.791,131.571,456.656
634.277,78.978,133.774,459.484
631.061,81.614,134.188,462.866
633.458,78.639,135.067,468.583
632.903,79.644,140.203,465.911
636.929,75.088,139.841,465.502
637.395,68.431,142.605,468.638
636.855,66.406,145.583,468.075
635.483,66.557,147.404,471.040
632.933,69.642,148.357,468.210
631.952,69.587,147.292,462.816
636.468,72.624,142.490,454.088
633.654,78.384,137.589,445.110
628.933,83.109,136.369,443.910
628.613,83.548,136.251,444.869
628.159,83.448,133.475,435.819
627.627,80.868,132.666,435.904
628.547,81.236,129.218,434.452
624.927,82.979,125.490,436.766
621.806,86.456,124.685,439.029
619.245,90.735,123.361,442.342
617.898,95.718,124.789,438.162
613.051,95.681,125.690,443.598
605.217,97.611,132.978,447.236
596.835,101.367,138.084,453.045
584.615,108.393,139.917,458.426
580.172,110.427,137.522,465.691
567.870,115.878,146.979,468.241
556.575,125.058,153.749,464.283
553.949,124.533,158.659,460.679
554.864,119.827,155.598,460.083
554.826,119.391,155.195,452.621
557.157,118.577,150.997,442.748
557.323,110.369,147.399,438.840
559.397,108.693,145.965,432.967
556.920,101.169,142.031,425.252
561.757,94.812,139.375,419.711
559.466,89.395,137.931,416.949
565.568,86.540,133.606,409.970
571.050,80.206,127.897,405.042
569.969,79.897,127.907,400.416
569.507,77.900,125.841,394.671
571.276,85.451,126.767,391.903
570.405,93.335,124.490,395.181
570.381,97.881,119.722,404.788
573.262,106.948,118.558,408.052
567.542,118.695,119.218,420.635
562.516,125.851,123.373,422.723
558.170,137.000,127.404,430.292
556.926,137.709,126.654,431.210
554.565,145.676,127.729,421.495
556.067,153.352,124.017,416.999
556.390,156.817,123.393,417.939
559.864,157.018,120.035,411.664
561.802,163.065,117.722,406.520
566.209,159.084,119.468,405.822
567.669,152.264,115.996,407.668
566.342,154.680,114.863,396.483
566.840,148.416,116.802,401.067
565.435,145.772,117.795,398.032
565.252,140.191,120.226,393.701
567.150,137.129,121.122,378.579
563.441,134.592,120.849,367.630
562.246,141.110,128.526,367.063
561.126,138.460,128.749,357.196
557.225,145.162,131.687,361.862
559.228,144.948,131.214,368.115
561.493,150.728,131.859,372.111
559.955,158.407,133.880,392.381
564.038,149.082,133.223,393.058
560.021,170.926,134.802,402.374
563.854,157.603,131.781,408.054
564.829,170.890,132.188,396.997
567.854,170.004,135.191,395.963
570.178,175.762,140.216,392.886
571.143,174.966,147.730,406.665
572.320,178.491,150.680,410.106
570.219,172.381,150.819,410.037
564.389,175.929,154.289,402.299
559.648,175.641,151.909,409.091
548.533,174.364,150.102,403.372
547.439,172.967,149.893,396.783
546.725,166.949,144.503,398.019
542.601,166.832,139.940,393.641
538.669,165.092,137.492,385.457
531.582,154.320,139.624,384.998
527.628,149.288,142.356,386.690
523.877,144.148,140.948,385.524
522.221,133.368,140.438,382.075
520.223,128.904,142.490,385.951
520.561,124.081,141.944,389.107
520.850,120.138,140.786,394.038
523.458,119.715,139.118,388.364
528.223,122.204,137.630,377.902
532.053,122.794,136.202,375.635
533.153,128.397,136.885,375.781
535.802,136.917,136.899,361.427
535.745,139.426,135.354,354.955
535.956,150.484,138.479,346.000
538.100,155.587,135.957,339.202
539.102,162.890,138.864,340.312
540.693,163.386,142.033,333.880
542.459,173.666,141.512,334.171
546.237,173.292,144.669,332.921
547.966,180.985,147.323,338.168
549.419,183.165,151.239,342.126
553.777,186.589,152.418,348.927
559.131,191.940,153.692,352.570
565.258,194.113,154.911,361.206
568.059,199.454,158.215,367.708
569.926,202.262,162.509,369.668
572.728,204.751,165.221,375.247
578.125,205.954,170.296,376.025
580.719,211.954,172.288,374.797
584.493,213.606,176.897,375.181
588.202,217.187,176.582,377.675
590.809,223.299,181.642,381.549
594.481,226.684,183.334,389.733
596.320,226.340,179.332,393.636
599.232,235.457,179.828,397.822
596.620,230.607,171.517,400.877
593.830,236.770,172.447,400.546
582.615,229.619,173.693,403.036
567.004,230.036,172.573,393.993
557.533,236.103,175.755,408.526
558.782,233.672,164.745,406.867
551.056,228.742,158.404,405.411
547.032,216.553,163.967,400.354
545.307,206.561,153.328,392.189
539.823,199.510,153.807,397.070
535.559,187.517,149.354,398.712
531.753,179.586,146.447,399.557
527.774,171.315,150.260,398.457
521.698,160.043,151.143,397.467
521.328,154.764,153.840,395.526
516.798,149.687,156.197,398.709
513.300,147.409,158.490,396.589
514.555,151.157,158.743,390.401
511.648,155.978,161.212,385.815
514.562,166.523,158.170,377.033
518.643,174.478,155.438,372.442
521.104,177.648,152.685,373.541
522.043,186.615,153.487,373.170
520.095,195.689,154.100,383.358
520.789,198.360,150.163,384.736
524.025,210.726,153.359,370.054
525.070,208.132,149.428,370.162
525.448,218.833,156.005,371.389
530.368,221.385,152.155,375.683
531.364,225.740,153.937,383.957
533.647,234.816,155.101,388.677
534.892,240.562,160.899,395.073
529.270,249.917,174.958,399.699
529.465,256.338,184.466,409.086
530.288,262.055,195.625,418.120
527.963,268.702,206.512,420.269
527.162,278.139,218.656,419.973
523.486,281.543,227.457,427.968
524.271,285.295,234.046,426.376
524.086,292.020,241.797,421.652
524.006,299.205,250.958,417.546
521.805,306.912,250.524,407.617
521.396,308.241,244.118,402.558
523.385,316.456,247.416,397.515
521.258,317.305,248.958,397.282
518.324,322.296,246.232,393.277
519.997,320.538,240.202,394.568
514.502,319.320,230.497,399.333
511.205,318.165,223.403,399.507
504.241,314.070,212.685,402.466
481.331,307.681,212.295,405.566
439.973,305.776,228.272,409.848
422.908,300.403,244.038,414.502
395.282,287.997,266.988,430.557
388.301,274.397,257.828,436.951
373.388,239.102,276.358,461.285
348.335,220.023,296.871,481.752
344.887,201.787,306.949,500.903
340.480,165.474,308.127,510.528
331.386,133.547,311.512,525.494
324.277,100.705,316.605,539.493
321.382,80.103,327.108,549.637
308.197,50.762,334.916,553.385
292.648,48.603,332.990,554.944
276.817,47.610,322.372,545.964
260.408,42.954,313.745,542.472
262.524,30.864,308.104,523.051
254.704,20.776,298.935,522.093
254.995,23.109,283.674,511.866
259.357,21.485,276.690,521.059
264.062,37.542,267.793,515.919
270.532,45.398,264.755,518.042
275.464,62.181,263.853,511.483
280.840,79.042,264.102,514.503
290.377,96.079,279.487,528.119
303.677,127.665,296.522,530.576
320.158,163.509,303.768,497.618
316.048,187.730,279.156,485.382
312.564,184.561,240.159,479.520
299.302,202.589,225.892,466.949
302.496,202.647,228.678,450.968
301.578,214.613,234.383,445.585
303.387,211.264,246.799,436.556
299.432,216.885,258.570,435.621
301.850,218.415,266.753,431.934
306.008,216.346,270.593,432.600
323.592,219.218,264.554,441.792
327.702,205.333,269.033,468.164
340.198,202.488,272.994,470.084
347.398,224.558,278.242,462.114
360.395,230.991,274.418,464.254
385.750,239.943,261.648,465.216
397.965,238.869,255.339,470.312
419.503,257.067,245.889,456.373
426.993,261.222,243.722,457.261
440.193,274.789,238.802,443.891
446.394,285.031,238.089,440.348
443.066,299.344,250.360,420.940
463.800,304.084,250.298,417.081
468.044,315.287,250.283,412.074
482.471,324.906,257.457,402.250
483.123,338.072,255.978,383.635
492.323,339.237,261.486,370.781
499.884,341.017,257.651,370.911
500.520,341.505,244.753,371.828
508.912,337.716,238.574,384.244
513.327,335.623,227.590,394.598
522.556,328.367,222.527,385.697
537.109,327.612,217.439,399.230
540.611,311.401,220.279,407.735
532.337,308.961,232.988,418.610
523.659,304.370,246.925,413.341
504.035,298.575,267.167,423.338
501.430,294.254,274.123,418.169
482.336,284.561,294.090,417.925
465.819,281.062,313.558,424.117
449.401,276.367,321.799,426.454
455.435,274.385,309.159,423.602
459.469,277.131,302.790,420.890
472.844,281.104,293.720,416.565
468.025,281.244,293.745,416.067
483.095,287.796,276.984,416.768
506.554,285.326,250.462,416.152
527.931,282.658,224.314,408.160
545.439,280.964,213.104,413.116
543.290,283.415,203.593,419.847
549.941,277.829,201.399,428.208
548.027,283.504,192.740,421.116
