485.000,274.000,449.000,212.000
488.180,267.239,448.084,227.702
482.839,270.979,459.772,227.859
483.349,268.756,458.099,233.150
486.490,272.794,459.349,231.869
486.091,273.773,456.825,231.828
498.490,275.243,442.556,233.690
497.721,273.373,442.806,239.751
505.811,276.307,437.601,244.053
504.395,277.230,443.742,244.164
506.976,275.024,444.811,243.350
509.035,273.840,449.005,244.078
511.458,267.972,451.414,246.411
516.248,267.595,451.502,245.047
517.451,267.954,458.761,243.312
517.634,265.750,458.058,246.389
518.284,266.252,465.271,250.559
513.552,267.611,473.084,258.357
501.033,270.613,484.500,260.364
482.827,272.822,488.446,261.853
474.025,276.223,495.785,262.059
477.159,277.184,487.869,260.631
472.094,279.920,475.697,259.102
468.059,279.591,474.063,258.009
462.361,279.283,460.428,260.152
457.454,278.947,441.034,263.036
453.378,280.016,420.732,271.374
459.566,276.877,412.297,279.857
466.453,275.650,409.826,281.061
469.539,269.016,401.809,281.206
471.294,264.009,401.654,281.495
480.235,260.096,395.970,282.654
492.000,254.000,397.000,281.000
493.000,251.000,409.000,291.000
489.000,246.000,418.000,276.000
486.000,251.000,417.000,283.000
487.000,251.000,429.000,275.000
493.000,254.000,422.000,278.000
508.000,259.000,427.000,260.000
516.000,266.000,419.000,253.000
527.000,254.000,421.000,278.000
527.000,262.000,439.000,276.000
529.000,258.000,440.000,252.000
536.000,266.000,432.000,275.000
551.000,264.000,397.000,277.000
546.000,266.000,403.000,276.000
556.000,268.000,407.000,292.000
558.000,278.000,425.000,268.000
560.000,272.000,419.000,274.000
574.000,281.000,423.000,278.000
571.000,287.000,427.000,259.000
581.000,291.000,406.000,182.000
576.000,300.000,407.000,140.000
573.000,314.000,422.000,121.000
584.000,316.000,418.000,119.000
577.000,320.000,426.000,120.000
580.000,323.000,436.000,130.000
577.000,327.000,448.000,140.000
583.000,328.000,437.000,126.000
583.000,340.000,417.000,119.000
585.000,336.000,411.000,127.000
592.000,339.000,409.000,123.000
585.000,335.000,421.000,123.000
593.000,339.000,407.000,118.000
598.818,330.314,368.796,121.044
589.957,319.298,378.373,127.021
599.867,307.854,370.988,128.143
619.000,305.000,395.000,122.000
623.366,299.989,397.466,124.140
624.000,304.000,431.000,126.000
644.000,301.000,413.000,124.000
650.558,299.417,412.341,126.328
664.000,304.000,414.000,121.000
682.299,298.505,406.720,123.785
693.000,312.000,404.000,115.000
695.000,304.000,416.000,116.000
709.000,311.000,406.000,119.000
705.000,307.000,423.000,119.000
718.550,304.924,420.073,121.632
721.015,302.934,427.032,123.366
719.696,305.438,431.665,122.356
722.855,303.210,432.788,124.275
728.703,302.746,431.725,123.611
735.331,301.014,432.775,124.285
736.182,298.989,439.385,124.305
739.105,298.091,433.077,123.742
752.000,292.000,404.000,127.000
753.703,294.755,402.096,127.657
761.000,291.000,407.000,129.000
761.000,289.000,418.000,138.000
764.000,290.000,423.000,140.000
775.106,290.652,403.247,135.954
773.000,298.000,423.000,134.000
782.166,292.740,395.712,130.654
764.000,291.000,416.000,131.000
768.000,295.000,405.000,137.000
764.788,293.349,398.629,132.019
744.000,291.000,411.000,141.000
735.000,287.000,402.000,147.000
732.000,292.000,395.000,147.000
722.000,292.000,404.000,149.000
710.000,291.000,403.000,150.000
694.000,290.000,418.000,147.000
682.000,291.000,425.000,146.000
667.000,288.000,440.000,147.000
657.000,286.000,415.000,159.000
638.000,288.000,403.000,146.000
628.000,290.000,402.000,150.000
627.000,291.000,396.000,154.000
610.000,296.000,410.000,151.000
599.000,294.000,411.000,146.000
596.000,300.000,416.000,148.000
588.000,297.000,433.000,148.000
582.000,287.000,417.000,150.000
592.000,289.000,398.000,147.000
582.000,291.000,408.000,149.000
572.000,286.000,426.000,163.000
585.000,286.000,402.000,157.000
587.000,286.000,399.000,159.000
578.000,287.000,408.000,151.000
578.000,291.000,410.000,158.000
590.000,284.000,401.000,160.000
579.000,284.000,423.000,165.000
593.000,281.000,406.000,164.000
589.000,281.000,426.000,164.000
598.000,285.000,419.000,158.000
597.000,274.000,407.000,169.000
619.000,283.000,393.000,169.000
612.094,274.922,410.392,169.839
626.000,281.000,384.000,160.000
623.429,271.141,392.088,171.607
621.991,272.183,391.260,172.063
620.008,267.091,393.061,176.818
623.740,263.150,396.801,180.034
634.035,262.459,387.057,178.468
636.981,260.128,381.977,178.093
639.466,259.832,389.011,175.182
642.147,260.858,391.478,172.394
643.433,255.002,379.620,180.188
642.791,259.019,390.101,177.077
653.901,252.211,363.800,186.402
649.188,255.366,363.603,184.806
656.414,252.116,356.877,187.350
651.268,254.105,359.632,184.049
662.749,251.997,363.296,186.018
649.150,250.945,363.944,183.691
661.026,249.100,360.859,187.214
645.224,248.623,372.592,191.194
659.888,250.480,358.495,190.138
641.397,249.336,371.959,190.649
654.824,251.948,364.902,191.257
637.510,248.623,370.771,197.525
655.009,256.786,358.732,192.035
640.577,251.941,368.796,197.055
639.386,254.055,367.112,197.516
639.104,253.628,359.540,199.141
636.679,257.322,367.022,195.533
633.010,260.259,359.921,196.339
630.513,261.850,365.333,194.647
625.341,265.190,357.696,194.241
621.000,275.000,366.000,180.000
627.095,267.220,351.043,197.302
620.000,277.000,357.000,191.000
639.235,277.392,347.595,201.262
624.835,284.517,345.196,197.043
635.321,286.460,348.482,202.355
636.612,296.049,339.708,202.219
637.693,301.496,336.588,203.312
647.223,309.767,328.493,202.685
646.561,316.588,327.493,204.046
653.296,316.284,318.629,205.273
647.705,323.388,318.482,201.030
653.988,322.024,313.421,202.295
650.583,329.447,317.684,198.196
663.152,324.712,309.343,203.208
656.205,334.734,317.262,197.680
657.000,338.000,321.000,197.000
666.049,329.433,305.558,203.344
655.000,336.000,328.000,201.000
650.000,338.000,338.000,197.000
664.228,335.996,312.228,199.178
653.000,339.000,338.000,198.000
659.000,340.000,334.000,194.000
679.811,342.774,314.959,193.526
667.000,339.000,318.000,188.000
671.000,340.000,316.000,201.000
677.000,331.000,302.000,197.000
678.592,328.344,304.063,207.155
673.000,313.000,292.000,202.000
660.000,317.000,298.000,205.000
663.000,311.000,290.000,202.000
647.000,313.000,302.000,196.000
649.826,307.296,295.906,204.837
631.000,306.000,294.000,202.000
631.000,308.000,290.000,213.000
638.000,298.000,277.000,200.000
626.157,304.411,297.406,212.295
620.000,300.000,276.000,215.000
614.000,298.000,280.000,206.000
605.000,292.000,287.000,209.000
600.000,285.000,283.000,206.000
599.000,279.000,277.000,210.000
584.000,274.000,291.000,213.000
580.000,271.000,282.000,212.000
575.000,267.000,284.000,208.000
573.000,262.000,272.000,216.000
568.000,249.000,271.000,222.000
569.000,250.000,266.000,224.000
558.000,242.000,276.000,232.000
563.000,228.000,252.000,240.000
561.000,227.000,252.000,238.000
561.000,220.000,245.000,252.000
548.000,218.000,256.000,249.000
545.000,200.000,252.000,259.000
534.000,197.000,260.000,265.000
553.000,195.000,237.000,271.000
550.000,187.000,239.000,272.000
541.000,189.000,245.000,276.000
539.000,181.000,243.000,282.000
538.000,175.000,244.000,283.000
528.000,174.000,258.000,284.000
537.000,173.000,246.000,277.000
525.000,164.000,248.000,298.000
522.000,166.000,256.000,296.000
528.523,171.573,240.367,282.397
526.000,165.000,247.000,288.000
528.000,159.000,234.000,303.000
520.000,171.000,244.000,298.000
521.000,172.000,239.000,311.000
522.000,178.000,231.000,313.000
525.000,190.000,232.000,315.000
527.000,198.000,219.000,312.000
530.000,204.000,213.000,303.000
528.000,205.000,210.000,301.000
529.000,204.000,207.000,306.000
528.000,206.000,210.000,303.000
527.000,207.000,208.000,304.000
532.000,211.000,203.000,301.000
533.000,209.000,203.000,307.000
534.000,213.000,196.000,295.000
532.000,210.000,215.000,312.000
532.000,207.000,211.000,320.000
535.000,211.000,207.000,316.000
538.000,212.000,205.000,307.000
538.000,211.000,214.000,315.000
541.000,212.000,208.000,322.000
543.000,211.000,212.000,316.000
537.000,204.000,222.000,330.000
544.000,205.000,220.000,306.000
543.000,202.000,231.000,321.000
543.000,197.000,227.000,311.000
540.000,190.000,223.000,324.000
545.000,181.000,211.000,308.000
555.000,179.000,195.000,303.000
552.000,174.000,192.000,289.000
551.000,171.000,200.000,285.000
559.734,164.081,181.389,284.602
564.754,156.065,180.716,280.516
570.396,154.264,173.488,274.040
570.524,150.040,169.229,281.250
571.292,144.851,166.485,290.231
568.000,146.000,173.000,290.000
572.000,136.000,172.000,319.000
566.000,131.000,170.000,326.000
567.000,132.000,173.000,315.000
564.000,142.000,175.000,306.000
566.000,130.000,177.000,320.000
566.000,124.000,169.000,333.000
566.000,123.000,171.000,330.000
570.000,123.000,167.000,340.000
553.000,126.000,182.000,329.000
558.000,117.000,181.000,334.000
557.000,126.000,171.000,333.000
561.000,121.000,175.000,343.000
555.000,119.000,176.000,341.000
555.000,113.000,174.000,351.000
552.000,127.000,178.000,342.000
554.000,125.000,173.000,349.000
553.000,123.000,169.000,354.000
560.000,140.000,178.000,343.000
552.000,140.000,182.000,353.000
552.000,138.000,176.000,356.000
548.000,146.000,181.000,354.000
556.000,150.000,180.000,354.000
550.000,143.000,179.000,354.000
557.000,172.000,181.000,334.000
555.000,186.000,178.000,325.000
555.000,183.000,179.000,320.000
556.989,182.073,170.032,331.988
559.000,158.000,179.000,352.000
560.000,165.000,175.000,346.000
553.000,154.000,181.000,360.000
549.000,165.000,181.000,344.000
558.000,158.000,179.000,357.000
551.000,174.000,181.000,331.000
546.000,184.000,179.000,330.000
554.000,178.000,178.000,329.000
550.000,185.000,175.000,317.000
550.000,178.000,175.000,324.000
553.000,177.000,172.000,344.000
550.000,163.000,181.000,359.000
554.000,182.000,176.000,338.000
548.000,174.000,180.000,350.000
541.000,175.000,180.000,352.000
546.000,165.000,181.000,360.000
539.000,170.000,184.000,358.000
546.000,171.000,182.000,359.000
539.000,166.000,182.000,360.000
544.000,180.000,172.000,341.000
546.000,184.000,179.000,338.000
545.000,171.000,175.000,345.000
546.000,162.000,171.000,352.000
540.000,168.000,174.000,345.000
537.000,194.000,178.000,314.000
542.000,188.000,169.000,318.000
539.000,168.000,180.000,342.000
540.000,168.000,175.000,339.000
537.000,165.000,177.000,345.000
533.000,166.000,178.000,345.000
538.000,170.000,179.000,337.000
535.730,171.746,171.738,343.191
534.000,167.000,176.000,336.000
531.000,161.000,185.000,345.000
537.000,171.000,184.000,332.000
534.000,173.000,182.000,326.000
538.000,180.000,183.000,293.000
542.000,181.000,186.000,310.000
532.000,189.000,188.000,286.000
539.000,185.000,179.000,290.000
534.000,183.000,185.000,299.000
538.000,181.000,193.000,292.000
545.000,185.000,176.000,267.000
538.000,194.000,184.000,263.000
546.000,190.000,185.000,273.000
540.000,193.000,180.000,256.000
542.000,196.000,180.000,252.000
542.000,197.000,179.000,257.000
546.000,198.000,178.000,270.000
544.000,188.000,178.000,302.000
543.000,186.000,178.000,279.000
539.000,186.000,185.000,286.000
542.000,182.000,180.000,285.000
540.000,182.000,188.000,286.000
544.000,186.000,183.000,268.000
542.000,175.000,176.000,291.000
543.000,168.000,180.000,295.000
544.000,157.000,182.000,313.000
542.000,153.000,174.000,302.000
540.000,153.000,183.000,293.000
539.000,149.000,174.000,297.000
540.000,146.000,185.000,295.000
543.000,143.000,181.000,306.000
541.731,138.772,167.615,309.387
542.000,147.000,182.000,292.000
541.000,142.000,172.000,300.000
542.000,142.000,185.000,302.000
530.000,139.000,188.000,290.000
535.926,138.526,174.247,296.979
539.296,138.677,169.357,301.162
541.388,137.945,166.419,301.287
533.000,134.000,182.000,299.000
538.181,134.494,166.210,302.663
539.000,140.000,181.000,262.000
534.000,138.000,181.000,294.000
542.000,138.000,174.000,296.000
544.000,134.000,178.000,316.000
543.600,132.938,166.983,312.356
547.000,135.000,181.000,309.000
535.000,136.000,187.000,301.000
542.843,135.459,174.500,300.806
535.000,143.000,190.000,302.000
544.000,137.000,191.000,310.000
539.000,145.000,193.000,297.000
536.000,139.000,199.000,307.000
532.000,141.000,197.000,299.000
540.000,137.000,195.000,307.000
542.000,142.000,183.000,299.000
535.000,142.000,204.000,276.000
536.000,141.000,198.000,269.000
539.000,143.000,196.000,265.000
546.000,142.000,185.000,260.000
543.000,146.000,195.000,288.000
538.000,150.000,210.000,286.000
529.000,148.000,205.000,297.000
550.660,151.802,194.474,294.108
533.000,148.000,208.000,301.000
543.000,148.000,199.000,283.000
538.000,152.000,212.000,285.000
541.000,154.000,193.000,271.000
538.000,154.000,217.000,288.000
538.000,155.000,212.000,294.000
543.000,161.000,207.000,270.000
538.000,163.000,205.000,248.000
543.000,165.000,211.000,249.000
544.000,171.000,211.000,245.000
542.000,176.000,231.000,241.000
538.000,171.000,217.000,272.000
537.000,171.000,246.000,284.000
538.000,178.000,223.000,274.000
536.000,175.000,215.000,284.000
535.000,180.000,229.000,235.000
534.000,186.000,236.000,241.000
526.000,187.000,237.000,256.000
534.000,186.000,255.000,275.000
528.000,190.000,254.000,260.000
527.000,194.000,228.000,244.000
525.000,194.000,256.000,257.000
522.000,200.000,238.000,246.000
519.000,207.000,237.000,258.000
517.000,205.000,250.000,254.000
512.000,211.000,247.000,254.000
506.000,217.000,269.000,252.000
498.000,221.000,269.000,243.000
498.000,227.000,273.000,246.000
499.000,226.000,269.000,239.000
497.000,240.000,281.000,244.000
491.113,234.423,274.718,233.082
488.000,239.000,297.000,224.000
494.000,248.000,294.000,220.000
489.000,241.000,296.000,227.000
485.000,250.000,308.000,225.000
477.060,236.347,298.470,225.550
491.000,250.000,304.000,217.000
475.451,236.223,304.483,221.436
488.168,239.719,303.137,236.999
484.612,240.407,296.390,223.995
490.369,234.242,299.751,224.083
496.952,235.311,300.849,228.149
495.454,235.646,292.081,222.742
495.445,233.054,294.792,223.608
504.000,240.000,332.000,211.000
508.000,241.000,327.000,208.000
496.000,237.000,328.000,209.000
505.000,234.000,325.000,206.000
492.000,235.000,346.000,205.000
499.000,234.000,338.000,200.000
501.000,235.000,331.000,208.000
504.000,231.000,330.000,202.000
491.000,228.000,331.000,208.000
485.000,232.000,338.000,199.000
490.000,234.000,325.000,194.000
482.000,222.000,337.000,207.000
475.000,227.000,341.000,198.000
466.000,222.000,353.000,208.000
476.000,224.000,349.000,213.000
473.000,220.000,350.000,209.000
483.000,217.000,349.000,213.000
490.000,222.000,346.000,205.000
479.448,217.109,331.987,215.184
489.251,219.684,323.298,202.860
501.000,220.000,339.000,203.000
497.000,221.000,339.000,200.000
500.000,221.000,338.000,196.000
498.000,217.000,343.000,206.000
507.000,220.000,337.000,202.000
507.000,221.000,351.000,201.000
511.000,212.000,359.000,203.000
510.000,210.000,350.000,203.000
517.000,208.000,335.000,226.000
516.000,209.000,338.000,205.000
509.000,207.000,312.000,201.000
519.000,214.000,300.000,200.000
521.000,210.000,297.000,197.000
520.000,207.000,300.000,194.000
514.000,213.000,301.000,184.000
518.000,208.000,308.000,195.000
514.000,212.000,316.000,196.000
516.000,210.000,313.000,198.000
514.000,214.000,322.000,190.000
513.000,213.000,322.000,191.000
512.000,214.000,319.000,189.000
524.000,211.000,312.000,204.000
512.000,216.000,332.000,193.000
506.000,215.000,340.000,199.000
515.000,214.000,323.000,196.000
517.000,218.000,324.000,201.000
510.000,217.000,335.000,203.000
507.000,222.000,337.000,193.000
514.000,219.000,321.000,195.000
518.000,222.000,321.000,193.000
506.317,208.859,299.866,206.534
516.000,220.000,326.000,200.000
511.988,209.522,301.098,215.076
514.000,223.000,350.000,207.000
525.945,206.543,320.978,216.296
521.170,212.923,316.205,222.405
525.910,208.331,312.271,225.943
534.638,210.978,306.225,223.317
528.156,209.056,308.526,224.489
538.014,213.206,310.136,221.030
527.895,211.441,319.531,223.463
531.904,209.145,316.557,224.437
535.057,212.927,315.309,221.471
529.788,210.174,315.235,219.625
525.869,217.745,330.349,220.224
526.477,204.544,322.150,223.423
525.305,215.805,328.838,222.440
529.621,207.108,328.089,227.591
528.401,211.828,330.443,226.851
533.044,211.734,331.368,229.538
531.729,208.876,324.215,231.535
535.283,210.800,334.001,230.086
541.327,208.607,326.999,230.390
543.354,206.588,329.574,227.886
550.343,205.751,324.797,225.350
544.000,206.000,349.000,227.000
548.000,205.000,358.000,231.000
547.749,200.348,331.073,229.688
548.051,199.268,336.075,225.881
546.635,197.458,336.453,224.186
541.788,203.616,345.918,223.687
546.000,194.000,368.000,241.000
538.623,199.410,351.129,241.580
544.000,202.000,382.000,229.000
532.000,203.000,386.000,222.000
545.000,207.000,385.000,223.000
542.000,207.000,369.000,228.000
541.000,204.000,374.000,228.000
529.000,211.000,385.000,227.000
530.000,206.000,377.000,237.000
524.000,214.000,392.000,226.000
518.000,211.000,394.000,231.000
517.000,215.000,391.000,235.000
517.000,214.000,394.000,243.000
523.000,220.000,377.000,240.000
512.000,231.000,376.000,229.000
507.000,219.000,370.000,250.000
520.000,218.000,361.000,252.000
512.000,208.000,354.000,265.000
508.000,204.000,373.000,271.000
503.000,207.000,369.000,256.000
504.000,217.000,372.000,248.000
496.000,210.000,357.000,256.000
507.000,212.000,356.000,257.000
509.000,218.000,358.000,262.000
506.000,216.000,363.000,256.000
493.000,211.000,378.000,246.000
499.000,199.000,371.000,261.000
494.000,216.000,380.000,247.000
504.000,214.000,385.000,248.000
506.000,212.000,395.000,250.000
505.000,225.000,383.000,228.000
510.000,209.000,405.000,251.000
520.000,216.000,387.000,244.000
513.955,208.576,373.869,258.537
530.128,208.974,368.901,260.052
518.148,205.869,384.229,259.511
526.413,210.748,386.501,264.078
523.511,210.366,397.179,260.019
524.658,211.861,401.083,257.820
528.651,213.862,405.755,253.261
536.818,213.333,399.376,246.786
527.680,215.706,412.513,242.152
537.688,220.955,413.477,237.827
541.607,222.891,424.955,237.243
542.162,227.025,426.010,232.365
541.229,227.268,426.892,228.987
547.291,228.239,426.606,225.094
550.902,231.218,420.399,223.431
551.101,234.051,426.480,223.220
551.132,235.168,426.303,222.362
553.366,236.458,427.986,221.961
561.982,238.866,424.447,222.297
563.568,241.052,424.972,222.604
567.303,241.559,416.288,220.897
571.422,239.233,417.888,221.926
576.627,240.649,403.661,220.496
574.896,243.036,397.018,220.770
587.566,241.384,384.397,224.094
581.993,244.179,371.156,224.271
599.492,241.125,361.704,220.049
591.064,246.336,355.215,223.049
605.251,244.274,341.838,221.336
595.194,249.557,350.518,222.351
617.112,248.847,339.191,220.724
605.953,253.239,343.241,221.063
627.873,250.831,328.770,217.661
617.993,255.718,339.055,218.757
631.366,253.163,329.688,219.196
623.542,256.328,323.244,219.629
631.364,255.937,312.864,224.133
631.489,258.694,307.705,221.510
632.466,258.748,300.873,221.939
629.553,262.204,290.763,222.143
631.994,258.927,283.932,223.680
631.843,263.301,279.993,225.171
629.768,261.115,276.005,224.426
626.697,261.294,267.449,224.285
628.809,261.257,265.551,224.073
633.470,261.029,257.071,227.843
641.000,265.000,238.000,208.000
629.856,263.816,238.756,223.774
637.286,261.042,229.863,225.163
635.837,261.326,225.594,227.077
639.681,260.448,216.930,225.957
636.285,259.085,210.525,230.335
635.935,257.603,196.823,231.365
639.000,270.000,175.000,214.000
623.081,263.961,179.922,220.946
624.280,264.558,176.735,223.627
624.802,265.420,173.721,227.516
627.495,265.323,165.837,227.770
627.611,268.532,163.932,226.380
626.599,267.162,158.101,225.826
631.000,267.000,150.000,214.000
629.000,273.000,154.000,216.000
631.000,272.000,143.000,214.000
622.000,272.000,147.000,208.000
619.926,275.571,146.899,216.536
617.000,273.000,144.000,215.000
608.000,266.000,150.000,212.000
605.000,270.000,151.000,216.000
600.000,267.000,151.000,211.000
595.000,268.000,151.000,221.000
582.000,270.000,167.000,211.000
578.000,266.000,166.000,214.000
577.000,267.000,166.000,216.000
577.000,262.000,166.000,215.000
580.000,257.000,157.000,225.000
571.000,262.000,170.000,219.000
571.000,260.000,170.000,223.000
566.000,260.000,176.000,221.000
561.000,259.000,182.000,226.000
559.000,259.000,188.000,226.000
557.000,261.000,189.000,224.000
561.000,263.000,189.000,224.000
562.000,257.000,188.000,226.000
557.000,261.000,192.000,224.000
557.000,263.000,198.000,226.000
565.000,263.000,187.000,222.000
562.000,263.000,193.000,226.000
566.000,264.000,187.000,220.000
564.000,261.000,191.000,223.000
568.000,266.000,189.000,222.000
571.000,263.000,186.000,223.000
574.000,257.000,183.000,222.000
571.000,267.000,191.000,223.000
576.000,261.000,184.000,223.000
577.000,268.000,186.000,218.000
575.000,266.000,186.000,222.000
577.884,263.182,174.599,227.963
575.000,263.000,177.000,232.000
576.000,260.000,170.000,231.000
576.000,258.000,174.000,222.000
578.000,265.000,167.000,222.000
579.000,257.000,170.000,219.000
575.000,260.000,173.000,225.000
577.000,256.000,162.000,227.000
576.000,254.000,166.000,220.000
581.000,257.000,159.000,230.000
578.000,251.000,166.000,229.000
575.000,251.000,165.000,224.000
578.000,253.000,179.000,225.000
579.000,249.000,212.000,231.000
577.000,251.000,202.000,223.000
575.000,244.000,212.000,237.000
578.000,246.000,181.000,228.000
584.000,250.000,174.000,233.000
580.000,246.000,165.000,229.000
579.000,245.000,172.000,231.000
583.000,255.000,158.000,224.000
582.000,256.000,157.000,219.000
585.000,252.000,154.000,219.000
588.000,256.000,157.000,224.000
580.000,250.000,152.000,219.000
582.000,255.000,155.000,223.000
582.000,257.000,151.000,225.000
578.000,255.000,162.000,221.000
579.000,261.000,163.000,225.000
574.000,253.000,167.000,225.000
577.000,265.000,169.000,218.000
576.000,257.000,150.000,230.000
574.813,261.236,147.228,235.663
573.000,266.000,146.000,234.000
575.000,264.000,140.000,226.000
575.000,271.000,132.000,231.000
573.000,275.000,151.000,234.000
572.000,264.000,146.000,238.000
572.000,275.000,142.000,232.000
571.000,266.000,146.000,233.000
571.000,278.000,142.000,234.000
572.000,281.000,138.000,221.000
570.000,279.000,147.000,227.000
570.000,278.000,137.000,231.000
567.000,287.000,149.000,230.000
570.000,284.000,133.000,221.000
570.000,286.000,140.000,228.000
568.000,281.000,131.000,231.000
567.000,274.000,129.000,236.000
564.000,277.000,141.000,238.000
563.000,281.000,137.000,235.000
560.000,287.000,138.000,227.000
562.000,285.000,144.000,234.000
561.000,282.000,142.000,235.000
563.000,284.000,130.000,239.000
558.000,279.000,151.000,237.000
560.000,288.000,142.000,234.000
559.000,285.000,136.000,234.000
562.000,288.000,132.000,237.000
559.000,285.000,133.000,232.000
558.000,291.000,138.000,237.000
557.000,289.000,144.000,232.000
558.000,292.000,133.000,233.000
556.000,290.000,134.000,239.000
562.324,291.007,136.496,235.428
557.000,294.000,135.000,234.000
557.000,295.000,139.000,231.000
557.000,292.000,135.000,226.000
557.000,293.000,144.000,235.000
557.000,287.000,137.000,232.000
556.000,289.000,146.000,230.000
559.000,290.000,139.000,230.000
560.000,286.000,141.000,240.000
561.579,286.231,139.206,240.539
560.000,288.000,149.000,232.000
562.000,289.000,149.000,225.000
562.000,288.000,140.000,231.000
562.000,290.000,137.000,233.000
562.399,286.438,142.063,238.630
562.000,282.000,139.000,239.000
563.000,292.000,138.000,232.000
560.000,291.000,145.000,228.000
559.000,286.000,146.000,235.000
565.252,289.774,147.946,236.261
559.000,285.000,153.000,238.000
557.000,286.000,152.000,231.000
557.000,291.000,168.000,233.000
558.000,296.000,190.000,221.000
552.000,298.000,204.000,216.000
554.000,301.000,184.000,219.000
555.000,295.000,173.000,223.000
554.000,294.000,169.000,225.000
557.000,300.000,156.000,222.000
557.000,300.000,151.000,228.000
554.000,295.000,153.000,227.000
554.000,297.000,151.000,228.000
558.321,294.864,146.731,233.226
558.000,294.000,146.000,230.000
553.000,290.000,158.000,236.000
557.000,296.000,157.000,233.000
555.000,308.000,167.000,218.000
556.000,302.000,170.000,224.000
554.000,300.000,160.000,221.000
558.000,304.000,160.000,227.000
556.000,302.000,166.000,224.000
554.000,296.000,163.000,232.000
555.000,307.000,166.000,223.000
556.000,301.000,150.000,224.000
557.000,307.000,168.000,224.000
553.000,304.000,161.000,226.000
554.000,302.000,167.000,226.000
558.000,300.000,148.000,225.000
552.000,297.000,157.000,227.000
553.000,293.000,153.000,229.000
554.000,296.000,150.000,235.000
551.000,298.000,148.000,224.000
550.000,291.000,140.000,223.000
550.000,283.000,151.000,228.000
544.000,285.000,158.000,224.000
548.000,278.000,152.000,226.000
544.000,281.000,156.000,224.000
548.000,282.000,148.000,225.000
545.000,279.000,142.000,222.000
540.000,268.000,149.000,237.000
538.000,275.000,150.000,231.000
540.000,267.000,139.000,233.000
537.000,273.000,150.000,236.000
539.000,272.000,138.000,227.000
543.113,274.768,141.083,228.878
537.000,271.000,146.000,236.000
538.000,269.000,134.000,225.000
537.000,265.000,141.000,237.000
537.000,275.000,135.000,231.000
535.000,271.000,140.000,225.000
536.000,272.000,137.000,232.000
536.000,274.000,136.000,227.000
537.000,274.000,137.000,231.000
537.000,275.000,135.000,219.000
535.000,270.000,143.000,231.000
536.000,272.000,137.000,230.000
536.000,278.000,136.000,225.000
539.000,277.000,135.000,221.000
536.000,279.000,143.000,226.000
539.000,278.000,134.000,216.000
539.000,279.000,144.000,222.000
540.000,277.000,141.000,223.000
542.000,277.000,137.000,226.000
543.000,276.000,133.000,224.000
541.000,278.000,147.000,226.000
544.000,281.000,130.000,220.000
543.000,279.000,148.000,226.000
548.000,278.000,137.000,225.000
546.000,281.000,144.000,220.000
545.000,280.000,146.000,220.000
546.000,287.000,147.000,221.000
546.000,283.000,148.000,220.000
543.000,286.000,165.000,221.000
540.000,285.000,164.000,221.000
539.000,283.000,198.000,221.000
535.000,289.000,168.000,221.000
534.507,282.316,167.124,224.682
532.000,285.000,200.000,213.000
529.000,290.000,197.000,209.000
530.000,288.000,187.000,210.000
523.000,290.000,196.000,208.000
521.000,286.000,194.000,209.000
515.000,293.000,206.000,205.000
508.000,287.000,198.000,213.000
515.000,292.000,200.000,216.000
504.000,283.000,208.000,220.000
508.000,294.000,210.000,210.000
510.000,285.000,212.000,211.000
513.000,283.000,208.000,213.000
508.000,281.000,218.000,214.000
515.000,277.000,216.000,210.000
515.000,273.000,217.000,209.000
510.000,271.000,229.000,215.000
513.000,275.000,229.000,210.000
510.000,275.000,231.000,207.000
507.000,268.000,239.000,212.000
502.000,263.000,245.000,217.000
507.000,266.000,247.000,214.000
502.000,260.000,253.000,212.000
496.000,255.000,269.000,228.000
491.000,255.000,261.000,222.000
501.000,254.000,268.000,226.000
504.000,251.000,263.000,218.000
502.000,249.000,271.000,224.000
490.000,254.000,299.000,221.000
513.000,249.000,275.000,216.000
500.000,247.000,299.000,223.000
512.000,252.000,284.000,221.000
511.237,258.723,275.033,222.906
526.000,249.000,285.000,226.000
538.000,245.000,273.000,233.000
537.000,244.000,274.000,225.000
525.000,254.000,296.000,225.000
533.000,249.000,288.000,225.000
534.000,255.000,286.000,224.000
561.000,254.000,260.000,230.000
562.000,247.000,259.000,230.000
566.000,253.000,257.000,226.000
555.000,254.000,272.000,225.000
556.000,246.000,271.000,228.000
550.000,250.000,284.000,227.000
555.000,250.000,280.000,229.000
549.000,255.000,295.000,228.000
530.000,256.000,310.000,219.000
538.000,259.000,316.000,220.000
549.000,254.000,301.000,226.000
549.000,252.000,300.000,225.000
557.000,257.000,293.000,227.000
560.000,258.000,293.000,217.000
542.000,261.000,319.000,213.000
549.000,262.000,317.000,225.000
542.000,263.000,332.000,222.000
549.000,270.000,326.000,219.000
554.000,264.000,321.000,226.000
548.000,276.000,328.000,222.000
533.000,272.000,345.000,217.000
534.000,278.000,357.000,227.000
543.000,266.000,337.000,221.000
536.000,274.000,352.000,218.000
549.000,279.000,338.000,223.000
532.436,281.035,336.594,226.824
530.529,275.432,339.892,231.202
532.666,277.370,342.288,232.017
536.612,279.444,341.965,233.284
532.910,278.446,342.842,231.281
540.199,275.507,340.057,227.984
544.451,279.601,335.825,227.521
549.438,277.770,345.101,228.025
552.460,278.642,350.736,228.584
556.388,278.833,346.059,231.003
563.206,276.744,344.980,231.870
569.339,280.712,354.951,230.222
571.439,281.393,354.897,233.642
578.414,281.860,356.213,235.473
584.232,280.142,356.272,238.300
586.641,281.358,355.461,237.766
589.629,281.658,351.929,237.562
594.456,284.910,345.543,237.950
598.587,281.857,349.038,240.094
605.486,281.532,338.223,242.390
608.617,281.050,346.565,241.122
611.651,284.676,339.612,242.054
614.768,279.498,339.951,241.789
619.185,282.972,333.735,242.165
622.541,279.958,344.365,240.548
626.260,279.655,344.192,239.920
624.095,278.309,348.116,242.431
623.178,279.699,347.504,246.064
624.332,282.310,352.303,245.351
641.000,282.000,330.000,231.000
616.810,281.194,353.444,239.776
604.891,285.103,365.783,240.494
626.000,292.000,350.000,223.000
615.000,290.000,361.000,219.000
616.000,290.000,374.000,221.000
609.000,292.000,387.000,211.000
597.651,283.563,365.459,227.797
634.000,267.000,349.000,232.000
628.000,278.000,353.000,217.000
621.000,268.000,349.000,232.000
630.000,259.000,342.000,239.000
642.000,266.000,318.000,240.000
654.000,262.000,301.000,243.000
654.000,255.000,308.000,236.000
660.000,262.000,304.000,237.000
658.000,263.000,304.000,239.000
656.000,266.000,302.000,229.000
668.000,262.000,290.000,229.000
662.000,264.000,294.000,230.000
657.000,265.000,299.000,226.000
664.000,264.000,284.000,231.000
679.000,266.000,263.000,234.000
690.000,265.000,246.000,226.000
694.000,266.000,234.000,223.000
697.000,259.000,225.000,226.000
704.000,260.000,220.000,233.000
704.000,257.000,211.000,234.000
705.000,255.000,203.000,237.000
714.000,253.000,187.000,235.000
717.000,252.000,174.000,228.000
724.000,253.000,167.000,232.000
727.000,253.000,161.000,236.000
729.000,248.000,159.000,229.000
745.000,249.000,141.000,238.000
715.710,255.275,161.873,242.478
709.144,249.470,176.239,243.397
696.052,249.920,186.095,241.321
679.324,250.802,200.316,237.516
650.743,241.127,219.540,241.456
649.016,248.241,230.454,244.990
659.560,247.002,235.378,243.382
655.483,241.679,244.022,247.055
659.790,241.212,249.652,248.031
658.138,238.639,253.217,249.128
652.292,237.620,260.511,250.291
645.706,234.503,267.503,249.981
631.999,231.146,284.083,252.306
613.458,229.129,287.931,258.286
580.206,227.732,304.382,263.985
535.874,236.122,328.209,260.649
515.679,242.739,356.047,250.833
519.098,241.522,357.225,251.945
519.710,240.997,366.054,249.684
514.805,239.927,376.180,248.879
514.614,237.959,388.931,247.200
520.754,235.488,396.189,247.207
521.987,232.027,390.542,246.359
522.049,230.394,396.576,246.732
527.891,226.755,397.134,247.855
527.315,222.234,402.036,252.054
531.671,220.843,406.198,254.094
532.701,222.162,415.588,253.571
535.550,222.382,417.217,251.011
545.805,223.566,416.623,251.182
544.048,223.091,424.157,253.672
584.000,245.000,285.000,224.000
557.878,252.845,304.898,223.136
581.135,238.836,314.032,231.938
561.617,245.804,311.441,232.529
592.351,236.949,325.135,235.486
577.251,242.549,315.553,238.560
603.175,234.110,323.280,240.039
623.000,233.000,305.000,233.000
598.262,244.955,305.723,242.321
625.008,231.789,304.610,237.294
638.000,245.000,311.000,217.000
630.000,238.000,328.000,220.000
634.000,236.000,320.000,232.000
634.000,245.000,336.000,232.000
638.000,245.000,341.000,222.000
640.000,242.000,328.000,224.000
640.000,251.000,349.000,235.000
628.000,247.000,383.000,222.000
643.000,251.000,342.000,228.000
617.000,249.000,384.000,227.000
612.000,251.000,369.000,235.000
621.000,249.000,326.000,224.000
595.000,261.000,359.000,229.000
596.000,255.000,329.000,230.000
589.000,248.000,324.000,231.000
577.000,254.000,364.000,237.000
560.000,252.000,331.000,231.000
559.000,250.000,316.000,228.000
559.000,244.000,290.000,239.000
550.000,242.000,307.000,242.000
545.000,251.000,325.000,229.000
541.000,245.000,312.000,239.000
529.000,243.000,302.000,226.000
525.268,253.448,292.366,230.795
516.704,243.335,293.263,243.890
557.000,250.000,270.000,234.000
538.000,246.000,282.000,230.000
538.000,252.000,289.000,230.000
539.000,245.000,293.000,233.000
549.000,261.000,285.000,237.000
543.000,261.000,281.000,229.000
530.000,259.000,293.000,224.000
536.000,262.000,293.000,240.000
534.000,261.000,287.000,234.000
550.000,260.000,271.000,240.000
545.000,264.000,279.000,244.000
557.000,263.000,259.000,235.000
557.000,259.000,259.000,241.000
554.000,266.000,263.000,243.000
570.000,266.000,237.000,236.000
553.000,260.000,249.000,239.000
556.000,260.000,238.000,243.000
553.000,261.000,239.000,246.000
540.000,263.000,243.000,239.000
552.000,262.000,229.000,235.000
541.000,261.000,238.000,236.000
551.000,263.000,229.000,234.000
543.000,256.000,229.000,239.000
543.000,262.000,229.000,238.000
540.000,260.000,225.000,238.000
543.000,267.000,226.000,240.000
543.000,266.000,223.000,232.000
533.000,266.000,232.000,233.000
529.000,269.000,238.000,237.000
541.000,258.000,220.000,239.000
534.673,270.489,226.378,254.384
522.000,270.000,239.000,239.000
519.000,268.000,240.000,241.000
523.000,272.000,227.000,237.000
513.000,266.000,237.000,234.000
511.000,272.000,229.000,238.000
511.000,264.000,230.000,243.000
504.000,255.000,226.000,246.000
492.000,258.000,243.000,244.000
498.000,256.000,239.000,251.000
492.000,256.000,242.000,254.000
491.000,252.000,245.000,258.000
491.000,254.000,236.000,256.000
488.000,262.000,240.000,250.000
483.000,260.000,256.000,238.000
475.000,265.000,268.000,240.000
