305.000,356.000,671.000,243.000
331.349,350.136,618.888,297.073
290.204,341.442,647.634,307.478
299.335,332.082,636.568,324.226
300.387,318.932,647.116,325.846
307.152,312.698,665.149,342.749
300.650,301.697,677.325,354.739
286.169,303.100,677.906,363.174
295.140,294.517,675.612,353.066
302.458,297.243,674.597,363.309
287.076,302.970,676.656,367.507
290.734,297.083,680.845,362.315
284.777,300.670,676.175,362.808
286.814,303.545,677.822,357.615
286.614,298.246,682.269,353.243
291.340,302.085,680.690,370.561
293.651,299.114,691.266,365.855
294.478,291.984,685.673,368.452
288.841,293.174,674.546,370.576
287.436,293.342,673.878,368.451
284.115,296.509,676.260,367.095
294.671,295.916,670.582,363.533
288.517,297.888,676.688,366.237
285.590,298.122,675.767,362.207
288.533,299.387,665.519,359.476
288.373,298.153,667.208,359.805
294.169,298.013,663.830,361.750
295.258,296.381,663.116,361.836
299.341,297.063,664.127,364.918
287.121,300.981,664.840,365.415
298.271,297.652,664.257,361.211
286.559,303.740,666.901,369.775
299.963,296.699,687.455,356.127
287.534,302.810,694.401,361.695
290.474,302.318,702.776,359.326
291.571,294.916,701.714,363.860
288.964,289.053,693.518,369.492
295.170,288.121,671.219,374.388
288.363,290.329,668.986,367.886
293.181,297.088,654.082,365.901
298.398,293.040,656.674,362.892
297.089,291.530,656.591,367.588
298.426,291.816,655.926,366.951
298.083,292.277,657.104,366.954
296.936,292.957,660.789,367.690
292.414,294.780,664.345,368.952
297.600,294.368,666.281,366.418
292.493,298.965,668.666,370.909
298.319,296.665,668.790,367.793
288.804,298.754,671.892,365.714
289.127,300.834,669.312,364.649
297.538,294.312,667.352,362.006
287.957,298.414,661.439,368.942
295.478,300.653,649.928,363.197
299.350,297.298,657.334,358.132
291.159,301.348,657.242,368.734
295.996,292.090,666.773,366.336
294.222,291.261,660.434,369.402
295.251,290.044,659.423,369.482
298.040,290.595,649.061,366.775
294.432,293.274,638.349,368.922
290.815,300.614,640.925,368.810
293.999,305.389,642.371,368.347
297.131,303.590,649.870,369.873
295.017,299.037,678.102,356.484
290.341,301.509,678.455,363.420
290.077,299.569,685.120,355.847
292.447,300.631,678.108,374.029
293.971,298.111,684.369,367.484
293.470,293.435,682.770,368.731
293.006,292.813,673.787,372.766
290.574,292.906,668.892,367.938
290.404,294.990,669.102,369.765
291.720,294.627,672.500,368.489
291.357,294.210,675.863,369.802
290.164,295.160,671.556,369.082
292.829,294.638,672.698,369.086
287.350,294.843,671.449,367.423
290.899,294.051,676.443,367.994
288.657,292.173,676.487,369.151
287.811,292.065,670.180,368.270
293.477,296.551,661.237,365.637
294.241,296.147,671.318,363.416
290.818,298.501,673.677,367.852
289.594,298.598,673.401,363.649
291.162,299.393,673.553,362.627
290.835,302.167,673.636,358.248
292.256,303.480,671.370,355.159
296.574,303.062,671.258,356.100
285.878,302.763,672.425,356.769
295.093,298.367,674.298,355.678
281.483,304.479,678.651,368.806
305.215,297.766,674.422,363.875
287.595,304.271,683.860,368.873
299.843,300.399,677.720,364.232
290.637,296.525,691.131,368.388
281.626,296.997,706.603,357.278
283.826,299.175,696.367,366.298
287.201,296.848,700.975,363.380
282.446,301.163,699.699,367.577
290.291,296.584,696.254,364.355
284.229,304.205,697.950,369.650
301.880,294.492,697.063,366.900
283.337,288.198,698.170,373.446
287.612,288.746,680.239,372.964
282.894,291.673,675.891,369.132
285.179,297.090,666.003,362.538
280.569,294.313,668.111,364.948
275.963,298.986,659.662,364.519
278.199,302.514,658.649,367.566
295.825,301.925,653.637,368.058
297.297,293.883,664.959,368.654
294.392,295.946,669.918,370.015
290.190,293.755,674.835,370.014
287.783,293.198,672.394,372.871
292.769,291.271,668.079,371.926
289.962,287.853,672.354,374.093
293.456,294.502,656.014,369.883
295.409,288.901,667.751,369.182
288.727,294.074,657.267,367.958
294.541,291.982,653.956,366.537
293.837,294.611,636.976,367.288
295.522,299.536,640.728,372.565
301.167,297.370,641.506,371.566
291.534,294.647,649.958,368.036
299.379,293.131,645.435,364.938
293.319,291.469,637.654,369.699
287.487,303.828,647.079,375.941
288.934,308.363,675.140,356.368
297.817,289.559,686.293,358.149
304.175,294.184,674.807,360.291
292.445,296.716,672.067,368.895
292.057,295.630,678.317,364.784
284.840,297.446,681.654,367.309
284.701,299.896,680.400,363.537
285.109,301.071,683.795,358.171
282.476,305.490,680.690,360.098
298.837,291.985,682.543,356.820
299.978,292.434,674.195,369.236
292.059,294.381,672.264,370.567
290.866,293.363,673.604,367.622
288.202,292.176,669.315,367.276
294.426,296.905,656.226,364.838
291.841,295.886,665.919,365.349
295.915,297.801,664.671,364.819
287.986,297.960,667.921,364.253
293.994,298.655,662.115,361.716
293.418,298.420,661.977,360.317
297.678,297.861,657.383,359.826
295.214,297.975,657.686,361.132
290.628,294.736,657.520,363.333
288.123,296.108,654.046,364.817
290.284,293.602,640.447,364.829
281.533,306.216,650.556,370.735
301.200,304.689,654.464,370.391
293.812,302.884,674.640,366.541
294.932,295.059,682.856,364.736
293.483,298.678,675.480,371.167
288.381,296.511,681.711,367.718
290.713,300.527,672.103,365.876
290.257,294.742,690.781,349.798
309.548,291.869,684.144,348.796
309.730,298.202,684.090,349.096
291.527,301.439,690.566,353.503
290.317,306.971,691.133,368.018
298.166,301.956,704.687,363.064
293.618,297.488,706.775,363.956
295.522,286.788,690.330,364.966
290.722,291.230,677.845,368.125
295.389,290.370,671.078,366.689
291.010,292.304,670.358,368.193
293.080,291.498,671.313,368.512
294.939,289.782,667.639,367.032
289.525,296.195,666.509,367.368
298.064,295.498,671.866,365.916
289.171,298.221,674.660,366.612
285.386,298.463,679.433,364.168
286.720,297.821,677.445,361.631
290.448,298.187,673.311,364.906
288.490,298.670,676.219,362.730
288.877,296.797,679.214,364.121
291.293,297.850,672.248,367.085
286.419,298.283,676.927,363.532
288.209,298.967,675.462,361.915
290.241,297.445,676.037,363.932
289.736,298.863,675.099,366.602
283.852,299.195,679.632,363.081
285.445,302.770,671.651,357.903
294.961,299.576,675.318,359.283
287.135,297.761,668.126,366.787
301.742,296.962,670.079,365.344
295.580,296.192,658.269,372.591
285.102,288.768,625.509,353.170
293.525,310.449,593.298,353.246
317.862,306.880,601.334,348.876
227.880,251.968,645.776,337.734
308.631,231.536,611.286,359.344
304.630,329.870,636.588,381.715
313.944,294.713,671.922,373.753
297.327,273.544,680.505,384.837
284.402,267.568,665.783,389.553
305.705,285.323,675.077,385.464
299.795,309.682,682.399,378.383
321.894,295.573,685.294,382.958
309.326,287.850,675.815,385.004
306.399,286.085,658.101,380.640
292.534,294.601,651.217,376.755
312.826,284.787,653.362,376.828
294.613,293.817,659.710,371.857
294.087,290.335,662.823,370.431
293.339,289.735,656.248,371.162
286.789,291.961,647.274,368.820
278.852,301.159,649.160,371.279
289.457,300.865,658.016,371.581
303.320,291.438,661.214,372.630
292.552,292.572,660.066,375.328
291.484,289.626,658.117,377.390
295.599,292.062,635.917,372.568
293.262,293.933,635.925,375.412
296.248,298.139,637.176,379.744
304.072,301.212,648.036,376.838
291.590,299.416,659.898,375.521
300.813,294.581,657.537,376.179
288.653,295.301,660.058,375.622
306.200,288.075,667.694,357.865
305.042,294.794,667.157,357.182
290.977,297.244,673.773,358.375
293.105,300.963,681.397,369.836
297.461,295.610,693.630,367.969
295.854,290.046,689.065,371.838
289.801,291.733,671.650,374.106
289.288,290.269,672.223,372.063
289.257,293.097,667.016,368.364
286.221,291.349,668.821,367.937
288.211,296.570,648.899,364.415
285.240,299.916,650.830,369.145
295.686,297.192,639.054,369.027
301.759,290.988,633.490,368.539
291.449,289.915,632.519,370.084
278.546,300.059,639.607,378.045
292.559,308.748,656.592,372.893
308.830,290.930,674.428,378.172
296.276,283.639,663.300,378.820
290.006,298.790,654.115,371.881
298.440,294.532,652.189,371.839
290.468,293.061,661.718,371.706
291.325,289.448,656.802,371.261
291.346,292.280,636.930,366.825
286.289,303.351,646.047,372.761
306.647,298.071,648.389,372.514
288.127,300.871,666.635,370.256
297.600,293.763,661.406,370.343
290.067,296.275,665.086,370.242
297.253,290.090,666.251,369.898
286.390,296.383,655.439,368.734
287.971,293.909,647.967,367.039
279.067,300.812,655.378,355.112
272.036,304.153,660.984,360.723
289.437,303.396,659.649,357.138
291.238,294.596,664.444,354.965
298.687,299.173,653.386,353.812
289.526,294.973,664.484,363.990
291.554,296.462,664.970,366.482
293.086,296.075,669.210,364.993
295.323,296.804,675.762,367.261
288.888,296.453,677.881,367.543
289.405,296.052,673.683,366.405
294.357,292.260,677.517,368.589
286.184,289.744,675.172,371.705
286.080,293.937,660.800,365.952
287.284,294.841,647.373,365.725
277.376,303.469,650.866,368.217
291.869,302.374,661.829,367.047
292.113,292.993,672.857,367.576
291.163,289.255,663.761,371.239
292.798,295.394,641.804,367.959
296.189,297.199,644.133,370.547
295.302,296.806,648.552,368.253
292.572,295.250,642.454,363.622
285.841,298.910,630.591,365.406
281.394,308.299,650.718,363.735
297.230,305.445,651.212,363.718
294.007,291.994,665.342,369.619
295.996,288.687,662.165,369.502
293.017,297.004,647.621,367.504
302.486,290.830,639.119,363.050
289.882,292.395,631.922,366.891
283.382,303.829,648.738,372.486
294.018,304.788,666.115,358.396
299.081,291.797,689.947,353.725
301.199,294.296,684.016,357.546
288.061,295.874,683.523,360.940
286.567,298.350,684.746,368.915
293.175,299.617,684.463,362.352
290.666,297.101,686.160,365.090
285.329,298.717,690.103,367.939
290.487,297.941,688.663,367.222
287.763,296.222,692.858,368.405
285.683,295.842,691.063,370.734
294.687,295.275,688.169,368.609
293.091,296.147,683.867,368.050
290.232,298.356,688.349,367.969
288.579,295.725,690.322,369.123
291.818,295.070,686.745,371.223
289.243,294.553,690.488,373.370
290.735,293.676,687.260,376.317
293.001,292.428,685.757,376.346
296.979,296.219,679.808,372.141
292.317,297.288,688.197,370.922
290.700,296.452,688.471,369.260
288.162,296.073,693.204,371.043
290.933,295.034,686.792,372.663
292.960,295.271,688.474,372.285
291.703,295.226,688.053,373.521
292.676,295.133,686.218,373.505
294.089,295.320,685.323,372.785
292.265,296.152,685.952,373.357
296.228,295.182,684.648,372.211
296.480,295.257,683.973,373.214
296.675,296.912,684.533,372.777
287.369,295.371,709.117,361.081
290.879,287.163,692.433,360.221
302.783,292.920,678.725,356.260
301.010,287.489,679.443,362.323
302.126,292.956,677.528,362.869
296.667,297.869,677.339,369.543
291.079,297.162,691.921,366.573
287.028,296.886,693.168,364.943
286.724,298.901,693.943,366.878
286.662,299.524,692.412,367.550
290.871,299.436,692.685,368.115
292.115,295.483,687.468,368.344
290.643,296.269,692.671,369.326
286.084,294.565,692.976,372.034
295.283,294.350,688.254,371.646
297.371,289.520,678.078,372.558
291.464,294.533,670.396,372.143
288.854,295.853,676.234,368.762
286.569,294.996,678.839,367.720
292.789,292.342,676.375,365.750
287.569,290.417,673.704,370.304
288.864,295.951,665.022,367.037
297.073,290.461,675.018,365.823
288.321,294.923,664.992,373.900
304.000,287.952,668.739,369.892
295.167,289.874,661.273,374.357
291.723,284.000,658.691,370.129
295.791,289.020,641.659,369.078
287.084,297.385,617.153,367.199
286.919,305.808,638.222,365.918
296.899,304.485,658.415,370.315
302.395,300.028,675.244,370.684
286.813,304.680,708.233,356.665
289.763,295.416,707.456,354.228
293.238,293.302,689.573,353.087
298.368,294.870,686.157,361.277
288.938,304.788,689.818,369.162
302.965,303.084,695.660,365.821
286.705,301.157,710.320,362.351
295.035,290.445,704.509,363.356
291.609,294.741,684.060,368.397
287.443,297.079,692.533,370.036
290.875,298.508,695.773,367.952
290.947,291.113,692.655,371.063
293.332,291.948,681.839,370.780
291.092,290.058,677.260,373.566
291.757,289.331,675.275,370.382
292.441,294.565,665.024,365.702
293.370,297.889,669.818,366.207
286.352,298.874,679.949,362.936
287.135,300.923,678.418,358.084
283.182,304.039,680.999,358.361
291.350,293.940,676.524,354.716
306.177,295.199,664.559,365.452
286.203,301.066,681.050,364.395
289.372,300.817,676.294,358.294
289.315,306.310,676.827,356.836
289.875,296.845,685.038,360.088
288.881,300.756,679.106,372.486
293.224,298.612,676.799,364.767
287.947,298.978,679.823,362.348
285.583,301.899,682.706,361.039
282.736,303.581,684.551,354.817
284.124,301.639,678.293,356.822
274.321,307.270,693.545,340.221
289.741,311.201,700.044,355.590
298.482,298.850,701.560,357.122
296.726,291.257,698.592,366.684
296.697,291.351,679.774,363.965
285.655,298.697,681.937,373.978
293.782,296.957,686.607,366.549
293.764,295.521,690.109,366.224
287.726,301.861,692.684,369.667
294.197,302.458,691.110,365.156
289.271,302.992,694.813,365.977
289.967,301.330,694.342,363.754
290.754,299.515,693.085,364.947
287.599,295.854,693.169,366.683
289.913,295.658,689.890,369.476
289.842,294.495,690.306,371.298
287.537,293.154,690.243,374.086
295.902,290.852,684.144,375.142
297.668,287.502,673.257,374.875
290.054,296.533,654.951,369.605
304.295,294.411,639.935,362.406
288.640,297.533,649.589,369.579
295.886,296.111,634.861,366.339
295.699,300.501,641.521,369.405
301.480,295.409,648.530,368.597
292.008,294.692,658.691,366.191
289.454,293.292,663.045,368.467
288.806,291.958,668.475,368.589
290.335,292.619,662.819,367.484
287.481,291.963,667.373,368.642
288.075,292.873,666.993,366.796
288.757,294.920,662.654,364.704
283.919,293.306,683.464,351.252
303.307,297.096,673.017,355.310
287.012,305.878,687.990,366.113
302.761,299.402,689.055,366.896
297.977,291.186,696.329,369.783
289.121,291.242,684.039,371.135
286.238,291.116,684.436,372.499
290.145,292.717,681.226,372.536
290.484,293.796,677.605,371.460
290.008,296.710,672.981,367.145
287.411,297.722,677.475,365.375
289.017,298.766,682.977,364.786
285.565,302.194,683.379,364.060
291.066,298.143,679.860,359.379
289.527,305.144,675.838,370.104
301.320,295.266,686.153,371.675
297.747,294.782,686.387,371.419
297.396,291.052,679.045,372.485
294.251,292.928,674.020,372.383
290.134,295.759,674.525,366.917
292.276,297.638,677.906,366.614
289.425,296.874,675.848,363.311
295.603,297.244,671.670,363.905
280.840,298.457,680.579,363.448
279.990,301.642,670.699,359.038
283.063,300.101,664.164,357.756
279.187,301.734,659.902,362.238
286.738,303.264,665.907,363.952
298.836,297.110,665.863,361.688
283.733,301.045,671.333,367.625
294.055,298.314,662.125,364.670
297.071,296.346,670.946,363.407
281.997,299.773,688.434,346.945
293.677,297.519,689.418,358.363
288.942,303.771,688.668,369.146
296.704,300.264,696.413,365.499
304.440,288.518,690.282,366.520
292.055,289.595,672.233,368.982
295.323,293.140,658.930,362.688
292.468,291.186,663.924,370.503
293.853,291.573,663.116,368.775
295.710,290.045,662.354,367.978
294.958,295.350,649.042,367.260
294.946,296.228,654.855,366.561
294.209,294.831,664.366,367.531
294.827,293.025,666.108,367.826
293.890,291.886,663.755,366.475
297.120,292.659,647.703,367.579
296.009,290.548,646.855,368.372
290.115,297.349,626.027,365.146
284.822,305.783,644.100,367.295
296.607,303.786,651.107,371.652
294.966,294.552,665.011,374.886
294.670,297.428,669.337,372.126
297.264,294.275,673.643,370.432
295.278,295.624,673.644,370.260
292.126,294.496,682.062,369.311
289.080,296.250,677.457,371.794
294.034,294.775,675.381,366.963
285.585,296.335,677.095,367.343
292.864,294.766,666.489,364.454
293.701,295.006,669.153,367.088
290.536,295.728,670.247,365.622
293.526,296.638,669.835,368.740
288.049,297.671,685.285,350.335
296.927,299.261,690.504,354.666
290.836,301.476,685.623,365.424
297.678,297.758,690.612,359.682
288.497,300.095,689.048,365.921
293.416,294.748,693.501,365.542
293.321,299.631,683.988,370.160
294.373,297.622,688.842,367.786
293.041,293.938,684.382,366.993
295.307,296.153,675.327,370.186
294.330,294.940,686.835,367.148
293.122,298.675,682.723,369.055
295.397,296.866,685.412,370.197
295.087,296.592,686.226,370.111
297.711,297.118,682.923,369.417
293.754,297.613,686.075,369.222
294.970,296.760,686.540,368.061
294.678,296.875,680.370,365.680
288.177,300.823,682.290,364.539
284.382,300.168,687.486,362.113
283.625,305.371,686.420,360.907
292.878,298.579,685.256,357.585
287.915,303.663,680.018,370.238
301.497,296.523,680.111,365.233
284.406,298.382,689.561,370.123
292.938,299.414,686.193,365.970
293.583,293.701,686.942,369.109
291.273,292.985,678.049,370.993
287.513,290.565,674.913,370.327
288.290,293.533,669.112,365.519
290.507,292.674,663.636,368.428
289.921,290.644,668.078,366.664
290.694,297.218,657.746,351.623
301.020,294.302,665.267,344.366
302.615,306.020,665.697,358.541
289.503,302.147,700.159,356.891
292.845,299.076,686.403,362.807
290.259,296.611,680.825,363.773
288.181,300.577,673.681,361.184
288.542,302.037,678.587,356.615
290.873,303.948,672.475,356.376
297.623,294.564,672.798,355.649
290.237,299.892,669.487,361.214
291.896,303.832,666.147,355.501
296.761,298.975,667.046,355.395
289.384,302.099,671.260,369.805
302.674,289.264,676.515,368.016
293.091,288.298,665.739,372.802
295.430,297.310,653.004,364.967
298.506,291.552,655.580,362.130
287.794,294.016,649.894,365.731
283.309,298.598,639.221,368.533
286.717,305.380,650.763,371.132
297.109,302.891,658.680,372.547
302.335,300.878,674.830,371.109
292.749,300.701,688.163,370.073
295.361,299.110,683.527,371.154
296.938,295.242,684.967,370.549
297.336,292.124,678.681,370.236
290.514,291.148,671.212,374.020
292.268,287.729,666.183,372.821
293.851,296.009,649.587,366.104
296.512,293.641,649.673,364.419
289.013,293.824,641.148,368.709
285.369,304.759,660.792,355.916
289.282,298.765,657.183,348.190
306.213,293.076,656.478,348.293
299.416,306.208,656.942,354.435
288.633,305.439,676.629,353.171
289.192,293.497,678.539,359.403
295.305,295.407,663.833,370.765
291.908,295.124,670.950,366.457
293.092,295.612,673.850,368.038
287.520,295.709,675.561,364.792
292.735,294.433,673.850,368.499
290.521,293.205,673.050,366.517
289.192,293.091,667.677,369.682
284.871,295.283,672.079,367.360
290.867,295.414,669.835,365.104
294.367,294.192,670.855,369.501
288.585,296.658,671.960,365.373
293.402,297.114,671.836,367.486
292.253,295.939,670.573,363.521
293.681,298.924,669.801,368.091
293.391,295.724,674.834,364.210
283.026,298.506,677.143,365.140
287.798,302.015,663.114,359.295
291.481,297.429,663.150,357.296
294.023,299.600,664.997,367.899
295.359,292.723,664.426,364.247
292.643,292.821,656.470,372.296
296.000,289.828,659.976,369.228
292.902,292.563,649.164,367.847
289.489,289.376,647.669,368.586
286.345,296.252,621.895,368.655
288.345,302.026,645.638,364.745
296.501,305.808,652.476,344.979
293.425,295.997,665.367,355.310
297.487,298.727,662.513,357.402
292.008,299.756,664.794,366.924
299.287,295.946,666.159,361.932
288.155,300.564,670.350,368.884
296.043,294.010,664.637,366.694
293.219,295.635,667.543,368.437
295.826,294.233,667.637,366.602
294.153,296.368,672.169,368.600
290.028,295.728,674.726,366.845
295.307,294.713,673.301,370.634
289.510,294.792,675.467,367.757
292.253,295.955,675.270,369.842
290.698,295.096,673.484,368.484
292.444,293.519,672.036,369.813
292.260,290.440,668.777,371.199
295.005,290.796,660.810,369.857
293.213,289.830,657.127,368.672
294.024,293.698,638.575,365.797
289.611,300.134,637.092,370.897
293.718,300.527,642.302,372.649
307.972,300.888,637.319,369.993
293.566,296.006,655.357,369.257
298.025,290.608,650.883,367.470
293.077,290.686,635.068,372.678
297.032,298.193,641.653,376.839
300.834,296.509,644.288,375.790
298.325,290.392,646.371,373.988
295.331,284.428,640.923,372.854
290.147,286.440,610.833,373.212
284.941,303.142,621.611,372.078
289.374,309.508,644.892,356.051
299.256,303.358,650.836,353.084
287.982,297.766,662.542,362.122
290.825,296.763,651.406,364.486
294.497,293.780,637.868,363.680
287.784,300.646,630.423,371.906
293.784,304.910,650.188,370.769
302.237,298.846,657.609,374.560
297.418,294.703,665.856,371.609
293.543,295.629,661.811,370.260
297.827,291.780,663.058,369.300
287.761,293.651,656.887,371.181
298.368,288.411,639.927,368.081
289.672,292.782,612.271,367.541
287.272,305.460,628.204,365.528
296.094,309.378,648.499,364.256
296.262,298.761,666.269,371.916
297.159,290.599,670.745,371.257
285.033,292.380,658.395,370.451
283.608,296.533,649.278,368.127
287.083,296.853,642.692,372.166
294.400,297.332,626.767,370.903
288.087,308.146,637.850,370.105
299.760,303.569,661.221,369.907
295.925,298.579,672.859,366.740
288.163,294.304,672.286,369.776
293.016,291.462,669.508,369.147
288.580,286.702,668.326,370.034
295.058,289.606,638.897,371.859
283.217,295.922,636.564,371.009
286.664,301.847,655.383,371.236
310.705,295.159,651.174,369.995
284.972,301.667,676.387,352.210
294.218,301.282,666.320,359.148
292.141,300.092,672.750,353.340
296.891,302.334,668.295,371.450
290.049,302.469,682.627,363.583
291.463,297.828,688.291,362.196
284.396,299.484,684.757,367.714
287.460,300.236,676.159,361.519
286.681,302.753,679.397,358.928
288.343,300.472,676.843,356.102
295.583,301.270,669.935,369.462
294.388,296.337,673.911,362.334
285.938,300.007,676.833,365.148
285.563,300.347,673.970,360.957
288.139,301.805,668.806,357.894
294.504,300.647,663.693,359.200
290.273,301.353,665.402,357.611
293.871,303.061,662.036,359.301
297.551,299.697,669.264,355.421
285.022,301.138,665.864,369.124
296.664,294.844,659.219,364.544
295.877,301.027,662.348,361.670
293.114,299.063,670.593,359.245
297.715,297.824,664.317,364.914
288.405,300.128,659.953,361.888
292.416,299.207,649.470,356.154
290.255,295.658,649.094,368.228
298.272,293.522,637.169,362.302
286.679,299.386,632.981,366.414
286.815,307.847,645.789,365.999
299.986,301.986,648.491,368.454
296.337,296.306,654.048,368.650
290.936,294.518,673.636,353.551
313.681,292.833,661.395,355.383
306.200,296.053,659.653,362.424
285.733,302.267,676.852,357.878
293.815,300.434,669.716,354.357
298.455,301.267,663.583,368.501
293.946,296.626,674.235,362.506
286.404,299.874,675.487,363.383
287.231,302.140,675.554,358.688
290.157,300.634,671.020,358.018
289.270,303.185,663.913,359.670
296.710,291.670,669.200,357.193
307.144,291.882,652.698,366.341
286.539,293.872,650.795,368.820
284.313,301.208,647.955,369.881
301.635,302.957,647.141,366.704
293.124,297.495,660.029,366.366
299.796,293.591,662.130,365.238
288.866,299.012,654.500,372.489
299.438,295.799,648.925,370.594
292.383,289.424,657.051,368.325
287.904,296.039,634.704,365.348
284.247,306.238,658.552,372.069
305.609,300.447,660.067,374.222
290.693,298.553,678.189,372.131
294.188,293.642,674.803,368.544
290.739,294.635,667.863,367.910
293.789,295.008,666.460,368.776
293.738,293.051,668.370,367.696
291.640,290.676,666.701,368.068
296.864,291.843,646.221,368.769
291.856,288.587,647.824,370.575
282.676,296.935,633.380,353.346
282.813,303.204,658.796,350.957
289.283,304.193,657.462,359.810
306.426,292.196,652.893,356.237
297.446,296.561,650.289,366.815
296.362,294.134,654.255,362.657
293.627,296.286,642.473,370.295
306.817,290.227,628.021,367.311
282.958,299.366,619.659,370.715
292.301,301.411,630.109,368.361
294.250,305.251,649.067,370.095
300.087,297.196,652.933,374.819
299.017,292.861,650.695,374.399
289.253,291.535,650.942,371.328
294.322,291.515,641.385,373.194
301.585,291.552,632.002,372.802
290.498,292.553,643.613,372.447
303.417,294.930,632.565,371.190
284.141,300.331,641.854,367.422
292.307,302.892,641.621,369.246
301.346,299.298,639.812,368.450
293.224,294.764,645.586,367.125
297.430,293.210,639.899,368.972
293.419,290.124,646.375,370.891
284.401,297.312,631.410,370.240
288.620,303.055,639.934,367.146
300.066,303.205,636.951,366.467
293.290,295.632,647.729,370.653
304.946,287.515,634.318,367.075
282.344,293.487,625.708,372.369
285.135,303.411,644.375,368.743
302.066,302.175,641.263,368.121
296.005,299.192,667.443,350.861
303.356,295.190,662.291,357.064
288.742,296.798,669.493,361.404
295.882,297.594,668.221,361.600
288.130,299.083,675.771,363.599
290.583,299.625,674.299,358.196
295.806,303.570,669.710,363.894
292.705,298.235,685.988,357.080
291.258,306.933,680.611,372.555
294.124,297.805,694.187,372.171
294.911,290.845,687.277,370.533
290.932,289.615,672.324,373.110
289.612,291.497,664.532,367.515
292.321,296.414,655.927,364.355
294.428,295.545,660.847,364.726
297.570,294.927,665.924,364.096
289.365,299.746,668.469,368.970
294.877,293.721,661.632,367.040
297.315,293.076,666.392,365.578
289.202,297.636,660.331,367.857
297.751,297.753,638.925,359.367
287.722,297.983,633.416,365.318
288.002,307.648,651.422,366.962
298.739,302.581,665.469,368.609
298.789,301.045,677.042,364.710
305.351,292.861,674.550,362.166
300.800,279.778,652.518,372.640
294.216,273.458,665.488,372.186
289.287,270.822,650.853,378.896
307.805,283.665,597.940,378.507
304.373,293.192,543.861,360.740
312.918,295.125,503.624,350.524
314.816,306.778,480.657,330.284
315.348,321.177,484.921,323.684
315.441,313.511,486.551,327.967
319.342,307.077,512.697,331.627
310.980,298.414,522.357,341.758
314.340,298.411,512.356,334.895
300.674,302.635,519.286,340.636
307.528,310.615,506.715,332.674
309.205,305.440,518.389,334.717
299.682,304.293,520.416,338.512
308.080,307.414,506.771,335.323
303.981,309.887,512.524,337.541
313.961,305.776,502.700,338.036
305.779,311.150,495.912,335.492
311.839,308.761,477.255,329.465
287.909,306.574,503.966,333.638
300.535,310.744,486.258,335.049
314.854,305.342,465.929,327.951
294.265,309.099,487.671,330.779
309.059,305.693,499.339,330.010
307.504,311.779,501.830,329.388
314.506,304.502,510.747,324.886
323.375,305.232,526.758,322.159
336.670,287.583,541.612,323.216
359.037,283.685,561.870,322.277
325.138,272.571,564.535,333.177
316.559,282.408,555.898,357.227
324.150,283.640,562.811,347.584
392.956,275.873,563.458,342.742
571.987,267.011,611.054,384.505
674.664,254.889,627.014,430.315
724.463,253.172,544.757,413.690
709.821,277.250,553.380,386.684
688.859,289.778,559.295,361.763
664.795,296.829,574.530,344.958
633.588,290.518,589.753,338.700
586.412,303.143,602.634,324.144
583.460,304.480,621.231,317.611
572.987,314.066,643.718,329.196
584.492,325.255,658.622,331.347
577.144,319.719,656.300,335.008
560.164,324.641,676.107,340.618
544.005,308.873,684.610,336.094
534.283,299.248,701.495,337.235
529.476,298.979,690.933,335.065
510.224,297.258,691.560,336.649
475.521,248.942,727.833,333.569
462.585,208.113,752.238,335.655
472.295,186.346,760.749,348.721
470.819,173.305,765.576,352.153
471.554,160.860,768.319,361.582
478.003,152.718,766.361,370.106
470.222,139.988,752.984,370.188
445.480,138.370,732.933,384.869
447.035,131.291,684.911,376.190
390.478,145.463,685.277,392.249
362.061,158.260,680.664,405.690
337.759,166.922,697.135,423.834
303.298,169.281,717.380,445.710
270.636,177.459,722.847,458.000
263.643,184.248,719.093,460.101
247.394,191.986,730.151,463.804
256.690,193.253,722.616,448.204
276.221,183.749,706.568,449.141
288.569,171.593,695.954,442.870
290.329,166.491,687.056,466.683
279.586,155.370,684.976,474.904
264.347,140.894,705.925,493.077
263.816,127.231,721.946,497.189
277.143,102.269,702.379,500.020
292.393,100.660,733.438,517.276
348.762,62.252,735.829,522.513
333.184,50.256,790.149,484.011
399.622,115.015,844.645,472.500
295.417,74.052,942.623,480.480
212.903,116.853,938.501,528.079
158.747,107.120,943.449,548.358
192.154,104.427,991.419,565.237
232.313,103.345,1011.350,575.605
206.771,93.254,1049.523,584.099
155.384,106.423,1100.340,584.327
75.353,106.909,1154.965,599.165
15.220,94.370,1181.592,623.007
0.000,78.085,1211.784,628.391
0.519,54.432,1227.178,644.750
13.650,61.745,1213.764,620.188
0.000,67.437,1254.744,626.354
17.739,70.361,1229.102,623.216
0.000,71.822,1253.729,626.134
0.000,70.932,1257.269,627.144
0.000,69.342,1256.112,627.612
3.785,68.969,1259.692,627.366
0.000,72.067,1268.388,626.513
0.000,74.373,1271.757,624.394
0.000,76.360,1263.562,620.367
0.000,78.123,1280.000,621.859
0.000,97.511,1280.000,578.038
0.000,99.094,1275.916,574.255
0.000,102.190,1269.329,576.113
0.000,106.321,1280.000,580.836
0.000,110.960,1264.624,581.231
0.000,117.600,1271.805,578.765
0.000,127.853,1278.520,575.827
0.000,133.956,1257.361,571.348
0.000,136.736,1253.334,568.970
0.000,138.346,1240.861,564.758
2.039,139.257,1236.987,566.866
0.000,133.516,1236.609,571.560
10.588,136.247,1219.630,569.837
8.747,136.331,1220.445,571.407
15.009,144.931,1214.691,566.037
0.000,138.642,1242.838,570.939
4.621,146.296,1240.294,562.969
14.938,148.047,1255.052,564.421
0.000,140.790,1268.932,570.842
0.000,152.938,1256.249,564.262
16.475,159.835,1258.081,565.764
0.000,141.443,1265.559,553.158
0.000,131.761,1280.000,565.813
0.000,131.651,1259.134,558.105
0.000,120.897,1280.000,558.277
0.000,111.988,1278.380,562.274
3.125,99.585,1266.147,568.521
1.300,95.583,1256.107,579.667
21.817,87.392,1258.749,588.136
0.000,94.074,1244.810,580.121
16.923,86.986,1272.387,598.900
0.000,99.249,1280.000,603.225
0.000,108.579,1280.000,581.353
0.000,102.005,1280.000,590.181
15.719,111.940,1280.000,597.808
0.000,114.001,1280.000,603.774
24.183,117.989,1280.000,606.714
0.000,112.827,1280.000,599.065
10.019,113.436,1280.000,611.281
0.000,119.462,1280.000,598.001
18.162,115.261,1280.000,606.838
0.000,110.574,1280.000,603.015
8.979,110.105,1280.000,612.496
0.000,108.628,1280.000,608.556
8.063,106.804,1280.000,618.985
0.000,107.772,1280.000,612.962
13.877,107.735,1280.000,614.945
0.000,107.475,1280.000,613.074
12.345,107.374,1280.000,615.079
0.000,100.228,1280.000,613.190
0.000,97.385,1280.000,619.798
6.317,92.540,1280.000,623.463
2.627,86.015,1280.000,627.465
0.000,87.788,1280.000,629.150
2.123,92.954,1271.610,622.168
0.000,94.113,1268.473,619.101
0.000,90.113,1280.000,621.390
0.000,96.860,1259.444,612.477
0.000,91.032,1280.000,621.031
0.000,95.298,1276.657,615.176
0.124,93.949,1280.000,615.904
1.341,98.482,1266.083,612.444
0.000,101.921,1280.000,613.707
4.465,103.183,1270.213,614.686
0.000,119.197,1280.000,587.090
27.118,125.734,1279.107,584.696
1.414,119.611,1280.000,583.638
14.994,126.801,1273.603,587.040
0.000,126.844,1272.531,577.025
13.074,124.061,1279.209,585.497
0.000,111.867,1280.000,590.242
6.891,105.895,1280.000,603.682
0.000,101.738,1280.000,612.388
5.640,100.069,1280.000,613.328
0.000,96.971,1280.000,619.288
20.115,100.004,1274.850,615.351
0.000,90.069,1280.000,628.565
13.787,92.716,1279.299,620.322
0.000,78.453,1280.000,636.045
8.280,79.424,1280.000,633.556
2.797,85.453,1280.000,639.193
7.048,83.328,1270.846,625.427
5.787,78.684,1280.000,633.422
2.796,80.354,1280.000,641.160
2.611,82.530,1280.000,636.939
0.802,87.510,1280.000,636.477
0.000,100.778,1276.462,621.288
0.000,105.593,1280.000,626.416
0.000,104.917,1280.000,621.217
8.525,97.350,1256.131,619.472
8.500,74.139,1280.000,633.865
14.379,67.357,1255.870,632.434
8.771,67.691,1280.000,629.707
2.702,63.980,1279.054,624.633
3.854,59.847,1273.592,610.249
0.000,74.339,1280.000,598.440
0.000,84.236,1280.000,567.918
0.000,100.493,1280.000,554.102
0.000,109.819,1280.000,563.462
4.441,115.400,1267.795,562.917
8.453,118.843,1271.622,561.915
0.371,114.718,1262.010,561.759
29.506,108.867,1258.733,566.569
7.712,97.450,1228.351,571.317
28.689,79.750,1253.541,590.290
12.918,82.863,1250.939,589.324
6.376,85.732,1280.000,594.635
0.000,85.501,1271.556,591.198
17.404,87.924,1278.963,593.337
0.000,85.119,1261.177,594.658
18.492,85.723,1280.000,601.398
0.000,80.775,1265.373,605.123
4.158,80.499,1280.000,606.337
0.000,75.772,1280.000,609.221
6.866,74.959,1280.000,607.434
0.000,75.333,1280.000,604.971
9.216,80.877,1280.000,603.345
0.000,83.070,1280.000,602.979
0.000,89.798,1280.000,600.329
12.125,92.758,1269.369,600.800
7.342,95.835,1263.446,599.330
3.340,110.053,1280.000,597.877
0.000,119.931,1280.000,595.134
0.000,137.623,1280.000,576.658
9.259,147.148,1280.000,572.510
0.000,135.095,1280.000,573.270
0.000,151.509,1280.000,567.309
0.000,142.267,1280.000,565.246
0.000,146.439,1280.000,549.644
0.000,146.264,1280.000,545.372
0.000,151.904,1279.684,541.899
0.000,154.978,1280.000,540.963
0.000,154.886,1280.000,541.384
3.417,154.406,1280.000,541.556
0.000,153.102,1279.238,540.461
4.259,155.955,1280.000,541.576
6.925,156.250,1280.000,540.793
4.830,155.870,1280.000,540.243
0.919,154.956,1280.000,539.953
0.000,150.503,1280.000,542.831
14.879,150.654,1273.091,541.784
12.974,150.525,1269.830,544.088
7.032,149.281,1276.142,542.708
17.601,148.913,1271.550,543.977
6.359,144.533,1275.362,547.551
13.730,144.503,1273.459,545.223
1.833,140.217,1280.000,550.025
5.794,133.163,1280.000,552.907
1.293,130.608,1280.000,551.223
0.000,130.069,1277.286,554.363
0.000,129.989,1278.985,557.198
0.000,129.505,1280.000,558.627
1.484,128.458,1280.000,560.898
2.229,128.568,1279.554,562.029
0.000,126.506,1279.499,563.891
2.807,126.535,1280.000,567.015
0.000,122.726,1272.969,567.276
6.084,122.056,1280.000,572.859
0.000,117.208,1278.485,574.664
1.662,114.157,1280.000,577.039
0.000,120.487,1280.000,553.745
13.518,126.821,1280.000,545.416
0.000,127.566,1273.075,545.895
14.361,134.825,1271.523,544.971
5.991,127.487,1280.000,551.136
5.598,125.241,1270.563,552.141
8.550,127.887,1268.325,553.286
0.773,124.338,1277.862,558.713
4.461,123.158,1267.774,562.584
0.000,122.420,1274.127,567.916
3.543,122.431,1279.371,572.439
0.000,126.788,1272.708,570.571
14.579,132.322,1264.386,567.743
7.340,128.040,1266.887,564.071
15.179,136.591,1266.199,561.667
5.753,143.306,1254.762,553.184
17.100,145.956,1264.213,549.268
5.962,145.376,1262.356,547.698
5.348,146.427,1270.245,546.328
2.668,144.951,1269.938,546.466
0.000,141.667,1280.000,552.455
0.000,131.721,1280.000,559.727
4.378,130.392,1280.000,561.943
0.359,123.075,1280.000,564.654
11.335,120.007,1280.000,570.612
0.000,116.163,1280.000,581.522
0.000,108.418,1280.000,593.737
0.000,99.582,1280.000,611.436
0.000,98.020,1280.000,614.890
0.000,99.440,1280.000,611.654
0.000,97.445,1280.000,617.749
0.000,96.346,1280.000,618.857
0.000,107.367,1280.000,592.874
0.000,104.015,1280.000,597.515
0.000,99.699,1278.310,608.444
0.000,100.918,1280.000,621.445
0.000,109.022,1256.092,615.806
7.307,104.992,1256.949,616.393
0.000,106.929,1274.969,617.709
0.000,109.517,1254.975,602.740
0.000,107.153,1266.001,609.938
0.000,103.237,1267.470,612.965
0.000,97.316,1268.705,618.905
0.000,101.468,1268.903,617.341
0.000,98.905,1268.547,621.292
0.000,99.766,1265.678,617.814
0.000,96.729,1262.417,619.807
0.000,92.294,1264.605,621.505
0.000,99.355,1256.400,613.586
0.000,93.632,1257.254,623.971
0.000,95.876,1263.927,618.044
0.000,92.298,1257.968,617.507
0.000,99.201,1280.000,617.216
0.000,106.699,1243.662,612.504
1.017,102.520,1272.721,617.790
0.000,104.707,1266.758,616.913
0.000,103.382,1280.000,614.311
0.000,104.915,1266.763,614.479
0.000,102.765,1275.985,613.141
0.000,101.388,1259.111,616.042
0.000,98.561,1262.463,621.995
0.000,97.519,1265.994,618.715
0.000,96.691,1268.061,618.502
0.000,98.232,1262.938,617.103
0.000,109.098,1280.000,586.519
0.000,107.344,1269.412,585.590
0.000,104.426,1272.856,592.993
0.000,107.586,1271.231,596.458
0.000,104.816,1277.369,603.749
0.000,102.131,1271.791,607.314
0.000,103.739,1271.331,612.464
0.000,102.315,1265.128,612.944
0.000,96.390,1261.696,618.992
0.000,93.184,1263.859,619.705
0.000,100.073,1257.870,611.919
0.000,93.732,1258.182,622.628
0.000,96.942,1264.330,617.650
0.000,92.010,1256.510,620.962
0.000,101.714,1263.054,612.004
0.000,91.246,1258.642,624.196
0.000,102.291,1267.464,615.157
0.000,96.237,1266.638,621.106
0.000,97.513,1271.105,618.322
0.000,102.660,1259.790,616.035
0.000,97.322,1272.692,619.576
0.000,104.064,1257.376,614.483
0.000,99.400,1271.081,618.579
0.000,99.445,1264.683,618.972
0.000,95.709,1264.876,619.426
0.000,92.297,1262.271,618.016
0.000,100.946,1275.493,612.864
0.000,101.484,1255.027,616.735
0.000,101.305,1265.540,619.999
0.000,99.084,1268.309,617.863
0.000,98.836,1267.307,619.529
0.000,98.374,1267.276,619.034
0.000,112.376,1280.000,586.040
0.000,111.425,1279.869,584.621
0.000,111.089,1274.050,587.069
0.000,111.736,1274.351,592.044
0.000,111.178,1275.543,598.132
0.000,113.005,1268.547,597.599
0.000,112.028,1269.261,594.086
0.000,106.873,1269.175,599.895
0.000,100.949,1280.000,608.382
0.000,105.444,1262.321,609.769
0.000,102.194,1272.565,612.395
0.000,100.728,1264.458,614.229
0.000,97.753,1265.812,617.648
0.000,97.266,1263.800,616.968
0.000,93.585,1253.712,617.309
0.000,99.240,1262.391,613.291
0.000,93.206,1250.272,618.068
0.000,100.902,1258.413,612.211
0.000,92.859,1261.408,625.290
0.000,95.956,1265.407,614.933
0.000,95.586,1267.305,615.322
0.000,96.978,1265.586,614.538
0.000,95.347,1266.671,614.646
0.000,96.664,1268.044,613.968
0.000,98.887,1265.518,613.901
0.000,96.724,1257.218,614.314
0.000,94.776,1268.322,615.593
0.000,99.486,1266.215,614.247
0.000,97.824,1256.465,618.138
0.000,96.787,1266.387,620.859
0.000,97.995,1267.997,618.750
0.000,99.736,1268.676,619.008
0.000,113.359,1280.000,588.681
0.000,113.804,1274.484,588.145
0.000,112.601,1272.699,590.064
0.000,111.068,1275.655,595.611
0.000,112.072,1276.389,599.422
0.000,116.236,1257.806,593.583
3.771,114.393,1280.000,596.357
0.000,120.039,1260.139,587.524
0.000,119.346,1280.000,592.202
0.000,124.278,1248.183,577.752
4.919,121.349,1257.016,584.190
0.000,116.829,1272.808,588.037
0.000,115.913,1265.468,588.481
0.000,106.573,1271.292,593.480
0.000,101.876,1280.000,603.952
0.000,101.101,1276.476,611.340
0.000,105.822,1259.099,611.485
0.000,103.101,1274.751,614.512
0.000,99.897,1270.613,618.333
0.000,100.685,1271.609,618.627
0.000,100.646,1270.842,619.242
0.000,99.521,1267.287,618.573
0.000,97.422,1271.412,620.484
0.000,102.867,1268.727,617.556
0.000,99.116,1270.736,617.924
0.000,98.925,1266.304,620.112
0.000,97.125,1264.984,619.138
0.000,93.101,1267.838,620.179
0.000,100.038,1257.175,614.175
0.000,95.219,1259.361,624.804
0.000,96.188,1267.953,619.212
0.000,96.698,1258.772,618.283
0.000,106.912,1280.000,588.268
0.000,103.664,1267.196,589.382
0.000,101.112,1254.276,597.607
0.000,101.441,1257.074,599.451
0.000,102.077,1276.443,609.248
0.000,104.386,1257.744,611.647
0.000,104.487,1269.655,615.622
0.000,105.038,1269.789,611.949
0.000,101.135,1272.557,616.386
0.000,101.181,1264.196,619.164
0.000,97.543,1266.619,619.845
0.000,98.096,1266.860,618.602
0.000,98.123,1261.004,619.332
0.000,95.741,1264.386,619.725
0.000,90.174,1243.317,619.199
0.000,96.126,1255.892,614.621
0.000,88.728,1256.390,614.096
0.000,86.404,1253.638,620.691
0.000,82.305,1251.198,630.768
0.000,76.382,1247.747,637.275
0.000,68.130,1195.115,639.426
0.000,69.254,1178.328,631.074
0.000,67.332,1180.746,633.415
4.346,71.776,1171.741,627.172
0.000,78.890,1173.592,619.926
16.499,78.021,1158.861,622.859
0.000,78.802,1193.845,625.146
1.841,78.736,1180.630,620.604
0.000,76.567,1176.696,624.873
0.000,76.187,1182.564,628.193
0.670,73.105,1175.868,624.815
5.729,77.140,1178.606,628.144
0.000,87.813,1233.467,597.310
0.000,85.999,1194.259,590.714
10.089,88.489,1192.977,587.488
0.000,84.751,1185.552,589.535
0.000,88.443,1157.806,584.708
7.709,87.356,1174.567,592.964
0.000,86.354,1194.231,599.534
8.384,85.808,1200.309,604.721
0.000,83.999,1201.316,612.338
8.646,83.153,1204.104,615.290
0.000,83.008,1225.336,624.052
0.000,81.499,1208.743,633.846
1.401,83.124,1188.757,630.275
0.000,86.682,1206.753,629.331
0.000,85.026,1185.252,628.155
0.000,85.794,1198.030,629.553
0.000,88.581,1185.542,625.703
5.631,85.888,1179.253,630.610
0.000,93.114,1184.136,630.577
0.129,86.412,1165.697,627.518
3.907,92.318,1173.778,631.651
0.000,88.037,1165.977,629.520
0.000,90.981,1172.095,633.344
0.000,87.887,1175.124,628.794
0.000,87.430,1175.626,635.001
0.000,85.706,1180.968,631.226
0.000,85.607,1180.753,635.665
0.000,84.170,1176.376,631.545
0.000,86.924,1184.442,634.248
2.955,85.795,1174.308,628.767
0.000,87.270,1187.324,634.392
2.447,84.513,1182.535,626.893
0.000,98.065,1241.449,599.240
0.000,87.364,1215.503,607.465
3.166,83.640,1196.567,607.321
2.828,82.787,1196.409,607.629
7.728,80.500,1188.002,609.809
6.501,79.521,1207.383,611.434
9.568,75.110,1197.884,619.054
3.471,75.894,1196.440,623.380
3.873,74.866,1199.241,624.388
3.093,75.077,1216.562,625.311
12.271,70.647,1209.046,633.060
0.000,63.948,1229.839,642.931
12.613,60.983,1212.424,642.204
5.987,65.566,1229.008,638.948
14.591,60.576,1233.440,651.213
1.070,65.922,1235.944,646.254
5.425,61.888,1230.890,646.760
23.422,60.608,1226.998,641.326
19.385,66.732,1238.608,649.730
0.000,57.515,1249.505,663.986
12.296,61.967,1240.495,646.095
20.558,68.214,1240.181,654.565
8.746,61.788,1231.642,666.503
5.871,62.427,1226.784,640.268
22.340,65.175,1236.564,648.634
9.847,60.109,1228.249,670.381
3.112,64.683,1230.514,640.686
31.558,64.869,1228.528,657.463
19.427,66.299,1229.075,655.155
4.778,60.779,1230.313,665.807
8.572,64.682,1225.695,648.734
9.224,63.948,1248.760,666.648
5.448,84.321,1252.468,613.063
0.000,75.496,1266.129,635.901
1.895,72.336,1270.626,659.077
18.629,70.280,1239.578,652.111
31.386,67.354,1260.907,667.930
34.923,75.128,1211.594,657.022
55.105,68.997,1223.674,656.031
31.606,67.405,1218.567,657.676
57.341,65.436,1215.960,658.095
20.575,63.632,1227.962,655.928
8.298,60.079,1280.000,680.240
17.810,75.713,1228.603,656.051
10.240,70.962,1211.292,652.048
3.785,67.953,1243.582,658.327
13.030,57.305,1211.067,656.928
0.000,63.789,1243.772,666.034
22.955,61.602,1213.743,656.099
8.892,68.435,1241.686,678.718
8.475,60.452,1209.705,667.451
20.324,69.198,1225.294,654.984
16.739,66.924,1203.483,659.243
16.414,63.853,1216.686,659.354
0.000,64.343,1227.145,658.202
17.056,66.112,1220.660,659.282
4.333,66.702,1208.881,653.481
27.375,69.474,1221.465,661.383
35.740,71.536,1180.037,652.330
21.352,79.410,1180.833,649.021
20.011,76.928,1172.167,633.115
0.000,72.193,1238.043,649.639
2.336,65.242,1218.929,651.081
15.785,69.647,1226.835,658.348
3.673,85.691,1237.256,610.747
0.000,79.286,1252.029,626.825
2.169,73.145,1251.480,640.334
0.000,65.649,1238.525,643.173
20.502,66.566,1248.346,647.612
12.574,66.604,1240.977,662.625
3.718,61.528,1220.181,646.589
17.495,64.721,1236.229,648.245
0.000,59.275,1261.137,668.700
41.380,59.119,1237.354,644.624
6.213,70.515,1233.419,662.138
21.138,63.058,1226.530,654.655
0.000,54.943,1256.847,672.281
34.225,60.948,1222.136,644.046
0.000,64.876,1235.556,659.314
13.846,70.532,1220.644,652.147
0.000,66.258,1209.628,652.716
10.217,66.311,1196.441,658.362
2.590,62.922,1212.719,664.328
18.368,67.423,1189.789,660.260
23.336,64.025,1199.180,665.855
22.521,72.897,1173.086,653.034
0.000,71.341,1179.788,650.245
0.000,71.496,1164.877,654.828
0.000,71.231,1144.759,650.571
7.653,68.394,1144.561,656.708
9.792,70.489,1145.525,655.873
29.302,85.747,1137.615,647.877
0.000,86.338,1144.084,644.131
17.712,88.879,1126.370,638.181
0.000,85.299,1107.861,643.107
0.000,82.365,1099.104,645.445
0.000,95.047,1124.491,617.791
0.000,87.888,1120.685,631.507
0.000,88.171,1119.978,638.168
0.000,92.478,1100.318,632.855
0.000,93.221,1100.986,627.313
0.000,93.846,1102.418,630.822
0.000,91.588,1091.439,630.186
0.000,93.975,1086.228,634.310
0.000,97.741,1077.231,641.849
0.000,89.627,1073.727,643.665
0.000,87.301,1084.417,646.397
0.000,85.688,1112.938,652.136
0.000,82.760,1145.509,659.321
0.000,89.122,1148.562,648.524
42.678,94.225,1108.854,631.691
102.386,111.172,1097.546,626.128
122.887,118.725,1066.547,627.771
205.304,111.898,1027.949,620.782
245.666,103.646,971.714,610.295
295.182,92.156,928.041,601.389
324.225,77.755,895.644,612.068
329.931,66.681,891.130,631.808
343.722,61.474,886.589,652.332
356.237,51.409,866.096,659.387
353.115,31.210,848.944,672.754
359.142,26.108,834.018,677.507
366.267,28.709,806.409,680.859
364.261,26.159,768.750,676.619
389.212,20.106,718.327,670.798
400.051,11.572,701.881,663.676
390.998,7.921,697.419,649.971
401.088,5.303,693.539,651.536
354.558,16.520,703.432,629.583
384.929,7.890,652.575,610.478
360.204,11.105,658.562,604.102
364.027,16.157,620.297,588.074
356.164,13.087,617.229,586.189
337.637,12.560,627.005,578.704
332.551,7.392,635.624,570.948
324.030,8.557,643.556,563.314
320.668,6.288,639.187,557.070
318.542,8.687,642.782,554.801
305.329,11.373,649.909,546.695
283.376,8.604,651.222,543.658
264.557,9.428,657.168,551.185
270.829,8.878,648.669,549.431
245.499,8.507,652.532,554.743
243.055,12.369,659.701,553.658
228.905,7.121,669.717,569.635
217.481,10.432,663.420,581.526
215.510,9.932,657.160,600.342
213.449,11.135,658.668,616.324
201.325,4.194,665.932,631.356
209.755,7.514,658.019,624.741
219.124,8.658,649.435,627.125
226.877,4.059,645.156,633.105
239.459,8.257,644.648,637.325
252.210,3.035,628.725,645.647
269.849,9.002,623.374,650.962
269.646,6.309,620.260,657.405
274.231,9.552,615.466,660.036
280.392,3.478,611.474,667.751
269.076,5.436,612.271,670.877
273.988,10.051,614.521,671.192
257.182,13.346,639.535,646.552
255.508,4.714,631.333,646.040
250.816,9.262,633.998,646.466
255.047,6.063,621.861,648.504
253.139,11.709,624.048,649.473
258.477,7.152,611.914,656.505
257.799,11.465,613.932,658.986
265.192,5.743,609.588,664.469
265.257,10.970,611.432,665.571
271.208,7.860,612.905,668.367
270.072,12.840,612.742,669.034
275.238,13.475,613.366,667.913
282.609,17.381,611.236,668.267
285.633,21.350,613.433,669.415
281.093,21.139,614.967,671.235
286.227,16.140,610.664,676.457
282.500,23.854,615.245,671.160
278.953,25.753,612.134,670.007
279.921,17.336,604.561,673.274
280.951,16.902,609.839,669.160
276.862,14.206,618.462,673.012
280.061,14.308,613.182,674.799
268.583,17.103,618.817,675.342
270.491,11.272,620.922,679.193
274.181,9.986,620.626,677.935
272.474,9.206,617.385,681.509
275.851,13.032,620.573,679.270
272.717,14.352,617.117,681.250
277.214,15.468,618.804,676.714
284.782,20.438,611.780,675.578
292.357,26.841,606.282,673.880
287.645,31.105,605.919,673.141
275.568,41.737,612.010,642.542
298.147,45.014,595.860,621.248
298.870,45.948,591.151,620.345
309.523,50.085,583.386,617.838
305.059,51.342,579.713,617.252
320.912,54.815,570.370,617.872
322.727,57.835,566.377,620.913
330.705,64.614,567.508,622.661
330.366,58.849,572.043,633.421
330.315,58.963,571.829,635.282
332.297,59.155,573.836,635.983
334.413,52.615,573.616,642.635
337.900,53.563,566.055,642.761
339.550,50.623,575.695,648.329
338.984,52.261,573.539,652.732
341.072,54.418,581.289,654.392
338.625,58.083,582.000,648.596
342.501,58.606,585.765,650.840
337.873,58.538,586.052,651.414
342.123,61.447,576.701,645.713
338.814,60.702,581.478,647.433
339.298,62.143,576.710,648.378
335.789,61.667,573.817,648.252
332.807,60.570,576.028,646.234
332.808,58.735,575.768,645.290
325.533,57.240,575.163,643.082
325.218,54.758,576.822,643.227
321.546,53.738,576.395,644.953
319.597,53.216,577.890,644.000
317.452,51.758,578.862,642.972
315.567,51.199,579.376,642.597
313.011,50.269,580.338,642.543
296.707,59.162,601.434,612.505
301.250,52.459,584.015,598.675
306.485,47.520,582.504,590.378
301.810,47.170,579.139,593.090
307.553,46.134,577.305,589.972
303.061,42.753,581.348,595.526
303.996,43.661,575.687,598.073
309.306,43.019,575.387,600.198
308.309,43.510,577.255,601.338
311.293,46.039,576.041,601.153
310.756,46.789,578.377,604.261
309.843,45.635,581.816,608.371
311.454,46.361,583.852,611.672
313.101,45.148,587.669,610.163
314.437,45.529,589.302,609.913
314.236,41.894,586.199,612.529
323.034,42.624,596.722,607.327
318.999,46.416,601.930,596.955
327.678,49.687,596.835,593.341
337.466,54.069,606.064,588.595
347.043,58.720,608.218,586.662
360.973,61.401,614.122,592.344
359.103,60.410,628.304,599.437
364.293,64.305,641.159,602.632
362.828,65.671,648.727,609.037
361.292,62.536,653.944,615.250
360.731,67.617,654.640,609.048
356.975,69.961,655.018,605.380
353.506,74.955,659.923,599.128
347.170,76.275,672.486,599.296
356.065,85.423,679.901,593.655
354.177,97.982,664.569,583.350
343.370,101.098,686.853,564.400
354.369,95.900,681.539,560.764
364.100,99.104,670.394,557.723
366.698,98.239,658.814,556.012
373.055,100.205,642.545,554.773
380.369,102.940,631.243,555.534
373.806,104.612,630.035,560.317
372.829,102.207,625.629,564.328
367.698,102.445,625.971,563.868
363.517,99.534,628.832,565.575
360.730,97.455,624.307,566.867
356.103,94.398,618.103,573.439
355.023,91.134,617.557,578.602
354.874,89.868,623.118,581.111
361.902,80.969,620.026,584.520
369.666,74.572,626.176,588.962
367.475,76.925,610.105,576.374
367.918,68.482,590.359,553.582
375.783,50.296,572.732,536.131
350.402,41.132,554.845,525.901
377.227,35.999,520.356,518.132
359.545,35.813,538.469,515.917
380.619,35.780,518.537,508.856
373.704,43.852,522.069,501.789
391.216,45.974,502.718,494.451
391.061,51.018,500.705,491.904
400.584,56.343,496.418,491.192
401.580,57.033,487.568,494.546
403.582,53.577,489.267,492.046
402.579,49.557,491.920,495.800
399.529,47.311,501.282,492.017
399.535,41.990,500.922,498.348
381.220,44.736,529.028,486.677
385.109,36.426,527.143,487.945
388.266,44.758,530.740,489.356
390.934,37.320,526.378,495.947
395.737,42.732,523.138,492.751
393.601,36.690,521.228,498.857
402.388,35.440,514.945,499.187
402.147,36.527,512.768,498.721
404.355,33.350,502.836,495.837
409.476,30.032,505.413,488.508
415.296,29.191,510.830,486.788
407.910,25.729,507.971,483.566
412.275,25.371,508.008,486.377
419.519,25.799,498.290,485.129
428.164,26.105,490.331,482.031
438.397,28.764,475.670,476.434
435.125,33.668,475.376,472.219
442.678,31.380,483.319,475.347
432.086,33.665,485.665,483.545
435.985,33.149,479.463,480.982
439.543,34.616,469.645,475.294
444.889,37.081,471.562,470.189
435.254,30.752,481.927,469.503
443.662,29.567,473.741,463.777
433.238,23.470,479.932,465.707
448.624,16.056,461.715,465.903
440.885,14.018,470.165,469.467
442.379,11.630,462.024,480.843
456.281,12.163,462.251,484.135
438.295,16.798,463.769,478.775
455.976,16.562,463.291,480.792
443.549,24.712,468.722,472.996
432.168,24.330,484.992,454.849
456.997,22.658,462.762,461.468
454.013,35.191,464.617,473.624
441.773,33.874,466.096,465.716
439.840,34.133,468.507,473.668
441.538,45.067,471.820,469.207
442.039,50.211,471.010,462.024
439.482,49.872,465.241,467.496
437.513,50.080,475.618,472.801
425.347,47.116,493.087,480.846
424.547,45.975,502.834,487.408
419.503,40.474,515.655,502.853
418.003,41.305,519.932,516.412
425.503,46.296,508.632,513.563
407.331,38.586,523.175,517.226
410.415,39.956,528.058,520.468
406.692,41.172,526.239,515.464
408.874,36.474,527.781,510.627
402.952,39.421,528.730,514.793
409.678,37.153,525.337,511.495
404.888,40.055,528.295,513.783
409.163,39.522,526.145,510.787
405.143,40.351,530.280,512.903
410.385,40.966,531.162,517.516
407.936,41.734,531.155,513.899
411.002,41.578,534.179,520.174
407.458,41.986,530.090,516.518
411.643,38.675,536.982,521.263
406.937,43.050,532.091,519.683
414.410,39.523,528.524,516.659
395.511,38.395,543.379,522.502
392.250,40.475,528.438,531.285
367.712,36.632,562.917,518.104
364.783,40.122,568.032,502.798
314.527,45.865,588.110,510.082
295.740,60.095,620.753,521.865
283.798,62.047,635.278,532.726
257.845,67.538,647.734,546.287
191.593,62.082,669.175,561.148
196.216,52.669,695.211,578.444
176.026,44.537,696.283,584.143
181.189,45.320,695.680,598.947
157.231,39.595,703.527,619.717
158.037,47.874,707.064,624.388
132.240,55.622,705.306,634.535
117.094,55.509,722.378,660.033
101.545,63.877,759.166,660.547
84.992,58.346,778.060,668.761
80.534,53.215,764.864,663.505
66.390,68.415,780.625,653.944
109.314,85.360,808.966,639.259
98.341,100.556,835.985,631.413
79.822,96.077,841.112,620.514
88.233,89.154,807.034,613.953
33.038,107.100,794.840,598.373
44.157,105.014,795.716,604.010
58.902,101.024,830.507,604.014
51.864,121.021,844.360,607.813
47.146,119.765,865.976,591.820
64.352,140.484,917.716,586.516
111.349,167.165,905.646,543.414
116.102,176.258,927.741,546.969
98.882,175.249,961.161,519.268
69.858,179.017,1031.856,532.814
98.955,170.916,1110.446,501.507
55.989,173.846,1167.269,518.237
27.709,166.980,1183.158,529.389
37.426,177.548,1179.030,542.884
46.003,181.869,1171.342,545.616
48.636,180.336,1195.902,545.388
23.434,170.976,1251.886,559.485
0.000,163.106,1266.366,561.720
0.000,133.805,1260.125,585.475
0.000,114.151,1249.959,614.752
15.230,98.542,1249.327,638.654
20.929,89.593,1247.278,650.772
18.497,91.112,1252.924,651.335
11.795,92.563,1258.528,651.644
2.909,86.625,1280.000,662.341
4.978,85.943,1280.000,662.513
0.000,86.474,1280.000,663.528
10.164,82.169,1280.000,667.572
0.000,79.744,1280.000,668.921
0.000,77.676,1280.000,673.903
0.000,78.071,1280.000,674.153
0.000,74.990,1280.000,676.450
9.085,76.722,1280.000,672.399
0.000,73.876,1280.000,676.251
16.494,74.773,1279.317,670.968
0.000,74.485,1280.000,663.046
14.260,71.027,1268.713,667.443
9.388,70.732,1248.606,661.422
5.452,69.358,1262.606,673.891
15.176,68.661,1245.623,670.277
30.971,53.468,1211.552,650.699
32.709,59.974,1238.800,647.678
34.490,81.205,1254.145,602.460
51.771,49.503,1220.316,611.074
56.883,21.600,1210.310,624.050
59.311,10.531,1219.147,634.784
57.517,12.924,1203.027,643.785
47.050,13.715,1213.707,664.431
63.700,22.416,1197.150,676.166
105.654,27.400,1148.411,690.514
88.713,45.589,1154.094,671.448
97.253,67.569,1059.179,649.976
95.353,79.564,1030.726,633.471
103.981,101.967,1025.607,604.148
99.213,85.445,1022.673,595.205
104.162,102.972,1008.425,606.588
82.786,113.892,1019.405,591.711
53.103,124.898,1086.522,582.533
29.016,110.856,1089.412,600.510
61.763,89.719,1060.718,617.738
56.739,66.641,1092.836,640.398
71.406,45.481,1089.869,662.270
95.011,33.542,1101.979,668.675
106.374,31.998,1095.875,677.248
125.562,31.214,1076.545,670.940
125.377,45.759,1096.012,681.327
148.848,31.091,1020.659,651.523
171.255,36.699,1010.318,669.542
196.532,32.920,972.225,670.397
227.322,41.262,980.822,684.869
248.386,32.648,931.429,673.340
237.534,30.406,935.157,692.679
243.324,24.617,930.824,685.478
248.011,16.726,933.746,699.013
226.136,23.410,989.196,702.388
224.923,28.785,1027.120,720.000
240.323,38.405,1039.129,705.473
240.935,49.279,986.659,685.723
208.567,56.983,1017.122,670.553
147.593,70.648,1032.899,648.589
103.113,90.050,1085.653,640.435
40.455,96.196,1120.443,622.069
1.806,96.552,1149.181,634.155
0.000,93.908,1174.160,637.928
0.696,88.870,1176.783,633.742
0.000,85.490,1195.384,640.032
0.000,86.435,1232.285,639.347
14.792,74.498,1202.365,648.896
17.778,67.232,1212.352,664.972
40.081,56.958,1192.212,677.976
56.448,41.332,1159.497,684.110
64.272,37.226,1157.776,709.147
63.776,37.210,1152.378,711.646
65.156,31.191,1151.168,719.125
74.248,24.903,1148.412,720.000
85.552,25.283,1149.967,711.668
93.916,31.046,1153.403,709.316
97.516,51.084,1139.542,676.426
63.245,52.401,1136.913,667.089
37.508,48.739,1154.221,682.504
61.774,43.122,1122.838,701.625
57.887,39.327,1128.051,703.525
65.069,37.793,1129.178,713.408
74.538,33.346,1143.512,720.000
110.167,31.115,1118.469,720.000
131.422,29.590,1099.032,702.003
136.912,48.888,1121.495,663.800
114.276,54.952,1110.635,649.354
107.031,61.647,1122.954,653.466
100.354,66.276,1119.811,649.904
83.089,62.791,1110.445,652.932
70.757,67.230,1130.332,648.090
57.879,66.411,1133.380,644.879
52.757,61.239,1151.561,650.149
56.020,65.199,1155.019,655.512
55.615,69.562,1131.601,644.082
40.963,77.947,1146.334,639.388
35.139,75.126,1143.040,620.954
36.441,72.928,1186.625,646.034
45.943,83.762,1177.643,619.565
14.826,88.996,1185.939,617.456
28.061,81.971,1191.647,631.877
25.669,90.637,1164.647,618.523
29.216,95.185,1173.647,621.801
38.762,90.666,1168.059,634.478
38.587,79.405,1169.067,646.604
52.888,59.080,1166.297,669.611
38.504,39.912,1184.284,688.900
42.480,19.323,1166.864,708.089
25.090,6.820,1152.104,716.911
20.897,20.802,1129.695,720.000
25.119,2.253,1093.620,720.000
35.398,1.697,1104.200,720.000
43.649,3.703,1097.715,720.000
64.910,29.102,1066.418,701.435
122.831,75.080,1000.653,657.339
106.974,118.610,1018.285,607.575
104.641,93.881,1028.044,595.007
130.737,84.606,1017.498,593.436
195.774,68.174,980.133,602.380
237.965,57.540,946.731,595.819
233.051,47.894,924.020,593.134
261.487,34.793,868.241,603.459
338.651,51.531,852.083,597.502
436.962,24.099,790.886,594.944
468.686,0.000,748.103,615.441
504.132,0.000,733.011,627.761
458.782,5.679,733.993,636.558
467.263,26.141,726.155,616.327
490.349,17.943,703.456,614.691
446.941,22.909,690.819,619.554
390.359,47.814,664.169,611.657
368.266,79.974,655.741,632.258
381.926,71.140,657.619,603.838
432.233,80.824,685.966,603.747
498.098,79.115,735.726,629.224
460.374,49.967,783.049,644.576
419.231,19.635,742.005,676.499
474.345,14.522,676.091,705.172
555.107,25.675,652.292,679.243
592.781,31.220,618.394,670.584
692.705,73.939,592.554,650.624
710.627,42.300,516.482,638.964
737.978,80.010,512.503,642.990
731.949,69.399,494.655,609.911
733.830,85.878,485.076,623.357
746.695,99.299,486.319,594.807
757.190,104.304,479.343,602.182
748.966,56.984,484.319,596.579
709.974,91.164,500.193,587.523
706.766,117.139,529.327,575.494
757.434,121.739,533.714,576.522
788.770,155.124,509.084,581.347
845.245,182.483,471.380,536.915
852.637,222.752,442.008,529.337
876.825,245.513,426.030,490.577
883.974,286.863,408.439,460.561
875.317,307.947,400.668,424.129
