242.000,68.000,346.000,85.000
260.563,64.147,319.868,85.254
254.942,66.127,331.117,84.341
254.900,63.837,325.721,85.095
257.519,64.395,326.112,86.517
265.603,62.557,322.380,86.117
270.016,63.136,322.568,87.006
270.779,66.610,322.148,86.516
281.882,65.340,315.090,86.891
282.226,66.685,319.663,88.220
286.846,66.651,318.258,89.341
290.310,71.182,317.646,89.429
291.778,71.290,320.147,89.366
294.216,74.002,321.305,90.032
298.754,75.322,322.069,89.800
298.756,76.025,329.901,89.937
296.861,78.087,336.057,90.889
301.109,80.740,332.408,90.015
301.047,85.050,331.829,89.406
303.854,88.392,332.423,89.721
303.091,90.558,334.767,89.682
311.288,95.761,332.816,90.006
307.907,99.786,339.146,89.600
314.898,102.208,329.879,87.952
311.252,102.314,331.193,88.968
316.683,103.923,330.286,88.803
316.300,104.794,329.829,88.366
315.775,105.723,329.781,88.683
314.522,108.408,331.534,88.415
313.849,109.702,334.473,87.821
316.633,111.289,330.301,87.034
315.708,111.545,327.411,86.434
319.771,113.447,335.769,84.260
316.110,112.609,332.316,84.266
319.469,113.389,324.988,84.410
318.868,114.976,328.121,84.287
321.679,115.109,320.896,84.109
317.658,116.613,320.706,83.546
317.210,115.581,317.787,83.563
318.694,116.829,330.262,82.799
315.044,116.816,323.508,83.049
311.473,117.817,326.365,81.746
308.797,118.188,331.481,82.703
306.980,117.651,330.452,82.721
300.710,120.350,341.283,82.327
304.037,119.269,332.230,83.161
302.797,121.728,338.974,82.463
300.165,121.432,328.013,81.666
300.142,122.775,332.725,80.990
296.649,123.328,331.260,81.876
299.713,125.041,331.168,80.872
294.090,127.030,334.615,81.031
297.047,128.393,329.261,81.114
296.032,130.099,331.216,81.027
295.985,132.344,328.376,81.363
295.593,134.884,330.165,80.880
299.304,135.996,325.541,81.108
299.255,138.601,327.430,81.320
301.119,142.862,332.319,80.153
305.931,145.207,325.511,79.574
301.095,149.085,330.717,78.967
303.570,150.758,325.953,79.536
304.251,154.568,327.017,79.845
306.100,157.540,323.898,80.709
304.669,162.304,331.610,79.486
307.252,164.046,324.190,79.874
310.544,168.089,328.507,80.696
309.860,171.558,328.113,81.259
312.532,176.579,328.279,81.207
313.984,181.400,325.554,80.957
312.653,185.198,329.774,81.366
316.008,189.202,329.712,81.553
316.217,193.181,327.135,81.515
317.997,197.940,326.321,81.571
318.393,201.870,330.178,81.976
318.520,206.580,328.623,81.572
318.585,209.532,326.451,81.574
321.803,214.166,327.945,81.991
319.780,214.981,323.092,82.562
321.044,219.938,330.086,82.508
324.838,221.182,324.473,81.766
321.827,223.233,333.440,83.412
322.832,226.418,326.584,82.916
327.569,228.653,326.318,81.624
322.951,231.554,322.740,81.656
332.330,232.719,327.829,81.444
329.774,235.183,321.390,81.085
332.884,236.948,327.133,80.785
336.537,238.686,317.408,81.157
334.540,240.899,322.059,81.162
341.962,242.410,316.762,80.605
341.853,243.374,316.550,80.680
339.663,245.236,318.824,81.291
341.721,246.753,318.863,81.231
344.277,248.561,320.663,81.496
343.903,249.824,322.279,82.360
345.137,252.072,328.423,81.777
346.383,252.517,329.203,83.126
351.555,254.214,324.898,83.504
354.149,255.911,322.353,83.397
355.962,258.414,323.415,83.744
357.243,260.123,320.628,84.263
356.564,262.106,323.747,84.962
356.271,264.087,318.917,85.124
353.973,266.266,321.747,85.324
355.459,268.852,321.495,83.877
350.825,271.404,320.741,83.461
348.008,273.957,319.799,83.961
341.224,277.299,321.573,85.253
334.504,280.179,320.507,85.384
326.369,282.983,321.436,85.677
320.330,286.066,325.060,85.896
311.895,289.224,320.017,87.296
301.851,293.680,327.479,86.611
294.304,296.739,324.401,87.615
284.245,299.841,327.261,88.345
276.139,304.425,328.714,88.991
266.182,309.215,328.926,88.922
257.447,313.304,329.401,89.129
250.665,317.408,324.960,89.072
243.002,321.271,325.813,89.226
237.072,325.474,325.071,89.437
227.702,329.118,326.755,89.626
226.610,331.489,324.126,89.532
217.262,335.101,327.858,90.337
219.717,337.338,318.047,89.306
211.313,339.659,323.352,89.647
212.354,342.042,318.269,90.118
204.188,345.539,330.015,89.601
210.534,347.821,322.842,89.062
209.408,349.174,323.022,90.037
213.315,351.134,317.209,90.284
219.598,351.925,315.454,89.970
223.705,353.985,314.118,90.427
229.499,354.126,314.111,89.016
234.800,354.612,312.139,90.339
244.796,354.758,306.935,88.545
248.156,354.765,306.564,89.368
260.265,353.911,302.447,88.426
263.754,352.519,304.503,88.227
272.693,352.037,301.592,87.675
279.358,351.118,303.249,87.199
287.713,350.407,306.310,87.678
294.465,349.213,311.983,87.100
303.872,347.929,315.835,87.376
302.695,347.466,322.024,87.588
314.526,345.276,321.712,87.443
312.359,345.960,322.054,86.140
318.533,344.649,323.136,86.445
322.668,344.269,325.278,85.743
326.478,343.621,325.816,85.242
329.680,343.737,330.256,83.981
330.654,342.584,330.553,83.106
324.859,342.285,323.365,83.052
342.048,343.528,322.665,82.800
334.681,342.559,320.548,82.211
335.918,343.796,322.651,81.086
340.403,342.314,322.690,80.993
342.564,342.948,324.477,79.680
342.083,342.619,317.582,79.867
346.466,342.634,331.036,79.509
346.998,341.167,314.454,80.889
357.009,341.113,320.895,81.195
358.041,339.578,317.660,82.124
358.699,339.405,319.023,82.797
358.388,337.479,318.902,83.875
359.883,336.478,318.460,84.413
365.480,336.459,322.771,84.371
365.669,334.209,316.093,85.548
367.202,333.532,321.682,85.320
376.323,331.547,313.720,86.195
385.084,330.625,311.563,85.585
386.364,329.349,314.796,85.658
388.046,327.713,317.177,85.945
391.222,325.718,319.163,86.558
395.067,323.823,316.226,86.791
395.709,321.607,317.844,88.052
396.694,317.690,315.836,89.491
399.201,316.370,315.061,89.318
399.437,313.500,314.849,89.772
399.093,310.812,315.199,89.671
403.610,308.470,314.709,89.630
402.083,306.076,314.694,89.618
402.803,303.006,311.389,90.185
400.303,301.978,314.925,89.853
400.205,299.005,313.605,89.802
398.473,296.381,316.737,89.912
399.356,295.571,318.717,89.830
399.851,293.529,318.212,89.923
399.350,291.343,317.154,90.290
399.550,288.908,317.189,90.467
402.197,286.864,317.464,90.101
396.132,286.155,323.446,88.331
393.803,282.043,321.300,87.481
387.708,280.573,322.772,87.963
386.546,277.428,316.842,88.472
382.440,275.910,316.127,88.499
373.613,273.030,308.524,89.346
369.123,270.759,301.740,89.278
361.986,270.357,300.892,88.983
356.747,268.522,300.338,89.027
349.878,266.733,297.296,89.596
342.334,266.977,297.912,89.448
341.659,263.127,294.167,90.174
332.866,263.588,295.225,89.929
326.609,261.387,291.695,90.320
324.147,259.718,291.456,89.803
316.366,260.699,298.201,88.656
318.061,257.378,293.543,89.813
311.562,257.041,298.099,88.951
311.535,255.506,289.938,88.716
310.919,255.711,288.782,88.015
307.161,253.568,289.089,88.080
306.581,252.820,289.844,87.752
301.889,252.036,293.204,86.926
298.468,251.232,292.478,86.013
293.817,250.590,288.525,85.523
291.807,250.577,287.945,85.314
285.658,249.201,289.378,85.273
280.263,248.416,292.849,84.589
280.299,248.678,296.009,83.909
276.468,246.980,294.778,84.082
274.872,247.512,293.745,83.471
275.995,246.216,299.218,83.552
276.191,247.260,303.502,82.049
279.333,245.513,302.835,83.261
277.011,245.290,306.298,84.016
278.645,246.295,303.248,84.457
276.546,246.074,302.764,84.571
275.611,245.748,301.266,85.130
277.073,245.950,299.057,84.832
280.408,245.472,297.711,85.892
282.309,245.468,293.313,86.432
282.970,244.968,288.808,86.846
283.164,245.132,287.228,86.843
282.544,245.334,285.152,86.873
273.160,245.139,286.741,87.267
276.371,245.233,284.639,87.199
270.608,244.832,285.464,87.485
269.159,244.931,285.313,87.449
270.228,244.227,280.413,87.669
267.958,244.517,279.366,87.874
269.503,243.834,279.551,89.364
268.617,243.777,275.489,89.133
268.081,243.421,273.035,89.715
268.061,242.515,268.320,91.446
269.153,241.605,265.149,91.519
266.647,241.292,266.446,91.262
265.051,240.919,262.607,92.109
269.455,240.645,255.685,92.052
270.440,239.497,247.410,90.507
268.938,238.610,246.769,89.971
269.054,238.833,246.853,89.755
270.362,238.378,243.842,90.016
272.199,237.040,238.133,89.652
271.685,235.138,236.719,89.564
269.593,235.596,239.688,87.233
274.361,234.112,235.819,86.591
270.899,231.840,238.604,88.693
269.163,229.150,238.207,88.586
266.141,228.142,238.093,89.337
265.900,226.519,238.717,88.353
263.762,226.033,235.980,89.025
263.432,223.661,239.644,88.823
265.553,223.472,237.868,89.599
266.574,221.832,235.030,90.251
268.122,220.465,235.460,89.814
266.228,219.203,232.371,90.323
268.598,218.694,233.959,90.159
268.230,218.196,234.983,89.956
268.616,215.433,234.833,89.501
270.999,216.380,238.784,88.487
269.162,214.256,236.787,89.175
268.277,213.743,238.282,89.352
270.832,213.950,237.010,88.263
272.152,211.610,240.677,88.354
271.750,212.342,244.857,87.264
271.367,211.345,241.309,87.859
276.880,212.824,240.102,86.363
276.473,211.318,238.533,85.789
278.145,212.584,240.579,85.601
277.016,212.354,241.376,85.382
274.701,213.286,243.098,84.757
279.068,213.598,242.892,84.858
281.832,214.195,243.537,83.614
282.221,212.876,245.030,83.222
279.750,214.455,247.699,81.993
282.138,213.119,247.478,83.070
278.700,215.626,258.164,80.646
281.417,214.155,253.875,81.606
284.080,214.526,255.052,81.579
285.162,214.323,260.747,82.304
286.116,213.100,263.056,83.313
287.797,215.359,266.502,82.647
287.722,213.079,265.738,83.306
290.123,215.247,267.876,81.826
292.081,212.609,268.787,82.917
291.427,214.099,274.608,82.812
292.692,214.157,273.720,83.021
293.142,215.588,274.261,83.030
298.258,214.094,275.464,83.088
297.632,215.626,274.640,82.726
297.494,215.941,278.035,82.755
299.088,216.562,279.006,83.216
301.181,216.023,279.109,83.048
300.190,217.457,281.223,83.276
300.844,216.954,280.112,83.751
302.648,219.132,279.651,83.349
303.316,221.455,283.340,83.736
302.207,220.629,283.165,85.541
301.006,224.827,285.095,83.804
300.293,224.268,285.504,86.000
300.954,226.879,291.679,86.012
302.509,228.890,289.216,86.351
304.108,230.211,290.607,85.954
305.970,231.151,290.321,86.205
306.769,233.268,293.924,85.738
306.704,235.362,294.399,85.101
308.449,237.274,291.170,84.496
309.950,238.476,290.418,84.522
312.212,241.397,293.820,83.095
309.169,240.340,294.930,83.960
312.248,241.628,293.618,83.589
309.735,240.588,289.696,84.416
310.465,242.458,293.029,84.945
310.746,239.444,290.882,85.891
312.730,240.769,292.578,85.693
317.124,238.265,289.300,86.676
321.460,236.902,288.667,87.372
323.710,235.718,290.457,87.687
325.591,233.219,289.796,88.644
326.352,230.955,292.905,88.828
327.814,227.111,293.792,89.749
333.017,224.892,294.757,89.593
338.686,221.999,295.202,89.171
338.351,218.654,293.097,90.150
338.771,217.507,299.290,90.941
345.853,213.758,298.586,91.836
354.107,211.481,298.438,90.814
358.449,209.104,298.954,90.522
364.603,207.519,298.317,89.127
372.768,204.501,294.514,89.114
378.704,205.854,294.945,87.789
382.471,202.435,292.809,88.936
386.202,204.083,295.251,87.284
392.266,201.134,294.386,87.950
396.425,203.274,301.633,86.794
396.514,201.832,299.650,87.775
397.110,204.699,308.149,85.729
397.767,204.462,307.316,86.531
398.695,205.195,312.067,86.264
400.604,206.413,315.183,86.220
400.333,208.672,327.283,85.358
399.864,209.749,332.340,85.984
405.573,210.589,333.920,87.378
411.578,212.672,335.061,86.988
411.519,213.945,336.278,87.610
412.275,215.166,339.492,87.997
414.959,216.652,340.011,87.543
418.371,217.564,340.154,87.197
422.384,217.876,340.003,86.981
426.886,219.185,340.727,86.390
430.552,219.198,340.247,87.767
432.884,221.333,340.232,87.832
436.634,221.177,341.043,88.613
437.051,221.503,342.567,88.716
433.033,221.628,347.944,89.522
434.862,219.994,350.393,90.394
436.257,218.808,352.026,90.448
435.253,218.281,355.712,89.734
433.611,216.418,361.134,90.259
435.678,215.552,365.111,90.021
435.931,214.173,373.423,90.034
433.615,212.163,377.566,90.307
433.929,210.083,382.115,90.631
435.813,210.370,380.742,89.801
433.557,206.810,378.940,90.121
435.400,205.582,390.198,89.799
438.096,203.090,386.415,90.411
439.714,201.581,392.400,90.179
438.512,199.109,391.295,90.669
441.895,197.359,391.692,89.942
439.499,194.051,388.873,89.521
442.673,190.287,390.546,90.362
438.825,189.709,403.124,89.530
440.004,187.571,395.590,89.030
437.779,184.353,394.803,89.408
440.033,180.441,395.472,90.555
444.222,179.191,394.074,90.788
440.044,176.801,397.456,90.995
437.091,173.806,395.214,91.559
443.198,171.512,395.452,91.920
435.345,169.380,392.737,92.883
434.160,169.273,395.757,92.498
431.478,165.142,394.072,94.159
431.974,163.978,396.707,93.473
426.219,160.440,397.223,93.912
426.237,159.466,402.304,93.021
421.556,157.452,402.975,92.731
421.050,155.335,401.647,92.189
420.251,154.333,402.571,90.484
414.616,151.871,399.292,89.752
414.036,153.227,399.852,87.206
409.640,150.458,390.225,87.457
410.316,150.102,397.531,86.655
412.173,149.407,399.071,85.560
403.000,147.607,393.778,85.045
403.659,147.158,402.256,83.976
398.621,144.745,403.535,84.698
392.361,142.956,409.443,84.763
394.070,140.291,413.683,85.590
386.396,140.774,418.206,87.806
382.642,137.644,416.238,87.080
385.113,137.143,419.909,86.669
377.844,135.625,422.288,87.881
375.698,131.543,418.988,88.798
364.704,133.142,443.287,87.126
363.936,128.661,425.865,88.406
365.647,127.905,439.862,87.792
352.410,125.946,428.633,89.114
358.372,125.550,443.467,86.591
347.481,122.467,426.976,89.978
355.391,122.724,444.924,87.509
343.223,119.814,429.798,90.709
352.703,119.948,449.596,87.991
344.543,114.858,431.634,91.549
343.199,116.429,452.281,88.975
335.974,113.155,434.742,90.086
345.390,111.782,462.214,88.165
342.417,108.656,432.306,88.926
333.850,107.456,446.075,87.875
332.854,107.106,449.013,86.909
325.245,104.652,444.915,88.267
328.640,102.890,451.262,88.177
325.169,102.005,440.843,88.065
326.514,100.519,447.988,88.008
320.361,98.665,447.694,88.343
320.816,97.674,449.599,87.616
316.139,97.297,454.743,86.591
310.184,96.381,456.057,86.606
310.761,95.991,458.254,86.293
307.761,96.062,458.771,85.399
299.964,94.481,456.026,85.671
298.105,95.819,468.820,84.775
292.222,94.732,463.321,86.199
302.468,93.667,467.357,87.829
290.412,93.258,469.167,87.967
297.995,94.330,472.161,88.335
295.066,94.518,484.890,86.638
295.175,94.394,470.368,89.088
310.740,93.369,471.450,89.029
305.508,92.669,474.591,91.082
313.550,94.376,475.512,90.390
312.436,92.966,473.023,92.786
321.104,93.959,482.088,92.197
324.734,93.754,487.852,94.145
325.166,96.697,481.226,93.306
328.298,97.760,480.919,94.962
334.410,98.663,478.716,96.410
335.801,98.976,478.612,98.003
349.622,103.355,481.819,95.769
346.016,102.264,469.411,98.998
361.896,106.144,478.009,96.785
364.828,106.953,476.683,99.614
364.026,110.825,482.820,100.458
365.743,113.017,485.703,101.294
373.263,115.467,478.980,101.756
379.877,118.433,483.212,100.183
371.100,122.341,487.118,99.670
383.978,122.758,485.376,99.712
383.352,125.877,495.517,100.170
386.878,127.493,486.609,99.054
389.593,129.996,493.124,99.165
390.860,132.943,484.614,97.147
395.498,132.863,480.851,97.600
389.741,136.775,477.634,95.518
389.019,136.095,480.289,97.427
384.094,137.868,489.608,96.979
379.258,138.759,485.367,96.850
374.883,139.102,501.940,96.814
369.707,141.116,519.341,95.077
361.452,140.590,511.253,97.022
349.987,140.780,508.811,97.460
352.573,141.097,511.889,96.134
348.423,140.931,502.439,96.877
338.341,138.727,503.457,98.146
345.072,137.892,511.791,98.620
341.036,136.429,494.115,99.067
333.712,134.835,500.472,100.370
326.114,134.698,504.426,100.703
308.943,133.385,501.732,101.694
300.045,134.954,532.888,99.651
287.163,133.330,517.265,99.994
278.804,134.516,539.068,99.550
264.033,133.850,519.369,99.810
259.262,131.315,541.933,98.961
259.723,131.111,544.500,100.776
245.350,131.358,542.675,100.025
246.110,130.566,551.055,99.644
237.842,130.942,546.576,99.945
229.014,130.849,545.552,98.810
233.715,128.879,549.615,101.587
222.600,129.901,552.355,100.371
215.844,129.872,560.904,100.918
214.158,129.056,558.841,101.526
210.249,128.493,559.232,103.413
205.883,128.251,554.992,103.328
201.489,130.744,566.213,104.070
188.654,129.621,554.132,101.735
195.725,128.157,579.059,103.460
184.588,130.468,581.414,101.737
178.436,130.593,574.298,100.529
168.148,132.312,601.808,99.083
162.739,130.228,586.463,102.611
163.982,130.804,585.903,99.768
151.631,131.135,590.528,100.879
153.757,130.446,580.441,101.687
144.815,129.056,581.680,100.390
147.034,127.162,585.802,101.501
148.781,126.350,585.875,101.308
142.082,126.565,588.504,100.697
126.954,124.129,573.108,102.711
137.608,121.872,572.589,101.828
130.656,123.829,584.915,101.282
114.072,123.200,577.989,103.657
114.457,119.066,567.527,102.909
124.918,117.045,580.097,100.458
111.043,116.075,586.179,100.355
113.379,114.677,582.250,101.045
113.493,112.994,579.013,100.396
111.664,111.105,582.018,100.939
102.814,109.929,582.902,100.126
109.914,107.792,577.461,99.891
89.277,107.579,586.636,99.095
98.659,107.021,583.065,98.972
91.589,106.893,586.078,99.294
90.221,105.729,584.892,99.090
89.439,104.244,585.240,99.212
96.809,102.621,578.840,99.801
94.670,103.314,571.946,99.129
95.653,102.049,572.855,98.027
98.544,102.739,566.842,99.702
105.996,104.010,559.370,97.667
125.366,104.247,550.663,96.339
143.204,104.553,544.451,94.003
172.249,104.781,509.487,92.264
236.916,105.321,440.337,89.226
284.825,106.084,373.562,84.947
323.855,107.074,318.605,81.937
342.716,107.339,303.687,80.380
353.935,110.305,288.951,77.048
342.260,111.818,292.376,75.535
350.861,114.298,280.039,74.118
340.748,115.585,285.575,73.759
355.653,116.988,269.149,72.845
340.653,118.312,279.451,72.754
349.041,121.403,271.161,72.367
346.402,122.626,273.823,72.278
354.857,123.493,266.182,72.083
351.168,124.890,265.941,72.342
349.420,125.667,267.327,73.727
347.920,126.976,270.356,73.767
350.810,127.788,268.461,74.450
346.785,130.358,271.638,73.811
346.224,131.387,269.968,74.415
345.641,132.306,273.517,74.753
344.209,132.945,271.466,75.442
342.325,134.693,274.296,75.461
345.034,135.978,275.078,75.199
342.282,137.225,275.108,75.296
338.678,138.970,279.597,74.577
339.631,140.229,276.856,74.893
342.515,140.790,276.662,75.451
341.168,142.035,277.537,75.517
335.811,144.140,275.094,75.905
340.986,144.509,277.358,76.447
334.349,147.228,284.391,74.627
338.925,147.168,276.136,75.256
332.369,149.368,277.481,75.456
341.863,149.703,276.387,76.057
333.613,151.046,271.584,76.084
333.638,153.430,276.446,75.792
332.411,155.688,273.837,75.230
335.492,157.092,273.096,74.607
331.057,160.203,273.754,73.450
335.474,161.602,273.318,73.091
334.441,165.071,275.412,71.814
335.253,167.116,272.033,72.177
335.218,170.163,275.062,73.103
332.774,173.353,273.162,72.986
337.645,177.035,269.478,72.025
333.621,180.640,269.976,71.758
332.868,183.644,267.077,72.830
332.261,187.384,267.402,71.963
328.210,190.352,267.327,73.360
335.020,194.079,267.546,73.513
326.515,197.383,265.771,74.316
330.062,201.484,265.297,75.134
328.025,204.501,264.494,76.325
333.286,208.299,262.661,75.830
327.886,211.412,266.502,76.378
335.290,215.072,262.931,76.967
332.822,218.895,263.607,76.650
335.995,221.946,260.058,76.067
336.451,226.149,262.111,75.312
335.859,229.522,262.458,75.290
338.883,231.917,257.076,75.707
344.375,235.555,260.580,75.711
344.745,238.598,262.213,74.919
347.299,240.333,258.759,75.921
352.668,243.008,258.617,76.331
358.489,245.309,255.595,76.513
360.103,248.372,258.249,76.359
367.531,249.559,252.966,75.740
372.212,251.093,253.915,76.122
372.020,253.157,252.870,76.122
378.291,255.011,254.126,75.709
380.727,256.011,250.411,75.217
387.529,259.205,253.546,73.639
392.310,258.646,251.925,75.437
397.765,260.750,251.561,74.569
401.424,262.030,252.966,74.739
403.720,264.329,255.760,74.835
412.350,264.235,253.872,75.759
411.389,267.113,257.192,74.760
417.711,268.530,254.352,74.809
423.280,268.710,253.866,75.362
424.395,271.265,255.735,74.521
431.120,271.786,258.048,76.183
433.423,274.147,256.741,74.623
444.454,276.069,255.963,75.171
444.268,277.065,259.683,75.256
445.362,278.001,262.781,75.685
447.399,279.202,264.505,75.614
453.348,280.293,262.559,75.568
453.922,281.579,265.123,75.641
458.363,282.188,269.261,75.930
459.933,283.749,264.871,75.501
470.516,284.777,264.720,75.284
463.686,284.872,268.814,75.448
471.596,286.765,269.130,74.362
468.413,286.422,273.182,74.767
475.122,286.343,268.918,75.177
477.311,286.738,269.356,75.964
477.447,287.498,269.439,74.930
482.403,287.372,271.124,75.251
482.599,287.972,266.391,74.165
484.615,288.641,265.315,73.732
486.670,288.672,264.994,73.400
490.807,288.732,263.422,73.758
490.017,289.250,265.228,72.920
495.252,289.371,266.460,73.030
493.327,289.505,269.177,72.069
499.984,290.556,267.894,70.989
499.446,290.263,269.229,71.405
508.699,291.199,267.794,70.597
502.900,290.731,269.763,71.449
516.595,291.608,263.017,70.523
515.709,291.903,267.060,70.943
521.318,292.850,263.650,69.995
524.213,292.429,262.838,71.096
530.336,292.271,263.126,71.256
528.746,294.020,266.218,70.594
538.481,291.800,263.906,73.033
530.323,292.267,268.932,72.632
553.325,292.163,257.652,72.518
534.447,292.864,269.813,72.176
554.244,292.000,259.283,73.159
541.204,292.379,267.215,73.582
559.758,291.267,256.462,73.704
547.595,292.198,263.981,72.779
554.809,292.418,258.658,71.829
549.531,293.844,269.501,70.612
558.619,293.164,259.504,71.666
552.188,294.655,264.718,71.452
558.259,291.663,261.069,73.448
554.838,292.439,261.149,72.490
555.974,289.945,263.053,73.514
556.971,287.847,258.288,73.432
556.656,287.671,260.157,72.086
555.663,284.436,261.051,73.674
553.241,282.506,261.482,73.138
546.808,279.957,263.784,73.146
546.514,275.601,260.299,74.079
541.299,273.730,260.164,72.957
532.382,270.298,261.271,73.381
525.966,266.855,260.615,73.345
523.841,265.674,260.473,70.866
513.053,262.286,260.647,72.152
511.727,262.655,261.437,69.937
500.911,259.882,262.583,71.303
493.316,258.647,264.563,71.319
482.646,256.457,265.058,71.524
471.231,255.547,267.851,72.195
462.062,255.452,264.727,72.390
449.279,255.057,269.526,72.346
434.004,254.880,272.290,72.659
426.379,254.109,274.596,73.274
418.507,255.137,274.621,72.524
412.053,256.999,269.625,72.429
403.883,258.546,276.690,72.561
395.009,261.058,275.363,72.552
388.243,263.489,278.288,72.326
376.312,267.627,280.725,71.942
369.097,270.885,287.437,71.392
365.631,275.336,282.622,72.263
355.208,279.989,285.234,71.693
352.962,284.853,285.421,71.732
343.618,289.315,282.594,71.547
339.192,296.006,279.398,70.771
333.931,300.722,282.648,71.613
326.854,304.772,283.252,70.803
320.210,311.440,278.856,69.585
314.741,315.999,286.026,68.520
303.292,320.255,279.888,68.711
300.541,325.739,284.978,67.894
291.176,328.958,284.235,66.426
280.203,334.248,284.146,67.079
274.384,337.894,290.059,65.977
260.289,340.576,285.599,66.094
251.903,343.233,287.313,66.672
242.635,346.211,285.132,66.090
232.602,348.348,282.030,66.257
218.960,349.167,279.136,68.033
208.939,352.403,279.434,67.203
196.675,353.199,276.819,68.287
183.971,355.535,276.375,68.469
169.342,357.991,280.763,68.859
157.128,359.191,273.584,70.177
149.998,360.313,275.724,71.117
137.324,362.106,271.512,72.572
128.138,362.947,268.971,74.208
117.801,364.252,266.694,75.623
111.792,365.580,265.191,76.513
108.549,365.260,262.399,77.088
100.172,364.655,260.498,76.419
88.376,364.646,266.000,74.962
81.308,363.678,266.149,75.337
73.317,361.158,271.349,74.694
66.885,359.589,269.952,74.437
57.291,357.411,276.102,75.134
57.861,353.686,273.691,76.557
60.377,351.349,269.256,76.611
57.722,348.877,273.225,76.902
57.274,344.806,274.910,78.421
57.710,342.430,275.184,77.291
53.166,339.045,277.740,77.309
46.180,334.849,280.773,77.891
50.153,332.497,278.745,76.531
55.896,329.781,278.461,75.736
58.194,326.643,280.064,75.116
57.137,322.568,281.141,75.653
53.750,321.040,283.006,75.186
64.160,319.522,278.281,74.877
83.061,315.692,265.287,75.215
100.796,313.219,254.380,72.387
101.678,315.695,256.922,67.979
105.025,314.664,250.735,66.685
116.961,313.289,247.310,66.963
121.743,312.577,243.756,66.726
129.549,311.303,242.001,67.219
140.535,311.385,239.509,66.752
156.705,311.106,230.286,65.721
163.108,311.529,229.564,66.708
170.584,313.522,229.157,67.013
179.315,314.693,227.507,67.987
185.033,316.445,225.098,67.526
200.947,318.087,219.614,68.348
206.221,322.314,222.698,66.763
208.063,323.640,219.929,68.058
220.112,325.939,217.956,68.539
227.017,329.951,216.793,67.547
225.440,332.672,216.871,67.933
232.692,334.773,214.469,67.701
236.875,336.429,213.455,68.449
243.056,338.449,213.827,68.085
247.350,339.533,212.431,67.820
249.646,339.636,209.290,68.657
250.641,341.532,212.144,68.541
254.178,341.456,209.438,66.871
255.964,339.756,207.320,66.426
262.142,340.040,201.698,65.293
261.223,339.174,200.953,64.539
259.156,338.359,200.333,64.530
259.266,338.097,202.371,63.929
255.357,336.359,202.367,63.598
256.477,333.904,204.091,63.244
260.407,330.346,197.562,64.194
262.018,328.853,195.701,62.671
264.068,325.839,187.778,62.841
270.321,322.602,186.635,62.961
274.700,317.500,180.361,63.669
279.650,313.923,181.374,63.301
285.204,308.547,177.670,63.409
286.662,302.347,176.753,63.866
294.276,297.422,174.623,64.719
291.727,292.314,176.102,65.501
294.238,287.189,175.630,65.356
297.796,282.121,171.566,65.980
304.211,277.903,171.234,66.428
304.545,275.818,176.951,65.642
307.759,271.907,171.519,65.470
319.437,267.939,165.423,65.860
327.004,266.360,165.422,66.118
335.256,264.058,160.358,65.178
346.522,261.576,154.161,65.591
358.808,260.787,153.609,65.426
368.652,258.217,148.594,65.651
385.907,257.755,144.622,66.396
393.838,254.338,143.961,66.669
402.038,255.375,139.928,68.408
412.429,256.849,140.087,68.510
423.978,255.936,138.106,69.478
432.828,257.013,135.766,69.622
444.252,258.663,134.337,69.899
451.584,263.900,132.778,70.122
449.393,264.045,132.675,73.119
439.750,267.518,144.713,77.289
444.067,270.771,157.816,76.511
458.298,270.881,162.085,75.731
466.434,270.782,157.645,79.182
474.667,274.533,157.173,83.015
483.484,278.416,152.354,86.497
489.614,284.753,153.117,88.521
495.028,284.325,153.899,91.323
498.667,287.785,158.153,92.521
505.824,286.908,156.674,96.179
514.894,286.534,153.459,98.141
520.299,288.449,150.394,100.352
535.121,289.166,146.728,104.365
536.712,293.978,139.534,107.269
539.485,295.802,136.119,112.112
544.590,298.409,131.447,119.920
550.611,298.919,132.398,127.216
560.021,298.556,132.187,136.745
566.091,298.020,130.662,148.086
573.611,295.752,129.650,165.915
582.076,285.810,132.316,185.702
591.781,274.102,123.154,203.823
597.283,261.493,119.387,228.396
608.297,254.607,116.110,265.343
616.432,257.478,119.568,337.201
618.048,245.024,129.698,410.862
627.210,235.063,123.992,395.029
640.098,228.669,120.202,386.813
653.196,227.643,120.086,388.875
666.208,217.806,118.125,398.695
678.214,212.693,119.065,401.820
693.194,205.621,119.586,407.760
705.407,204.709,122.272,405.936
720.137,198.012,125.589,409.676
734.337,192.032,129.254,422.075
752.181,185.952,128.518,428.705
766.656,179.532,131.360,430.041
785.890,177.674,138.975,430.848
803.749,170.169,149.892,448.450
817.547,178.630,158.821,445.842
830.825,173.727,163.358,449.457
847.742,177.561,167.811,444.235
860.506,174.412,167.659,448.681
872.246,182.817,168.180,439.173
881.536,181.648,163.605,435.793
894.781,182.249,162.342,430.754
908.518,185.710,161.364,427.728
916.725,189.266,163.340,421.817
925.779,195.658,160.276,420.654
941.002,196.291,154.328,417.832
948.780,199.050,154.340,418.849
954.195,207.376,153.856,413.495
964.662,209.587,148.013,410.231
977.502,217.894,141.510,406.893
991.237,219.086,133.248,402.858
1002.427,223.118,125.348,408.227
1005.776,229.528,121.121,409.905
1009.519,236.965,117.944,406.941
1011.614,242.599,117.178,401.167
1015.270,246.913,115.847,399.619
1017.146,252.390,114.341,406.007
1017.209,254.055,113.382,406.890
1018.710,254.959,117.400,415.493
1019.236,260.235,120.353,419.804
1018.339,267.249,123.575,416.567
1015.334,267.645,126.348,418.117
1011.861,270.610,126.917,414.866
1009.268,275.742,125.118,409.693
1004.857,279.256,125.759,404.486
999.320,279.428,125.061,405.155
992.609,280.219,122.863,404.500
986.054,277.166,122.732,406.170
978.847,275.004,121.191,406.818
968.889,271.466,118.325,410.063
961.034,267.558,116.786,412.195
950.712,264.930,117.021,414.180
941.755,260.209,117.085,415.453
932.049,255.345,117.656,417.520
922.079,252.838,119.227,418.437
909.514,244.961,121.753,409.125
896.357,252.394,119.388,401.591
883.257,252.662,122.989,405.161
874.151,249.390,123.621,412.011
862.379,253.778,127.015,410.939
850.019,250.542,129.791,412.450
839.375,248.511,131.725,411.352
831.742,241.874,133.659,415.766
819.685,242.423,139.486,420.115
813.487,241.064,141.128,422.234
810.143,237.180,144.083,428.999
805.865,235.536,148.893,433.611
802.986,227.945,152.366,436.499
802.662,223.045,153.603,432.994
802.108,217.833,153.626,433.834
803.089,213.478,153.247,429.472
806.218,208.923,149.998,423.165
810.208,202.782,148.227,422.208
815.001,198.836,145.150,414.747
819.746,194.842,146.683,416.507
828.106,189.930,144.524,416.843
836.966,179.496,142.945,416.479
847.354,173.159,143.848,417.682
860.735,165.817,139.391,411.561
874.507,162.048,134.873,412.051
889.060,155.203,131.400,406.433
903.561,149.391,126.731,408.721
915.432,144.364,122.144,415.385
927.584,137.945,120.701,415.366
939.001,135.790,118.208,409.660
949.770,128.448,115.248,403.969
958.895,124.039,113.571,403.104
964.344,107.418,117.340,406.172
976.591,115.899,114.921,400.540
984.674,110.909,118.047,405.847
990.101,108.181,119.989,409.533
997.183,97.950,121.010,414.077
1001.895,92.197,124.068,408.556
1008.009,84.612,123.898,407.150
1010.304,80.854,125.442,403.863
1011.419,75.978,125.471,402.731
1014.849,70.820,127.343,403.732
1015.933,66.629,128.486,403.309
1017.886,60.778,126.280,404.576
1021.687,58.924,124.101,402.489
1024.454,49.727,123.603,406.609
1029.040,47.367,122.068,402.176
1029.129,41.951,122.787,402.905
1033.287,44.419,120.287,401.368
1034.352,40.510,121.206,404.774
1036.260,40.408,121.957,399.179
1038.361,39.617,123.455,402.100
1041.192,41.428,124.697,405.201
1044.491,42.840,124.990,409.180
1049.940,41.873,123.690,411.818
1051.396,43.108,124.479,414.516
1056.131,49.214,125.396,410.575
1058.172,49.161,126.480,412.843
1064.014,53.280,129.470,416.411
1070.807,54.681,131.249,420.382
1076.547,55.631,134.448,427.084
1081.205,60.298,140.062,427.477
1088.387,65.606,141.842,423.777
1092.665,69.274,142.046,422.461
1096.924,64.496,144.193,416.224
1104.865,81.214,139.956,407.879
1107.023,78.305,141.427,409.094
1113.089,85.054,139.714,404.327
1117.132,88.836,139.563,397.706
1122.081,88.718,138.888,396.475
1126.154,94.989,139.072,394.136
1130.464,95.027,140.814,398.074
1134.502,98.648,140.196,397.951
1140.499,100.116,136.552,397.147
1144.996,103.343,133.210,401.978
1148.711,107.883,129.710,403.466
1155.483,110.023,125.479,399.467
1158.448,116.742,119.817,400.889
1160.818,119.758,118.382,401.815
1162.905,125.024,112.192,394.316
1164.003,123.175,115.410,399.541
1167.203,131.967,110.434,389.387
1164.278,135.065,114.063,390.921
1164.632,143.443,112.058,391.150
1163.691,144.503,115.711,395.714
1164.221,147.746,117.079,400.378
1164.860,149.777,114.936,404.213
1165.611,151.011,115.885,404.952
1166.310,156.761,115.551,398.956
1167.228,158.116,114.157,397.373
1166.719,160.572,115.727,396.100
1169.122,160.582,115.003,394.576
1172.457,159.008,111.946,397.541
1173.757,158.623,112.101,398.973
1174.733,153.919,111.704,402.302
1178.014,149.871,109.439,401.755
1179.076,150.789,107.765,397.886
1181.206,139.267,104.556,405.490
1187.667,140.923,100.684,391.821
1193.396,130.494,93.782,403.552
1197.509,136.058,90.303,392.008
1201.632,130.483,87.552,394.839
1205.015,131.192,82.359,396.134
1211.140,132.986,81.037,386.928
1220.553,131.213,66.787,374.037
1222.702,133.091,66.411,363.512
1228.589,135.501,62.441,355.390
1233.424,138.422,59.656,334.943
1238.317,146.339,58.819,331.238
1245.016,159.243,59.868,323.030
1248.462,169.438,73.775,336.723
1250.139,202.752,91.342,381.009
1245.884,240.582,115.769,429.667
1246.260,223.331,154.177,475.288
1240.727,190.080,206.751,516.256
1233.429,118.403,274.322,554.320
1239.601,56.943,373.651,599.133
1261.817,63.481,537.748,661.424
1280.000,57.336,777.843,715.255
1280.000,19.989,1137.247,720.000
1050.955,9.972,1280.000,720.000
590.702,14.577,1280.000,720.000
92.497,0.486,1280.000,720.000
0.000,0.000,1280.000,720.000
0.000,0.000,1280.000,720.000
0.000,4.063,1280.000,720.000
9.474,16.993,1280.000,719.603
10.854,39.213,1280.000,707.764
0.000,3.428,1280.000,619.221
0.000,2.934,1280.000,585.462
0.000,16.973,1280.000,570.712
0.000,20.227,1280.000,562.458
0.000,33.077,1280.000,566.076
0.000,30.763,1280.000,560.436
0.000,34.773,1280.000,555.538
0.000,34.676,1280.000,552.729
0.000,33.960,1280.000,546.597
0.000,33.078,1280.000,547.660
0.000,32.994,1280.000,553.840
0.140,25.405,1280.000,560.565
6.388,11.436,1280.000,561.023
0.000,12.716,1280.000,572.921
0.000,8.704,1280.000,577.266
9.858,4.253,1280.000,576.248
6.127,1.790,1280.000,552.667
32.929,6.694,1280.000,535.377
19.398,0.000,1280.000,508.164
12.730,16.378,1280.000,480.206
0.000,7.742,1280.000,437.608
0.000,9.739,1280.000,401.544
22.811,34.001,1280.000,357.604
13.292,48.143,1280.000,280.881
65.697,78.292,1280.000,206.955
72.621,87.359,1202.923,162.149
97.917,97.856,1119.181,142.753
137.862,111.445,1068.149,131.964
195.121,122.977,1025.661,123.834
227.790,134.601,953.036,119.133
307.977,144.460,907.743,116.067
400.392,150.771,843.013,113.708
478.608,158.877,717.593,117.449
491.367,164.919,707.862,112.319
498.702,169.908,681.407,111.504
510.495,173.780,639.189,111.946
514.829,177.688,599.832,111.307
507.776,185.476,561.670,110.374
495.900,194.550,530.927,105.629
508.869,199.920,464.840,101.360
505.099,209.488,406.653,96.821
504.727,218.217,328.987,89.001
501.006,231.729,283.082,78.282
499.943,237.118,279.279,73.977
497.761,239.156,266.058,73.399
492.747,241.281,266.417,72.946
488.520,242.658,262.868,72.662
486.993,244.646,261.177,72.267
481.751,244.513,263.230,72.441
482.768,246.642,259.822,71.870
478.885,246.855,260.786,72.126
476.687,248.887,264.076,70.898
474.032,249.892,263.356,70.235
473.122,250.874,264.546,70.444
470.454,252.170,260.874,69.677
469.000,252.695,261.554,70.236
468.144,253.738,259.695,69.876
467.227,253.868,259.324,69.812
468.061,255.749,263.003,69.310
466.733,256.847,261.254,68.839
467.101,255.968,261.906,69.566
468.635,257.514,261.625,69.123
469.713,258.390,260.469,69.184
471.114,258.519,261.668,69.717
470.814,259.877,268.941,68.405
471.864,260.192,263.184,69.490
471.855,259.397,264.357,69.115
473.906,259.859,263.147,69.327
476.353,258.236,260.431,69.498
475.887,258.748,263.797,70.473
473.103,258.626,261.338,69.920
474.763,258.418,263.900,70.374
473.192,257.622,263.721,71.446
471.750,257.865,264.632,71.154
469.941,258.165,266.042,71.020
471.384,259.116,268.169,70.465
470.323,258.215,265.604,71.359
469.112,258.712,266.344,70.717
468.997,257.753,264.828,71.231
466.454,257.688,269.961,71.246
462.395,257.723,272.489,71.163
462.320,257.531,270.821,71.435
458.192,257.320,272.514,71.805
457.338,258.011,272.359,71.679
455.084,257.249,271.563,71.165
456.434,258.003,269.035,71.386
453.340,257.412,270.297,71.921
450.078,257.095,270.778,72.235
445.753,256.449,272.933,72.735
441.786,256.355,273.162,72.432
440.640,255.884,272.453,72.118
435.471,255.660,276.088,71.711
435.466,256.101,272.483,71.479
431.557,256.795,272.539,70.960
425.835,255.613,275.256,71.292
429.791,255.956,270.582,70.292
423.626,258.133,281.254,68.381
425.259,255.275,272.668,69.864
421.853,256.917,272.412,69.263
421.642,255.993,270.618,70.258
418.376,257.240,266.948,68.814
417.884,255.626,262.328,70.439
414.128,256.310,265.215,69.873
409.578,255.015,263.896,70.344
409.264,256.326,264.667,70.791
404.480,255.002,264.940,71.156
401.359,255.592,263.562,71.268
399.038,255.269,265.877,71.562
396.864,255.598,266.441,71.732
394.555,255.742,263.829,71.663
395.474,255.960,259.831,71.968
394.609,256.282,257.671,71.589
389.403,256.974,257.772,71.380
385.618,257.544,260.245,71.580
382.590,257.053,263.171,72.144
382.254,258.845,259.769,70.977
379.638,258.752,261.782,71.113
380.144,258.654,260.861,70.945
378.183,258.773,264.134,71.165
378.094,258.890,261.795,70.042
376.539,258.427,264.724,70.142
375.133,257.188,265.750,70.685
372.837,257.538,266.787,68.912
372.998,257.513,264.863,69.179
369.646,257.109,267.865,69.668
367.523,256.283,268.637,70.207
365.357,256.767,267.957,69.825
366.759,257.102,265.753,69.634
363.974,255.946,273.431,68.603
366.076,256.286,271.139,67.917
363.838,257.050,269.554,68.201
363.556,255.482,267.059,68.936
364.150,255.245,268.080,68.348
363.414,255.721,267.604,68.156
361.132,254.950,268.133,68.347
368.245,254.526,265.461,67.824
366.031,253.952,265.423,67.463
363.865,254.687,270.226,67.610
367.104,252.783,270.606,67.666
364.898,253.832,269.394,67.149
369.567,252.599,264.852,66.540
367.868,251.529,269.954,67.570
372.538,250.828,270.036,67.559
371.000,250.352,275.603,68.262
370.874,250.342,273.193,66.558
370.828,248.394,274.727,67.177
373.164,248.724,276.675,67.118
374.158,247.062,275.125,67.182
373.577,246.669,278.395,67.733
375.315,244.114,276.644,68.446
377.152,244.054,281.783,67.698
376.979,241.964,282.826,68.507
376.503,241.749,282.028,67.890
380.776,240.178,282.839,67.793
383.394,240.846,282.853,67.396
387.570,238.849,279.017,67.464
387.308,239.172,282.822,67.418
388.550,237.939,281.590,67.584
390.283,237.514,281.077,67.220
389.740,235.743,286.290,67.422
389.411,236.213,293.714,66.629
397.816,236.015,287.507,66.700
393.732,236.161,286.102,66.834
400.068,235.942,280.371,64.884
400.781,234.001,278.733,66.001
405.141,233.400,279.429,65.672
405.475,233.790,282.058,65.996
412.481,232.726,279.546,65.824
411.715,232.207,281.125,64.525
419.530,231.071,274.217,64.203
419.330,230.725,277.342,64.756
420.500,228.528,280.235,65.059
425.292,228.415,272.618,64.926
426.773,226.416,271.346,65.157
431.115,225.447,266.845,65.396
433.397,223.955,263.455,65.481
435.466,221.359,259.185,65.690
442.217,220.705,260.162,66.191
444.530,219.560,258.245,65.794
444.592,217.569,259.298,65.794
448.711,216.543,254.793,65.019
449.435,213.896,256.259,65.091
450.998,211.214,257.758,65.437
448.519,209.548,265.342,65.184
453.128,207.431,264.326,64.862
452.335,204.614,266.220,64.328
456.555,201.587,266.856,64.141
457.355,199.987,266.876,63.482
460.131,198.688,270.401,64.569
462.602,196.057,261.792,64.330
469.044,195.769,262.817,63.798
465.655,192.151,263.119,63.709
467.010,193.205,267.655,62.259
472.725,190.374,263.467,62.784
474.849,190.725,264.527,61.167
477.360,189.129,261.115,61.358
481.647,187.299,258.802,60.716
481.323,186.798,261.134,60.742
480.660,184.524,262.686,60.035
483.858,182.031,261.486,61.356
485.966,181.955,261.761,60.652
485.329,180.257,262.205,61.175
486.246,179.721,262.527,60.949
487.582,178.286,265.169,60.610
487.456,176.922,270.775,60.946
486.294,176.234,281.748,61.306
485.834,174.910,291.696,62.732
484.320,173.665,286.363,64.008
480.019,172.579,290.196,63.704
483.836,172.765,290.535,63.817
483.301,172.905,292.863,63.390
484.120,172.447,290.278,63.885
481.563,173.607,289.018,63.501
478.498,171.260,296.285,65.343
481.975,171.799,295.417,64.992
478.328,172.275,290.741,64.470
478.111,171.713,294.959,64.610
477.624,172.293,291.588,64.982
475.601,173.198,295.560,63.614
477.942,173.520,292.148,64.376
478.363,173.937,293.287,63.567
481.311,173.214,286.196,63.693
482.341,174.659,285.437,62.352
484.951,175.984,279.758,60.702
485.405,176.144,282.353,59.989
492.991,177.529,276.781,59.040
494.995,176.368,271.570,60.052
500.452,177.413,271.236,59.309
499.460,174.759,266.223,59.148
506.590,176.985,268.081,58.283
502.392,174.955,262.893,59.094
506.410,174.617,266.938,59.600
506.788,172.030,261.097,60.585
507.875,172.605,269.373,59.962
507.435,169.337,256.872,60.946
516.264,169.278,258.621,61.241
512.116,167.227,253.031,62.033
517.621,165.708,254.474,62.219
517.396,165.582,257.129,62.158
520.111,163.959,249.080,61.851
522.280,163.663,251.343,62.153
522.935,161.390,246.466,61.678
523.228,161.367,251.285,62.942
524.952,158.947,246.863,62.644
521.769,159.823,256.953,62.347
522.508,157.562,250.964,61.311
518.620,157.205,261.164,62.719
522.337,154.569,251.336,63.655
519.949,154.694,253.783,64.482
524.837,153.445,244.198,63.076
526.316,153.938,245.417,62.307
527.341,153.390,241.046,60.675
524.044,153.545,243.488,60.287
525.481,153.499,246.318,59.726
523.019,150.961,244.933,59.885
521.433,152.518,249.277,60.012
519.391,150.981,254.978,58.809
519.277,153.341,253.339,60.283
521.681,150.617,248.223,59.065
520.343,151.394,251.542,59.389
521.514,150.483,248.629,57.922
520.575,150.122,252.308,58.870
521.027,148.950,249.078,57.789
519.330,146.320,250.088,59.303
519.166,147.061,251.157,59.091
517.445,143.441,248.159,58.986
517.341,141.720,256.589,59.724
516.363,139.260,250.127,60.094
515.810,136.413,253.841,60.186
516.341,133.370,251.024,59.657
514.010,129.616,252.761,60.949
515.188,126.219,253.538,60.996
513.698,122.873,255.838,61.308
510.348,116.692,254.814,62.294
509.961,114.767,260.368,60.879
507.000,108.900,255.300,62.128
509.209,106.576,260.487,60.540
504.000,103.019,258.634,59.882
501.981,97.610,264.240,60.614
501.767,94.082,261.396,60.394
497.539,89.344,263.650,59.515
500.348,87.205,263.523,58.188
499.562,83.032,257.449,57.500
499.592,79.840,262.031,56.820
500.592,76.750,258.390,54.630
502.265,73.534,257.998,54.276
501.906,70.447,256.344,55.159
501.397,66.930,257.559,55.461
496.590,64.006,261.347,55.089
498.396,62.549,260.783,54.606
498.859,58.190,251.950,55.406
499.273,59.195,261.088,54.496
500.702,54.908,245.529,55.525
501.095,54.349,254.104,56.838
500.932,52.777,245.924,56.011
502.588,52.240,251.048,55.813
499.827,52.833,248.813,56.085
499.092,51.007,245.359,56.531
499.402,51.193,249.815,56.548
501.772,52.044,246.813,55.277
502.660,52.410,249.964,56.598
503.035,51.512,246.355,56.986
503.949,52.578,245.196,56.430
504.711,52.840,246.001,56.822
504.856,52.166,245.162,56.961
506.333,53.259,251.697,57.964
510.188,50.851,248.831,58.638
510.176,52.549,248.812,57.792
513.656,50.724,246.596,57.888
513.318,52.322,245.244,57.131
520.923,50.256,246.075,57.712
517.812,51.533,247.178,56.445
523.785,50.844,250.141,56.750
525.058,48.387,250.774,56.963
529.420,48.218,249.324,55.474
533.067,46.129,249.535,55.223
537.317,45.080,253.688,55.037
541.316,42.300,253.897,55.087
544.071,38.525,253.700,55.876
544.555,35.618,253.596,55.125
542.519,32.894,254.233,53.482
542.766,30.481,254.081,53.765
543.396,27.693,249.962,53.473
540.612,24.807,249.922,53.435
538.501,21.139,245.762,53.148
532.388,17.347,247.187,53.319
523.113,14.687,248.854,54.030
514.566,11.574,247.829,54.313
506.689,9.185,249.435,54.654
497.559,5.011,248.416,54.753
486.099,5.568,249.575,53.594
476.240,2.156,246.115,54.223
459.957,2.003,249.511,52.857
442.077,0.000,247.691,53.439
427.125,0.521,252.225,51.545
408.953,0.000,246.449,51.580
385.333,1.187,251.125,50.609
361.291,0.636,251.829,52.451
343.361,2.321,260.598,51.836
321.497,2.794,256.910,52.492
300.530,6.729,255.819,52.012
280.262,9.846,255.879,51.424
260.534,15.000,252.428,50.408
245.342,16.274,249.183,50.191
225.058,18.135,249.017,50.232
206.072,22.278,246.713,49.572
189.888,25.057,248.643,49.587
175.015,27.245,247.288,49.404
158.295,29.490,249.921,49.527
146.233,29.311,248.363,50.197
136.970,28.437,245.301,50.349
123.228,27.047,247.234,51.002
111.789,25.896,252.809,50.421
101.689,24.065,247.751,51.424
99.772,22.293,248.350,51.403
94.500,19.174,246.272,51.497
89.961,15.784,244.285,51.804
82.426,12.883,246.260,52.071
78.584,8.975,244.386,52.968
76.986,6.048,240.000,53.329
72.570,4.621,238.719,52.437
71.188,4.093,237.538,51.951
66.385,3.236,235.668,51.970
63.263,2.867,239.624,52.213
60.873,3.945,237.919,51.338
59.923,4.367,241.005,51.228
57.154,3.431,240.140,51.492
53.302,5.132,240.900,50.584
49.796,6.958,239.935,50.924
49.941,8.112,239.052,50.884
48.339,11.297,236.411,50.591
48.282,12.248,238.672,52.195
41.743,18.019,237.335,51.814
42.378,21.135,242.461,51.232
43.634,28.499,238.886,50.007
45.404,32.274,244.821,50.544
43.290,38.033,246.984,50.432
43.017,44.815,245.317,50.601
53.861,52.385,244.184,51.692
60.748,60.719,246.326,50.492
68.224,65.815,246.386,49.723
76.884,72.466,244.640,49.418
80.765,79.845,245.205,49.644
89.713,85.838,247.714,50.079
95.160,91.972,256.180,49.596
103.551,97.509,255.027,51.304
119.626,104.052,251.347,51.677
133.477,110.116,249.902,51.658
154.065,114.907,245.083,51.299
170.424,119.326,242.916,50.360
185.170,121.840,244.644,50.153
198.304,123.538,247.735,50.227
212.620,126.262,245.768,50.708
221.862,127.560,252.086,50.537
234.870,129.064,250.429,50.362
243.861,132.439,252.431,50.605
254.855,134.822,252.873,49.949
265.086,138.053,250.920,49.647
271.158,140.565,251.999,50.185
280.129,143.746,250.827,50.449
288.372,148.622,244.759,48.865
293.519,152.416,249.350,48.252
299.435,155.315,250.697,48.389
302.639,159.110,249.205,48.082
305.103,163.150,249.763,47.592
308.160,168.078,251.832,46.621
307.968,171.873,247.824,46.362
311.402,175.732,250.299,45.713
314.232,179.929,249.185,44.378
315.566,182.560,245.717,44.550
317.694,184.703,245.394,43.575
317.715,186.377,242.444,43.976
314.838,189.089,240.732,43.904
310.676,191.930,244.769,43.774
311.466,194.549,238.730,43.579
306.204,196.972,238.805,44.173
303.954,200.452,248.543,44.019
300.540,204.411,240.735,44.643
302.508,208.272,240.542,44.541
299.285,211.700,237.263,45.279
294.011,216.565,238.095,46.750
291.060,221.439,238.117,47.091
292.874,226.552,238.175,46.874
293.723,231.900,236.261,47.263
289.374,237.153,239.886,46.310
297.478,240.508,235.538,45.770
294.540,244.263,236.759,45.183
300.102,246.626,234.321,45.611
298.498,249.253,234.968,45.570
304.296,251.351,233.580,45.260
305.223,252.456,235.039,45.533
310.058,252.771,232.090,45.898
314.652,253.070,232.652,45.357
318.541,250.715,233.068,46.564
322.679,250.699,231.047,45.730
331.554,246.943,226.190,46.507
338.945,245.060,230.709,46.105
343.137,239.094,226.737,46.728
349.498,236.064,233.930,46.305
361.323,230.458,225.650,45.990
370.567,223.532,225.905,46.665
375.921,217.803,229.191,46.369
380.637,209.994,231.702,46.869
391.349,202.581,230.551,46.620
398.021,195.411,228.036,46.402
408.041,187.177,226.612,46.968
415.430,179.100,228.244,47.061
425.568,170.389,227.369,47.270
431.189,160.940,229.003,46.509
445.395,151.280,225.959,46.352
450.597,140.738,226.658,47.152
458.114,133.745,225.679,46.459
466.147,127.127,224.750,45.302
474.522,119.129,225.658,45.139
479.582,110.350,225.891,45.690
490.430,104.939,223.841,45.266
497.319,98.425,223.714,45.407
503.196,93.930,223.767,44.812
512.245,89.112,222.156,44.411
519.017,84.633,223.163,43.972
526.599,80.028,223.550,43.474
534.508,75.452,220.265,43.512
543.213,71.466,220.946,43.688
549.582,70.819,220.394,41.742
552.651,70.049,220.829,40.679
560.395,66.584,218.702,41.730
568.412,67.459,220.322,39.574
574.689,66.420,216.198,39.197
579.833,67.031,219.044,38.088
587.098,66.214,216.954,38.012
594.485,66.487,217.603,37.211
599.180,67.970,216.963,35.962
603.076,67.617,214.868,36.198
611.212,66.284,210.502,36.797
613.779,66.648,209.762,35.267
617.954,66.263,208.910,35.296
