1109.000,531.000,82.000,135.000
1049.437,514.315,96.603,133.502
1017.227,520.911,99.781,143.782
1014.001,539.786,109.677,145.855
1016.295,534.958,114.883,147.460
1019.284,528.423,115.290,152.643
1020.856,525.996,116.768,153.828
1024.641,523.608,117.633,157.659
1026.186,516.571,119.381,161.240
1029.178,513.112,121.884,162.341
1032.193,508.883,122.316,162.492
1035.275,503.534,123.852,163.406
1039.488,495.575,124.961,162.745
1042.498,494.242,124.457,163.408
1047.922,488.772,124.393,164.210
1050.755,483.956,124.492,165.129
1054.307,481.369,124.954,166.228
1058.436,476.139,124.617,167.728
1058.659,473.733,124.673,170.618
1061.015,461.432,125.916,174.834
1062.719,457.567,126.705,177.204
1060.656,453.437,125.613,179.441
1060.652,449.674,127.136,180.368
1061.412,445.489,127.431,182.829
1061.310,446.243,128.316,183.247
1060.288,446.076,129.034,183.599
1059.059,446.287,129.567,184.449
1057.068,445.985,130.648,186.170
1058.186,443.831,130.922,190.274
1057.757,444.218,131.079,189.334
1055.839,444.625,131.306,191.227
1053.837,445.753,131.983,192.379
1049.966,444.708,132.838,194.589
1053.370,448.307,133.014,193.351
1052.342,448.473,132.667,194.573
1051.260,445.973,133.936,195.324
1048.586,446.531,134.938,195.986
1045.910,444.881,135.885,195.856
1042.286,443.527,136.179,197.055
1041.352,444.983,136.607,196.402
1039.173,446.678,136.904,197.052
1036.063,446.907,137.278,197.910
1031.855,445.634,138.539,199.730
1029.812,444.637,138.718,198.886
1027.038,446.379,138.315,198.014
1023.856,450.151,138.514,198.242
1023.098,449.623,138.627,197.711
1018.566,451.219,139.401,199.594
1016.111,451.221,139.566,199.409
1011.961,454.060,139.018,201.678
1014.184,455.829,137.993,199.306
1006.885,453.429,139.208,201.565
1005.739,458.086,139.594,202.804
1003.385,455.261,139.978,204.846
1001.647,455.120,140.559,205.744
998.934,455.103,138.932,205.707
997.152,455.278,138.674,205.562
997.852,457.557,138.467,204.238
994.174,456.457,137.892,206.794
991.896,459.016,138.784,206.561
988.993,457.974,140.778,206.605
986.870,455.462,141.913,207.057
985.788,455.896,142.439,207.722
981.948,455.157,143.096,207.236
977.048,454.553,142.921,208.487
977.968,457.068,144.111,206.586
976.104,458.248,143.098,206.498
973.716,458.096,143.764,206.572
971.287,456.175,145.096,207.122
970.980,455.676,143.915,208.341
969.525,456.509,143.679,208.091
965.171,458.208,144.268,208.303
963.237,456.933,144.749,207.452
962.794,458.815,144.074,205.026
956.573,459.231,144.754,206.314
955.737,457.763,145.202,205.601
953.893,462.135,143.937,205.602
951.395,464.501,144.159,203.862
948.057,464.424,144.852,204.497
944.994,462.946,146.361,203.976
943.543,460.034,146.697,204.792
939.309,460.405,147.396,205.308
937.713,458.055,147.707,205.915
936.633,458.763,148.378,206.517
934.399,456.441,148.946,207.429
932.466,457.834,149.238,207.039
931.960,458.196,150.562,204.900
932.950,458.394,150.682,203.440
932.884,460.134,149.353,205.190
933.183,460.517,149.108,205.338
932.363,459.355,149.066,205.713
930.554,459.509,148.953,206.912
928.936,460.654,150.199,207.129
927.457,458.649,150.302,207.388
926.726,459.998,151.404,206.921
924.258,458.656,151.063,206.796
921.239,459.088,150.059,206.283
921.569,462.249,150.552,203.460
919.683,461.345,150.186,204.264
918.012,461.483,151.204,204.272
914.622,457.621,151.538,204.559
912.675,457.612,151.083,205.096
907.709,456.301,150.273,206.696
901.390,456.014,151.554,208.380
898.239,456.495,152.814,209.384
893.386,450.754,152.381,209.326
889.457,448.913,153.339,212.573
884.042,443.142,154.044,213.100
880.439,439.702,155.885,214.628
879.727,434.859,154.309,217.643
876.855,427.566,154.693,219.679
873.214,421.956,155.785,223.791
871.854,418.124,155.450,226.433
872.269,410.693,155.045,226.536
874.229,409.006,155.292,229.049
870.410,398.257,154.683,232.262
869.341,391.774,154.830,235.022
871.923,385.160,154.130,238.738
865.591,386.347,156.998,242.539
869.840,382.222,151.719,243.788
870.039,377.411,153.711,244.049
867.039,389.194,156.864,241.923
865.970,382.782,153.474,237.841
873.267,377.603,152.968,242.044
869.724,372.270,155.794,247.582
871.232,364.241,155.611,256.609
876.191,357.132,155.019,264.397
876.153,342.963,155.282,269.949
872.384,334.970,152.458,280.779
880.804,321.511,152.110,288.970
883.536,294.284,158.736,304.045
883.619,289.145,160.633,318.122
882.496,278.241,162.874,323.569
880.428,276.501,164.976,328.974
878.270,271.788,169.614,335.429
873.097,260.433,174.602,345.550
867.070,277.142,174.975,353.793
870.656,276.884,178.325,354.935
867.704,276.524,181.212,357.418
865.627,279.276,187.553,363.008
861.535,278.476,193.580,367.283
858.793,279.555,197.818,372.887
860.553,280.839,198.304,378.162
862.392,278.530,202.645,381.546
854.198,276.203,211.234,397.833
850.309,269.053,226.805,413.885
846.153,270.075,240.064,416.803
853.593,261.672,248.689,407.264
852.890,265.299,254.582,411.706
860.792,259.172,255.502,413.844
874.065,227.499,254.242,417.679
867.671,183.532,262.386,435.619
826.491,150.597,276.995,455.305
769.642,132.214,323.966,458.664
715.710,109.359,381.430,471.969
709.849,96.472,398.866,486.725
688.569,80.766,419.968,503.264
701.568,74.464,433.292,506.392
706.885,80.731,445.170,503.713
680.646,62.444,454.177,504.580
673.871,52.071,465.437,526.567
683.494,56.484,469.319,533.033
692.032,61.304,463.469,535.061
679.869,75.546,474.261,529.312
657.596,89.282,488.675,521.439
644.457,90.482,490.373,511.437
642.992,97.702,488.448,499.218
623.187,107.665,483.410,489.271
633.167,106.161,487.924,471.505
632.355,113.056,478.282,456.620
645.262,133.101,478.638,438.447
647.688,144.805,480.531,422.048
641.026,158.502,480.479,410.348
619.337,174.545,485.904,394.186
602.801,166.995,489.448,381.595
609.578,162.813,504.821,375.137
596.721,154.603,513.954,374.228
597.876,156.000,516.158,373.623
589.518,154.338,522.720,369.417
581.467,152.322,528.202,366.570
582.558,147.939,536.850,364.340
569.446,142.862,545.787,369.769
558.510,149.521,553.359,373.039
550.236,160.745,552.001,374.294
544.937,165.530,549.729,367.419
550.005,156.368,548.725,372.523
529.596,164.644,564.668,373.860
504.165,165.373,564.151,369.589
489.793,157.667,569.938,361.112
488.040,160.466,565.108,363.954
479.134,158.850,564.225,357.338
478.953,152.552,568.787,357.604
465.146,138.115,559.072,364.683
480.127,125.038,564.115,372.491
491.168,120.573,562.914,379.333
500.814,121.278,557.617,378.807
498.731,126.178,553.984,369.311
489.459,120.598,557.892,372.639
472.965,120.218,566.622,380.866
470.142,117.494,576.452,384.585
463.091,110.599,581.912,392.294
459.381,106.352,587.131,393.052
461.605,106.972,588.722,393.364
463.693,106.803,589.988,395.831
461.436,107.707,594.935,400.425
467.115,105.986,593.496,401.954
462.855,103.262,603.912,404.000
456.640,109.902,610.910,401.742
447.680,108.658,617.934,396.893
436.563,113.228,630.340,395.113
435.090,119.969,634.419,390.703
432.975,123.940,633.767,379.593
413.682,122.661,640.963,377.667
383.050,128.041,660.766,382.394
366.553,123.014,664.587,384.388
343.226,123.432,679.249,390.594
305.359,123.959,707.935,392.835
272.261,104.133,748.711,402.533
173.592,99.324,830.273,423.253
70.440,103.306,916.332,434.016
49.793,78.461,950.888,464.841
66.896,74.312,979.134,480.709
77.563,70.292,979.589,494.114
57.305,74.092,997.604,495.751
49.679,78.224,1007.260,509.208
53.682,85.880,1025.706,529.872
55.060,84.649,1051.453,537.596
59.435,81.382,1068.282,544.431
48.099,72.730,1080.236,556.281
42.200,56.445,1110.322,571.994
27.210,41.031,1141.581,595.039
29.165,28.612,1160.842,618.436
34.392,36.971,1173.186,625.278
24.970,34.294,1195.142,624.857
31.816,36.229,1192.910,626.979
21.876,31.234,1206.501,641.864
11.897,26.477,1231.839,646.358
7.794,11.201,1261.720,663.388
8.365,5.893,1255.582,672.100
2.840,6.037,1254.656,669.274
6.306,6.397,1238.300,662.529
10.049,7.916,1222.371,662.389
18.088,11.643,1211.294,657.008
15.259,11.226,1214.756,656.027
9.505,14.855,1208.775,649.422
12.827,15.342,1201.243,650.978
4.748,19.237,1201.879,648.934
15.706,18.545,1193.552,651.770
12.092,21.514,1192.254,643.276
13.422,24.721,1199.750,637.306
20.430,31.762,1201.366,627.827
20.601,36.791,1180.021,622.139
22.379,40.352,1189.946,614.338
26.274,43.668,1196.772,612.080
15.736,44.881,1198.278,616.213
12.324,39.446,1190.991,617.574
33.939,54.088,1185.073,610.233
14.126,63.873,1164.946,610.677
12.840,57.884,1176.717,614.407
12.971,57.859,1169.303,605.917
7.364,57.776,1168.517,597.540
0.000,62.533,1172.429,602.438
0.000,58.828,1174.525,600.422
0.000,55.881,1166.573,600.037
0.000,55.613,1154.810,596.633
0.000,52.328,1161.551,594.352
0.000,53.613,1158.126,605.916
0.000,51.376,1156.243,601.603
0.000,48.973,1162.322,611.497
0.000,48.157,1157.648,613.470
0.000,46.624,1157.277,614.034
0.000,45.044,1155.411,622.290
0.000,44.674,1153.625,623.618
0.000,44.221,1156.866,626.099
0.000,49.943,1158.565,625.286
0.000,55.616,1160.301,621.513
0.000,57.775,1158.427,616.820
0.000,56.662,1157.400,617.412
0.000,55.395,1161.662,620.460
0.000,54.932,1167.757,624.039
0.000,52.510,1170.560,626.831
0.000,47.712,1159.622,627.645
0.000,33.873,1149.303,636.140
0.000,23.039,1147.563,647.013
0.000,14.383,1145.417,653.158
0.000,11.601,1150.607,659.336
0.000,6.323,1148.698,660.405
0.000,3.389,1136.123,670.054
2.984,15.979,1118.221,681.126
0.000,21.754,1092.707,666.686
0.000,30.146,1079.666,663.491
0.000,39.261,1058.329,655.381
0.000,42.832,1041.298,655.673
0.000,40.112,1017.480,650.151
0.000,50.797,1023.018,660.708
0.000,39.573,999.978,640.737
0.000,47.113,1029.561,650.921
0.000,47.727,996.110,644.476
0.000,50.800,1012.000,657.425
0.000,50.494,968.879,640.937
0.000,49.834,1005.885,662.556
0.000,51.448,967.878,640.642
0.000,58.805,1007.846,659.541
0.000,49.112,960.124,635.023
0.000,56.181,995.249,651.856
0.000,62.683,985.933,646.518
0.000,65.731,987.242,638.173
0.000,69.282,979.820,633.817
0.000,73.509,970.867,628.249
0.000,80.417,958.473,617.597
0.000,90.026,972.962,613.736
0.000,93.799,966.147,612.413
0.000,97.376,965.136,609.184
0.000,100.719,959.038,601.705
0.000,102.726,948.021,594.935
0.000,103.535,962.139,601.963
0.000,106.880,958.677,595.128
0.000,110.577,955.109,590.987
0.000,111.601,957.108,587.993
0.000,113.247,960.692,588.031
8.987,124.958,937.968,585.865
4.216,120.093,917.003,572.746
5.055,114.644,926.016,588.130
7.276,102.792,923.702,587.046
0.000,108.537,940.691,594.424
0.973,112.114,936.580,588.461
0.000,116.738,942.910,586.352
0.000,114.755,937.756,585.902
0.000,116.338,940.198,589.541
0.000,110.537,931.335,592.297
0.000,108.427,945.726,597.988
0.000,115.620,947.020,600.677
5.610,114.266,917.599,583.609
0.871,111.301,923.989,590.622
6.722,108.133,920.475,591.592
6.282,107.002,923.266,589.701
3.854,108.748,925.222,590.888
0.514,108.681,923.590,592.584
0.000,105.402,923.023,595.175
0.000,104.490,918.165,595.122
0.000,97.629,915.571,596.761
0.000,95.948,920.220,599.005
0.000,96.704,926.063,597.807
0.000,101.528,932.056,596.373
2.292,102.552,931.555,591.460
0.000,104.780,927.085,592.953
5.616,99.759,922.640,592.292
4.335,108.160,925.383,587.941
0.000,109.272,922.705,590.502
0.770,107.745,917.827,591.182
0.771,110.348,924.723,594.791
0.935,110.907,918.532,600.844
28.273,118.016,912.264,613.649
12.996,121.544,888.088,592.143
5.989,112.852,907.616,605.462
2.543,114.568,916.931,611.505
0.000,116.866,911.405,607.345
0.000,111.572,920.147,613.252
0.000,114.687,912.923,609.507
0.000,114.753,914.181,607.138
0.000,114.643,918.032,612.021
0.000,114.146,907.972,601.406
0.000,114.317,914.782,611.461
0.000,111.636,902.711,605.673
0.000,111.230,899.454,612.490
0.000,107.827,896.150,615.526
0.000,106.377,893.915,617.670
0.000,102.790,891.925,618.276
0.000,102.003,895.232,620.630
0.000,100.736,902.355,620.252
0.000,104.785,897.693,618.967
0.000,101.567,898.697,621.751
0.000,102.522,891.440,620.890
0.000,98.762,889.757,623.463
0.000,100.980,892.653,622.623
2.279,99.988,901.494,618.711
0.000,99.058,899.752,621.613
0.000,96.790,906.763,625.612
0.000,94.384,897.981,621.048
0.000,94.030,905.380,619.612
0.000,93.708,905.291,621.515
0.000,83.875,909.148,624.509
2.426,83.695,910.643,624.931
0.287,80.025,907.739,619.705
21.246,86.457,891.385,625.820
22.551,83.767,888.646,607.688
20.037,79.017,897.685,610.784
11.908,75.315,905.008,611.460
13.681,74.815,906.984,612.662
12.050,71.647,912.591,617.912
17.261,67.658,924.652,619.532
15.015,64.964,932.841,620.939
1.864,60.789,944.628,623.816
1.737,54.191,953.984,635.032
8.109,39.607,954.177,649.478
5.719,40.831,965.726,644.286
8.325,37.319,966.965,650.095
0.000,27.276,971.272,658.913
0.625,20.772,969.494,674.282
0.000,12.131,971.138,680.929
0.801,8.280,966.708,686.987
5.816,7.745,951.133,687.150
0.000,7.651,939.552,682.709
0.000,11.269,942.789,685.634
0.000,10.872,950.334,683.878
0.000,9.614,938.731,674.860
0.000,10.837,929.697,675.456
0.000,9.046,904.791,671.722
4.204,6.471,896.142,672.247
0.000,15.255,881.165,667.831
17.763,22.427,883.217,661.252
2.610,40.528,890.488,655.185
15.422,43.713,895.007,651.362
15.886,49.304,902.764,652.826
20.670,50.302,908.195,653.561
36.363,52.682,903.802,648.430
16.104,56.468,901.982,656.164
53.340,56.368,885.768,640.844
22.385,69.912,894.330,644.596
37.186,71.487,864.816,629.289
4.541,86.347,867.499,630.443
0.000,87.133,867.656,613.479
5.799,95.992,872.086,609.098
0.000,103.773,890.925,606.700
19.297,109.697,885.947,606.122
18.071,111.150,869.957,596.673
19.739,117.545,860.379,599.352
34.162,120.740,856.549,590.145
32.834,133.742,855.750,578.963
6.076,138.085,866.661,569.887
0.000,151.023,870.503,560.452
0.000,157.813,872.155,552.509
0.841,162.035,881.205,548.362
0.000,157.024,885.389,546.325
30.115,161.299,892.163,546.651
0.000,142.652,901.039,545.859
0.000,142.294,898.795,549.173
0.000,143.579,906.884,550.749
0.000,141.212,909.747,552.871
0.000,139.448,912.246,553.138
0.000,134.455,915.444,552.836
0.000,131.271,909.464,551.359
0.000,137.778,910.904,555.340
2.301,137.678,912.325,559.583
8.092,143.406,920.690,559.279
0.000,140.281,925.860,560.864
0.000,139.927,923.375,563.560
0.000,143.212,919.055,561.809
0.000,144.481,896.588,566.535
0.000,143.714,877.693,561.135
0.000,148.253,877.707,559.991
6.493,138.688,874.977,559.004
0.000,157.168,890.659,553.454
0.000,138.876,874.785,552.233
0.000,146.718,883.416,545.813
0.000,154.880,892.107,543.493
0.000,153.885,888.105,547.430
0.000,148.289,886.779,549.941
0.000,152.930,892.055,547.946
0.000,148.182,897.161,550.489
0.000,163.864,895.561,549.896
0.000,154.675,886.821,551.414
0.000,159.954,889.921,556.488
0.000,168.062,885.227,554.119
2.221,161.830,886.581,552.735
0.000,158.030,894.671,556.052
1.723,163.675,895.501,558.012
5.389,155.262,893.694,563.188
8.328,153.306,897.973,567.694
0.000,144.279,906.385,572.723
6.775,143.159,902.213,576.264
4.772,137.450,902.203,580.461
11.152,136.074,903.995,578.069
4.075,129.305,904.208,579.399
4.186,130.296,905.406,584.167
5.748,136.772,907.893,582.139
0.000,133.426,913.155,586.702
0.175,127.230,914.715,593.512
4.557,122.669,913.727,598.758
11.403,123.756,921.167,600.748
0.000,119.805,929.550,612.926
22.962,118.664,918.344,609.901
6.885,110.088,939.242,610.087
4.997,111.119,948.341,614.763
6.383,107.434,939.769,618.468
6.140,103.217,942.297,616.812
3.501,100.022,948.813,619.509
1.531,96.230,960.204,625.216
10.741,97.865,949.257,626.996
7.327,94.090,952.613,622.397
0.608,98.460,953.037,623.734
16.856,101.798,954.339,621.902
0.000,95.671,958.120,624.599
15.377,102.153,952.477,623.903
4.503,97.734,970.074,621.314
13.812,100.908,966.136,625.724
5.022,97.913,975.384,620.172
14.646,100.509,978.693,623.300
4.953,94.633,993.018,622.318
11.935,98.213,994.420,622.270
13.891,91.568,1004.121,629.652
8.722,90.721,993.540,624.038
8.068,91.189,1002.925,625.983
9.272,90.374,1003.838,626.685
7.218,89.351,1007.247,626.462
11.523,87.246,1000.216,628.385
5.506,84.747,1002.295,627.364
8.439,79.387,1006.176,630.486
0.000,77.001,1009.293,626.865
1.772,74.201,1000.967,627.189
3.125,70.745,1008.359,630.978
0.794,58.582,1020.172,634.014
0.000,64.034,1014.991,649.466
11.667,67.008,1012.814,642.524
8.344,62.601,1016.706,636.237
5.594,57.025,1015.980,642.655
11.848,57.183,1035.583,648.013
2.386,57.205,1037.806,641.793
12.313,60.444,1053.927,650.858
0.000,64.501,1061.013,645.305
0.000,61.232,1069.425,648.755
1.467,63.998,1079.913,650.929
0.000,63.209,1095.851,650.206
0.922,57.341,1111.670,653.440
7.920,51.096,1119.383,659.184
0.503,53.584,1127.573,660.174
5.910,49.110,1130.606,659.401
1.692,45.320,1138.026,672.458
3.323,40.300,1140.506,672.789
9.464,40.727,1138.495,680.136
0.000,41.590,1133.399,673.033
8.901,38.333,1133.830,675.302
1.747,31.953,1130.850,678.907
2.756,28.783,1125.318,676.887
0.000,20.683,1133.420,685.058
0.000,14.425,1145.587,690.601
0.000,15.372,1145.914,691.707
0.000,15.892,1149.560,692.635
0.000,15.677,1148.304,692.786
0.000,15.453,1147.925,693.763
0.000,14.961,1147.310,695.193
0.000,15.038,1148.637,694.108
0.000,16.086,1150.642,695.790
0.000,18.111,1150.979,697.531
6.567,33.951,1147.627,702.511
1.155,43.261,1132.268,671.097
4.625,35.221,1139.580,684.747
0.000,40.504,1141.617,679.686
4.588,41.206,1139.729,677.436
0.000,43.318,1141.368,679.277
4.155,42.758,1146.454,675.796
0.000,41.639,1154.772,683.785
6.411,38.471,1155.753,681.981
0.000,32.957,1145.272,686.239
0.000,29.850,1155.222,688.600
0.000,22.063,1169.496,702.434
0.000,21.466,1178.872,697.367
0.000,20.105,1182.205,702.152
0.000,20.213,1196.853,705.690
0.000,16.973,1198.741,705.343
0.000,16.739,1204.741,705.603
0.000,13.451,1204.122,712.602
0.000,13.954,1204.760,707.148
0.000,15.162,1207.089,712.516
0.000,13.311,1209.836,708.684
0.000,15.249,1211.166,712.484
0.000,14.869,1205.632,705.210
0.000,14.643,1210.617,714.462
0.000,14.142,1196.297,704.851
0.000,13.726,1209.419,713.541
0.000,15.276,1195.903,705.347
0.000,14.240,1210.064,712.585
0.000,14.469,1199.227,706.744
0.000,15.090,1211.343,711.367
0.000,14.642,1204.961,709.546
4.489,14.768,1196.388,707.233
28.498,34.038,1192.874,707.734
0.000,44.071,1201.466,675.674
5.906,34.976,1186.922,692.697
0.620,31.895,1187.245,687.556
9.990,28.294,1184.132,700.046
0.000,24.860,1187.954,698.888
2.663,20.285,1186.950,701.058
3.408,17.198,1187.991,706.043
3.384,16.223,1185.877,706.538
3.268,16.843,1189.670,709.399
0.000,17.444,1191.199,703.290
2.011,14.705,1192.255,714.095
0.000,17.176,1199.829,707.564
0.000,14.646,1193.454,710.410
0.000,13.352,1201.037,714.110
0.000,15.572,1194.855,711.851
0.000,16.544,1203.002,711.638
0.000,14.418,1193.169,708.738
0.000,16.264,1216.767,719.661
0.000,12.120,1205.406,702.088
0.000,16.471,1215.767,719.655
0.000,12.113,1201.379,698.351
0.000,16.099,1216.363,720.000
0.000,12.715,1206.497,697.467
0.000,15.121,1216.972,720.000
0.000,12.383,1208.414,700.340
0.000,14.734,1217.225,720.000
0.000,13.061,1211.323,699.477
0.000,15.744,1218.145,720.000
0.000,13.973,1209.020,699.137
0.000,15.619,1223.021,720.000
0.000,11.659,1210.197,701.856
14.292,31.410,1207.367,720.000
0.000,34.382,1185.443,693.872
1.375,35.588,1194.333,686.967
0.000,36.387,1191.602,689.522
1.297,37.189,1192.325,684.159
0.000,38.880,1196.435,687.114
0.000,36.518,1184.508,679.701
0.000,30.230,1193.625,696.968
0.000,28.572,1188.920,687.849
0.000,25.550,1190.491,695.240
0.000,22.013,1187.860,695.378
0.000,20.279,1191.916,694.435
0.000,16.246,1190.024,699.544
0.000,14.421,1191.563,699.900
0.000,13.614,1190.429,703.853
0.000,14.203,1193.004,701.961
0.000,14.602,1190.463,701.294
0.000,14.953,1191.688,701.496
0.000,14.525,1192.699,702.459
0.000,13.996,1194.399,702.318
0.000,12.760,1196.187,704.656
0.000,12.347,1197.556,703.364
0.000,12.941,1191.606,701.536
0.000,14.473,1197.200,701.413
0.000,14.484,1198.106,699.218
0.000,14.767,1197.111,697.543
0.000,13.801,1200.328,698.304
0.000,10.286,1193.382,697.847
0.000,9.323,1199.394,704.213
0.000,8.481,1192.150,702.857
0.000,7.907,1196.432,704.627
0.000,8.007,1191.631,700.394
9.748,20.493,1194.359,708.322
9.512,19.980,1167.842,697.776
5.926,20.186,1168.287,699.172
12.887,22.369,1166.198,694.824
7.796,17.547,1171.103,699.477
4.454,17.685,1175.459,699.915
10.594,16.633,1178.373,699.078
2.453,18.846,1181.880,696.288
8.553,14.806,1181.668,701.877
4.903,15.836,1184.716,696.018
0.377,16.526,1182.055,697.687
1.518,14.947,1178.708,699.456
1.058,15.033,1173.978,697.566
1.088,16.933,1166.377,697.663
6.952,16.027,1157.768,696.789
2.519,21.685,1160.674,697.084
8.803,19.845,1151.850,693.113
3.395,25.550,1154.250,692.598
4.398,25.258,1143.173,687.126
6.071,25.898,1146.168,688.128
5.986,26.907,1143.845,687.944
6.722,26.665,1144.198,687.943
5.514,28.332,1145.116,687.165
9.720,28.246,1141.828,688.614
2.436,31.007,1148.726,686.497
13.890,28.741,1133.253,684.697
0.157,32.188,1134.103,687.034
3.690,32.265,1118.219,679.738
5.576,31.794,1119.452,682.952
6.891,31.130,1112.910,680.906
7.435,30.827,1105.822,683.085
3.480,29.548,1094.561,683.762
11.344,41.854,1085.709,689.871
19.682,45.228,1072.203,670.855
12.221,47.674,1061.192,675.023
12.296,37.997,1050.881,675.303
17.520,37.789,1069.826,676.943
17.903,41.230,1061.839,677.675
9.734,40.260,1064.033,676.616
11.831,39.378,1065.465,673.893
17.849,39.792,1066.818,673.951
12.452,40.565,1067.247,674.565
11.690,41.476,1067.114,672.079
11.740,41.358,1072.761,670.796
12.942,41.540,1078.551,676.737
11.971,42.026,1076.168,677.387
10.947,39.656,1067.686,676.325
13.236,38.840,1067.578,671.616
9.129,38.922,1082.001,670.448
13.176,41.698,1077.635,670.358
12.831,38.507,1057.051,671.533
2.143,29.389,1057.812,670.308
6.387,32.938,1061.426,673.420
7.135,35.253,1054.694,674.162
5.240,36.755,1043.907,669.034
2.146,38.008,1044.891,665.610
3.117,40.203,1039.517,662.209
0.000,42.986,1034.181,660.965
0.000,42.251,1040.704,664.065
0.000,44.016,1039.293,662.874
0.000,42.675,1041.328,664.172
0.000,43.254,1041.986,662.655
0.000,42.705,1042.504,663.036
0.000,42.073,1039.831,662.748
11.045,51.319,1028.549,659.269
0.000,46.572,1024.677,658.256
4.909,54.492,1017.505,653.997
4.403,48.293,1016.663,655.300
11.294,48.180,1017.756,661.344
0.000,41.007,1022.224,664.630
8.417,42.434,1022.575,658.119
3.789,36.181,1027.132,665.794
9.350,34.538,1028.997,665.012
1.645,29.003,1032.986,666.272
16.685,25.681,1038.335,668.979
0.000,21.587,1046.089,669.358
5.928,16.604,1047.955,678.719
1.743,17.003,1035.319,676.867
7.948,17.823,1033.270,672.885
0.000,21.308,1036.396,676.644
9.396,20.228,1044.793,672.639
0.000,17.053,1046.540,681.258
2.982,16.777,1038.578,675.829
12.247,18.862,1043.447,673.159
0.267,19.705,1050.227,680.158
6.936,19.406,1045.944,675.672
0.000,19.773,1047.898,673.848
0.237,19.945,1045.156,669.948
4.487,19.190,1045.841,671.101
2.872,19.049,1044.290,671.695
0.000,18.126,1045.302,668.588
7.259,17.815,1051.628,663.509
10.158,20.063,1046.207,664.023
6.109,20.117,1047.326,659.369
5.799,21.357,1044.458,661.609
9.624,21.736,1044.454,659.039
0.000,23.682,1033.919,657.521
22.474,25.847,1015.126,650.062
15.316,33.879,1009.430,639.059
17.654,39.365,1010.429,637.072
9.466,44.313,1006.601,633.767
14.103,45.372,997.690,639.034
14.525,48.150,996.260,639.253
12.158,44.056,999.098,639.788
12.202,48.631,995.585,638.276
11.610,45.426,993.378,637.384
14.793,50.990,987.956,637.086
5.853,43.991,981.200,636.861
21.622,36.406,974.653,635.085
14.649,43.161,961.835,630.304
14.582,37.828,965.671,633.727
18.980,35.868,966.016,633.176
20.032,36.859,963.844,632.909
20.965,39.413,959.635,633.831
18.703,37.688,966.950,631.771
16.222,35.445,961.366,632.246
21.007,29.150,965.676,636.107
15.337,32.367,955.651,632.141
21.033,24.266,965.007,634.331
17.379,20.065,959.504,632.947
21.168,16.444,956.596,637.327
22.446,15.975,958.384,637.285
19.004,17.011,962.414,637.168
20.055,15.965,968.615,640.685
12.082,16.659,964.324,633.874
26.167,10.995,970.006,650.026
21.794,18.987,973.912,643.559
25.797,12.742,984.095,645.841
3.771,12.732,979.385,644.387
37.914,7.812,978.094,648.047
27.719,16.015,973.096,639.783
31.601,18.783,973.835,639.850
31.085,15.275,982.895,640.588
26.940,14.321,984.510,642.667
29.195,9.279,988.953,644.383
26.228,11.253,987.339,644.617
27.154,7.316,986.140,647.141
20.302,11.242,989.530,647.661
22.728,7.605,990.828,649.004
16.018,10.099,988.816,646.251
19.077,6.216,988.231,649.796
18.963,13.251,988.496,650.369
19.751,14.722,1005.163,646.751
21.929,14.471,1020.663,650.143
17.011,15.989,1024.133,656.109
13.905,22.734,1035.062,663.068
14.575,15.348,1025.246,668.865
13.651,17.516,1027.866,672.407
13.249,15.784,1031.562,675.127
11.081,11.151,1028.309,677.168
18.521,10.658,1024.585,678.620
13.060,12.010,1023.888,678.426
14.902,8.389,1021.263,676.088
17.642,8.476,1025.855,677.574
20.610,9.066,1025.932,676.030
14.801,8.240,1022.312,672.695
17.364,5.528,1024.265,675.032
19.820,6.311,1033.486,677.166
14.973,1.371,1022.188,675.672
15.259,7.842,1048.893,676.424
10.586,10.159,1025.918,675.798
22.498,14.233,1029.102,674.732
20.956,24.238,1016.403,670.706
16.895,22.090,1012.376,668.580
19.972,22.780,1016.174,665.363
21.214,25.863,1013.458,660.549
20.898,28.396,1012.166,654.817
20.987,30.462,1012.182,650.691
20.626,32.677,1010.288,644.527
21.482,38.841,1015.256,638.882
21.683,41.133,1009.521,636.174
21.541,41.078,1003.636,632.733
21.682,41.920,1004.666,626.872
18.001,42.561,1004.251,623.872
13.581,46.142,996.642,619.859
21.868,43.877,1002.330,622.768
21.886,46.240,994.400,619.870
20.277,44.843,994.784,617.854
21.180,46.092,999.541,616.963
21.046,44.959,990.795,613.007
23.395,48.704,1000.405,616.910
19.133,50.974,984.539,609.177
22.302,51.575,977.797,610.928
18.149,52.362,970.819,609.600
24.000,51.732,965.811,615.731
11.155,52.513,962.443,612.539
28.338,46.407,968.303,620.683
10.341,47.078,968.232,608.894
29.539,41.912,970.788,615.588
18.472,52.782,982.206,612.297
16.994,42.375,976.330,609.510
24.947,50.239,980.663,615.403
5.972,47.178,987.358,611.221
34.411,51.973,974.858,615.867
26.175,43.221,970.715,599.586
21.497,55.323,960.117,598.446
14.093,59.111,946.140,601.050
20.089,51.887,952.996,609.057
18.098,54.682,949.788,609.433
20.149,50.779,957.468,616.614
18.481,50.652,944.152,608.307
29.685,50.236,958.477,624.998
16.135,45.034,938.860,607.125
30.553,45.357,959.414,616.928
17.804,48.617,959.735,606.271
10.021,58.689,963.624,614.271
18.092,43.049,951.514,616.506
19.835,53.253,963.633,622.322
18.932,46.601,951.491,611.813
18.727,51.823,964.898,616.513
10.975,54.342,964.276,610.298
24.273,49.989,961.882,620.120
7.234,56.237,960.760,609.477
27.583,44.495,961.655,619.761
23.059,48.291,970.414,610.251
17.490,50.272,974.168,607.434
14.913,45.280,968.002,602.554
10.441,51.742,966.449,602.810
21.319,46.812,961.415,607.818
17.728,46.716,961.756,595.145
9.212,44.333,952.126,588.988
21.182,47.266,952.322,602.354
25.530,44.411,952.654,594.163
16.143,48.260,945.375,589.079
13.404,43.309,942.826,607.340
34.083,47.627,944.308,609.151
28.642,44.978,940.474,598.182
22.243,53.455,945.463,600.821
18.410,50.241,945.477,608.652
24.107,52.158,944.060,613.254
16.143,50.400,943.675,607.969
20.152,50.671,946.635,610.043
23.402,55.592,946.243,611.056
14.253,55.868,942.998,605.129
21.625,55.060,946.196,612.307
18.795,55.044,941.448,606.119
22.127,53.463,942.036,603.634
19.260,56.934,947.096,601.960
18.045,56.293,943.099,597.871
20.086,51.209,947.659,594.183
21.649,51.904,945.924,595.323
27.291,53.422,947.128,595.258
25.249,48.828,952.275,588.875
17.625,49.078,949.976,589.298
16.633,54.329,943.823,594.972
16.435,57.839,949.982,592.533
14.407,57.451,937.237,584.160
13.518,59.142,942.744,586.114
8.310,57.402,950.659,582.162
8.110,62.178,958.694,586.931
14.176,56.261,952.288,576.485
14.625,57.428,946.458,578.346
18.563,59.505,948.482,580.543
22.213,56.182,945.771,572.998
7.197,51.832,927.689,570.770
6.177,48.042,929.843,582.194
0.000,45.808,927.919,591.728
26.812,49.279,920.583,593.811
29.328,56.878,927.550,589.188
25.478,57.412,935.168,585.781
20.799,57.422,939.241,588.100
21.525,54.244,940.545,587.309
8.676,61.082,948.573,598.040
21.994,47.755,960.469,601.043
20.649,55.382,951.822,601.379
23.559,56.372,949.146,604.395
29.224,55.204,949.372,605.293
30.429,53.729,951.321,606.848
32.173,52.553,956.179,610.629
31.151,52.637,954.892,612.107
29.548,49.494,957.292,618.700
31.749,48.422,961.245,622.646
35.654,51.755,965.058,620.441
33.512,52.311,965.848,619.763
37.250,54.505,963.667,622.705
27.953,52.941,957.389,625.461
35.894,51.292,957.016,633.792
32.200,54.542,957.229,630.690
37.581,48.121,951.071,631.869
33.534,50.655,965.948,636.702
38.247,48.789,957.529,632.626
32.404,49.976,959.931,634.610
40.096,46.838,967.847,642.259
33.472,52.447,965.636,636.529
35.980,43.818,964.387,647.414
37.510,39.617,966.180,650.957
39.801,34.877,966.442,655.734
40.990,32.394,972.861,651.974
21.666,28.687,972.103,658.354
32.228,23.640,985.003,658.405
38.448,29.504,988.581,662.392
36.206,25.080,983.281,667.550
36.663,18.637,991.459,671.603
40.564,24.325,1010.063,675.844
32.976,21.643,1016.625,672.577
34.717,19.531,1022.849,679.184
36.047,18.732,1038.702,680.051
28.793,29.516,1039.070,675.864
25.100,34.103,1046.552,679.718
19.861,30.272,1051.140,677.413
23.433,32.775,1050.402,676.187
29.673,32.884,1055.657,677.555
19.285,39.440,1059.944,675.894
15.102,33.085,1055.487,670.013
19.805,35.175,1039.097,669.901
25.409,26.877,1036.851,671.351
28.709,20.632,1039.161,674.055
30.452,18.344,1051.668,675.924
29.733,17.346,1058.685,675.412
28.998,15.229,1064.974,676.460
25.316,11.044,1060.239,680.704
27.383,17.385,1060.136,680.559
29.185,16.075,1060.514,683.417
29.447,14.162,1055.485,683.067
26.029,16.899,1056.792,681.389
24.641,13.980,1048.444,681.844
31.267,13.854,1044.250,678.013
33.518,20.814,1047.483,670.725
33.194,14.564,1036.705,674.716
33.635,15.779,1044.637,675.774
32.984,21.464,1039.809,678.572
43.573,18.112,1032.444,681.632
40.892,19.844,1031.210,679.096
41.219,16.737,1029.383,681.909
37.619,18.049,1041.563,678.275
40.091,12.564,1043.475,676.642
24.884,18.292,1059.232,671.702
34.655,11.007,1056.831,673.735
22.553,15.812,1071.932,669.210
24.225,12.136,1069.797,672.406
20.490,15.383,1076.057,671.434
19.416,7.341,1077.807,674.524
9.551,18.165,1093.140,671.467
20.994,6.726,1075.435,680.243
11.121,14.282,1089.557,666.366
14.555,7.796,1092.872,677.366
8.044,11.482,1098.983,673.846
13.944,3.295,1104.105,680.777
8.476,7.621,1111.671,673.565
11.645,4.884,1112.662,674.968
8.552,4.444,1116.065,675.017
6.536,3.557,1120.212,678.278
8.011,5.067,1127.907,682.958
8.419,2.814,1127.553,686.860
4.148,6.060,1138.060,688.288
4.139,0.000,1134.242,689.650
4.401,6.534,1151.233,691.195
6.088,0.000,1146.534,694.530
4.963,2.666,1162.426,691.570
8.518,1.410,1173.908,695.164
2.792,0.000,1174.035,691.709
1.454,3.061,1193.049,695.177
6.966,4.945,1162.208,693.124
6.437,6.013,1175.806,692.886
6.563,3.912,1184.127,694.082
2.114,7.089,1186.360,697.171
0.000,0.000,1186.889,696.172
0.000,5.838,1202.959,698.038
0.000,0.000,1190.569,699.905
0.000,1.991,1203.903,697.068
0.000,0.423,1194.875,699.766
0.000,1.170,1200.598,696.238
0.000,1.966,1202.334,700.068
0.000,0.000,1203.178,698.281
0.000,0.000,1205.177,699.136
0.000,0.000,1207.429,698.513
0.000,0.000,1208.236,697.376
0.000,0.000,1210.737,696.820
0.000,0.000,1214.131,697.583
0.000,0.000,1211.308,695.410
0.000,0.000,1218.220,697.652
0.000,0.000,1216.765,697.322
0.000,0.000,1216.981,697.142
0.000,0.000,1217.563,697.285
0.000,0.000,1211.436,696.396
0.000,0.000,1214.748,700.806
0.000,0.000,1205.694,698.282
0.000,0.000,1211.416,701.134
0.000,0.000,1205.879,699.879
0.000,0.000,1206.622,700.448
0.000,0.000,1206.998,699.721
0.000,0.000,1208.899,698.254
0.000,0.000,1210.448,697.699
0.000,0.000,1214.287,699.604
0.000,2.087,1200.873,705.771
8.055,0.177,1204.544,698.224
6.015,1.878,1206.839,699.543
6.533,0.102,1198.575,698.949
4.834,2.966,1205.240,699.220
7.266,0.000,1199.359,698.739
5.930,2.244,1213.153,697.541
10.322,0.000,1194.603,700.888
2.645,0.000,1207.502,699.026
4.301,0.000,1222.673,702.356
2.050,0.000,1197.008,701.098
2.256,0.000,1208.522,703.038
2.763,0.000,1211.447,700.152
4.952,0.000,1226.671,699.607
2.779,0.000,1211.155,703.098
1.866,0.000,1218.627,700.725
4.055,0.000,1223.758,700.248
2.045,0.000,1219.689,699.820
1.166,0.000,1226.810,700.330
0.000,0.000,1220.296,700.318
0.000,0.000,1229.874,701.731
0.000,0.000,1222.301,701.553
0.000,0.000,1225.834,702.828
0.000,0.000,1219.147,701.322
0.000,0.000,1227.159,703.011
0.000,0.000,1214.621,700.020
0.000,0.000,1222.204,702.855
0.000,0.000,1220.432,700.664
0.000,0.000,1226.429,701.094
0.000,0.000,1216.625,698.682
0.000,0.000,1226.930,700.515
0.000,0.000,1217.500,697.580
0.000,1.062,1218.519,706.365
0.000,1.356,1208.237,701.526
0.000,0.000,1193.214,697.678
0.000,0.000,1200.906,701.730
0.000,0.000,1199.682,700.321
0.000,0.000,1202.058,700.413
1.400,0.000,1201.890,700.666
1.827,0.000,1201.370,700.861
4.334,0.000,1198.713,699.313
4.583,0.000,1201.994,697.649
5.917,0.000,1211.576,697.742
2.486,0.000,1212.270,695.211
7.558,0.000,1214.042,695.403
5.238,0.000,1214.473,694.658
8.328,0.000,1223.339,696.070
7.164,0.000,1213.536,694.630
7.778,0.000,1227.413,694.550
6.092,0.000,1217.519,692.922
7.270,1.941,1238.302,692.898
0.000,0.000,1218.019,693.954
4.812,0.000,1243.997,692.445
0.000,2.020,1218.887,695.400
1.597,0.000,1246.661,692.349
0.000,4.110,1233.225,693.051
3.801,0.000,1250.145,691.036
0.000,2.774,1237.744,691.282
0.872,0.000,1238.580,689.173
0.000,0.000,1235.380,691.548
0.000,0.000,1251.838,691.990
0.000,0.000,1238.506,692.686
0.000,0.000,1263.028,694.627
0.000,0.000,1233.366,689.859
0.000,4.413,1248.433,697.861
5.751,2.664,1244.116,695.810
11.421,2.332,1247.500,693.993
8.036,1.973,1252.701,694.046
8.294,2.583,1267.753,698.604
7.508,3.464,1267.115,701.342
3.319,3.204,1280.000,704.138
0.056,4.904,1280.000,705.396
1.011,6.150,1280.000,701.953
0.530,7.210,1280.000,705.276
2.227,7.216,1279.306,701.068
0.000,8.983,1276.439,708.255
0.000,3.029,1267.687,700.533
9.042,1.408,1280.000,705.642
0.000,4.227,1275.629,708.104
5.170,2.349,1263.990,704.574
9.665,4.337,1280.000,706.830
4.270,6.694,1270.154,708.266
3.989,4.925,1270.451,706.216
3.917,8.270,1270.541,704.961
5.621,7.475,1275.196,705.317
1.284,7.407,1274.270,705.570
0.000,3.799,1260.800,703.018
1.946,4.886,1280.000,697.869
0.000,11.818,1270.974,693.551
5.859,12.716,1268.759,685.827
2.675,16.171,1276.359,676.401
0.000,21.853,1269.930,668.793
0.000,28.114,1269.581,669.088
0.000,26.968,1266.455,666.018
0.449,32.843,1271.239,662.562
0.000,30.732,1263.731,661.969
0.000,39.834,1239.427,663.854
7.931,48.375,1270.593,654.140
0.000,48.708,1262.001,655.640
0.000,40.653,1265.121,657.775
0.000,43.228,1264.593,652.924
2.629,43.706,1253.282,646.464
0.000,39.614,1237.964,643.747
0.000,40.994,1236.179,636.636
0.000,45.545,1237.381,633.333
0.000,41.811,1238.900,636.421
0.000,39.118,1245.112,636.680
0.000,38.075,1248.012,637.919
0.000,33.013,1250.359,633.601
0.000,28.679,1234.205,622.889
0.000,28.045,1215.686,597.379
0.000,17.287,1189.999,575.572
7.567,1.943,1187.330,562.006
6.606,0.000,1194.169,555.738
10.846,1.954,1190.124,545.565
2.817,3.983,1197.806,542.170
8.773,4.341,1196.099,543.395
5.310,2.368,1194.943,541.918
4.882,1.741,1185.976,538.223
9.477,5.359,1186.728,533.070
4.776,5.555,1177.990,529.762
7.075,4.253,1180.877,534.117
11.679,2.416,1173.723,531.473
15.188,4.928,1180.478,531.770
16.908,4.827,1167.275,529.660
11.568,4.815,1159.233,525.651
19.677,7.679,1118.021,515.885
34.928,16.635,1096.797,510.029
38.124,21.130,1066.872,514.706
41.227,16.487,1047.761,512.526
45.798,17.485,1029.288,510.645
42.593,17.288,1020.024,511.426
43.285,13.971,1002.987,506.099
34.918,15.819,988.867,508.509
50.808,19.258,974.396,503.552
49.833,17.292,971.645,508.022
55.917,18.249,962.816,503.936
51.491,21.084,961.828,508.390
57.985,21.427,945.649,503.381
51.094,21.241,939.331,500.675
52.058,19.862,936.437,503.633
49.645,17.392,933.074,505.259
63.139,22.089,925.440,505.320
50.410,24.477,923.906,501.222
62.505,26.614,917.882,497.935
53.953,28.905,917.585,498.235
52.656,31.967,912.076,491.454
53.307,38.642,905.326,484.347
67.417,47.042,898.554,474.086
53.999,43.516,895.935,471.091
65.591,49.511,896.499,466.152
60.811,50.943,898.493,465.726
67.521,57.886,894.759,460.284
62.354,61.725,902.515,456.392
64.446,66.075,908.031,455.424
72.369,69.819,905.202,447.680
74.312,71.003,911.067,441.043
69.813,72.044,916.243,441.674
72.915,70.171,918.372,438.180
72.134,73.306,926.473,438.627
80.604,69.856,927.649,437.509
76.216,75.523,937.129,440.273
82.792,68.190,935.071,437.235
77.790,76.354,943.316,442.397
88.171,68.560,940.423,438.395
81.986,75.491,943.811,445.638
94.153,67.927,943.969,444.160
85.540,73.213,952.318,451.620
97.606,68.030,946.001,448.579
89.710,72.853,952.054,454.080
103.317,67.353,947.030,448.555
88.028,75.279,948.731,452.867
99.725,70.126,949.521,447.702
94.226,64.346,946.726,451.560
104.971,58.580,945.601,454.669
94.871,63.584,948.509,453.888
110.270,57.130,945.287,456.562
102.543,60.853,943.879,454.416
109.476,57.599,946.353,459.567
109.691,55.976,939.880,456.956
107.613,60.947,944.772,456.602
112.296,58.790,940.584,460.192
114.159,57.103,940.656,461.648
116.016,55.418,937.577,461.350
120.861,55.983,934.586,460.152
124.808,55.155,930.333,458.440
131.545,51.471,926.277,461.469
144.719,48.814,918.788,461.907
147.386,47.245,916.737,460.709
153.084,43.043,914.262,462.702
148.461,42.728,917.036,463.661
147.889,39.894,918.982,466.244
163.251,40.947,918.469,476.238
165.818,48.908,916.955,474.871
172.245,49.245,902.331,474.583
165.082,51.363,908.149,472.867
173.888,54.301,906.818,473.564
172.715,56.318,904.013,467.953
171.353,55.416,907.382,469.374
172.198,55.267,907.725,468.644
175.096,54.180,906.645,469.156
176.162,55.799,905.039,467.056
179.994,56.117,904.283,466.913
182.837,55.744,901.555,465.453
182.810,56.389,904.478,463.251
184.104,58.078,910.052,462.982
187.318,57.369,914.211,464.504
189.429,55.980,914.192,464.378
185.299,53.119,922.220,469.422
179.658,52.647,935.481,470.281
182.315,54.706,943.218,472.491
182.713,55.134,945.255,476.254
178.138,55.756,951.168,478.135
179.733,53.821,958.212,482.826
176.337,54.722,957.639,485.059
164.527,58.900,972.291,490.655
153.054,62.765,984.072,502.062
158.740,57.447,961.705,509.094
164.328,54.258,961.215,516.317
159.401,47.997,959.956,526.795
151.785,41.939,964.317,534.291
142.118,36.188,968.185,541.192
163.754,29.084,959.659,551.704
153.146,32.043,984.857,569.682
129.500,28.270,989.615,588.287
131.829,23.585,1012.541,595.072
121.995,9.711,1025.876,591.905
104.061,19.110,1052.639,619.418
77.485,23.557,1121.506,646.315
38.756,25.462,1167.171,658.673
24.484,17.225,1185.388,660.355
9.940,14.718,1198.588,664.399
7.997,11.505,1211.985,665.923
9.698,12.640,1213.653,668.814
3.588,12.130,1206.656,660.218
7.216,8.791,1218.834,661.071
0.000,4.141,1203.489,661.588
18.347,4.045,1205.982,663.826
4.415,9.793,1206.639,668.522
8.787,1.445,1230.388,671.157
2.949,8.478,1186.900,658.026
13.986,0.000,1218.395,659.139
12.234,7.750,1178.208,655.777
19.356,2.000,1220.625,663.172
17.724,5.686,1159.833,651.920
22.795,0.000,1195.349,656.676
27.129,7.786,1165.915,648.257
27.943,1.616,1185.230,655.869
39.092,4.969,1155.146,645.845
47.114,0.740,1178.978,649.218
30.659,16.625,1141.999,652.996
14.625,3.821,1193.203,657.098
17.300,3.359,1170.514,654.665
26.756,0.763,1186.767,660.783
34.063,10.635,1161.638,651.091
40.095,3.238,1171.100,654.686
56.761,19.844,1131.796,651.906
43.337,11.517,1155.293,663.984
21.698,10.752,1162.396,664.979
16.071,7.305,1173.078,663.231
21.940,9.580,1160.097,660.284
21.135,5.633,1159.170,658.346
22.617,5.970,1158.343,658.281
28.084,7.978,1148.035,658.315
23.538,5.502,1132.028,651.510
32.631,1.242,1150.696,652.496
38.360,9.670,1129.831,640.492
39.182,3.594,1131.672,639.833
43.040,0.799,1096.855,631.777
59.648,0.102,1099.490,623.417
63.021,4.156,1087.759,620.921
49.255,8.434,1095.184,617.103
71.744,8.070,1076.775,614.129
72.326,6.163,1067.501,611.219
69.731,8.362,1070.352,604.521
58.644,17.431,1080.822,607.254
86.249,19.431,1060.182,607.463
89.763,18.559,1058.281,606.333
86.243,15.847,1042.880,600.447
71.888,14.077,1032.126,596.999
88.295,13.703,1024.923,589.094
79.349,22.588,1037.038,599.809
76.231,14.109,1032.351,592.112
74.324,21.679,1036.150,599.690
83.850,12.757,1024.412,591.329
70.081,15.311,1041.260,592.271
76.902,11.542,1035.363,591.234
70.748,11.400,1054.342,593.546
51.408,10.494,1052.972,595.730
69.506,12.511,1046.991,593.059
69.664,10.918,1041.896,593.223
70.038,13.261,1043.388,596.330
57.990,9.426,1041.058,593.202
67.966,14.654,1047.778,594.106
49.022,12.643,1053.698,595.398
59.163,7.916,1056.582,593.349
56.755,13.122,1066.558,602.348
42.191,9.649,1045.514,584.640
63.245,7.499,1042.470,579.052
64.580,4.150,1057.529,587.315
59.515,5.729,1063.530,591.003
59.860,6.698,1071.252,599.122
42.028,9.506,1069.198,594.584
44.087,11.435,1061.943,587.866
49.812,11.921,1054.659,590.225
49.279,10.422,1056.968,593.230
47.601,9.430,1047.826,592.733
54.729,13.281,1057.089,590.241
48.957,11.133,1052.444,594.804
47.079,9.239,1046.211,589.427
55.928,10.878,1056.604,590.183
54.561,11.625,1057.052,597.061
47.349,11.016,1045.486,592.686
50.603,11.584,1051.521,587.802
51.568,10.730,1049.015,596.260
47.535,11.345,1042.754,594.098
49.882,9.854,1046.914,588.448
49.194,12.183,1055.236,593.374
43.403,10.361,1041.865,591.988
48.548,12.815,1047.891,588.925
39.847,6.621,1042.736,598.279
56.305,10.625,1030.355,588.474
64.587,10.789,1037.075,590.093
50.596,11.966,1033.453,590.188
52.221,9.667,1032.410,584.078
59.914,11.084,1043.519,583.943
52.090,8.226,1045.947,592.469
44.527,8.948,1048.104,590.961
50.562,9.758,1047.706,593.588
45.331,10.629,1040.190,584.577
47.676,11.930,1046.600,584.914
46.237,10.118,1048.586,592.034
43.397,10.765,1042.475,587.065
41.051,10.866,1037.502,587.286
42.142,13.311,1043.941,588.384
39.599,9.151,1039.254,588.350
40.963,12.295,1038.790,584.840
40.833,11.150,1038.729,584.847
40.268,11.910,1040.785,585.829
39.290,11.656,1041.019,588.851
34.428,10.375,1039.829,590.064
38.614,13.529,1052.802,591.967
40.457,11.559,1046.247,589.852
39.571,13.043,1045.572,596.405
35.774,8.954,1033.991,584.389
50.036,7.968,1051.680,588.152
41.637,12.491,1070.247,597.455
29.659,10.545,1042.376,588.474
39.345,9.428,1057.836,598.150
45.259,12.863,1063.950,598.581
31.078,11.013,1039.612,585.098
42.141,6.761,1058.303,595.870
51.181,11.201,1052.243,602.212
35.318,16.146,1035.374,589.190
42.304,13.549,1025.213,587.075
42.777,12.514,1033.818,592.499
44.628,13.658,1039.472,594.809
39.253,12.375,1031.818,590.537
45.349,11.526,1033.449,590.847
47.899,12.694,1042.703,599.411
39.254,11.629,1039.902,591.985
43.698,10.634,1042.984,595.649
46.896,11.133,1060.725,598.329
36.333,9.164,1044.087,592.300
42.087,5.238,1057.573,601.537
50.328,2.154,1063.352,597.246
43.546,4.552,1067.818,602.345
44.909,3.463,1072.921,600.050
44.011,1.428,1070.263,602.489
50.729,0.200,1075.310,601.450
48.391,2.458,1077.673,598.853
43.184,0.000,1079.854,605.428
49.783,0.000,1076.444,602.539
46.528,0.446,1084.376,599.906
48.897,3.174,1094.427,601.668
36.104,0.925,1089.940,600.545
41.060,0.000,1092.071,602.158
51.388,0.000,1106.736,601.813
35.749,4.703,1117.685,603.081
25.347,0.000,1102.660,605.739
30.882,0.171,1102.910,604.603
37.101,1.470,1126.989,615.738
23.403,1.430,1129.120,602.634
19.280,2.082,1126.902,621.296
21.967,7.606,1116.525,620.244
29.490,12.794,1121.253,617.135
26.455,11.562,1112.927,624.935
22.456,15.382,1114.001,617.084
26.755,12.840,1112.565,621.973
27.212,13.367,1117.429,622.776
22.326,10.542,1107.581,620.810
43.310,10.192,1098.858,602.924
46.323,10.889,1105.828,611.046
28.464,14.701,1105.458,609.860
46.437,9.101,1094.612,603.569
54.778,11.260,1105.378,604.324
35.972,12.166,1097.708,600.473
56.989,5.774,1083.995,601.012
57.598,11.798,1102.637,604.811
29.083,9.562,1115.311,598.525
54.608,2.495,1092.058,594.533
59.356,2.647,1110.060,607.390
38.359,7.483,1111.668,590.930
61.928,0.000,1102.393,606.739
54.592,2.801,1117.231,594.245
55.842,0.000,1109.459,603.717
71.374,1.297,1107.266,601.461
54.468,0.000,1101.817,593.227
76.832,2.117,1113.696,601.937
