314.000,331.000,31.000,20.000
312.972,330.299,31.538,20.635
313.582,330.936,32.855,20.890
313.772,330.642,32.539,21.638
313.332,330.664,34.103,21.923
313.172,330.959,34.222,21.993
314.067,331.403,34.930,21.948
315.401,331.541,34.444,21.365
316.963,331.627,33.576,21.459
316.360,332.069,32.915,22.446
316.873,332.753,32.059,22.136
317.686,332.701,31.891,22.545
317.148,332.103,31.307,22.536
317.934,333.099,31.440,23.175
318.458,332.497,31.245,23.367
317.556,332.158,30.969,23.188
318.636,333.255,31.847,22.603
318.781,333.185,31.727,21.966
318.777,333.188,32.256,21.450
319.352,333.959,31.586,22.030
320.124,334.348,31.835,21.601
320.315,333.943,31.527,21.462
321.695,333.758,30.824,21.076
321.144,335.057,31.198,22.224
322.125,334.326,31.708,22.110
322.175,334.505,31.471,21.328
322.199,335.634,31.738,20.779
323.959,336.019,32.003,19.831
323.601,335.717,31.594,20.079
323.613,335.598,31.845,20.352
323.714,335.357,32.444,20.634
324.048,335.828,32.351,20.533
324.996,335.345,31.920,21.141
324.921,332.762,31.906,22.177
326.401,329.569,31.261,23.978
327.446,322.496,30.783,24.303
327.766,315.795,29.838,24.194
329.494,307.891,29.036,24.077
331.025,300.063,28.493,24.943
331.070,294.788,27.640,25.369
331.680,290.519,27.715,24.978
331.756,287.110,28.434,25.333
331.936,284.528,28.599,24.824
332.415,283.209,27.981,24.827
333.393,282.158,27.422,25.046
332.851,281.401,26.606,25.889
334.149,280.581,26.931,25.686
333.912,277.917,25.890,25.361
334.586,274.558,25.705,24.750
334.562,270.237,25.289,24.888
335.333,264.939,25.665,24.402
334.543,259.623,25.863,25.265
334.702,257.192,26.015,25.689
334.752,255.653,26.180,25.727
334.734,255.661,26.497,25.331
335.048,255.984,26.256,25.398
335.556,255.449,26.021,25.627
335.377,255.009,26.023,25.950
335.273,254.733,26.143,25.862
334.897,254.702,26.566,25.654
335.439,254.837,26.440,25.518
335.214,255.190,26.516,25.624
335.054,254.391,26.518,26.320
336.168,254.390,25.927,26.357
335.301,253.881,25.170,26.400
336.034,253.610,25.714,26.225
335.310,252.916,26.066,26.681
335.040,253.118,26.941,26.583
335.743,252.597,26.554,26.832
334.927,251.650,26.456,27.189
335.930,250.981,25.938,27.364
336.153,250.916,25.648,26.880
335.626,250.488,26.036,26.466
335.611,249.940,26.437,26.687
335.868,250.037,25.802,27.042
336.497,249.844,26.110,26.778
336.987,249.483,26.197,27.420
336.475,248.843,25.900,27.873
337.325,248.979,25.646,27.864
337.380,248.784,25.612,27.711
337.115,248.138,25.799,27.837
336.985,248.318,25.986,27.368
338.460,248.564,25.557,26.872
337.439,248.511,25.887,26.872
337.190,247.679,26.313,27.528
336.729,247.437,27.259,27.523
337.371,247.660,27.281,27.106
338.061,248.037,26.724,26.612
338.495,248.311,26.721,26.230
338.503,247.825,26.670,26.670
338.953,248.395,26.301,26.307
339.878,248.037,25.707,26.263
340.473,247.969,25.733,26.015
340.330,248.038,25.260,26.015
340.212,246.763,25.748,25.977
340.043,247.531,26.827,26.129
340.089,246.987,26.697,25.693
340.862,246.294,27.692,25.441
340.384,246.796,27.811,25.028
340.527,246.031,28.606,25.226
340.876,245.745,29.202,24.989
340.158,246.762,30.097,24.441
341.032,245.484,30.655,25.038
341.742,245.657,31.227,24.265
341.758,244.780,31.414,24.816
342.119,244.626,31.559,24.037
342.138,244.627,30.868,23.328
342.512,244.512,31.377,23.029
343.447,244.323,31.270,22.926
344.047,244.267,30.875,22.909
345.148,243.554,30.657,23.146
345.994,243.739,30.794,23.543
346.550,243.749,30.485,23.003
346.365,243.262,29.931,22.773
346.726,242.818,30.117,22.451
348.070,243.631,30.221,22.302
347.398,243.106,30.083,22.039
348.065,242.872,30.590,21.927
348.785,243.891,30.912,21.738
349.569,244.191,30.103,21.290
350.387,244.123,29.469,21.189
350.010,243.989,29.640,21.210
349.869,243.521,29.593,21.255
350.690,243.692,29.761,21.595
350.527,243.464,29.646,22.061
350.625,242.991,29.276,22.490
351.202,243.238,30.062,22.309
350.723,242.836,30.067,23.004
352.028,242.909,29.916,22.272
351.518,242.746,30.391,22.139
352.071,242.181,29.552,22.565
352.251,242.177,29.652,22.861
352.543,242.810,30.010,22.405
352.980,242.222,30.405,22.577
352.883,240.960,30.265,24.000
353.228,241.591,30.005,22.986
353.259,241.831,29.952,22.988
353.405,241.329,30.424,22.876
354.240,241.508,30.683,23.023
353.424,241.537,29.762,23.449
354.426,241.127,29.951,23.244
354.475,241.726,30.802,22.973
355.061,242.376,31.114,22.981
355.988,242.505,30.762,23.003
356.071,242.569,30.850,22.975
356.362,242.324,30.656,23.210
356.395,242.344,31.583,23.269
356.855,242.193,31.818,23.158
356.601,242.157,32.456,22.525
357.825,241.791,32.335,22.672
357.578,242.266,32.624,22.279
358.880,241.816,32.178,22.785
358.873,241.740,31.545,23.302
359.441,240.671,31.756,23.935
360.053,239.933,30.799,24.372
361.702,240.131,29.578,25.119
362.455,239.989,29.561,24.250
363.788,240.433,28.573,25.533
364.339,240.460,27.400,25.536
367.271,240.579,26.946,25.149
366.757,240.852,26.361,24.623
367.951,239.875,26.100,24.912
367.785,240.488,27.043,25.480
368.027,240.600,28.090,25.685
368.691,241.010,29.311,24.592
369.425,240.589,29.913,24.709
367.886,241.077,30.383,25.255
369.280,239.502,31.304,25.852
370.110,240.122,30.968,24.681
368.849,240.619,30.895,24.845
368.692,240.616,33.277,24.413
370.369,239.953,32.466,25.360
370.348,239.875,33.220,25.639
371.036,240.359,32.626,25.666
371.969,240.059,31.677,28.187
373.209,240.335,30.469,28.962
373.936,239.948,29.901,29.562
375.915,240.270,29.174,29.601
375.321,241.067,28.888,28.519
375.984,240.625,28.730,28.035
376.201,241.389,28.356,27.586
376.207,241.885,28.474,27.991
376.095,240.536,28.781,28.915
376.547,241.565,29.351,29.357
376.746,242.903,29.601,29.126
377.195,243.676,28.483,28.658
376.736,243.452,28.366,29.243
377.146,244.100,28.342,28.486
377.210,243.801,28.018,29.057
378.262,244.376,27.710,29.121
378.388,244.913,27.191,29.228
378.391,245.045,27.575,29.570
379.874,244.886,26.595,28.962
379.537,244.167,26.373,29.366
380.494,243.845,25.882,29.837
380.873,244.682,25.885,29.840
382.386,245.013,25.863,29.840
381.732,244.839,25.120,30.385
383.259,245.801,25.115,29.543
383.247,245.079,24.228,29.410
384.300,245.003,23.859,28.247
385.566,246.490,24.189,28.859
384.525,247.029,24.320,30.158
386.859,246.837,22.993,31.432
386.813,245.880,22.472,32.607
386.887,245.162,22.782,33.166
388.297,246.720,22.442,31.317
387.365,246.978,22.378,30.131
387.986,247.212,22.533,29.981
388.656,246.822,21.882,29.957
388.157,247.324,21.723,30.130
388.033,247.619,21.595,30.277
388.084,248.470,21.100,30.128
388.783,248.750,20.796,29.485
388.528,248.771,20.403,28.883
389.168,248.172,20.203,29.313
388.793,248.210,20.581,30.098
387.842,247.962,20.657,29.962
387.943,249.042,20.562,30.046
388.141,249.003,20.402,30.221
388.199,250.045,20.431,30.133
388.648,249.667,19.998,30.269
387.842,249.604,20.335,29.955
387.856,249.844,20.586,29.936
387.628,250.295,20.548,29.746
388.585,250.023,20.268,29.965
387.490,249.499,20.326,31.152
388.372,249.302,20.109,30.673
387.964,248.362,19.917,30.065
387.516,248.423,20.119,30.143
387.616,248.898,19.969,30.129
387.216,248.896,19.987,29.890
388.010,249.460,19.961,30.006
387.638,249.126,20.058,30.752
387.135,249.325,20.204,30.560
387.800,249.213,20.316,30.097
387.093,248.539,20.517,31.026
387.000,249.248,20.211,30.958
387.375,249.284,20.292,30.214
387.394,249.659,19.560,30.134
386.977,250.156,19.689,29.734
386.646,249.374,19.898,29.894
386.024,249.158,20.573,29.934
385.917,248.929,21.138,30.162
386.064,249.488,21.691,30.087
385.858,249.398,21.938,30.107
386.832,249.361,21.850,29.691
386.237,249.400,22.011,30.530
385.822,249.451,22.094,29.985
386.732,249.651,22.283,30.765
386.105,249.816,21.859,32.085
386.334,249.570,22.418,30.939
386.057,249.834,22.239,31.438
386.848,250.328,21.587,31.543
387.037,250.497,21.258,31.165
386.247,250.217,21.408,32.133
386.838,250.167,21.688,31.580
387.253,249.868,21.377,31.282
386.975,251.359,21.150,31.675
387.131,251.839,21.279,30.839
386.902,251.125,20.900,31.610
386.764,250.783,21.151,31.249
387.225,250.393,20.911,31.509
387.359,250.303,20.983,31.439
386.927,250.574,20.686,31.518
386.282,251.668,21.270,30.355
386.076,252.105,21.503,29.810
385.777,252.520,21.780,30.136
386.469,252.847,21.376,30.004
386.123,253.198,21.642,30.065
386.035,252.159,21.507,30.030
385.760,252.080,21.563,30.341
385.984,252.256,21.476,30.376
385.672,252.533,21.588,30.959
385.938,251.890,21.576,31.335
385.554,252.282,21.791,31.244
385.450,251.804,21.846,31.520
385.074,251.294,21.894,31.358
385.120,253.060,22.188,31.041
384.600,252.274,22.101,30.913
385.180,251.582,21.916,31.327
384.232,251.460,21.730,31.413
384.410,251.181,21.925,31.508
384.586,251.436,21.622,31.518
384.391,251.381,21.596,31.827
384.773,252.374,21.516,31.761
384.810,251.641,21.372,31.969
384.586,251.042,21.687,32.359
384.485,252.407,21.729,31.723
383.985,252.677,21.749,31.190
383.970,252.138,21.982,31.183
384.750,252.295,21.784,31.189
384.279,252.544,21.778,31.396
383.657,251.773,21.972,31.428
383.820,251.541,22.136,31.431
384.009,251.629,21.679,31.227
382.985,251.977,21.836,31.372
383.129,252.224,21.814,31.403
383.288,252.320,21.945,31.680
382.878,251.422,21.957,32.038
383.169,250.776,22.370,32.546
382.663,250.297,22.379,33.046
382.726,249.704,22.330,32.748
382.785,249.145,22.228,33.328
382.875,249.434,22.049,33.793
383.221,249.808,22.599,33.801
382.460,250.023,22.791,33.501
382.686,249.696,22.873,33.535
383.040,250.569,23.589,33.019
383.299,251.083,23.035,33.126
383.533,251.698,23.135,32.437
383.834,251.589,23.094,31.851
384.174,252.171,22.322,31.531
384.119,252.505,22.454,31.046
384.763,252.302,21.873,31.228
385.310,253.695,21.535,31.681
385.559,253.462,21.703,32.664
385.269,253.919,22.174,33.304
384.954,253.283,22.562,32.967
385.421,253.389,22.739,34.075
384.503,253.641,23.611,34.051
384.473,254.581,23.989,33.695
385.203,254.600,24.483,34.001
384.411,254.615,24.398,34.315
384.304,254.186,25.659,34.373
384.721,254.319,25.972,34.839
384.466,254.355,26.007,34.352
384.265,254.593,26.163,34.296
384.088,254.925,26.150,33.918
383.918,255.442,26.388,33.244
384.331,255.144,26.796,33.216
383.626,254.940,27.538,33.176
383.801,255.079,27.758,32.451
384.507,255.212,28.132,31.421
384.857,255.682,27.594,30.779
384.939,255.507,27.969,30.208
385.246,255.995,28.115,29.600
385.681,255.844,28.034,29.201
385.065,256.077,27.666,29.455
385.447,256.041,27.754,28.945
385.440,256.158,28.603,28.696
385.730,256.196,28.952,28.600
385.662,256.189,28.726,28.835
385.568,256.317,28.960,29.522
385.713,256.929,29.316,29.245
385.631,257.045,29.598,29.686
385.780,258.471,29.304,29.713
386.734,259.522,29.154,29.924
387.897,262.088,28.705,29.125
387.144,265.040,27.838,28.938
387.202,268.913,29.270,29.387
388.302,276.257,29.937,29.417
388.037,286.159,31.505,28.513
389.692,293.431,31.911,28.099
388.002,303.818,32.297,28.536
390.515,311.922,32.571,28.155
389.952,320.927,32.945,28.005
390.249,329.112,34.403,28.021
390.492,335.799,35.798,26.702
390.685,339.580,35.951,23.516
390.091,341.172,35.897,21.427
392.783,341.825,35.046,20.226
391.161,342.381,35.677,19.437
392.053,342.396,35.557,18.787
392.286,342.711,36.169,18.667
392.140,343.110,36.694,18.436
392.331,342.991,36.611,18.338
392.586,343.291,37.362,18.376
392.812,343.029,37.744,18.271
394.472,343.834,37.077,17.632
394.371,344.231,36.957,16.898
394.854,343.832,37.614,17.375
395.388,344.134,37.414,16.997
396.195,343.771,37.624,17.230
396.935,344.389,37.806,17.085
396.779,344.559,38.134,16.947
396.571,345.103,39.033,16.476
398.634,345.535,38.653,16.054
399.041,345.785,38.052,15.591
399.292,346.238,38.422,15.308
399.117,347.583,38.707,14.562
398.740,348.722,37.893,13.248
399.113,349.913,38.410,12.614
399.587,350.444,39.127,11.689
399.555,350.338,38.924,10.786
400.531,350.712,38.913,10.398
401.922,350.909,39.373,10.205
403.561,351.141,39.325,10.382
403.801,350.333,38.918,10.592
404.857,350.109,39.257,10.499
406.519,350.913,38.993,10.694
406.595,350.826,38.293,10.616
407.023,350.411,38.433,10.596
408.273,347.504,35.799,11.928
410.331,344.114,34.071,15.878
409.371,343.643,35.100,16.138
408.719,339.127,34.507,17.307
408.519,335.944,35.254,19.021
408.588,328.437,34.083,20.758
410.227,321.555,33.868,20.425
410.309,319.553,34.524,21.045
408.523,311.212,35.745,20.904
410.506,304.233,35.700,21.009
411.177,303.518,36.202,21.645
409.731,295.546,36.462,21.683
410.429,292.879,36.783,22.939
410.557,288.409,38.141,23.930
410.460,280.092,36.412,23.350
411.955,278.173,36.698,23.951
410.438,270.856,36.081,24.570
410.916,264.772,37.045,26.833
411.610,264.501,37.139,27.255
412.961,258.055,35.752,27.679
414.164,257.491,35.253,26.408
415.046,255.746,34.331,26.222
416.139,253.518,32.978,25.977
416.583,253.052,32.450,25.125
417.579,250.356,30.969,25.308
417.636,248.045,31.273,26.161
418.016,247.227,30.187,26.592
419.093,245.635,29.464,27.004
418.584,245.705,29.509,26.808
419.261,244.709,29.927,26.947
418.556,241.713,29.085,27.074
419.534,240.782,29.121,26.300
419.500,240.443,28.776,26.123
419.386,239.866,28.947,26.622
418.921,240.275,28.652,26.619
418.918,239.179,28.566,26.671
419.112,238.908,28.208,27.178
419.406,240.051,28.792,27.052
419.908,240.078,28.484,26.780
419.131,240.058,28.178,26.270
419.498,240.033,28.733,26.179
419.794,239.916,28.836,25.657
418.982,239.060,28.632,25.864
419.355,239.205,28.819,26.163
419.652,238.856,29.051,26.065
419.876,239.393,28.475,25.965
419.085,238.662,28.981,26.068
418.855,238.637,29.325,26.389
418.299,238.286,29.196,26.408
418.638,237.890,29.462,26.623
419.238,238.182,29.618,26.353
419.059,237.299,28.950,26.363
418.399,236.752,29.327,26.431
417.765,236.486,29.589,25.923
417.479,236.455,29.621,26.245
417.328,236.641,29.548,26.272
417.426,236.799,29.399,26.199
417.330,236.294,29.238,26.109
417.351,235.587,29.067,26.372
417.085,235.398,29.282,26.592
416.834,234.894,29.146,26.521
416.684,235.663,29.572,26.023
417.663,235.835,28.907,25.743
417.765,235.863,28.651,25.486
417.097,235.184,28.502,25.251
417.523,234.368,28.588,25.207
418.210,234.113,28.944,25.302
418.700,233.577,29.022,25.576
418.740,233.550,28.534,25.745
418.046,233.719,28.929,25.884
418.455,233.951,29.336,25.951
418.910,234.136,29.077,25.656
418.506,234.209,28.849,25.119
418.643,233.353,28.688,25.334
419.008,232.684,28.122,25.740
418.344,232.284,28.670,25.955
418.639,232.305,28.411,25.728
418.013,233.004,29.030,25.629
418.562,232.949,29.588,25.775
418.950,231.783,29.220,26.759
418.827,232.068,30.591,27.031
418.802,231.502,31.184,27.802
419.000,231.526,31.603,28.284
418.709,232.103,33.316,28.465
419.097,231.911,35.070,27.824
419.421,232.104,36.055,26.741
419.123,231.680,37.359,27.219
418.883,231.358,37.373,27.176
420.205,230.860,38.043,27.282
420.236,230.898,38.369,27.414
420.229,230.502,39.299,28.159
420.498,230.675,40.219,27.848
419.277,230.143,40.211,28.044
419.623,230.689,40.955,27.409
420.132,230.346,40.392,27.044
420.740,229.751,39.923,27.581
420.675,229.747,40.843,27.847
421.378,229.533,41.001,27.935
421.992,229.734,40.851,28.579
422.084,229.829,40.633,28.503
423.612,230.328,39.772,28.236
423.520,230.457,39.347,27.780
424.568,230.541,38.710,27.290
425.821,230.291,38.389,27.112
426.764,230.324,36.953,27.044
426.398,231.661,36.712,26.245
427.605,232.273,37.344,25.717
427.825,232.271,38.043,25.302
428.569,232.208,37.449,24.884
428.767,232.071,37.592,24.951
428.887,231.634,37.557,24.995
428.177,231.778,37.455,25.277
428.500,231.773,38.099,26.101
430.255,231.990,38.860,26.044
430.400,231.826,39.885,24.928
430.646,231.259,40.716,25.407
430.615,231.623,40.079,25.841
429.548,231.595,40.165,26.029
428.959,231.490,42.012,26.571
431.479,230.754,41.358,27.004
434.045,230.109,39.417,27.006
435.357,230.427,38.629,27.044
435.625,230.581,36.521,26.623
436.321,230.272,37.054,26.606
436.784,229.623,36.154,26.294
437.170,230.231,36.620,25.783
437.696,229.393,36.425,25.618
437.597,229.363,37.495,24.978
438.466,229.484,39.014,25.237
437.423,229.885,39.043,24.785
438.493,230.046,39.820,24.643
437.871,230.020,41.758,24.733
439.215,229.911,41.131,25.161
438.641,229.917,40.576,25.774
440.064,229.712,40.930,25.743
439.106,228.653,40.225,25.893
440.835,228.172,40.579,25.373
441.176,228.337,38.492,24.559
443.170,228.139,38.140,24.693
444.813,227.857,36.855,24.941
446.193,228.030,36.149,25.005
447.487,228.445,35.752,25.014
447.255,228.706,35.540,25.089
448.109,229.180,35.078,25.141
449.538,228.984,35.165,24.343
448.395,229.215,37.126,23.367
448.805,230.322,37.055,22.932
449.652,230.365,37.912,22.271
450.807,230.491,38.893,21.903
449.108,230.556,39.553,21.998
449.927,230.393,39.273,22.241
450.272,230.392,40.896,21.984
451.543,229.994,41.052,21.644
450.532,229.916,41.278,21.842
451.623,230.916,40.608,21.671
453.311,231.421,40.281,21.584
454.996,230.808,38.762,21.784
457.446,230.733,38.681,21.342
456.546,230.504,36.699,21.638
459.082,230.014,37.018,21.474
457.672,230.057,36.648,21.349
458.362,230.160,37.754,20.983
457.647,230.754,38.024,20.972
458.310,230.589,38.276,21.003
456.533,230.710,38.360,20.899
458.086,230.825,38.911,20.895
456.235,230.808,39.786,20.802
456.009,230.500,41.857,21.108
454.545,230.787,42.714,21.441
454.703,230.983,42.929,21.595
455.353,230.293,42.329,21.485
454.447,230.031,41.778,21.505
455.157,229.875,40.423,21.580
457.387,229.659,40.281,22.468
458.477,229.295,38.249,22.896
459.603,228.869,37.588,23.019
459.019,228.909,36.164,22.586
458.575,229.197,37.604,22.355
458.793,229.033,37.805,21.979
458.432,228.855,37.865,21.395
457.776,228.903,38.609,21.160
458.497,228.794,39.750,21.424
457.529,228.869,41.127,21.492
458.551,229.529,41.584,21.457
458.745,229.725,42.350,21.731
458.403,229.947,42.876,21.334
458.539,229.236,43.676,21.192
459.297,229.015,44.283,20.984
460.181,228.662,43.744,21.194
460.676,229.155,43.275,21.045
462.374,229.511,43.216,21.163
464.567,229.761,41.659,20.324
467.851,229.866,38.700,20.482
469.490,230.041,37.769,20.372
468.713,229.683,37.497,20.012
470.535,229.286,37.658,20.396
470.468,229.150,37.713,20.748
470.830,229.178,37.875,20.911
471.158,228.958,38.425,21.212
469.969,228.676,39.799,21.491
471.410,228.093,39.484,21.573
471.066,227.720,40.021,21.870
472.111,227.614,41.218,22.165
471.254,227.674,40.952,22.444
472.107,227.708,41.923,22.360
471.870,227.009,42.819,22.538
475.271,226.691,41.957,23.313
476.777,226.796,40.357,23.534
478.657,226.587,39.366,23.599
478.850,226.947,38.916,23.447
480.140,227.848,38.269,23.018
480.151,227.930,37.754,22.280
481.161,228.166,36.794,21.722
481.493,228.579,36.609,21.375
482.439,229.493,37.318,20.464
482.445,229.868,37.591,19.681
483.978,229.324,37.071,20.486
482.598,229.291,37.956,20.812
483.700,229.371,37.943,20.473
484.740,229.526,38.439,20.225
485.389,229.427,37.771,19.455
486.000,228.534,36.783,19.427
487.789,228.538,36.486,19.622
488.536,228.619,36.011,20.043
487.829,228.547,35.743,20.197
489.100,228.659,34.739,20.422
491.200,228.878,33.463,20.472
493.484,228.835,31.920,20.665
494.166,228.824,31.252,20.184
494.889,228.649,31.138,20.328
494.742,228.641,31.240,20.472
494.848,228.854,32.170,19.969
495.753,228.957,31.960,19.532
496.415,229.369,31.994,19.736
497.165,229.903,33.161,19.543
495.589,229.834,33.533,20.091
496.855,229.330,33.772,20.193
496.940,229.953,34.523,19.836
496.714,229.939,34.533,19.986
496.819,229.607,34.125,19.806
497.457,229.408,34.476,19.977
497.015,230.005,35.249,19.899
498.214,229.556,35.356,19.664
499.992,228.584,36.242,20.092
502.727,227.900,34.728,20.085
504.390,228.133,33.715,20.443
505.090,228.315,32.468,20.441
504.595,228.816,32.430,20.110
506.447,229.127,32.888,19.704
505.839,229.153,31.984,19.322
507.140,229.401,32.585,19.892
507.149,229.682,32.563,19.629
508.502,229.153,32.933,19.583
508.593,229.751,33.391,19.352
509.001,229.176,35.509,19.747
509.015,229.452,36.212,20.082
508.320,229.143,36.390,20.407
508.396,229.088,36.232,20.319
509.457,228.754,35.719,20.677
511.505,228.122,35.982,20.297
511.763,229.086,36.161,20.909
512.211,229.210,34.409,20.374
513.457,229.273,34.157,19.884
514.160,229.458,33.893,19.851
514.208,229.477,33.230,19.916
515.159,228.804,33.362,20.100
516.661,227.780,33.040,20.314
517.976,227.233,32.235,20.941
517.468,228.838,32.518,21.375
517.356,228.871,32.598,20.860
518.318,228.852,32.974,20.824
518.019,228.655,33.181,20.860
517.697,228.561,33.757,20.350
518.126,228.368,33.658,20.584
518.679,228.450,34.686,21.294
518.554,228.446,34.473,21.597
518.813,228.573,34.793,22.061
520.985,228.093,35.253,22.281
520.857,227.417,34.538,22.360
521.176,226.558,34.659,23.376
523.258,225.408,34.792,23.881
524.644,225.980,33.625,23.886
525.660,225.510,32.422,23.859
526.110,224.975,31.205,24.698
526.694,224.561,30.299,24.637
527.327,225.163,29.387,24.606
527.491,224.985,28.783,24.179
528.205,224.677,28.518,24.281
527.438,223.965,28.648,24.206
528.020,223.861,28.432,24.870
527.334,223.958,28.993,24.854
527.346,223.692,28.833,25.227
527.916,223.682,28.269,25.842
527.057,224.013,28.937,25.248
527.238,223.793,29.095,24.337
527.296,224.048,29.182,24.501
527.256,223.877,29.510,24.013
527.552,224.041,29.617,23.777
527.513,224.100,29.172,23.815
527.571,224.150,29.017,24.094
527.588,224.450,29.026,23.940
527.213,224.469,29.218,23.510
526.857,223.975,28.731,22.785
527.256,224.632,28.375,22.947
526.784,224.666,28.601,22.867
526.583,224.636,28.502,22.447
527.305,224.306,28.153,21.665
527.780,224.495,28.289,21.305
526.507,224.679,28.579,21.194
526.275,224.511,28.705,21.086
525.919,224.997,29.037,20.974
525.642,224.674,29.000,21.175
526.226,224.851,28.762,21.195
526.210,224.581,28.805,21.445
526.318,224.693,29.121,21.451
526.097,224.469,28.978,20.902
526.086,224.727,29.203,20.805
525.682,224.203,28.472,20.527
525.748,224.643,27.727,20.208
526.036,224.882,27.066,20.113
526.323,225.269,26.541,20.120
526.145,225.425,26.610,20.326
526.551,225.120,26.711,20.160
525.774,225.545,26.492,20.874
525.799,225.639,26.161,21.297
526.097,225.197,25.877,21.490
526.700,225.205,25.808,21.215
526.717,225.242,25.684,21.134
526.104,225.479,25.922,20.799
524.979,226.073,26.073,21.198
525.075,225.482,26.151,20.644
525.418,225.620,26.257,21.532
525.397,225.309,26.879,21.908
524.619,225.282,26.872,22.618
524.445,225.232,27.256,22.369
524.311,225.089,27.225,23.056
523.818,224.978,27.875,22.780
523.933,225.561,27.822,22.974
524.184,225.907,27.903,22.181
524.733,226.629,27.849,21.762
524.430,226.706,27.587,21.910
523.583,226.668,27.963,22.227
523.637,226.506,27.883,22.324
524.272,226.436,28.012,22.123
524.234,226.448,27.816,22.134
524.103,226.604,27.764,22.304
523.922,226.665,27.619,22.721
523.935,226.973,27.777,22.460
523.475,227.220,27.619,22.767
523.354,226.638,27.546,22.579
524.036,227.004,27.071,22.620
524.057,226.824,26.900,22.835
524.177,226.877,26.320,22.928
523.633,227.034,26.399,22.670
523.839,227.357,26.077,22.986
523.859,227.391,26.424,22.437
523.531,227.236,27.059,22.894
523.424,227.176,27.465,22.899
522.642,228.321,28.432,22.962
523.167,228.182,28.115,22.442
523.438,228.560,27.597,21.881
522.346,228.792,28.009,22.291
523.570,228.917,27.985,21.695
522.652,228.939,28.314,22.544
522.837,229.076,28.008,22.914
522.476,228.691,27.538,22.945
522.351,229.058,27.141,22.826
522.360,229.251,27.708,22.697
524.053,229.669,27.010,22.438
523.268,229.655,27.293,22.881
523.714,230.669,27.218,22.797
522.800,230.885,26.916,22.838
523.314,231.315,26.511,22.499
523.073,230.858,26.777,22.859
523.218,230.758,26.917,23.229
523.689,230.262,27.424,23.469
522.050,230.777,28.973,23.519
522.008,230.826,28.829,23.450
522.328,231.633,28.502,22.975
522.446,231.725,28.301,22.845
522.778,231.331,28.164,22.726
521.678,231.701,28.621,22.655
521.802,232.299,29.870,22.761
521.789,232.871,30.005,22.129
521.679,233.426,31.765,21.571
523.007,234.487,31.392,21.895
522.030,234.448,32.755,21.727
522.107,234.673,34.145,21.774
520.947,234.587,35.472,21.999
522.166,234.440,35.632,22.194
521.454,234.494,35.292,22.516
522.031,234.813,35.911,22.734
522.694,234.653,35.780,23.290
522.525,234.614,36.943,23.262
523.701,234.289,35.904,23.175
523.296,234.542,35.460,23.379
525.559,234.191,34.780,22.825
526.223,234.716,34.483,22.587
526.546,234.760,34.020,22.516
528.136,235.472,32.945,22.067
527.935,236.082,32.453,21.608
527.979,235.933,32.149,21.304
527.603,236.015,32.755,21.057
528.114,236.323,32.105,21.055
528.132,236.995,33.314,20.246
528.076,237.352,33.240,20.268
528.469,237.918,34.242,19.679
528.341,238.366,36.628,19.089
529.092,238.126,35.928,19.342
528.247,239.172,36.001,18.949
528.983,239.308,36.685,18.978
529.071,238.548,36.040,19.209
528.579,238.215,37.297,19.177
529.325,238.812,36.711,19.901
529.131,239.023,37.640,20.305
529.839,239.029,36.927,21.186
530.413,239.190,37.330,21.330
533.139,239.454,35.220,22.071
534.328,239.319,34.560,22.603
534.099,239.637,33.320,22.953
535.141,240.201,33.128,23.676
535.635,240.282,33.762,23.820
535.795,240.685,34.772,23.656
536.502,241.226,35.563,23.444
535.879,241.554,36.317,23.076
535.749,242.096,36.947,22.888
535.479,242.813,38.596,22.116
537.508,242.644,37.622,22.469
537.143,242.387,37.502,22.849
536.913,242.392,37.863,23.038
538.094,242.517,37.865,23.376
537.197,242.030,38.862,23.463
538.672,242.361,38.044,23.571
537.882,242.525,39.297,22.969
538.963,242.370,38.683,23.543
539.750,242.573,38.611,23.302
540.868,242.415,38.093,23.313
542.817,242.160,37.487,23.706
543.064,243.084,37.778,23.523
545.036,243.615,37.210,23.535
546.667,243.950,35.564,23.382
546.720,243.969,35.649,23.780
547.266,244.365,35.649,23.475
548.506,245.016,34.978,23.338
548.517,245.797,35.481,23.012
548.024,246.560,35.658,22.453
548.668,246.896,35.475,22.446
549.061,247.573,36.051,22.616
549.316,247.500,36.868,22.522
549.709,248.289,37.282,21.946
550.395,248.510,36.819,21.867
549.968,249.501,37.273,21.976
550.265,250.389,36.622,21.826
552.340,249.986,36.922,21.809
553.719,250.773,34.882,21.736
554.358,251.141,35.764,21.412
555.424,252.037,34.928,20.856
555.256,252.098,34.912,21.241
554.453,251.338,35.126,21.647
555.287,251.757,35.180,22.037
557.441,252.195,34.397,21.940
558.893,251.880,33.295,21.813
558.210,252.512,32.956,21.694
558.458,252.652,32.993,20.948
558.833,253.504,33.524,20.576
559.610,253.787,33.398,20.584
559.499,253.812,34.679,19.773
559.153,254.182,34.524,19.659
558.043,254.987,35.660,19.541
557.662,255.307,35.619,19.434
556.141,254.732,35.556,18.729
555.584,254.362,35.882,18.499
553.307,253.938,37.852,18.895
551.219,252.381,36.927,19.254
550.750,252.344,36.506,19.912
548.575,252.308,36.392,20.071
547.384,252.479,36.542,20.116
545.595,251.836,37.512,20.370
545.541,251.274,37.184,21.170
544.587,250.888,36.432,21.244
544.448,250.198,35.728,22.120
543.415,249.788,35.269,22.514
542.782,250.174,33.791,22.821
541.749,249.785,32.634,23.104
539.013,249.211,31.863,23.082
536.061,248.542,31.103,23.650
532.039,247.081,31.279,23.845
527.438,246.441,31.581,23.002
522.148,246.193,32.920,21.831
516.513,244.407,32.659,21.692
510.769,243.250,32.989,21.181
500.408,240.995,33.376,20.893
491.494,239.156,34.326,20.656
481.205,237.042,35.173,19.948
470.417,235.025,35.964,20.214
464.364,233.468,35.913,20.764
454.615,232.102,36.910,21.098
448.682,230.149,37.045,21.508
440.915,229.801,37.605,20.967
434.822,228.320,37.486,21.489
429.723,227.734,37.457,21.765
422.750,227.642,38.253,21.742
417.284,225.862,37.301,22.263
409.666,224.441,38.256,22.930
401.481,223.660,36.857,23.548
393.385,222.837,35.594,23.518
383.166,220.804,36.715,23.483
370.381,218.312,38.437,24.093
362.341,217.188,37.356,25.295
347.806,212.255,40.197,25.943
340.249,212.887,39.392,28.610
333.667,213.167,38.186,28.183
327.181,213.498,38.728,28.593
320.706,214.428,38.817,27.821
318.282,215.566,38.924,26.887
315.205,215.598,39.594,26.469
312.930,213.522,40.396,27.560
312.775,214.481,39.972,29.336
310.865,217.124,38.953,29.451
310.050,218.919,37.226,27.967
308.813,220.673,38.295,26.273
308.941,222.221,37.355,26.882
307.545,220.858,37.400,28.608
309.060,220.893,36.751,28.538
309.319,221.070,36.402,28.781
310.128,220.834,35.648,28.942
311.175,220.788,35.100,28.835
312.188,221.402,34.714,27.321
314.784,221.819,33.867,26.935
318.582,222.031,33.338,26.589
322.054,221.174,34.078,26.920
325.966,221.692,33.580,26.616
329.692,221.676,34.016,26.134
334.771,222.158,34.328,25.632
338.067,223.504,34.697,25.762
344.070,223.705,36.236,25.074
347.327,223.453,37.420,25.279
350.733,222.925,37.008,26.052
356.559,223.688,36.686,25.913
362.661,223.831,36.959,25.871
366.573,222.578,37.040,26.616
370.067,222.978,37.063,26.072
374.130,222.467,36.872,26.595
378.943,221.548,35.647,26.707
381.786,220.166,33.957,27.996
385.766,218.541,32.721,28.986
386.855,215.744,33.291,31.588
389.167,215.769,34.262,33.245
390.520,216.464,33.895,33.836
391.265,216.881,35.097,33.976
392.637,216.586,35.595,34.178
393.332,218.049,37.622,33.861
393.430,218.485,38.384,33.789
393.809,219.067,39.057,32.930
393.849,219.676,39.315,32.252
394.360,220.097,39.267,31.669
394.090,220.512,39.437,30.956
394.999,220.275,40.256,31.118
395.157,220.943,41.282,30.176
395.755,221.209,41.059,29.351
397.511,220.858,40.258,28.536
398.560,220.512,38.592,28.940
398.745,220.348,38.058,29.004
399.207,220.635,38.458,28.421
398.883,220.566,38.966,28.959
399.272,220.800,38.566,29.267
399.783,220.709,38.767,29.665
401.642,220.668,38.463,29.220
403.182,220.021,37.482,29.245
402.887,219.929,37.380,29.899
402.987,219.255,37.488,30.054
402.934,218.431,38.135,29.698
404.506,217.897,37.928,29.061
405.741,218.118,37.401,29.115
406.978,217.969,37.593,29.164
407.009,218.400,37.668,30.385
407.036,218.608,37.396,30.613
408.272,217.808,36.952,30.912
410.350,217.253,36.047,31.209
411.485,217.634,35.510,30.542
411.617,218.428,35.220,30.012
412.066,219.222,34.891,29.351
412.832,219.840,34.821,28.766
413.329,219.937,35.858,27.875
414.160,220.384,35.350,27.406
414.280,220.442,35.324,26.493
414.371,221.110,36.105,25.117
413.423,222.283,36.819,24.085
414.190,222.968,37.062,23.962
414.725,222.954,36.921,23.233
415.279,222.941,36.728,23.073
414.970,222.857,37.882,22.945
415.709,222.480,37.394,23.056
415.785,222.220,37.313,23.642
416.686,222.729,37.208,23.369
417.658,222.359,36.359,23.611
417.225,222.375,36.984,24.034
416.422,221.153,37.163,24.805
414.463,220.674,36.408,25.145
412.273,219.719,35.469,25.804
409.072,218.781,36.052,26.022
406.866,217.682,36.512,26.686
404.419,217.445,35.814,26.004
401.013,216.082,35.951,26.986
396.210,216.624,37.454,25.625
392.029,216.147,37.856,25.948
387.855,215.457,38.019,25.741
383.325,215.097,38.632,26.072
378.085,213.202,39.093,27.568
371.984,214.013,40.202,27.198
366.028,213.753,38.395,27.759
361.642,213.016,37.446,28.452
355.488,213.235,38.784,26.289
349.912,211.373,36.854,28.024
345.098,211.094,35.369,28.368
341.508,210.667,33.562,28.543
335.138,210.646,31.644,29.350
330.458,211.902,31.875,28.435
326.310,210.461,32.181,29.524
319.568,211.261,33.780,28.309
316.255,211.143,33.074,28.553
313.359,210.779,33.639,29.273
309.242,211.035,35.533,28.816
309.914,211.395,34.356,28.047
308.588,211.683,33.701,28.535
308.727,211.012,33.370,28.802
308.934,209.986,34.469,28.535
307.247,209.691,34.930,28.092
307.524,208.991,35.240,28.475
308.115,208.726,35.037,28.464
309.544,208.501,34.670,29.218
308.450,208.249,36.347,28.848
308.223,208.187,35.972,29.464
308.965,209.525,36.278,28.750
308.439,210.171,36.405,27.922
309.058,210.284,35.903,27.725
309.828,210.511,35.766,26.836
310.747,210.400,34.965,26.456
312.423,211.247,35.342,26.137
312.121,210.037,35.244,27.174
312.874,209.860,37.111,27.621
311.054,209.474,38.129,28.147
311.518,207.396,38.067,29.045
312.703,206.779,38.862,28.481
312.745,206.403,37.963,28.836
313.377,207.017,38.804,28.331
314.096,207.323,36.937,29.020
314.072,206.338,38.619,28.951
315.275,205.801,38.806,28.033
314.109,205.440,37.698,27.571
315.309,205.497,38.419,27.720
315.490,205.447,37.920,27.576
316.257,204.935,38.290,26.950
315.514,204.444,39.437,27.195
315.092,204.600,40.059,27.656
315.428,203.790,41.352,27.821
314.953,203.310,41.940,26.405
315.563,203.143,40.691,27.671
316.617,202.181,40.106,27.227
318.892,201.757,39.186,28.187
319.063,199.910,39.545,28.409
320.779,199.054,40.461,29.347
321.349,198.356,39.820,28.340
321.259,196.090,40.509,29.193
322.000,196.190,41.112,29.237
322.987,195.875,40.731,28.710
322.912,195.399,40.797,29.198
325.053,195.874,40.157,28.884
326.321,194.360,38.729,30.142
326.899,192.721,38.365,30.168
329.015,192.877,38.815,30.067
329.433,193.848,37.054,29.723
329.441,193.517,37.330,28.965
328.611,193.634,37.516,28.631
330.579,193.070,36.632,29.368
331.307,191.182,37.436,29.903
330.939,190.275,38.092,28.427
331.762,190.023,36.316,28.155
332.694,189.102,36.934,27.818
334.345,189.139,35.981,27.286
334.536,188.144,35.199,27.723
335.299,187.475,33.956,27.734
336.587,185.930,32.996,28.073
338.392,184.850,32.533,28.963
338.797,185.018,32.734,28.262
337.813,184.437,32.261,28.700
340.260,184.501,32.011,26.925
340.123,182.860,32.590,27.209
339.980,182.061,34.113,27.270
340.583,181.231,33.612,27.246
340.839,179.769,33.903,27.914
341.347,177.147,34.846,28.662
340.669,176.869,36.604,28.211
340.604,175.390,35.629,29.624
341.846,174.441,35.619,30.467
342.115,173.416,35.393,30.620
343.043,172.832,35.328,30.902
342.793,173.053,34.896,30.971
343.856,171.136,33.939,32.615
345.683,170.727,33.593,32.705
345.377,170.276,31.991,33.682
346.031,169.903,32.802,32.133
345.792,168.216,32.762,31.794
345.508,168.364,33.736,29.962
347.001,167.276,33.348,30.100
348.335,166.796,33.153,29.380
348.905,166.304,33.525,29.162
347.905,165.116,33.623,28.957
348.442,164.135,34.132,29.503
348.516,162.631,34.918,30.294
348.241,161.632,36.430,30.865
348.310,161.379,35.671,31.883
348.445,160.547,35.898,32.650
348.753,159.019,37.339,31.761
348.690,157.732,38.346,32.375
348.989,156.833,38.511,32.472
350.151,155.679,39.470,32.379
350.406,153.518,39.381,33.385
350.290,152.974,39.029,34.169
350.071,151.327,39.555,34.922
352.690,150.046,39.339,34.676
355.495,149.899,37.699,34.835
357.379,148.748,37.062,34.028
356.888,147.818,37.495,33.927
356.431,145.752,38.649,33.857
357.745,144.844,39.406,34.091
358.156,143.638,39.930,34.875
358.611,142.997,40.532,35.027
360.052,143.949,39.287,34.456
359.696,143.413,38.641,33.553
360.463,142.870,37.649,33.583
360.487,141.903,38.914,33.439
362.873,140.733,39.925,33.738
363.921,141.216,38.244,33.758
366.008,139.528,38.173,33.584
366.931,139.263,35.889,34.191
367.613,138.879,36.297,33.726
368.018,137.405,35.616,34.501
369.509,136.634,35.186,33.848
370.935,136.667,35.176,32.880
372.281,135.930,34.547,32.085
373.984,134.755,34.007,31.413
375.551,134.844,33.253,30.545
376.162,134.098,33.716,29.855
376.156,133.362,34.165,30.145
375.208,132.937,35.725,29.594
377.219,132.415,35.764,30.044
377.625,131.931,37.370,29.438
378.030,131.139,37.781,29.165
378.379,130.859,37.851,28.764
379.551,130.491,37.676,28.448
379.999,129.850,37.205,28.273
381.589,129.335,36.996,28.518
384.413,127.624,36.409,28.850
383.937,127.015,37.560,29.270
386.036,125.417,36.925,29.680
387.581,125.708,36.046,29.415
387.943,125.608,34.195,28.769
389.763,125.526,34.618,28.164
389.445,125.771,34.160,27.433
390.044,125.821,34.171,27.654
389.927,125.735,34.145,27.948
390.882,125.468,34.613,27.864
391.879,125.402,35.570,27.597
392.122,124.675,35.815,27.627
391.522,123.859,36.076,28.586
390.881,123.705,37.835,28.201
393.096,123.586,38.049,28.637
391.657,122.482,38.132,29.513
393.351,121.926,38.134,30.525
393.276,122.304,38.699,29.810
393.649,121.714,37.893,29.602
394.921,120.684,38.112,30.045
395.591,120.813,38.173,29.180
394.729,120.470,39.055,29.005
394.451,120.440,38.214,29.383
395.965,120.608,38.143,29.687
396.544,120.601,38.274,29.954
397.031,120.320,39.240,29.813
396.949,119.352,40.537,30.472
397.929,119.828,40.024,30.681
398.274,120.290,40.911,30.007
398.647,119.361,41.287,30.377
398.894,118.974,41.153,30.124
399.510,119.401,41.500,29.470
400.617,119.613,40.479,29.272
400.809,118.886,40.518,29.256
399.523,117.758,40.796,30.344
399.997,117.554,40.839,29.971
401.072,117.410,40.489,29.852
402.592,117.608,39.275,29.532
402.630,117.696,38.989,29.225
403.060,116.687,38.912,29.769
406.146,116.807,36.502,30.402
407.858,117.238,35.131,30.239
408.284,117.249,34.376,29.908
408.924,116.702,33.937,29.593
409.019,117.192,34.507,28.711
410.752,117.737,34.341,28.437
410.850,117.520,33.655,28.792
412.380,117.833,33.946,28.106
413.739,118.555,32.710,28.172
412.692,118.501,32.521,28.093
413.509,118.606,34.798,27.920
414.285,118.405,33.649,28.850
415.661,119.990,33.598,29.847
416.035,117.757,33.784,31.925
416.019,117.798,35.527,32.274
417.888,118.335,35.577,32.243
416.122,119.707,36.910,31.590
417.835,120.230,37.518,31.659
417.848,120.091,36.937,31.155
418.713,121.025,35.838,30.200
419.340,121.056,35.142,30.090
420.563,121.242,34.589,30.626
421.594,120.568,33.158,31.300
421.361,121.101,33.133,31.138
422.104,121.158,33.458,31.375
423.104,122.367,33.490,31.086
424.037,124.168,32.887,30.301
423.703,123.906,33.924,30.299
424.953,124.856,34.038,29.393
425.556,125.110,33.892,28.676
425.571,125.589,33.939,28.243
426.714,125.958,33.668,28.298
427.320,127.452,32.691,27.446
427.476,128.276,33.822,25.976
428.046,128.665,33.442,25.385
428.836,129.798,32.645,24.894
430.019,130.120,31.707,24.176
430.545,131.161,30.923,22.997
431.525,131.619,30.869,21.928
432.017,132.601,30.545,21.705
433.174,133.184,30.071,20.902
435.637,133.469,28.882,21.099
436.416,133.484,28.050,21.010
437.466,133.448,27.536,20.735
437.917,133.918,26.417,21.479
439.569,133.955,25.487,21.268
441.120,134.234,25.118,21.163
440.934,135.822,24.658,20.863
442.497,136.567,24.562,20.872
443.933,137.220,25.124,20.786
444.040,137.742,25.576,21.037
445.831,138.376,25.708,20.938
447.484,138.593,25.130,21.131
448.877,139.503,25.346,21.219
450.353,139.123,25.693,21.203
452.790,139.426,26.187,21.046
454.540,140.797,25.665,20.880
455.937,141.340,24.925,20.701
457.110,142.050,25.519,20.345
459.251,142.574,25.241,20.852
461.428,143.042,25.594,20.204
463.435,144.217,25.907,20.212
464.152,144.322,25.266,20.897
466.611,145.315,24.610,21.201
469.175,145.140,23.781,21.221
470.638,144.278,23.744,21.464
471.665,144.239,23.983,21.860
472.408,143.863,23.540,22.670
472.432,144.148,23.626,22.786
473.726,144.694,23.586,22.152
474.217,145.302,23.439,21.974
475.547,145.695,22.627,21.802
476.100,146.830,21.854,21.145
476.821,147.533,21.510,20.849
477.721,148.370,20.805,20.206
477.393,148.968,21.347,19.824
478.475,149.588,21.387,19.527
478.646,149.635,21.306,19.700
478.737,149.459,21.723,20.029
478.468,150.456,21.757,20.028
478.816,150.684,21.997,20.622
478.966,149.703,22.049,21.821
478.690,149.369,23.602,22.188
477.913,147.465,25.446,23.403
478.427,144.477,26.185,26.343
479.502,144.331,27.790,28.092
477.511,143.895,29.897,28.843
477.194,143.809,30.291,28.360
477.180,142.986,30.832,29.878
477.464,143.128,30.112,29.692
475.772,143.214,31.063,29.339
474.871,143.366,30.675,29.496
474.659,143.788,30.637,29.098
473.313,142.045,30.225,29.775
472.255,143.436,30.677,28.647
471.422,142.637,30.354,29.352
470.491,142.557,30.806,29.252
467.935,142.984,30.599,28.821
466.672,140.755,30.430,29.673
462.860,140.401,30.928,30.152
460.842,140.769,30.827,29.528
454.997,140.422,31.843,29.304
450.468,139.739,31.447,29.938
443.438,139.052,33.244,29.630
437.331,137.133,32.717,29.876
428.898,136.630,33.545,29.663
420.319,136.068,34.411,29.345
412.468,135.089,34.541,29.415
405.267,133.272,34.014,30.225
396.313,132.775,33.540,29.645
390.717,131.781,33.687,30.263
384.607,131.391,32.598,29.782
379.986,129.806,32.217,30.238
375.112,130.254,32.439,29.790
372.810,130.575,31.193,29.195
369.946,131.001,30.647,28.784
368.769,130.237,30.961,28.738
367.091,130.673,31.413,28.676
365.740,130.906,32.272,27.359
364.004,130.796,32.424,28.393
362.838,130.420,33.227,28.739
361.891,130.782,35.187,28.557
362.198,129.310,35.467,29.804
361.721,129.920,36.285,28.285
360.668,130.425,36.444,28.407
359.565,130.362,37.319,28.753
360.907,129.411,38.255,28.869
361.561,129.615,36.762,29.590
360.568,129.054,38.175,29.149
362.852,129.826,37.057,28.953
362.318,129.462,38.443,28.371
363.565,129.380,37.719,28.984
365.408,129.295,36.549,28.742
366.883,129.822,35.170,28.497
366.984,128.838,34.670,29.376
368.665,129.193,34.625,28.620
368.096,129.637,33.687,27.748
368.040,129.385,34.827,28.156
369.261,129.086,35.347,27.690
369.449,128.083,35.925,27.912
370.134,128.062,35.726,28.466
370.700,129.188,37.086,26.803
370.357,129.857,37.405,26.878
370.605,129.343,38.108,27.470
370.637,128.880,38.059,27.562
371.991,127.668,37.194,29.086
371.485,128.589,37.805,28.254
373.028,127.859,36.444,28.574
373.208,128.306,36.421,27.489
373.979,127.971,34.962,27.482
375.647,127.401,33.679,27.244
375.177,127.707,34.172,26.503
375.511,127.813,35.192,25.864
376.154,128.055,34.333,25.744
377.736,127.978,34.318,25.400
377.699,127.251,34.053,25.574
377.914,126.678,35.305,26.284
378.065,126.333,35.993,25.784
378.390,126.341,36.187,26.023
379.131,125.621,35.966,27.366
378.457,124.846,37.514,27.486
379.703,123.683,39.059,28.324
377.724,122.842,38.089,29.791
378.696,124.147,40.238,27.793
378.303,122.274,38.852,30.177
378.870,122.263,39.943,29.245
380.351,121.927,38.233,29.696
382.610,121.882,37.136,29.403
382.820,121.330,36.305,29.143
384.624,121.406,35.868,28.213
385.395,121.647,35.088,27.800
385.645,121.024,34.701,28.431
385.447,120.158,35.327,28.132
386.225,120.823,34.766,27.515
386.047,121.286,34.518,27.739
386.028,121.285,35.481,27.637
385.696,121.313,36.111,27.738
384.941,120.520,35.911,28.871
386.136,120.408,35.680,28.569
385.466,119.845,36.052,28.886
386.740,118.407,35.014,28.805
386.569,119.034,34.896,28.372
387.766,118.006,34.738,28.208
388.664,117.962,34.834,28.129
388.763,117.716,34.341,27.853
389.757,117.171,33.557,27.522
390.639,118.132,33.045,26.665
391.306,118.270,32.567,26.594
390.927,116.800,32.847,26.767
392.503,117.335,32.784,27.315
393.555,117.459,32.354,28.926
392.982,117.529,34.210,28.178
394.064,116.998,33.616,28.549
392.544,116.897,36.071,27.670
393.077,116.406,36.119,28.544
393.783,116.926,36.647,28.268
393.069,116.842,36.241,28.781
394.642,115.773,37.045,29.240
394.623,114.531,37.165,29.982
394.873,113.259,37.322,30.177
394.340,113.550,36.509,30.791
396.065,112.441,37.536,30.266
397.015,112.818,36.448,30.585
397.352,112.820,35.818,30.596
398.210,113.694,35.658,29.913
398.685,113.517,34.309,29.982
399.070,113.302,34.425,29.635
400.321,112.971,34.170,30.039
401.520,113.715,32.741,29.475
402.373,113.704,32.677,29.212
402.479,114.757,33.207,28.274
403.445,112.449,33.700,28.612
403.632,113.645,34.495,26.980
402.644,112.508,34.232,28.304
403.148,113.279,35.452,27.624
403.954,113.322,36.297,26.951
403.271,114.124,36.301,26.777
404.441,114.147,36.137,26.107
404.837,113.472,36.459,25.654
405.289,112.605,37.029,25.151
404.752,112.978,36.661,24.421
405.836,112.419,36.563,23.540
407.917,112.310,35.558,24.262
408.600,112.645,36.167,24.066
409.398,112.039,35.047,24.314
410.102,112.646,34.736,24.901
411.742,112.385,34.654,23.635
412.963,113.079,33.776,22.636
413.726,113.475,32.847,23.086
413.959,112.662,33.137,23.717
414.741,112.259,33.628,24.207
415.024,112.339,33.758,23.609
415.275,112.775,34.528,23.101
415.779,111.886,34.573,23.207
416.390,112.578,35.683,22.838
416.855,112.449,36.058,22.948
415.814,111.773,37.496,23.213
416.582,112.624,36.959,22.539
416.932,111.704,37.094,23.506
417.468,111.414,38.033,23.960
418.009,112.412,37.685,23.917
418.079,112.050,37.601,24.503
418.916,111.916,37.438,23.586
420.795,112.128,35.661,23.983
422.657,112.148,35.498,23.320
424.414,112.431,33.614,23.271
425.364,112.005,32.920,23.396
425.211,112.374,33.301,22.890
425.285,111.990,33.830,23.237
425.612,112.918,34.259,22.167
425.925,112.948,35.412,21.842
426.927,112.801,35.000,22.093
425.918,113.149,36.228,22.195
425.359,111.864,35.973,22.331
427.188,112.523,36.771,22.716
427.603,111.965,36.395,22.405
427.902,112.003,36.245,22.365
428.271,111.769,35.940,22.815
430.218,111.547,34.735,23.127
431.364,111.469,33.655,22.803
433.435,111.083,32.794,22.794
434.378,111.391,32.826,22.306
434.086,111.317,32.437,22.641
434.178,110.430,32.555,22.967
435.118,111.010,31.901,23.299
435.026,111.140,33.047,23.148
435.814,110.798,33.565,23.267
435.663,110.268,33.452,23.614
435.965,110.560,35.287,23.834
435.544,109.995,35.619,24.725
435.351,110.493,37.222,23.625
436.116,109.977,36.646,24.313
436.756,110.360,37.843,24.210
436.587,109.782,37.852,24.379
436.279,108.597,38.013,25.432
436.871,108.602,38.759,25.535
437.535,108.372,37.672,25.678
438.674,108.184,36.855,26.028
441.147,108.110,34.744,25.611
442.068,108.732,33.921,25.030
443.644,108.879,32.910,24.777
445.892,109.344,30.787,24.635
444.722,109.537,31.684,23.491
445.180,109.874,31.643,22.772
445.513,110.672,31.629,22.321
446.662,110.221,30.973,22.424
447.829,110.221,30.923,22.637
447.094,110.371,32.417,22.273
446.652,111.176,32.730,22.383
446.330,111.755,33.130,22.515
446.096,111.956,33.589,22.390
446.415,112.204,34.214,22.546
446.438,112.461,33.606,22.237
447.428,112.066,33.403,21.746
447.731,111.882,33.519,21.534
447.808,112.279,33.960,21.198
448.876,111.554,34.315,20.954
450.848,110.503,34.106,20.811
453.301,109.873,33.508,21.556
454.347,110.313,32.832,21.730
455.437,110.369,32.877,21.867
455.783,110.553,32.890,22.135
455.015,110.430,33.600,22.189
455.295,109.970,33.639,22.106
455.452,110.335,34.538,21.716
456.183,110.362,33.727,22.508
456.340,109.830,34.595,23.312
455.947,109.772,35.602,24.242
456.913,110.073,35.445,24.418
457.844,109.200,37.052,25.340
457.155,108.466,39.568,25.353
459.047,107.950,38.499,26.063
460.095,107.993,38.885,24.901
461.201,107.994,37.751,24.612
461.894,107.649,37.735,24.387
464.750,107.179,36.094,25.419
464.503,106.501,35.295,26.279
465.891,107.375,34.082,27.189
467.767,107.215,33.493,27.526
468.178,106.159,33.365,27.447
468.682,104.755,32.980,28.538
469.216,104.680,32.861,29.381
469.790,106.410,33.252,28.954
470.071,107.915,33.621,28.295
469.893,108.082,34.188,28.677
470.292,108.097,35.233,28.147
470.887,108.569,35.070,28.427
470.819,109.382,35.285,28.475
469.987,110.451,35.602,27.465
470.360,110.576,35.794,26.910
470.387,110.340,36.326,27.141
471.403,110.408,36.917,27.072
472.747,110.248,36.355,27.185
472.752,111.100,36.609,26.395
474.101,110.247,36.096,25.873
475.292,110.277,36.165,25.978
475.578,110.398,35.472,26.013
475.571,111.213,34.760,25.780
476.691,111.787,34.976,25.838
477.549,111.808,34.433,25.942
478.132,111.813,33.179,25.987
478.604,111.739,33.087,25.857
479.724,111.729,33.186,25.079
480.702,111.962,32.880,24.674
480.781,111.596,33.533,24.172
480.841,111.344,33.846,24.798
480.706,111.497,34.536,24.909
480.268,112.077,35.818,24.435
480.231,112.028,37.001,24.255
480.937,112.402,37.223,24.832
480.547,112.876,38.162,24.998
481.649,111.889,38.158,25.269
482.246,112.111,37.740,26.172
483.345,112.042,37.368,26.226
485.315,112.072,35.929,26.425
486.539,112.175,35.176,25.559
486.582,111.975,33.787,25.315
488.860,111.445,33.797,25.113
488.645,111.780,33.000,24.976
489.353,112.362,32.299,24.693
489.567,113.326,32.401,23.835
490.359,114.617,32.487,22.442
490.106,114.120,33.085,22.411
490.495,113.774,33.728,23.094
490.041,113.904,35.158,22.703
491.091,114.324,35.358,23.113
489.237,114.252,37.167,23.620
490.133,114.013,37.046,23.688
489.844,114.488,39.365,23.150
490.639,113.996,38.295,23.841
490.994,114.285,37.408,23.853
491.905,115.114,37.103,23.713
491.767,115.290,38.375,23.618
493.033,115.048,36.826,23.495
493.975,115.108,36.065,23.601
494.685,115.995,35.464,23.000
495.247,116.340,34.580,22.608
496.105,116.560,33.586,22.550
496.446,116.457,33.047,22.693
497.461,116.336,32.634,22.797
498.615,115.961,32.918,23.019
497.992,116.117,33.705,22.827
498.814,116.506,34.987,22.395
499.066,116.532,34.451,22.726
499.399,117.366,34.784,22.938
498.589,116.966,35.652,23.419
499.067,117.055,36.447,23.604
498.849,117.070,36.777,23.853
499.074,117.176,37.793,24.068
500.839,117.049,38.272,24.198
500.919,116.396,37.670,23.737
502.058,117.752,38.384,23.898
503.819,117.627,38.019,23.752
504.281,118.078,36.888,23.792
505.298,117.690,37.687,23.833
506.163,118.596,36.514,24.003
508.603,118.504,35.145,23.358
508.731,118.316,33.548,23.377
508.853,118.139,33.960,23.676
510.049,118.187,34.338,23.755
510.125,118.553,34.176,23.447
509.752,118.540,35.007,23.797
511.445,119.317,35.528,24.051
510.528,119.658,36.411,23.991
511.409,119.260,38.520,24.108
511.739,120.130,37.934,24.001
512.124,120.283,39.198,23.772
512.106,119.787,39.617,23.972
513.007,119.635,38.280,23.910
513.474,119.777,38.887,23.539
513.534,119.954,38.270,24.079
515.191,120.041,38.628,23.900
515.878,119.889,38.279,23.901
518.679,119.936,36.048,23.793
518.974,120.504,34.871,22.746
519.691,120.674,33.634,23.224
520.891,119.930,32.699,23.407
520.132,120.280,33.463,23.046
520.305,119.748,34.323,22.922
520.100,120.284,35.141,22.764
521.372,119.972,34.943,22.710
520.537,120.366,36.537,23.068
520.896,119.651,37.400,23.654
520.233,119.562,37.394,23.801
520.829,119.158,39.042,24.206
520.942,119.554,38.329,24.358
521.092,119.668,38.666,24.064
522.651,118.568,39.369,23.911
523.136,118.547,37.461,24.666
523.944,119.558,36.625,24.617
524.254,119.857,35.901,24.585
524.573,119.651,36.595,24.140
525.301,119.600,35.778,24.359
526.938,119.912,34.683,24.233
527.923,120.780,33.960,23.630
529.295,120.327,33.432,23.810
528.723,120.719,33.788,23.759
529.559,119.867,34.077,24.465
529.734,119.790,35.048,24.563
529.058,119.439,35.617,25.252
529.117,119.268,35.839,25.509
530.124,119.602,36.214,25.655
529.407,120.287,37.077,25.646
529.515,120.262,37.067,26.165
528.831,120.469,37.402,25.815
529.223,121.073,37.256,25.271
528.435,120.766,38.286,24.615
529.491,120.992,38.846,24.156
530.925,121.288,37.181,24.367
531.535,121.431,36.113,24.339
532.226,121.006,34.349,24.641
533.905,120.381,33.033,24.836
534.640,120.815,32.143,24.894
534.412,120.655,31.786,25.144
535.613,121.169,31.260,24.480
534.806,121.057,31.814,24.555
534.894,121.441,31.844,24.450
534.532,121.677,32.062,24.308
532.903,120.736,32.184,24.547
531.803,120.473,32.104,24.944
527.531,119.628,32.893,25.142
523.399,119.443,33.354,25.220
516.458,118.456,34.853,25.552
511.245,117.326,34.348,25.737
504.659,114.879,34.909,25.659
498.392,113.457,35.606,24.985
489.526,112.182,36.444,25.387
478.574,110.232,36.906,25.627
467.732,108.158,35.812,25.375
452.922,106.591,36.584,25.262
442.988,103.611,36.100,25.740
427.016,102.502,35.154,25.470
415.410,101.782,33.139,25.300
401.162,101.075,32.818,25.515
385.730,99.097,32.184,25.987
369.888,98.025,32.183,26.371
353.854,95.272,32.228,27.081
330.764,92.291,32.380,27.108
311.987,91.069,33.883,28.671
291.441,90.549,34.037,29.620
271.251,89.429,33.571,30.250
253.897,90.113,34.233,31.235
236.130,90.658,33.816,31.782
218.914,92.386,33.204,32.453
208.468,94.720,32.475,32.187
199.910,96.726,30.621,31.424
194.620,96.899,29.541,31.239
188.051,97.901,28.819,32.192
185.610,96.026,26.987,33.630
183.074,96.941,26.543,34.060
180.827,96.143,25.539,34.345
179.074,95.993,24.708,34.888
176.691,97.604,24.940,33.427
176.176,97.206,24.943,34.634
175.403,96.348,25.164,34.771
176.344,96.688,24.152,33.691
178.234,97.071,23.460,32.841
179.008,96.831,23.682,32.447
181.433,96.160,24.292,32.885
184.699,96.080,24.888,32.356
189.320,96.361,25.601,31.731
196.338,95.569,26.098,31.547
202.507,94.757,25.976,31.268
211.403,92.310,27.894,31.533
222.452,90.389,28.507,31.726
236.378,93.100,29.063,31.213
254.612,93.980,27.868,30.838
278.638,97.454,27.165,28.970
296.253,95.806,27.164,26.971
320.098,97.528,28.085,25.044
334.136,96.896,29.444,23.105
347.968,96.543,30.166,22.668
358.705,95.389,29.516,23.211
369.786,95.102,29.290,23.883
379.852,93.283,29.688,25.074
387.918,91.753,29.245,27.069
396.242,90.893,30.483,27.764
403.625,91.164,30.530,28.193
409.394,92.812,30.273,28.427
419.466,93.764,31.131,28.141
427.807,93.432,28.818,28.634
434.928,94.480,27.358,28.211
441.167,94.524,26.771,28.293
445.973,94.990,25.060,28.083
449.302,94.974,25.239,28.308
453.328,95.439,24.054,28.064
454.887,94.459,24.894,28.301
455.589,95.162,24.802,27.436
456.967,95.048,24.301,28.196
457.367,94.621,25.237,29.245
458.695,94.905,24.903,29.073
459.651,93.740,24.851,29.551
460.759,94.049,24.956,29.049
460.136,93.760,26.007,29.924
459.525,93.950,26.980,29.818
458.967,94.021,28.389,30.328
458.287,92.780,29.113,31.217
457.813,91.785,28.986,31.516
457.303,91.426,28.921,32.005
458.438,92.601,28.450,31.070
458.568,91.139,27.423,31.221
457.915,92.176,26.629,29.665
457.900,91.371,24.941,29.505
457.760,90.778,24.247,30.233
456.758,90.352,24.045,30.141
456.286,89.954,23.499,29.746
456.861,89.404,22.987,30.074
455.720,88.820,23.431,29.945
455.826,89.403,23.453,29.230
454.994,88.392,24.403,29.923
455.914,87.743,25.087,30.452
455.654,87.759,25.897,31.034
455.517,87.739,25.804,30.682
455.755,87.877,25.778,31.236
456.370,87.861,25.911,31.123
456.343,87.385,25.770,31.173
456.760,86.735,25.533,32.087
457.934,86.118,25.762,31.974
457.808,86.907,26.530,31.996
457.847,86.470,26.657,31.286
457.976,85.760,27.284,30.969
457.873,86.457,27.081,30.452
458.197,85.875,27.101,30.178
459.182,86.433,26.538,29.144
459.648,86.461,26.459,29.480
460.431,86.802,25.594,29.898
461.000,86.860,25.612,29.962
461.626,86.731,24.529,30.006
462.901,86.230,24.173,29.515
461.468,85.568,24.227,29.686
462.595,86.165,23.407,28.886
462.709,85.935,23.283,28.600
463.315,85.456,23.072,28.106
463.802,84.872,23.139,28.330
463.792,84.723,23.482,28.979
463.772,85.116,23.964,28.852
463.540,85.104,24.213,29.185
463.916,84.378,24.902,29.507
463.215,84.372,25.896,29.747
462.961,84.250,26.051,29.830
464.349,84.557,25.677,29.196
464.780,85.953,25.623,28.700
464.888,85.733,25.451,28.764
464.462,85.696,25.798,28.748
465.031,86.113,25.414,28.490
465.206,86.785,24.908,27.651
465.624,86.167,25.855,28.545
465.751,85.898,25.219,28.616
466.227,85.783,25.149,28.856
466.500,86.336,24.588,28.494
467.241,86.836,24.277,28.404
467.620,86.937,23.001,27.886
469.225,86.905,22.904,27.636
470.175,87.414,22.045,27.297
469.214,86.824,22.280,27.693
469.825,87.596,22.578,28.351
470.428,87.216,22.447,29.252
470.482,87.359,23.140,29.180
470.873,88.368,22.702,29.391
471.548,89.251,22.435,29.547
470.648,88.337,22.747,31.385
471.396,89.025,22.746,30.818
471.232,89.236,22.793,30.099
471.275,89.720,23.337,30.608
472.694,91.223,23.446,30.154
471.109,90.821,23.955,30.649
471.592,92.094,24.585,29.851
471.952,91.660,23.819,29.957
472.193,92.770,23.758,29.564
472.445,93.232,23.773,29.512
472.095,93.722,24.018,29.991
472.782,94.159,23.227,30.469
472.415,94.486,23.912,31.071
472.782,95.017,23.716,31.556
472.799,96.176,23.846,31.496
472.367,96.319,23.332,31.889
472.854,97.619,23.598,31.574
473.514,97.116,24.300,32.352
473.528,97.604,23.821,32.750
473.256,98.462,24.620,32.151
473.437,99.534,24.152,31.471
474.242,100.518,23.264,31.163
475.105,101.216,23.577,31.642
474.761,102.052,23.600,31.634
475.080,102.895,23.469,31.832
475.515,102.949,23.347,32.070
474.686,103.534,23.583,32.137
475.688,104.522,23.366,31.857
475.791,104.574,23.467,32.345
476.466,105.486,23.874,32.642
477.003,105.784,25.028,32.808
476.706,105.459,25.549,32.742
477.808,107.341,24.543,32.690
478.080,108.260,24.894,31.801
478.441,108.959,24.431,30.767
479.281,108.831,23.527,31.438
479.878,109.167,23.940,31.827
479.488,110.589,25.120,32.269
480.564,111.044,25.058,33.099
481.278,112.934,25.084,32.906
481.415,112.871,25.465,33.155
482.899,113.284,24.992,34.031
483.750,113.998,24.972,33.331
484.825,115.340,25.008,32.823
485.692,117.058,24.874,32.840
487.194,117.937,24.480,33.630
487.775,118.405,24.040,34.315
488.087,119.261,24.336,34.202
488.579,119.769,24.596,33.649
489.894,121.107,24.754,33.245
489.505,121.459,24.738,33.620
490.597,123.974,24.460,33.048
490.737,123.558,25.331,33.781
491.035,125.497,26.043,33.439
491.882,125.962,24.954,33.868
492.771,127.533,25.175,32.864
494.017,126.884,24.852,33.209
494.280,128.638,25.337,32.793
494.826,129.044,25.268,32.793
495.272,129.182,25.214,34.112
495.617,129.446,25.290,33.617
496.592,131.813,25.350,33.337
496.615,133.386,25.663,32.966
496.718,133.719,25.767,32.824
497.991,134.415,25.356,32.586
498.811,136.050,25.933,33.088
498.721,134.724,27.131,34.897
499.147,136.069,27.107,34.639
500.395,137.725,26.634,34.430
501.056,137.547,26.006,33.866
502.210,138.784,26.082,32.812
503.171,139.251,25.650,33.036
504.048,140.749,25.634,32.830
504.452,141.737,25.962,32.915
504.672,142.290,26.792,33.499
504.698,142.900,27.404,33.808
505.034,144.080,27.608,34.129
504.529,142.453,28.060,35.914
505.941,144.942,28.397,34.913
505.451,144.108,29.494,36.587
506.341,145.242,29.372,36.531
505.828,146.088,29.053,36.690
506.835,146.722,28.511,36.152
506.921,147.246,28.449,35.190
507.504,148.020,28.077,36.173
508.529,149.680,27.547,35.614
507.031,149.310,28.771,35.532
507.987,151.193,27.808,34.606
508.266,151.011,27.537,35.448
508.554,152.471,27.423,34.677
508.120,151.301,27.374,34.945
509.958,152.299,27.747,34.407
509.695,152.204,26.918,34.182
510.637,152.545,26.874,33.882
510.483,153.237,27.070,33.968
509.985,152.420,27.474,34.560
511.288,153.362,27.490,34.267
511.273,153.320,26.829,35.149
510.077,153.951,27.523,35.197
511.407,154.632,27.338,36.135
509.808,154.400,27.893,36.740
510.695,155.893,27.158,35.988
510.934,156.480,27.057,35.536
511.617,156.244,26.688,35.577
511.054,157.852,26.976,34.848
511.777,158.349,26.593,35.514
511.233,158.142,27.030,35.901
511.899,157.651,26.527,35.959
511.925,157.468,26.588,36.045
512.073,158.424,26.313,35.381
512.201,157.684,26.823,35.868
511.946,158.088,27.103,35.611
511.426,158.417,27.321,35.382
510.739,157.545,27.696,36.147
510.813,159.627,27.707,35.893
511.070,159.601,27.942,36.688
511.133,160.049,28.186,36.430
511.057,159.826,28.127,36.675
510.996,158.648,27.940,38.026
511.328,160.114,27.974,37.337
511.216,159.412,28.906,37.980
511.008,160.071,29.894,38.500
510.454,160.361,30.253,39.496
511.332,160.466,29.394,38.519
511.387,159.076,28.878,38.351
511.775,159.656,28.872,37.836
511.089,159.480,29.175,38.142
511.238,160.232,29.944,38.243
511.296,159.795,30.349,39.073
511.390,159.919,31.080,38.858
511.241,160.123,31.527,39.087
511.892,160.317,30.307,39.728
512.206,160.702,29.753,39.553
512.303,160.406,28.754,39.370
512.682,160.777,28.903,37.887
512.083,160.733,29.286,38.346
511.402,160.657,30.106,38.964
511.913,160.440,30.400,39.583
511.856,160.254,30.327,40.535
511.787,160.032,30.373,41.586
511.970,159.671,30.311,41.640
512.386,160.884,30.455,39.934
511.681,159.794,30.702,40.526
511.954,159.369,29.775,41.756
512.327,160.235,30.108,40.843
512.916,160.621,29.610,40.254
512.134,160.151,29.929,40.205
512.090,161.234,29.678,40.462
512.548,161.111,29.600,40.392
512.964,161.304,29.226,39.545
513.479,161.973,29.417,38.669
513.886,161.437,29.336,39.850
513.146,163.066,28.987,38.869
513.535,162.859,29.041,38.648
514.005,162.252,29.070,39.340
513.878,162.724,30.057,39.279
514.297,161.993,30.919,39.641
514.527,163.724,30.009,38.113
513.870,163.279,30.424,38.947
514.535,162.364,30.954,39.521
514.864,163.739,30.651,38.649
514.940,162.918,30.164,38.779
515.462,162.944,29.852,38.470
515.986,162.676,29.369,38.252
515.635,162.692,29.464,38.513
516.688,162.901,29.793,38.490
516.818,163.235,29.250,37.621
516.303,162.712,29.313,37.879
516.987,163.562,28.984,37.653
516.655,163.127,28.661,37.769
517.905,162.942,28.916,38.571
517.080,163.789,28.902,37.582
517.016,163.589,28.895,37.509
517.565,163.201,28.260,38.161
517.594,162.131,28.125,37.943
516.771,161.822,28.492,37.836
517.100,162.782,29.400,38.413
517.089,162.519,28.108,38.129
517.591,163.139,29.179,37.860
517.556,162.445,28.211,38.128
516.812,162.824,29.195,37.102
517.201,162.341,29.071,37.779
517.511,162.343,28.267,37.171
518.170,162.578,28.179,37.668
517.843,162.405,28.850,37.234
517.500,162.329,28.082,37.892
518.313,162.181,27.965,37.156
518.286,162.352,28.537,37.501
517.932,162.471,28.007,38.231
517.409,162.437,28.756,37.864
517.710,161.686,28.886,38.542
517.585,162.077,28.589,38.679
517.937,162.292,28.743,38.668
517.123,160.604,28.343,38.695
518.675,161.958,28.797,37.163
517.936,159.972,27.876,39.860
517.778,161.273,28.721,38.602
517.311,160.130,27.835,39.222
519.091,162.139,28.387,38.078
517.029,159.529,28.190,39.480
518.398,160.979,29.059,38.415
517.777,160.909,28.123,38.731
517.943,161.407,28.504,38.186
517.983,160.146,27.768,38.645
518.692,161.037,28.474,38.090
517.800,159.860,28.254,38.757
518.532,160.699,29.212,38.339
518.178,159.751,28.062,39.146
518.201,160.259,28.934,38.519
518.107,159.379,28.138,39.279
518.638,159.355,28.052,38.773
517.907,159.481,28.059,38.287
518.499,159.769,27.928,38.910
518.156,159.850,28.668,38.553
518.405,159.276,27.949,39.053
518.837,159.020,28.091,39.011
518.107,159.234,28.426,38.481
518.081,158.488,27.803,39.115
518.674,159.499,28.005,38.082
517.661,158.980,28.172,38.520
518.704,160.596,28.473,37.484
517.498,160.107,28.462,37.633
518.463,159.806,28.210,37.781
518.945,160.908,28.321,36.406
517.913,159.673,28.262,37.534
518.262,159.915,29.441,36.976
518.100,159.221,28.510,37.716
518.598,160.045,28.480,37.236
518.779,159.302,27.845,37.702
517.999,160.311,28.326,37.008
517.759,160.112,28.741,35.893
516.877,160.106,28.481,35.734
517.685,159.137,29.020,36.740
517.710,159.013,28.449,37.186
516.714,158.555,29.266,37.727
516.970,158.216,29.709,38.592
517.209,159.182,28.900,37.631
517.245,159.438,28.511,36.667
516.642,159.208,28.234,37.317
516.530,158.684,28.152,37.373
515.828,159.563,28.899,37.954
514.969,158.873,28.715,38.668
515.218,160.132,29.718,38.212
514.343,158.318,30.035,39.969
513.135,159.891,32.011,40.549
513.653,158.085,30.689,41.351
513.467,158.472,31.576,41.205
513.324,158.865,31.379,41.169
513.709,158.229,30.434,41.813
513.578,158.408,30.627,41.225
512.977,158.419,30.699,39.789
513.686,158.879,30.603,38.755
513.275,158.135,29.592,39.337
513.497,158.989,30.136,38.273
512.485,158.519,30.276,38.233
513.242,158.173,30.401,38.445
512.939,157.513,29.843,38.469
513.240,158.213,29.426,37.681
513.060,158.193,28.788,38.358
513.356,157.983,28.710,38.155
514.297,158.424,28.517,37.205
513.701,158.390,28.211,37.691
513.387,158.307,28.395,36.851
514.125,158.820,27.907,36.668
513.232,158.263,28.614,36.713
513.755,159.015,28.519,36.617
513.746,158.719,28.435,36.571
513.122,158.860,29.067,37.007
513.855,158.626,28.734,36.878
513.269,159.684,29.673,35.960
513.217,158.482,29.035,36.852
513.033,159.398,29.575,36.478
513.025,158.847,29.467,37.386
512.250,157.849,29.536,38.019
512.573,159.114,29.593,37.539
512.349,157.989,29.225,39.220
512.060,158.625,29.937,38.312
511.950,158.613,30.303,38.393
512.901,158.994,30.200,38.389
512.935,159.317,30.340,38.162
512.674,158.776,30.336,38.526
512.141,158.968,30.840,38.534
512.645,159.616,30.874,38.526
512.226,158.839,31.226,39.194
512.716,159.889,31.588,39.193
512.096,160.983,30.520,38.918
513.079,161.250,30.077,37.925
512.050,160.790,30.399,37.833
513.527,161.435,30.278,37.632
512.726,161.465,31.003,38.226
513.391,161.474,30.625,38.178
511.761,160.808,30.877,38.740
513.276,161.667,31.285,38.517
512.777,161.432,30.546,38.465
512.030,161.461,31.472,37.371
511.650,161.942,31.336,37.703
511.570,161.430,30.568,38.572
511.746,162.067,31.141,38.084
511.654,163.226,29.834,37.955
512.238,162.797,28.877,38.613
512.271,163.227,28.518,38.129
511.864,162.681,28.725,38.269
511.276,162.910,29.110,37.526
511.474,162.405,28.904,38.015
511.298,163.030,29.683,37.753
511.234,162.509,29.931,38.226
510.675,162.422,30.108,38.140
511.683,162.869,29.752,37.617
511.939,163.701,29.842,37.574
511.846,163.728,30.251,37.704
511.621,164.621,29.724,36.825
512.003,164.834,29.257,36.163
511.414,163.659,28.471,38.066
512.052,163.898,28.539,38.787
511.461,163.873,28.846,39.242
511.723,164.622,28.655,37.786
511.125,165.215,29.204,36.822
511.559,165.863,28.382,36.602
512.074,165.659,28.105,35.751
511.555,166.419,28.512,36.468
511.934,166.165,28.522,36.723
510.681,166.925,28.399,36.702
511.249,166.096,28.507,38.046
511.482,167.011,28.725,37.770
512.149,166.710,28.094,38.550
511.190,167.743,28.757,37.494
511.730,168.762,28.444,36.610
511.541,167.640,28.111,37.631
510.964,168.429,28.366,37.364
511.826,168.682,27.946,37.345
511.073,168.750,28.529,38.074
511.368,167.876,28.249,39.389
511.711,167.873,27.800,39.100
511.458,169.173,27.763,37.659
511.397,169.095,28.729,37.551
512.146,169.002,29.388,37.354
511.649,168.951,29.874,36.826
511.684,170.102,29.540,35.970
511.159,168.864,29.135,37.286
510.584,169.186,29.488,37.564
511.231,169.583,29.786,37.422
511.001,170.170,30.111,37.216
511.304,169.480,28.679,38.130
511.170,170.870,28.717,37.480
511.669,171.092,28.065,36.636
510.764,170.171,28.159,37.299
511.388,171.404,27.721,36.617
512.089,171.657,27.117,36.522
511.628,170.987,27.427,36.902
510.906,171.184,28.034,37.091
511.243,171.673,27.879,36.305
511.512,170.887,27.758,36.765
510.717,170.958,28.320,37.140
511.377,172.066,27.404,36.834
511.474,172.111,27.071,36.889
511.593,172.328,27.477,36.574
511.238,173.065,27.356,36.470
512.092,172.300,26.947,36.858
511.878,173.283,27.209,36.424
511.292,173.224,27.793,36.362
512.041,173.245,27.346,36.146
511.824,173.501,27.272,36.600
510.454,173.754,27.517,36.558
510.365,173.799,27.268,36.415
510.464,174.121,27.415,35.686
509.887,174.427,27.176,35.195
510.418,174.342,27.100,34.894
510.170,173.700,26.954,35.432
510.816,173.039,26.069,36.208
510.682,174.490,26.737,35.108
510.169,173.894,26.595,35.570
509.465,174.232,27.026,35.147
508.830,173.777,27.101,35.674
508.568,174.157,26.871,36.272
508.717,174.752,27.212,36.163
507.636,173.653,26.944,36.764
507.839,175.307,28.145,35.557
507.213,174.529,27.672,35.914
507.425,173.007,27.340,37.530
506.888,173.982,28.115,35.955
506.419,174.562,28.875,36.967
506.289,175.086,28.651,36.349
506.209,174.458,28.603,36.799
506.240,175.018,29.006,36.722
505.588,174.676,29.430,37.027
505.010,175.715,30.139,37.587
503.543,174.354,30.142,39.371
504.358,174.534,30.416,39.037
503.665,174.648,30.590,39.927
503.942,174.780,30.371,40.294
504.700,175.864,30.394,39.632
504.427,176.176,30.003,39.733
504.248,175.701,30.197,40.619
504.296,175.270,29.989,41.662
504.634,175.994,30.305,40.829
504.240,176.130,30.253,40.630
504.438,175.842,30.426,40.598
504.916,176.782,30.553,39.387
504.853,176.275,29.620,40.072
505.182,177.763,29.516,38.891
504.534,176.405,29.227,39.600
504.732,177.513,29.403,38.771
505.016,177.515,28.851,38.326
504.877,178.090,28.788,37.775
504.689,177.275,28.599,38.211
505.179,178.147,28.766,37.677
506.207,177.946,28.253,37.697
505.826,177.943,27.619,37.834
506.207,179.093,27.850,37.509
506.424,177.392,27.396,38.181
505.083,178.554,27.890,37.443
506.200,179.202,27.732,38.155
506.466,177.955,27.802,38.519
505.362,180.527,27.943,37.116
506.118,180.974,27.424,37.153
506.003,179.964,27.133,37.610
505.646,179.438,26.908,37.572
506.112,180.599,27.193,37.172
506.173,180.687,27.512,37.253
505.851,180.256,27.393,38.162
505.785,180.042,27.809,38.466
505.699,180.188,28.239,38.463
505.113,179.999,28.292,38.447
505.691,180.807,28.531,37.623
505.508,180.350,28.894,37.720
505.975,180.194,28.503,38.140
505.427,178.984,28.815,38.928
506.173,179.578,29.354,38.338
505.583,179.113,29.678,38.734
505.807,179.746,29.936,38.507
505.907,178.763,30.105,39.822
505.605,179.227,29.377,39.351
506.099,179.659,28.746,38.982
505.628,179.262,28.848,39.108
505.967,179.404,28.155,38.904
505.897,178.626,28.671,39.257
505.460,178.718,28.503,39.211
506.020,179.385,28.042,39.597
505.982,179.920,28.152,39.434
505.953,180.681,28.349,38.997
505.940,180.146,28.866,39.726
505.644,180.232,28.846,39.785
505.901,180.285,28.580,40.112
505.676,180.575,28.516,39.964
505.402,179.811,28.786,40.155
506.838,179.863,28.719,39.991
506.200,179.671,28.228,40.126
506.702,179.584,28.274,39.520
506.126,179.659,27.934,38.994
506.522,179.969,28.204,38.707
506.432,180.685,27.820,38.046
506.384,180.327,28.249,38.194
506.031,179.926,27.849,38.560
505.970,180.666,28.011,38.196
505.829,180.412,28.208,38.192
505.811,179.978,28.425,38.557
505.894,180.619,28.637,38.389
505.421,180.094,28.363,38.975
506.048,180.994,28.092,38.133
505.915,181.450,28.141,37.262
505.894,181.559,28.041,37.228
505.861,181.691,27.996,37.150
505.654,181.637,28.013,37.159
505.391,181.483,27.819,37.412
506.258,181.466,27.477,37.551
506.063,181.289,27.219,37.872
506.112,180.736,27.044,37.685
506.431,180.972,26.751,37.635
505.736,180.497,27.033,37.889
506.074,180.738,26.617,37.668
507.072,181.143,26.221,37.429
506.105,180.119,26.149,38.061
506.402,180.647,25.868,37.610
506.755,181.168,25.638,37.271
506.869,180.981,25.576,37.181
507.347,180.741,25.328,37.798
506.714,180.650,25.997,37.274
507.460,181.043,25.424,37.402
506.983,180.232,26.094,37.232
507.166,179.910,26.042,37.832
506.156,180.084,26.511,38.262
506.421,179.615,26.381,38.364
506.622,180.437,26.138,37.701
506.812,180.916,25.551,37.132
506.821,180.526,25.202,37.463
506.270,181.698,25.191,36.407
506.151,181.406,25.024,35.881
506.814,181.852,24.841,35.792
505.865,181.225,24.893,36.067
506.135,181.117,24.846,36.532
506.332,180.686,24.908,36.753
506.617,181.061,25.169,36.676
506.756,180.358,25.236,37.059
506.993,179.928,25.426,36.931
505.993,180.112,25.755,37.056
506.019,180.209,26.438,37.328
506.329,180.095,26.424,37.640
505.915,180.158,26.322,37.518
505.810,179.732,26.148,37.635
505.348,180.403,26.492,36.299
503.653,179.986,27.021,37.219
503.485,179.064,26.691,37.810
500.387,178.418,27.622,38.909
498.448,177.788,28.704,38.728
495.460,178.424,28.759,38.774
492.722,177.488,27.956,39.769
488.495,176.561,29.098,39.183
485.468,174.455,28.372,39.067
481.330,174.734,29.220,38.149
475.988,174.363,29.439,38.664
471.323,173.009,28.672,39.014
465.164,172.075,29.823,39.270
456.599,170.736,31.270,40.371
446.884,168.154,31.955,41.086
433.927,167.072,33.270,41.652
422.043,165.035,33.701,42.491
408.988,164.668,34.487,42.771
397.147,162.123,33.449,43.376
381.349,161.179,34.743,43.564
366.439,159.797,34.936,43.149
353.456,159.608,33.331,42.135
338.943,160.591,33.267,41.741
322.359,159.575,33.164,41.395
313.360,158.804,32.443,40.857
297.848,157.982,32.897,40.879
284.825,157.926,31.914,41.171
274.976,158.929,29.726,40.893
262.797,159.486,29.787,41.229
255.588,161.027,31.349,39.629
244.839,162.175,31.412,40.095
240.694,161.904,31.071,39.711
236.082,163.343,29.716,38.947
230.932,162.404,29.911,39.208
226.847,163.305,30.751,39.152
223.457,163.801,31.571,38.624
222.936,163.587,30.426,38.711
223.204,163.583,29.971,37.832
222.152,164.757,29.396,36.973
222.368,164.371,28.848,37.239
222.640,164.110,29.248,36.940
223.163,164.505,28.906,35.237
222.759,164.812,29.877,34.890
222.915,165.806,30.590,35.412
223.076,166.017,30.517,34.523
223.265,166.383,30.998,34.077
222.310,166.915,31.969,33.291
222.504,166.637,32.328,33.179
223.061,167.544,33.370,32.981
222.116,167.613,33.969,32.412
222.606,167.695,33.578,32.270
223.290,168.306,34.225,31.624
222.943,168.225,35.168,30.764
222.574,167.281,35.411,31.082
223.171,167.076,36.284,30.637
223.894,167.668,36.081,29.222
224.077,167.818,36.531,28.008
225.002,167.114,36.612,28.079
225.477,167.480,37.559,27.622
226.422,167.369,37.844,27.191
226.396,166.633,36.941,27.393
226.256,166.745,37.631,26.591
227.960,167.439,37.983,26.351
229.228,167.129,38.263,26.567
229.209,167.356,38.446,26.153
230.085,166.506,38.896,25.727
231.350,165.910,37.821,26.001
231.980,166.186,38.034,25.955
233.658,165.616,37.709,26.046
234.333,165.677,37.749,25.591
235.635,165.639,36.723,25.163
235.544,166.081,37.413,24.872
237.288,165.910,37.321,25.045
237.663,165.944,37.784,24.780
238.277,166.202,37.649,24.588
238.819,166.406,38.374,24.784
239.992,166.386,38.961,25.243
240.265,166.314,40.082,25.391
240.184,166.058,41.619,25.876
240.946,165.345,40.793,27.243
241.961,165.076,40.890,27.961
241.448,164.158,41.049,28.849
241.929,163.195,41.176,29.494
244.193,163.943,40.803,28.686
245.313,163.195,38.620,28.829
245.442,163.670,37.601,28.534
246.622,163.492,37.571,28.521
247.402,164.303,36.943,28.594
247.713,163.457,36.759,28.799
247.508,163.489,37.919,28.151
248.379,162.896,37.620,28.261
247.840,164.621,38.921,27.385
248.344,164.316,40.044,26.936
247.661,163.438,39.589,27.739
247.264,163.472,40.946,28.196
248.254,162.591,40.584,28.630
248.131,162.558,40.543,28.816
248.569,162.756,39.872,27.968
248.216,162.579,40.771,27.878
250.147,162.267,38.749,28.784
250.885,162.602,38.548,28.970
250.670,162.227,37.721,28.334
251.220,161.376,37.089,27.876
250.236,160.922,35.368,28.219
251.649,161.264,36.893,28.406
250.462,161.679,36.078,27.821
251.310,162.296,37.424,27.962
250.324,162.175,38.437,28.802
250.667,162.240,39.324,29.709
249.595,161.741,41.240,30.942
251.631,161.613,41.620,30.207
251.885,160.445,40.687,29.665
252.781,158.863,40.813,30.159
253.747,158.637,40.586,30.348
255.776,158.403,40.674,29.617
256.580,158.730,39.245,28.358
258.838,158.636,39.268,28.266
261.512,158.427,37.667,27.900
263.958,158.985,36.427,27.893
265.519,158.469,35.727,28.392
265.411,158.342,36.895,27.722
266.132,158.389,36.336,27.528
267.416,157.754,36.706,27.878
268.707,156.499,37.577,29.028
270.606,155.887,37.648,29.950
273.132,156.071,37.598,30.397
272.914,155.357,38.153,29.969
274.433,154.747,39.182,29.743
275.649,154.048,39.132,30.580
276.044,153.894,39.004,30.855
277.526,154.218,39.735,30.504
277.194,154.131,39.940,30.981
278.655,154.090,39.769,30.882
280.677,153.945,39.867,30.334
282.551,153.909,37.264,30.875
283.822,154.009,38.475,30.295
282.673,153.502,37.647,30.245
282.912,153.873,37.811,30.477
283.335,154.109,37.357,30.163
283.751,152.135,36.552,31.589
284.083,152.498,37.005,31.202
283.364,152.163,37.611,31.146
284.167,151.944,37.272,31.228
285.485,151.816,35.538,31.574
285.916,151.509,35.359,31.818
287.364,151.392,34.442,31.060
288.287,151.159,35.673,30.331
289.221,151.654,35.583,30.158
290.345,152.202,34.267,30.083
290.951,152.125,35.675,29.891
292.000,152.086,34.989,30.364
292.431,151.965,35.824,30.476
293.199,151.708,35.928,30.592
294.369,151.772,35.922,30.478
295.362,151.913,36.635,29.675
295.766,152.658,36.150,28.991
295.667,151.375,36.831,29.712
296.584,150.884,37.381,29.075
297.752,150.729,37.218,28.345
298.932,150.628,35.639,27.671
300.109,150.845,34.603,26.714
299.021,150.368,35.116,27.935
298.389,150.818,33.715,27.673
296.083,150.244,33.665,28.629
294.668,149.716,34.338,28.098
292.635,149.199,33.031,27.939
290.708,150.529,34.329,27.005
288.217,150.373,34.308,28.568
286.252,150.663,34.612,28.437
283.916,150.490,34.676,28.224
282.498,151.487,36.264,28.062
280.644,151.387,35.793,28.361
279.401,150.861,37.401,28.354
277.805,149.847,36.687,29.169
276.722,150.037,36.386,28.276
276.608,150.420,35.541,27.858
274.930,150.425,34.606,27.681
273.795,149.740,33.782,27.623
272.319,149.757,33.612,27.786
271.003,150.312,33.755,27.422
268.134,149.784,34.553,27.518
268.688,149.729,34.507,26.976
266.428,149.399,34.418,27.534
265.749,148.186,35.227,27.832
265.166,148.812,35.762,27.131
265.347,147.779,35.992,28.430
265.756,147.351,36.646,29.221
265.183,147.161,36.698,29.367
265.557,145.845,36.354,30.461
266.896,145.306,35.919,31.599
267.949,144.394,35.218,31.510
269.472,143.508,33.619,31.725
269.976,144.525,33.714,31.423
269.904,144.715,33.532,31.320
270.373,144.673,32.581,30.965
271.331,144.126,32.970,31.687
269.752,142.597,33.194,32.218
270.840,142.571,34.286,32.331
270.893,143.844,33.595,31.888
272.488,143.825,33.807,31.189
272.027,143.017,34.874,31.253
273.099,143.703,34.946,31.352
273.717,144.297,34.420,31.193
273.082,144.513,35.829,31.460
274.361,143.288,34.704,32.192
275.203,143.742,34.190,31.122
277.479,142.585,32.686,30.334
278.845,143.019,32.439,29.275
279.790,142.665,32.965,29.065
278.684,143.569,33.497,28.280
279.373,143.426,33.688,28.928
279.585,143.374,35.572,28.638
280.226,143.844,35.545,28.525
280.496,143.196,36.087,28.407
280.585,143.415,35.475,28.936
280.653,141.897,36.085,29.885
281.722,141.740,36.597,30.339
282.984,141.304,36.933,30.301
283.633,140.589,35.638,30.377
284.783,139.490,35.028,30.016
285.098,138.371,34.389,30.150
286.117,138.318,34.360,29.826
286.987,138.440,33.319,30.140
288.129,139.610,32.443,29.899
288.909,140.361,32.399,29.841
288.596,139.749,33.140,29.764
290.492,138.758,32.549,29.625
291.444,138.364,32.430,29.230
291.610,138.470,32.471,28.669
292.402,139.179,32.773,28.178
293.623,138.368,33.227,28.492
294.027,138.665,33.030,28.761
293.981,139.013,32.770,28.406
295.200,138.455,32.965,27.107
296.004,138.857,32.352,26.993
297.107,139.174,31.704,25.893
297.440,138.630,30.521,25.612
298.344,138.548,30.473,26.068
299.279,138.864,30.211,26.095
299.626,139.143,30.577,25.789
300.440,138.476,31.374,25.679
300.179,137.095,31.568,25.751
301.262,136.520,31.110,26.010
302.770,136.613,31.651,26.157
302.914,136.362,33.288,26.794
302.663,136.345,33.253,26.645
303.987,135.258,33.390,27.031
303.543,136.634,33.439,26.396
305.037,134.830,33.370,27.023
305.931,136.874,34.150,25.552
306.940,135.963,33.037,26.142
308.571,135.855,32.575,26.121
310.172,134.958,30.968,26.734
310.793,135.683,30.630,26.876
310.872,134.427,30.021,27.586
312.097,134.285,30.584,28.398
312.291,134.395,31.006,28.632
311.710,135.552,31.183,28.437
311.739,135.450,31.541,28.545
312.524,135.883,32.417,28.196
312.793,135.225,32.014,28.149
313.231,135.030,32.462,28.443
315.050,134.023,31.832,28.300
316.315,135.162,30.450,28.496
317.774,133.460,29.838,29.116
319.340,133.422,30.299,28.823
318.664,133.189,30.332,29.318
319.718,133.763,30.328,28.738
320.093,132.934,30.571,29.112
320.575,131.342,31.616,29.874
320.156,130.746,31.543,29.796
321.480,131.290,31.189,28.808
321.384,130.432,31.646,29.591
322.182,129.843,32.287,30.186
321.836,129.204,33.781,31.225
322.362,128.462,35.951,32.411
322.782,127.725,35.551,33.250
322.502,127.667,36.272,34.099
324.942,127.845,34.820,33.536
325.919,127.806,34.189,32.260
326.716,128.230,31.815,32.033
328.136,128.108,32.847,33.187
329.631,127.969,30.500,32.403
329.806,128.282,30.157,31.690
329.613,129.361,31.082,30.504
330.115,127.925,33.581,30.443
329.235,128.192,32.334,30.405
330.087,126.737,32.487,30.865
331.109,127.388,32.653,30.239
332.537,127.236,33.140,30.141
334.115,126.406,32.247,30.499
334.852,126.314,32.037,30.187
334.992,125.415,31.814,30.283
337.093,124.643,30.549,29.824
338.820,124.911,29.815,28.995
339.358,124.659,29.045,28.392
340.080,123.873,28.439,28.528
340.763,124.229,27.820,28.431
340.940,123.768,27.698,28.636
341.107,122.819,27.921,28.212
341.369,123.506,27.867,28.333
341.935,123.448,28.592,29.395
341.384,124.368,28.965,30.650
342.270,121.831,30.984,32.407
342.128,121.466,31.238,33.409
343.048,120.569,31.226,34.511
343.615,120.854,31.320,34.497
343.568,120.965,30.925,34.653
344.906,120.223,31.329,34.918
346.445,120.055,30.886,34.302
347.020,119.516,30.250,33.026
348.098,119.466,29.556,32.215
348.998,121.343,28.966,29.970
348.260,120.660,28.525,30.147
348.551,120.140,28.257,30.682
349.447,121.615,28.180,30.397
348.377,119.951,28.428,31.198
348.043,120.902,30.586,31.429
349.459,119.718,32.042,31.449
349.809,119.336,32.246,31.165
351.216,118.726,32.568,30.959
352.347,119.673,31.433,30.033
353.073,119.219,31.505,30.068
352.619,118.814,32.177,29.874
351.838,118.428,31.887,30.188
353.424,117.836,30.874,30.647
353.288,116.269,32.424,31.037
353.954,116.155,32.519,31.526
356.040,116.402,31.073,30.371
358.337,116.685,29.615,29.673
358.445,117.856,28.523,29.392
358.285,118.640,28.316,28.984
358.357,118.962,28.368,28.523
358.942,119.107,28.387,28.126
359.225,119.884,29.085,27.461
359.315,120.427,28.054,26.130
359.376,120.454,27.640,25.052
359.875,121.600,27.414,24.684
360.782,120.776,27.373,24.043
362.560,120.051,27.530,23.581
362.515,120.289,29.880,23.066
361.679,115.783,31.277,22.567
362.356,119.411,31.863,23.983
362.380,117.255,32.297,24.758
362.764,116.603,31.554,24.500
363.592,116.437,31.496,23.535
363.661,114.948,31.202,22.982
363.836,114.609,31.560,22.463
363.970,115.202,31.693,21.986
362.181,113.856,32.603,22.871
362.393,109.999,34.914,24.406
362.075,107.925,36.462,24.955
360.935,104.831,37.230,25.938
362.127,104.950,36.819,27.497
364.732,103.962,35.924,30.186
367.673,100.299,35.860,32.398
365.516,100.856,34.870,35.330
364.755,102.409,36.687,37.298
366.158,102.160,37.258,39.432
360.599,107.066,37.869,43.656
363.804,97.329,37.144,48.114
356.803,103.906,38.072,52.757
361.704,90.398,39.540,56.396
358.521,99.297,42.425,62.074
370.614,101.225,53.039,69.959
380.389,108.111,58.530,74.712
392.727,115.374,47.904,71.935
398.187,118.159,34.900,62.860
400.239,126.109,31.364,56.600
400.290,130.095,29.451,50.529
400.913,132.737,27.684,47.431
401.865,134.042,26.963,45.071
401.563,133.250,25.728,42.965
400.715,132.737,26.050,42.350
402.386,132.912,26.360,40.584
400.973,132.411,26.352,38.909
400.908,133.163,26.763,37.673
401.040,133.026,27.169,36.305
401.035,130.503,26.721,35.511
401.180,128.073,26.843,34.577
400.869,127.031,26.786,34.040
402.489,124.960,26.748,34.149
400.096,125.374,26.568,32.996
398.686,124.966,26.791,31.956
398.008,124.054,26.953,30.656
396.865,122.208,25.906,32.710
398.293,120.829,26.412,31.682
399.175,122.961,25.823,32.868
399.885,117.149,27.369,31.764
399.254,116.320,26.048,35.791
401.157,114.967,26.057,35.001
400.014,109.471,26.092,34.611
401.281,105.998,24.432,35.902
400.336,105.334,23.162,37.111
398.877,105.836,23.070,35.133
398.623,104.344,22.106,34.165
399.204,102.472,21.859,33.904
400.802,102.594,21.769,34.925
400.420,101.924,21.986,33.768
398.948,100.262,22.195,32.748
399.002,101.520,22.306,32.053
398.503,98.014,22.946,31.647
400.104,98.024,22.688,34.061
399.269,94.643,22.982,33.906
398.741,90.620,23.545,34.801
399.733,90.897,23.958,37.705
399.611,90.040,23.959,36.465
397.862,89.118,24.312,35.664
398.049,90.369,23.839,34.850
398.090,90.842,23.309,33.112
397.096,88.120,23.283,32.308
398.307,87.514,23.406,32.678
397.358,87.004,22.635,33.273
399.065,84.131,22.747,33.547
400.054,83.819,22.731,35.192
398.280,80.356,22.740,34.403
396.959,77.034,22.954,34.545
397.236,76.697,22.593,35.488
397.073,75.016,23.434,35.669
396.700,77.021,22.852,36.322
395.788,76.823,22.843,35.703
395.528,75.741,23.306,35.256
395.278,75.578,23.399,35.438
401.992,78.041,22.848,39.241
403.809,79.372,22.875,39.748
394.793,75.578,24.023,38.020
396.013,77.049,24.329,39.175
396.630,78.110,25.351,38.412
397.100,78.399,25.231,37.652
397.550,80.283,26.078,38.907
398.378,79.146,27.484,37.890
391.484,80.351,28.069,35.517
394.476,78.373,29.419,35.937
396.756,80.352,29.573,42.482
393.385,77.918,30.685,40.455
393.067,79.956,31.566,43.371
395.642,81.414,31.466,41.696
395.540,82.598,30.391,40.799
396.020,82.628,29.789,43.232
396.043,82.253,30.018,41.988
394.035,84.280,29.931,41.870
394.962,86.439,28.857,41.439
395.859,87.735,27.575,41.954
395.491,90.146,26.833,42.059
395.441,90.800,26.954,40.065
398.922,93.628,25.913,43.860
402.266,94.926,25.720,45.647
403.118,99.685,24.790,46.835
401.905,99.397,24.698,43.906
401.466,104.823,24.510,44.523
403.078,105.089,27.033,43.530
400.667,109.022,27.161,41.253
399.142,110.417,28.242,40.157
399.374,113.959,27.635,42.160
402.053,116.810,28.590,42.187
399.144,117.420,28.906,38.993
398.704,120.809,27.041,41.149
399.930,121.086,26.977,40.114
401.204,121.551,26.941,41.182
399.470,124.779,26.919,41.094
399.843,125.621,27.889,41.189
400.359,126.545,28.054,41.450
400.260,126.538,28.286,39.489
399.315,129.048,27.461,40.561
402.348,129.011,28.116,42.059
400.060,131.052,28.693,40.072
397.331,131.842,28.227,39.260
399.088,132.192,27.269,41.034
398.882,133.375,26.778,40.244
399.523,135.807,27.084,39.172
398.056,136.342,27.374,37.429
397.666,135.820,27.841,36.469
396.441,137.551,27.463,38.158
396.770,139.894,27.293,37.865
399.642,142.301,27.156,37.280
398.298,144.294,26.724,34.883
396.699,144.049,26.494,33.612
396.648,144.818,26.378,33.143
397.007,144.555,26.770,32.967
399.111,143.921,26.761,33.323
400.849,141.407,26.767,33.206
401.372,143.396,25.461,35.962
401.415,144.550,25.171,34.700
402.084,138.657,27.543,35.556
405.586,138.000,27.006,41.345
401.380,141.010,27.452,41.181
401.824,139.019,28.976,40.779
402.016,142.835,29.315,41.102
401.329,144.421,29.558,40.195
402.366,144.781,29.181,38.660
401.976,146.002,29.653,38.953
402.373,146.139,30.532,38.683
401.522,145.566,31.063,38.169
401.098,145.153,31.027,37.656
402.003,143.646,30.616,37.449
404.546,143.204,30.414,39.151
403.988,144.873,30.026,38.294
402.419,143.462,30.349,36.578
405.640,142.676,30.370,38.049
403.855,142.055,29.847,39.721
405.257,141.495,30.030,40.882
402.476,140.936,30.300,40.532
406.480,138.338,30.149,41.315
403.893,139.144,29.986,41.566
405.227,139.344,28.816,41.961
405.252,139.801,28.646,40.849
404.986,140.309,28.274,40.646
403.701,140.795,27.925,39.452
404.948,139.536,29.141,39.116
406.624,140.275,27.877,43.486
407.653,141.710,28.176,43.561
405.495,142.627,28.073,41.827
405.597,143.225,28.444,41.053
407.297,142.531,28.321,39.918
407.551,144.316,26.593,40.078
407.885,143.797,26.306,38.838
407.699,144.795,26.009,38.635
405.966,143.947,26.314,36.539
406.140,143.078,25.783,36.893
407.819,144.123,25.695,38.349
408.034,142.889,24.997,38.782
407.809,141.482,24.877,39.308
408.954,141.641,24.573,40.454
408.997,143.293,24.201,41.054
411.262,144.181,24.817,39.395
410.034,144.405,24.137,38.819
408.520,144.657,24.478,38.658
411.012,144.331,25.025,39.124
408.660,145.613,24.939,38.355
409.465,145.185,24.946,38.017
409.521,144.631,24.993,38.581
409.208,143.568,25.049,40.837
409.021,142.604,24.969,41.202
411.730,142.050,25.301,41.626
408.382,143.225,24.634,41.428
410.518,144.012,24.249,41.949
408.751,143.260,23.986,41.517
409.494,142.809,24.207,42.103
410.425,142.220,24.598,42.733
411.194,142.364,24.235,43.972
411.038,142.293,22.512,43.599
412.222,144.018,23.482,42.762
408.722,144.283,22.579,41.526
410.456,143.467,24.058,39.952
412.167,143.751,21.975,42.568
416.724,145.234,20.576,42.657
417.446,146.266,18.752,39.333
412.633,144.504,19.044,39.503
412.104,144.712,19.333,39.561
411.804,144.601,19.641,39.570
411.800,145.842,19.676,39.544
411.676,145.022,20.167,38.783
411.633,146.579,20.561,38.460
412.333,146.951,21.256,38.593
414.090,147.408,20.310,38.805
418.271,148.709,19.436,39.332
412.611,146.298,19.181,37.701
415.148,149.321,18.928,38.379
416.743,147.881,17.879,36.813
420.212,151.162,16.637,36.488
420.180,150.171,16.330,36.013
421.884,150.895,15.747,36.389
419.140,147.678,15.522,36.351
419.315,149.790,14.667,37.966
421.384,151.337,13.646,36.540
420.145,150.037,14.421,35.628
423.438,152.396,13.758,36.192
422.804,152.629,13.800,35.910
423.818,152.671,12.972,35.018
422.602,152.846,13.290,34.357
425.392,152.480,13.324,34.627
423.182,150.780,14.522,34.669
423.396,151.611,14.166,35.810
423.128,152.126,13.368,36.441
422.917,151.422,12.978,36.206
424.119,152.199,12.764,35.382
424.162,152.299,13.014,35.491
423.091,152.455,13.261,35.294
423.453,151.899,12.667,34.846
424.874,152.499,12.048,35.049
422.325,151.796,13.124,34.396
424.592,151.560,12.487,34.539
423.572,152.352,12.331,34.010
424.542,152.460,11.792,33.624
423.439,151.643,12.542,33.003
423.862,153.440,11.521,32.984
423.571,151.957,11.349,32.760
423.266,152.259,10.865,32.437
423.226,151.988,10.733,32.543
423.111,152.149,10.516,32.875
423.727,153.660,10.151,33.770
422.461,152.824,10.591,33.638
423.641,153.405,11.015,33.928
423.829,151.823,11.682,34.384
423.362,152.355,11.140,34.187
423.321,151.601,11.731,34.948
423.104,152.342,11.490,35.698
423.388,152.851,10.896,35.414
423.077,152.802,11.245,35.162
421.758,150.467,11.477,34.514
419.703,149.892,12.142,35.182
420.891,145.788,13.857,36.007
420.488,146.478,13.635,38.243
420.706,147.851,13.113,38.893
422.400,151.762,12.632,38.758
424.185,153.856,11.453,36.498
423.194,150.840,11.219,36.760
424.201,152.005,10.857,35.593
420.945,148.833,11.282,35.228
422.038,147.413,12.442,36.200
420.832,149.322,12.448,38.295
420.353,149.423,12.928,38.587
420.492,151.874,12.506,39.558
419.067,148.418,14.291,38.394
421.020,150.526,14.018,40.513
421.773,152.755,13.391,39.261
420.365,148.838,14.058,37.398
415.268,147.301,15.363,35.893
413.023,151.113,15.694,35.789
412.760,146.490,17.078,33.806
411.325,148.943,16.853,35.722
410.001,146.630,16.792,35.374
406.773,148.668,16.760,37.887
402.860,143.909,17.535,35.696
401.713,152.144,18.068,38.119
402.678,145.625,18.292,37.573
