111.000,91.000,148.000,187.000
113.444,88.053,141.549,188.626
115.661,89.548,138.572,183.194
116.982,94.043,136.982,175.900
117.661,92.953,133.896,170.892
118.176,88.827,130.741,165.112
117.152,91.809,129.360,155.760
112.965,89.667,127.686,153.189
111.348,88.684,129.978,158.357
107.623,80.761,128.260,160.254
105.884,81.290,132.661,159.798
104.003,74.652,133.804,158.305
104.677,74.445,137.481,158.471
104.055,75.269,138.290,158.758
104.594,74.606,139.615,158.239
106.197,78.102,140.848,158.713
108.373,77.644,140.483,159.678
111.148,77.781,138.735,156.540
112.309,80.927,136.266,158.046
118.111,81.639,133.846,153.688
121.338,82.446,131.609,150.042
122.736,81.113,130.638,148.204
125.492,82.431,130.758,144.075
124.052,85.906,130.403,141.006
121.302,84.789,129.363,138.319
116.543,84.166,129.276,137.157
114.718,83.463,130.663,135.193
115.281,81.520,131.330,137.029
117.316,81.320,133.658,137.773
118.317,86.004,132.400,139.541
117.528,85.148,131.679,141.348
120.398,91.032,134.579,141.182
116.751,89.486,133.286,144.405
122.188,94.552,137.785,147.656
125.800,92.609,134.830,147.017
134.074,94.591,132.858,144.121
137.566,94.868,129.442,140.821
138.168,96.269,125.792,136.604
139.874,97.300,126.056,133.323
129.664,104.726,125.202,134.649
124.883,102.356,127.065,137.546
118.470,99.901,128.725,140.014
117.472,95.677,129.859,139.911
119.548,98.243,132.480,141.901
121.252,100.762,133.236,143.482
121.816,104.413,132.364,143.433
120.106,103.501,132.127,140.307
125.178,106.260,134.747,140.131
128.315,105.530,131.699,140.661
133.170,105.328,127.996,139.158
134.567,104.740,124.947,135.544
135.476,107.920,124.376,132.733
136.208,107.988,123.304,131.865
129.689,109.334,121.770,132.393
128.585,106.549,124.902,132.219
123.293,110.811,124.958,132.299
121.684,108.613,126.917,132.824
122.297,109.208,129.623,135.710
122.892,108.875,129.593,137.445
124.094,113.076,131.848,137.950
123.441,115.122,131.890,136.911
128.199,114.552,132.747,135.799
130.682,115.421,131.061,134.723
132.951,110.199,129.295,135.039
138.115,111.823,127.340,137.258
139.475,108.540,126.245,134.717
139.913,110.196,127.146,136.881
138.056,109.296,125.933,135.507
136.681,110.408,127.115,134.600
133.374,113.909,125.978,137.591
130.237,111.585,127.387,141.661
129.170,114.568,129.952,141.291
130.574,115.193,129.300,140.314
133.832,118.721,129.384,139.453
131.548,120.763,128.041,140.078
135.561,120.260,130.094,139.499
137.655,119.120,129.577,142.351
144.170,115.026,128.730,142.801
148.881,117.821,125.544,141.333
150.181,113.565,122.333,138.122
152.702,112.900,120.446,133.175
151.017,111.151,120.506,133.677
149.299,111.696,121.099,135.097
144.096,111.025,123.812,134.988
143.623,111.886,126.480,136.834
137.970,110.928,125.164,139.890
138.290,111.146,130.310,143.988
138.072,112.967,132.362,146.625
136.185,113.236,133.167,148.109
139.249,113.425,134.283,149.213
140.647,112.984,133.236,150.196
145.105,117.000,131.757,148.552
148.857,117.727,128.968,148.378
147.005,113.674,126.583,146.084
149.130,114.687,125.260,139.367
149.681,114.367,122.476,135.936
153.687,113.996,118.828,138.275
148.950,110.883,117.660,139.565
146.603,107.542,119.997,138.885
146.253,103.171,120.999,138.250
144.130,101.405,119.296,141.641
144.867,98.775,122.471,138.028
141.789,100.547,123.409,142.194
142.943,99.733,125.113,138.521
141.424,99.750,126.451,137.666
140.548,106.640,129.700,135.024
140.830,103.259,128.143,140.774
143.383,112.289,132.801,137.600
144.641,105.341,130.778,146.677
145.339,110.855,133.038,149.362
146.284,112.423,133.901,155.744
144.414,111.241,134.387,155.987
142.696,111.183,136.320,153.686
138.545,106.323,136.223,157.180
137.037,108.364,139.236,155.662
133.272,104.197,138.047,157.658
130.012,103.709,141.138,153.187
129.341,101.777,141.521,151.837
126.905,102.208,142.180,153.787
124.400,107.847,143.868,153.207
126.008,104.952,144.174,153.085
132.272,108.886,149.553,155.807
133.869,110.967,149.984,163.273
138.180,98.159,150.022,165.739
137.907,103.313,151.541,163.218
140.576,101.114,150.282,167.139
142.703,100.567,148.869,160.589
144.655,100.744,147.444,159.975
146.757,100.722,143.292,163.316
151.183,101.909,144.457,159.586
156.475,101.135,144.245,160.600
159.241,103.685,145.851,163.234
162.145,103.389,145.364,166.786
163.592,106.175,146.202,167.076
166.217,107.612,145.623,165.196
166.572,111.942,144.248,164.456
168.127,111.914,143.963,163.035
164.982,116.438,146.308,165.876
164.678,114.390,144.377,165.220
156.507,109.092,144.238,166.985
153.857,106.932,145.102,166.157
147.444,105.904,145.669,166.910
142.944,104.318,147.934,166.411
141.886,102.580,148.566,168.887
139.565,104.305,151.828,168.062
139.371,101.279,151.135,170.527
138.568,101.034,151.899,171.417
137.920,100.624,153.706,170.690
138.084,101.406,155.684,169.866
139.654,100.033,155.285,169.058
139.108,100.566,155.381,165.754
141.096,100.165,153.897,165.620
141.475,100.205,152.401,166.892
142.094,96.925,152.899,166.773
141.138,96.852,155.963,165.215
140.829,97.005,157.223,165.986
139.950,98.352,159.837,167.208
143.702,101.466,161.436,168.030
144.767,102.709,161.456,171.666
151.347,105.097,161.577,171.204
151.266,109.277,158.511,169.685
152.763,103.293,155.219,168.475
151.770,104.532,157.056,165.765
153.502,105.339,155.379,164.330
154.739,105.973,151.013,163.593
151.794,106.025,150.203,163.936
151.898,103.302,150.186,163.697
146.679,99.865,149.369,164.548
144.673,96.155,149.722,167.438
140.936,94.560,151.354,167.188
139.367,93.680,151.417,169.305
137.779,91.139,152.688,169.795
135.413,90.530,155.629,167.701
135.427,89.560,155.887,167.153
133.593,91.023,157.853,166.037
135.551,90.040,158.586,168.835
137.860,92.524,158.983,173.544
142.089,94.549,156.940,174.880
143.262,98.204,154.210,172.480
146.273,100.093,149.440,173.166
143.775,99.444,144.211,172.654
141.394,97.197,140.231,166.899
140.410,94.093,140.483,163.187
135.350,93.989,142.719,162.363
135.906,92.654,145.801,164.358
138.676,94.570,146.848,165.379
135.856,94.942,147.005,163.964
148.060,106.625,149.032,166.225
152.920,101.518,150.024,167.679
159.871,93.003,148.961,163.054
159.272,100.405,148.541,163.929
156.037,101.932,149.013,163.972
156.319,99.809,143.946,165.933
148.148,94.635,143.914,165.426
146.544,94.241,147.041,165.268
144.089,90.546,148.225,165.140
141.782,94.629,152.259,164.572
140.765,92.311,152.279,169.023
140.025,91.561,153.054,166.236
140.551,94.099,152.436,171.867
141.170,94.625,152.481,174.152
138.727,100.929,155.620,170.817
140.452,104.426,155.768,171.929
142.888,103.763,157.029,170.796
143.162,107.307,157.175,167.073
145.617,106.485,155.305,165.367
144.763,107.475,155.464,163.123
146.553,105.648,154.423,163.037
146.478,105.327,151.912,164.881
141.628,99.379,151.092,165.860
138.941,98.571,151.692,170.027
139.432,94.637,151.206,174.178
140.471,94.328,149.764,177.723
140.120,89.811,148.412,179.190
139.880,88.762,146.052,176.256
139.158,89.333,145.283,174.409
139.058,88.532,147.130,172.880
134.225,88.297,146.778,171.876
132.340,86.127,147.925,174.174
125.616,81.979,148.386,173.641
122.339,80.153,148.078,171.281
118.145,74.989,148.866,178.265
117.299,77.289,152.847,177.733
118.290,79.210,153.988,174.379
117.816,80.127,151.013,174.806
118.392,79.476,149.805,172.081
127.860,85.978,151.539,171.023
134.714,83.338,143.593,168.972
144.226,92.262,143.518,167.910
147.788,90.699,133.536,162.520
151.453,90.277,134.114,160.525
153.235,93.694,137.882,160.261
151.495,89.095,136.264,157.302
152.137,90.180,137.881,156.290
147.901,90.258,136.696,156.544
146.396,87.352,137.676,158.759
142.711,82.120,141.136,161.627
141.682,84.406,144.669,160.344
140.701,84.756,146.228,158.081
141.777,84.404,146.736,157.351
143.019,89.392,146.224,156.654
142.984,87.922,144.815,158.809
145.345,96.591,145.717,155.342
144.039,95.945,142.244,156.911
149.827,99.627,143.802,155.688
153.611,99.264,139.545,153.568
155.392,99.240,139.193,151.367
155.418,99.820,140.074,147.604
154.917,96.792,137.609,148.014
154.473,95.420,136.024,147.594
151.873,91.604,134.694,150.057
152.491,91.858,137.690,151.629
150.393,87.580,135.259,155.219
150.337,87.132,137.216,156.114
149.200,84.683,137.618,155.079
148.451,83.561,138.959,152.378
149.410,84.404,138.841,155.276
148.090,84.379,139.984,155.347
149.640,83.893,141.156,151.800
151.315,85.445,140.577,148.488
156.331,88.332,141.556,145.969
157.600,87.921,139.352,141.902
160.114,88.354,137.679,138.349
161.945,88.848,136.035,136.682
157.682,87.473,133.357,137.276
155.804,85.772,133.149,137.865
148.754,83.421,133.214,138.659
148.008,82.415,136.552,139.832
143.783,81.884,136.002,140.750
142.562,79.079,137.347,142.555
144.569,78.407,139.047,145.140
142.597,78.545,138.953,148.858
146.445,77.162,141.783,146.544
147.055,74.641,139.466,142.634
161.408,80.884,140.443,143.355
162.626,82.503,136.335,143.228
163.864,83.946,134.213,143.242
165.136,85.145,132.759,143.665
156.482,88.172,132.803,140.589
153.104,86.207,132.716,138.749
141.737,91.007,135.340,139.339
138.820,89.982,139.002,138.800
131.256,78.752,136.264,145.934
131.505,77.555,139.097,150.121
132.515,78.733,141.051,153.347
133.045,79.375,140.626,154.685
135.434,80.574,144.401,155.300
134.154,80.091,141.669,157.246
149.823,78.134,144.170,162.694
149.421,83.389,139.150,162.368
149.463,80.306,136.008,160.240
150.608,79.606,136.597,160.906
142.975,79.915,136.729,159.873
138.182,77.374,142.682,166.122
127.971,70.328,143.172,169.908
124.157,67.435,147.922,170.145
114.439,57.312,146.589,170.651
112.146,53.231,148.555,169.494
108.512,43.860,150.816,174.964
107.164,49.209,154.329,177.695
107.182,50.788,155.799,175.773
108.116,46.747,154.232,173.680
124.865,60.796,151.058,179.852
124.251,59.781,144.632,181.220
141.475,72.091,143.219,180.749
142.209,72.302,135.365,177.933
148.493,79.123,133.482,179.101
149.269,81.538,134.648,174.368
148.708,83.906,134.138,170.609
145.729,83.535,136.528,167.797
139.406,80.404,137.807,164.937
136.374,80.167,140.302,166.644
134.439,77.064,140.810,165.679
133.233,76.154,144.780,164.671
134.923,77.841,146.342,164.339
134.438,76.923,146.655,164.165
137.853,83.054,149.034,161.861
141.673,81.799,146.266,160.868
154.662,88.128,142.252,160.535
158.016,89.928,134.375,158.341
166.982,95.577,131.094,160.165
167.682,96.776,128.336,152.966
164.339,102.221,127.133,149.153
161.782,99.753,127.504,151.458
153.826,103.412,129.331,153.987
152.344,95.277,127.871,158.371
140.784,83.817,130.540,159.453
136.481,84.549,137.372,161.942
130.486,71.389,131.968,165.674
131.769,73.677,136.097,173.013
132.432,69.311,134.794,169.421
132.920,71.240,137.903,172.006
142.004,75.331,141.169,171.817
140.521,73.086,138.434,166.883
141.661,72.536,139.660,175.042
141.468,76.602,140.262,175.333
141.591,78.189,137.986,170.904
140.723,79.864,138.296,169.046
144.512,86.709,137.965,167.111
143.424,85.970,135.991,163.848
146.141,93.568,135.161,161.987
146.496,90.952,133.917,157.262
146.301,90.616,133.129,154.932
147.066,91.914,132.144,153.686
145.096,89.218,131.325,152.069
146.440,88.410,133.476,149.349
145.571,88.138,133.170,150.109
144.997,85.782,133.749,149.998
149.161,88.182,134.873,147.751
150.082,88.454,133.262,148.610
153.213,86.460,133.926,148.315
154.012,89.357,134.192,146.364
159.420,96.325,130.826,149.813
158.590,94.225,131.543,156.020
164.985,102.803,134.423,155.295
165.915,101.630,129.110,164.383
169.752,101.908,128.093,154.220
171.108,106.408,126.911,155.328
167.273,107.831,128.086,157.453
164.418,104.259,132.386,155.801
148.283,104.839,138.185,160.401
144.815,108.019,136.729,157.686
134.955,114.737,137.710,150.936
134.942,119.766,135.980,148.883
135.855,115.275,128.166,147.661
133.609,112.325,126.654,146.946
132.472,100.007,122.510,152.011
124.853,98.551,120.626,152.584
123.153,95.139,123.322,151.345
122.276,94.210,126.236,148.163
120.641,90.283,126.418,146.539
121.620,94.760,126.837,145.905
122.814,86.710,124.225,143.310
125.932,88.840,124.396,140.913
127.206,83.097,119.705,140.573
130.676,86.109,121.744,137.614
127.421,77.503,116.886,135.929
125.948,83.465,122.914,130.913
124.603,82.258,118.840,130.801
126.463,82.577,122.150,129.814
126.214,87.440,120.806,129.472
126.797,88.483,119.276,129.891
129.205,95.267,116.190,129.447
129.070,94.956,112.820,129.375
129.827,102.592,112.414,124.618
128.147,102.850,112.079,120.076
126.776,98.442,111.904,119.324
127.399,99.723,114.737,121.397
135.258,92.415,112.802,127.526
137.388,90.722,114.085,127.823
149.645,118.798,120.099,130.563
150.898,128.104,132.599,129.613
173.429,131.757,132.465,131.638
182.413,136.176,134.176,130.709
193.301,116.662,137.917,140.077
200.477,105.477,132.495,149.175
200.440,94.301,131.070,154.455
198.419,87.639,127.647,165.108
196.694,83.373,127.121,161.653
198.069,82.902,126.871,157.356
197.557,83.541,125.028,156.440
199.663,83.857,125.213,153.018
196.116,79.186,122.157,156.671
192.262,74.569,125.064,156.497
186.370,67.985,128.882,160.312
184.078,68.466,130.798,166.955
176.867,61.132,133.853,169.497
175.462,58.950,134.861,163.705
176.029,58.477,137.109,159.855
177.691,60.174,136.911,160.628
180.888,71.200,133.801,170.209
183.144,68.811,130.830,168.857
184.855,76.082,128.289,168.468
183.022,74.193,126.366,162.766
185.607,76.411,126.410,159.514
183.020,78.280,123.778,156.463
181.753,78.839,126.907,163.891
176.783,80.146,131.803,167.811
167.059,99.949,140.850,169.774
165.114,99.989,142.337,170.280
154.253,99.535,143.244,165.738
150.353,100.959,142.044,166.416
144.220,97.208,140.661,166.251
144.034,86.962,134.905,172.451
138.907,81.765,134.043,165.516
133.229,81.001,134.112,159.006
134.169,90.400,134.078,165.647
136.926,88.862,130.218,158.010
139.394,90.939,128.804,153.186
139.404,91.760,128.196,153.786
138.371,85.544,127.394,154.493
139.866,87.138,127.893,164.436
140.368,79.317,127.549,156.897
139.979,78.595,126.438,160.175
141.955,72.953,129.352,154.363
140.323,76.709,128.609,155.485
144.002,73.175,134.389,155.629
144.155,75.161,133.915,158.537
150.257,78.280,134.164,158.558
153.542,74.891,133.206,155.289
158.229,87.593,130.401,156.433
159.843,81.111,124.565,153.322
162.731,86.758,122.188,150.634
164.102,87.018,119.809,150.230
159.940,80.998,117.867,149.292
159.432,80.459,121.415,142.720
157.295,75.672,121.520,140.405
157.925,76.429,120.194,139.814
152.648,75.037,118.775,140.076
151.163,70.350,120.050,142.231
149.285,70.371,123.350,145.900
148.240,72.477,124.576,147.619
147.441,78.997,123.997,149.962
143.558,75.304,121.240,151.631
145.196,83.213,122.049,151.190
142.032,82.548,119.403,154.810
149.436,83.797,121.697,152.960
148.482,85.746,117.093,149.075
151.414,78.412,116.712,147.324
152.042,80.422,116.800,149.488
149.591,69.017,116.430,155.434
149.782,69.991,120.275,162.067
145.396,59.773,123.764,156.684
145.088,59.284,125.506,157.235
144.309,58.616,127.479,155.956
145.904,57.798,128.254,155.355
147.937,62.270,128.750,158.928
145.732,58.100,126.283,158.187
147.159,62.010,127.007,154.608
147.932,62.088,124.161,155.356
152.768,68.395,125.510,153.584
154.612,69.594,121.123,149.577
155.903,70.396,119.915,147.422
156.976,73.111,117.282,147.812
154.030,70.741,115.622,143.012
155.440,68.557,115.585,136.590
153.660,67.220,115.208,135.179
153.281,68.998,115.332,133.901
151.045,70.225,115.542,133.504
149.327,70.081,116.389,134.661
147.626,79.372,115.240,136.180
149.344,77.161,114.228,138.289
151.655,83.993,113.584,139.798
149.046,85.080,112.619,142.136
151.429,91.903,111.998,142.075
149.926,94.330,112.203,146.042
148.726,92.899,114.609,144.459
148.529,91.620,115.711,146.611
147.177,89.133,116.329,147.539
147.102,86.554,116.081,146.263
146.845,82.922,116.997,145.559
147.506,81.330,118.703,143.753
150.862,80.226,118.801,140.553
154.689,78.858,119.433,135.208
157.222,81.081,117.536,133.585
159.295,81.207,116.280,134.572
159.738,87.876,115.970,135.781
162.656,87.461,114.623,135.664
160.871,98.423,115.822,137.518
162.783,99.239,115.776,138.378
163.866,99.540,115.362,139.570
164.672,101.613,115.885,139.064
163.988,99.334,114.979,143.097
162.925,95.080,115.863,142.788
160.204,87.520,117.647,140.317
161.569,85.490,120.450,136.894
161.984,80.445,119.044,136.098
163.295,81.716,119.416,134.451
161.914,79.687,118.692,135.233
162.693,81.919,119.336,135.348
162.007,82.619,119.460,134.549
162.151,83.741,120.418,134.723
163.554,90.249,120.295,138.982
165.439,86.526,119.269,137.489
172.261,102.405,122.824,141.833
174.133,105.856,122.939,167.840
171.253,97.003,125.425,169.683
161.951,98.959,125.654,166.989
165.157,91.630,125.223,161.491
166.312,88.318,124.112,174.531
164.013,75.342,126.997,173.774
158.785,74.839,124.149,165.018
157.751,73.958,124.430,163.106
155.724,74.020,127.914,160.859
155.019,77.007,129.603,160.780
154.501,76.471,129.942,165.579
153.202,77.381,131.445,163.394
154.163,79.175,130.098,161.013
159.391,96.196,131.598,162.741
166.466,92.408,128.375,161.543
173.885,119.333,131.342,161.724
173.127,109.791,132.466,171.760
170.862,105.428,136.306,176.441
168.305,101.750,140.576,180.516
159.422,82.263,137.884,188.206
162.373,77.104,132.852,183.256
161.163,76.309,130.074,176.312
160.850,75.177,128.517,168.476
161.573,76.074,129.307,166.863
160.914,76.493,131.312,167.470
165.245,88.034,137.676,169.307
165.773,83.341,138.322,168.339
169.470,92.050,141.826,168.642
171.292,90.296,143.613,167.550
166.637,78.713,140.026,180.360
164.327,75.303,134.699,183.090
164.707,72.420,130.509,186.002
167.315,71.662,129.374,185.609
168.635,76.227,128.993,184.794
167.709,75.790,128.369,184.111
164.197,89.146,130.665,177.780
159.244,91.650,136.179,177.074
159.702,86.548,134.101,181.593
160.126,82.860,132.145,182.431
159.751,77.264,130.182,180.690
158.495,75.054,126.354,176.857
163.885,74.459,129.116,173.300
162.659,75.937,129.350,173.009
164.674,97.739,131.937,168.332
162.562,90.115,134.553,170.861
166.816,96.742,138.181,169.874
169.552,93.505,138.368,175.596
165.997,85.935,136.118,182.982
164.849,78.512,132.989,180.727
162.766,64.707,129.356,182.233
159.692,68.930,128.277,182.289
159.560,60.358,125.709,184.468
161.451,54.592,125.144,185.525
162.379,46.673,123.651,195.566
162.939,34.328,123.787,206.763
164.512,7.801,126.327,202.499
161.999,3.030,126.403,197.479
154.663,0.000,128.149,186.474
153.985,0.000,128.789,173.784
153.477,9.082,126.878,167.545
153.566,7.632,127.092,169.890
157.882,33.734,126.151,180.358
162.010,52.427,128.251,192.244
166.943,57.821,125.551,194.750
167.991,57.181,121.927,195.638
170.687,65.198,124.106,196.832
168.244,75.369,124.518,192.886
162.104,71.919,126.825,187.972
159.622,70.432,130.356,187.026
153.348,52.500,121.938,190.005
157.155,52.579,127.646,197.944
158.965,47.929,127.167,188.811
157.915,49.439,128.710,182.154
162.630,61.948,129.365,183.796
165.723,56.403,127.762,190.369
175.623,64.630,126.637,193.073
175.627,65.368,122.570,183.229
175.396,67.095,121.551,182.730
174.496,68.121,126.291,184.105
172.719,57.851,122.462,181.862
174.734,54.364,119.890,181.433
169.667,39.839,120.420,187.322
170.131,39.125,121.400,184.243
161.718,31.591,122.606,183.779
158.572,31.016,123.712,178.931
149.769,38.122,131.518,179.955
145.780,37.092,132.252,181.391
139.376,51.333,132.386,191.342
137.335,51.747,130.902,197.232
137.134,60.561,133.909,199.862
132.971,65.356,142.924,198.600
130.198,59.947,142.706,199.302
129.786,57.498,140.265,202.744
129.635,38.044,141.494,202.424
131.303,45.735,138.375,195.815
134.580,38.327,137.370,192.660
137.172,44.725,138.298,188.668
146.111,55.991,136.192,187.003
148.720,55.700,133.423,185.823
156.683,57.657,131.798,184.544
157.343,63.135,127.169,177.770
149.300,66.693,126.127,172.487
145.460,66.823,132.708,168.174
131.170,65.146,134.361,164.845
127.182,63.965,137.253,159.484
117.225,56.696,135.807,164.497
118.783,55.981,135.057,169.383
126.326,81.369,136.369,170.708
128.352,84.325,141.124,176.267
144.660,96.092,143.791,178.980
150.110,96.862,142.271,184.753
160.000,96.007,141.930,195.778
167.766,98.993,136.457,200.020
157.820,100.635,137.119,191.428
154.563,100.297,138.148,184.398
141.052,101.718,137.226,182.441
139.845,106.109,136.516,182.073
135.857,87.355,126.897,189.919
138.643,86.019,129.558,189.183
138.804,90.304,132.457,180.802
135.706,89.471,134.902,173.833
147.992,92.643,133.733,169.398
151.695,92.833,129.311,161.767
159.852,88.571,127.603,164.622
165.762,89.474,122.851,167.168
154.708,97.980,123.113,168.376
155.168,101.162,126.400,162.750
142.140,91.140,125.192,161.993
138.882,95.254,130.381,153.868
125.312,83.565,127.739,148.457
121.830,83.177,130.604,141.193
113.177,66.040,130.942,141.880
108.930,65.120,135.090,144.362
109.187,70.827,137.680,145.850
107.507,69.794,140.691,150.993
115.933,75.577,139.761,152.548
117.384,75.999,134.322,152.321
126.639,82.782,132.894,152.578
125.763,81.754,131.516,150.031
131.302,83.608,131.356,147.684
131.895,84.844,130.804,145.927
130.135,79.223,130.572,146.511
131.450,77.187,129.336,150.341
132.449,65.729,127.996,155.997
132.989,61.780,127.275,161.569
133.330,52.828,128.427,163.825
133.529,48.080,127.836,166.616
138.622,48.546,131.911,161.578
138.441,46.012,134.455,153.037
154.631,61.914,132.861,160.146
158.860,59.258,133.114,170.668
172.878,80.206,135.289,169.288
183.069,81.868,138.848,169.528
185.614,80.033,135.059,170.006
191.976,84.829,129.502,160.346
168.174,91.416,125.126,155.186
165.752,86.333,124.185,152.311
155.204,81.868,124.552,151.803
155.008,77.059,127.365,150.770
145.694,64.464,125.491,151.366
143.741,63.010,129.517,149.666
141.333,61.112,129.360,149.450
141.425,60.049,131.537,149.191
144.948,70.008,136.248,148.281
143.269,72.107,138.365,152.815
160.981,73.686,141.030,156.503
163.792,72.467,133.093,159.589
162.611,71.025,127.236,153.555
163.651,72.433,125.190,154.191
162.130,65.434,123.398,157.643
162.152,65.519,125.184,154.698
160.457,64.316,125.350,153.754
161.062,65.754,126.779,152.761
158.920,68.463,124.955,153.733
157.771,69.362,124.451,153.416
156.567,76.303,124.451,151.535
154.928,74.865,123.825,149.701
156.501,76.463,124.780,153.796
155.273,75.103,125.169,150.755
155.908,69.127,125.605,153.380
154.355,67.065,128.418,154.393
151.656,62.955,129.333,154.366
151.842,62.286,130.234,150.777
152.119,61.670,131.024,149.895
149.891,63.821,133.648,151.785
150.858,68.067,134.417,152.992
150.871,70.170,133.548,155.922
153.253,79.378,132.041,158.977
153.933,75.928,129.575,154.215
155.879,75.744,122.326,155.421
155.384,72.970,125.398,148.338
154.140,64.176,124.062,155.123
152.640,63.182,125.835,156.484
150.789,57.379,126.068,157.940
149.625,56.859,130.144,158.535
147.849,53.667,130.770,156.245
147.475,52.013,133.119,152.846
149.354,54.838,135.946,151.330
151.096,58.162,134.623,152.049
154.975,67.107,134.400,152.379
155.953,65.629,132.753,153.260
156.913,70.829,134.056,152.437
157.777,71.150,132.428,147.227
158.878,72.420,132.689,142.808
159.789,73.821,132.315,139.875
159.216,69.767,127.942,139.900
160.449,66.827,126.698,136.374
162.178,62.619,126.730,137.127
163.576,64.284,126.761,139.401
162.724,62.103,126.604,139.080
162.232,63.144,125.892,137.783
163.085,65.021,124.608,139.746
162.625,64.951,123.735,139.984
165.718,71.250,122.965,142.479
164.386,71.316,125.035,143.874
166.578,89.473,125.174,146.323
167.511,87.484,122.022,156.205
169.299,90.891,120.837,155.412
168.153,89.451,121.475,150.646
166.505,86.030,121.926,151.934
165.465,85.169,122.249,147.289
164.648,79.850,120.442,149.852
163.775,77.955,123.966,149.641
161.132,72.964,124.580,152.706
159.799,72.626,127.796,154.461
155.656,71.568,129.073,153.282
154.212,73.206,132.250,151.765
152.118,74.164,133.479,150.321
151.262,73.703,134.550,148.891
155.553,84.194,135.317,150.824
156.406,83.714,132.802,158.144
161.638,86.007,133.314,155.310
162.935,86.927,131.810,152.765
163.782,84.446,127.968,148.803
165.789,86.720,128.965,147.178
163.619,79.918,124.794,146.976
165.327,80.123,126.597,147.843
163.898,76.275,126.474,149.826
163.484,74.061,126.076,146.481
162.781,73.332,127.757,146.181
162.096,73.159,129.129,147.326
158.265,74.569,128.973,152.083
156.835,71.310,129.424,149.109
157.463,79.570,129.478,149.873
157.274,79.646,127.705,150.957
158.975,90.715,127.479,153.976
159.427,88.657,123.704,151.831
158.474,87.550,122.044,151.889
159.420,88.483,123.068,154.202
156.266,82.303,122.740,156.884
154.286,80.246,123.430,157.644
152.613,74.509,124.164,160.195
151.521,74.445,126.686,159.137
153.056,70.988,125.356,161.016
153.406,68.854,126.225,163.212
153.903,67.199,129.935,162.272
152.245,65.685,131.011,159.480
156.566,73.277,132.345,160.152
157.984,73.059,129.510,158.286
160.171,82.501,129.560,157.669
159.865,80.619,125.515,155.078
160.232,81.727,123.922,150.896
162.439,82.792,125.140,151.078
162.031,78.783,121.573,148.934
161.580,78.055,123.783,148.197
159.104,72.053,123.880,150.691
158.614,72.947,126.707,152.993
156.851,68.371,127.403,152.963
156.289,69.241,128.943,152.569
155.173,65.875,130.124,150.509
155.397,66.248,130.694,147.328
157.759,67.254,130.860,144.204
157.882,65.147,128.956,141.211
158.376,68.554,127.872,139.941
159.177,66.914,127.527,138.427
161.398,73.302,127.013,140.227
162.562,75.874,126.584,140.318
161.423,74.945,124.658,145.472
159.403,74.791,125.570,145.541
156.259,69.232,124.182,146.522
155.417,69.784,125.951,147.247
154.916,64.083,123.452,151.771
153.209,63.080,122.017,154.520
149.765,60.148,122.659,154.336
149.571,57.489,122.154,154.330
141.347,53.897,121.623,156.493
141.017,52.345,126.125,155.642
128.079,55.643,128.110,154.202
124.598,59.534,131.238,146.569
121.312,63.484,125.342,148.393
121.182,58.121,124.887,156.774
131.064,82.603,127.882,155.960
131.854,80.700,127.976,156.777
140.520,79.625,126.785,160.711
145.560,80.565,127.543,161.591
144.328,76.028,122.952,162.851
144.110,76.721,125.719,165.630
140.083,68.627,126.784,169.469
139.564,61.977,127.607,171.992
131.784,43.404,124.086,176.818
129.543,39.907,129.353,177.155
129.599,35.162,124.499,173.305
130.008,33.933,120.656,167.970
135.862,48.757,123.018,168.717
136.355,45.376,121.091,161.644
144.175,55.172,123.226,165.581
147.428,56.327,115.588,157.568
153.473,64.600,118.073,159.222
151.369,63.288,116.139,154.592
150.248,61.920,114.788,153.093
150.890,63.293,117.776,155.260
153.878,62.990,118.435,155.951
153.705,64.057,118.544,152.296
157.319,63.649,118.919,155.268
157.247,63.270,118.888,155.282
159.009,68.805,122.036,158.956
160.804,65.770,117.755,157.929
166.589,90.115,124.466,164.943
171.984,84.375,129.161,168.772
178.110,83.365,133.439,169.135
178.483,84.052,138.005,167.106
186.775,68.636,133.246,177.330
187.834,65.520,127.148,188.604
193.887,44.704,129.220,189.726
192.259,44.910,128.164,188.435
192.699,42.503,128.901,186.421
193.868,42.618,127.506,182.263
198.879,53.241,126.665,178.319
201.211,51.219,124.637,178.968
207.476,61.605,124.533,177.755
209.099,64.514,123.234,172.229
208.213,63.951,122.273,169.477
206.663,63.461,123.946,171.130
206.365,60.232,124.301,170.592
204.709,58.686,125.785,169.185
203.833,58.329,128.130,166.308
204.206,59.642,129.312,163.274
206.087,70.034,130.740,163.445
206.733,67.946,127.966,158.045
208.813,71.497,128.697,157.908
209.416,70.644,127.447,156.282
206.396,68.124,125.375,154.720
206.129,69.922,125.885,157.800
199.248,63.976,124.998,159.134
198.253,61.586,123.554,158.490
194.405,57.460,122.976,157.392
192.731,55.111,124.030,153.559
190.536,60.583,121.877,155.723
191.107,59.446,117.382,158.842
198.061,75.635,113.434,163.033
197.509,74.548,109.922,161.949
185.839,82.843,116.506,158.610
182.900,85.184,123.050,154.350
165.699,87.489,118.097,153.929
165.569,89.811,119.287,155.948
152.381,88.239,116.601,154.665
152.162,88.104,113.321,153.866
144.486,69.963,112.559,148.758
148.813,63.624,112.766,146.639
146.852,54.661,113.545,145.746
144.649,54.791,117.043,147.570
150.141,66.849,117.474,149.705
149.169,64.385,118.281,159.648
153.680,63.517,117.434,163.591
156.877,65.822,116.801,162.747
156.541,65.260,114.980,161.739
156.342,66.002,115.447,160.871
156.556,63.039,113.204,158.802
157.534,63.403,112.680,154.489
157.009,60.379,111.880,153.032
158.338,60.596,113.213,152.017
154.446,58.011,112.488,151.996
154.762,58.883,113.395,153.717
151.396,51.607,112.182,159.457
149.227,51.730,111.065,165.965
141.560,5.843,115.424,171.896
140.430,13.146,117.431,175.661
138.700,6.047,123.070,168.282
137.414,8.599,126.473,169.130
139.362,12.766,127.152,164.616
140.057,12.168,126.298,161.364
141.801,36.390,122.916,169.116
143.339,29.577,125.185,172.015
149.272,71.600,123.153,179.721
148.628,64.909,120.096,193.262
146.334,83.256,123.795,191.283
147.165,85.386,122.347,182.590
144.439,90.093,121.206,175.141
143.608,91.838,119.207,169.867
139.702,84.752,116.664,169.064
139.603,81.174,120.070,169.271
139.811,73.478,119.620,172.665
143.137,72.217,122.013,165.625
149.080,79.475,125.707,158.256
146.260,76.918,125.689,152.792
153.824,89.256,130.127,154.658
156.120,88.082,128.782,156.461
166.319,83.441,126.249,157.731
165.997,88.329,124.631,159.090
168.265,79.399,122.268,164.177
169.993,78.596,120.107,160.662
168.076,68.979,118.110,165.441
168.550,69.480,118.315,162.887
170.136,68.041,119.001,163.397
170.594,67.783,117.063,163.350
174.521,74.738,118.946,167.246
174.187,73.302,117.905,167.927
177.597,88.118,117.797,168.197
178.169,88.951,117.362,168.124
180.346,92.557,120.633,160.536
178.187,93.375,120.746,150.077
179.313,88.916,120.435,151.296
181.367,90.225,120.355,153.442
180.220,82.723,116.710,158.029
178.521,82.244,117.927,162.226
176.463,69.105,121.419,160.966
174.931,70.857,123.633,169.635
173.701,64.257,126.773,164.601
171.057,63.107,127.449,165.229
171.280,64.718,130.014,167.671
171.632,64.136,129.829,162.821
173.230,72.564,129.288,166.034
173.538,73.666,125.230,159.411
171.644,72.653,123.645,154.316
171.505,71.520,122.989,153.553
171.726,71.455,121.513,159.133
171.278,70.314,120.012,157.660
168.974,62.154,119.274,158.634
167.183,60.331,121.918,162.574
165.571,51.559,121.581,161.742
163.393,53.403,124.611,165.150
162.230,51.535,126.377,160.149
160.762,51.713,127.678,161.931
163.712,59.730,130.068,163.394
166.688,59.559,130.245,160.209
168.698,66.591,127.399,161.354
170.621,64.775,124.252,154.803
172.552,65.437,122.844,156.197
172.092,64.423,121.197,153.893
171.981,60.751,120.030,151.691
171.882,59.592,121.585,150.005
169.631,55.235,122.800,147.864
171.427,54.342,124.830,144.350
171.256,56.873,123.770,146.304
170.009,55.816,124.736,147.694
170.379,61.182,123.552,150.999
165.800,58.131,123.124,154.097
164.052,60.357,128.075,154.568
163.201,63.111,130.266,153.134
163.037,66.957,130.941,153.805
162.875,68.345,129.370,150.745
163.156,67.480,126.772,148.761
163.004,67.494,125.457,145.590
164.569,63.461,123.099,142.320
165.220,59.438,124.111,141.097
167.447,57.350,123.441,142.303
168.726,58.078,123.122,147.110
172.815,65.123,133.438,148.642
175.124,70.670,137.595,157.219
185.627,62.185,139.793,161.427
190.573,60.347,138.795,167.336
195.126,60.677,134.113,165.580
192.198,61.220,132.215,167.621
198.141,63.090,130.036,163.202
196.728,65.988,127.067,163.730
192.914,67.137,124.751,162.312
194.165,65.042,125.921,156.954
190.017,64.257,127.128,156.421
188.780,63.662,130.006,163.523
183.609,56.118,127.525,166.682
181.394,51.302,125.720,165.152
171.091,49.006,129.560,164.840
167.667,50.339,131.885,161.457
162.235,51.288,131.433,159.883
160.497,52.624,131.117,159.726
159.031,51.723,129.504,159.503
159.615,53.831,127.224,161.160
162.780,56.282,122.605,160.707
160.915,55.316,121.324,155.878
159.939,58.923,121.536,158.665
160.477,56.514,120.565,153.769
162.298,50.559,120.149,152.725
163.329,52.699,122.070,152.176
168.053,52.570,125.384,152.474
169.116,52.073,127.082,155.083
174.264,51.070,136.562,156.803
176.367,53.706,136.856,160.343
183.751,54.975,140.703,161.258
186.585,55.463,139.891,166.890
191.933,61.106,139.656,167.257
196.697,59.268,138.241,161.171
200.058,73.163,137.966,170.884
200.921,72.710,134.046,168.503
200.834,71.172,127.685,162.473
201.111,70.024,123.165,155.952
201.068,69.367,126.927,151.142
198.521,75.596,126.501,158.972
191.479,71.332,129.414,156.647
187.072,68.545,128.940,156.986
179.836,65.487,128.618,157.053
175.392,61.309,125.892,158.571
170.333,58.796,127.597,156.103
168.033,61.700,127.754,155.717
165.830,61.930,125.145,158.640
164.653,59.883,125.437,156.729
162.686,67.689,125.920,159.627
162.716,67.994,125.820,152.946
160.722,70.335,122.469,154.383
161.825,69.373,121.774,149.631
162.939,69.791,118.980,152.156
163.428,70.179,120.123,150.744
164.248,62.273,120.289,149.207
164.095,63.625,121.744,152.979
163.490,54.141,123.580,153.215
165.174,54.627,127.084,153.641
166.639,50.630,129.951,151.906
168.750,49.705,130.999,149.055
168.098,49.812,132.120,147.161
169.922,50.400,132.787,144.447
168.789,59.117,131.537,145.442
167.486,56.672,133.251,146.673
169.943,64.221,132.915,150.590
167.683,61.256,129.487,157.845
175.946,69.305,130.499,159.731
176.856,72.688,126.415,154.856
182.119,73.132,125.148,156.748
180.392,72.945,124.471,158.870
180.251,63.917,124.046,161.682
179.584,63.976,125.460,167.987
177.892,58.304,125.996,167.617
177.000,57.122,129.201,170.302
180.379,55.300,132.100,170.534
180.810,55.833,134.698,172.716
181.534,60.173,140.328,176.494
183.661,58.595,139.480,174.470
196.078,75.671,143.221,176.948
200.241,76.320,143.266,177.121
223.069,88.641,140.682,179.041
225.545,85.181,142.804,187.886
223.994,79.189,142.212,189.576
222.639,77.191,143.095,186.642
220.359,79.029,141.217,187.389
217.337,79.225,141.531,182.646
209.890,84.542,146.954,182.092
206.125,81.900,155.608,183.786
196.641,77.266,160.484,182.856
197.406,78.459,163.240,183.842
198.726,77.349,164.582,187.886
199.052,77.500,161.403,189.626
200.095,80.456,160.245,192.001
202.071,80.106,157.287,196.729
209.816,92.015,152.752,194.925
213.257,90.519,147.145,191.756
220.911,83.769,145.603,204.209
219.791,83.367,149.224,216.236
222.196,71.222,150.934,219.953
217.543,73.042,159.868,230.019
216.827,66.308,164.390,236.288
215.356,73.335,169.738,235.941
208.374,77.149,171.771,239.524
206.218,79.368,173.409,237.700
204.782,88.093,177.913,238.084
197.358,88.320,185.061,235.758
194.825,86.230,189.991,235.100
191.609,89.102,195.050,235.133
188.439,90.818,198.026,231.477
188.438,92.416,200.229,228.326
181.950,97.825,202.926,230.530
180.123,95.577,204.004,230.019
186.399,91.919,205.838,233.331
176.333,87.369,218.711,232.761
170.672,84.121,223.055,233.999
172.132,84.244,228.135,236.258
161.007,90.839,231.042,234.690
162.133,87.707,226.461,236.639
168.341,94.956,223.015,234.798
164.441,98.486,226.553,231.675
164.329,99.600,225.921,230.802
163.271,99.946,226.833,230.376
168.497,102.909,225.253,229.298
172.883,101.665,223.000,229.359
176.420,93.576,220.939,239.641
178.400,91.002,222.722,249.020
179.327,79.535,221.895,255.013
179.725,80.025,222.281,253.080
179.738,78.365,219.619,256.694
181.019,78.236,219.427,258.971
178.229,85.988,220.929,258.862
180.780,86.873,221.201,260.909
174.586,89.580,215.195,256.759
181.183,90.647,207.167,249.979
175.541,88.200,201.200,246.747
185.900,87.548,186.146,236.330
186.438,76.801,172.094,236.803
191.962,76.695,162.367,235.307
198.007,66.696,154.381,237.197
196.172,61.085,153.730,238.354
198.490,49.566,156.600,239.785
197.245,47.648,155.407,247.677
191.993,51.690,156.446,244.499
193.573,55.927,154.633,239.463
181.186,59.569,155.953,231.456
183.314,63.165,155.849,222.364
170.385,61.476,154.780,210.281
170.575,62.124,153.277,200.011
168.360,64.799,153.940,191.231
166.858,67.190,154.030,188.269
165.524,70.828,150.346,186.404
164.315,76.254,145.138,184.564
169.282,83.367,138.089,185.136
171.576,87.187,129.961,187.082
175.181,86.675,122.766,183.069
171.513,84.838,119.059,176.068
166.977,92.096,119.693,168.403
161.609,93.290,119.704,163.856
153.504,92.260,122.942,162.495
149.865,89.675,122.122,167.719
144.240,90.792,122.436,165.100
145.298,91.693,120.863,165.023
139.096,71.235,116.096,163.623
137.078,69.485,118.019,160.875
128.194,63.473,119.301,159.513
126.489,61.302,123.554,157.664
123.527,57.845,122.257,154.966
124.497,56.320,121.387,156.660
131.001,73.213,121.981,158.211
131.985,69.539,115.227,162.148
143.107,81.507,115.823,160.094
142.733,82.371,109.356,154.147
145.123,84.637,113.872,156.087
143.986,83.249,109.431,151.287
143.165,79.893,113.399,155.226
143.254,73.414,109.928,159.776
139.729,54.172,110.558,166.871
139.285,54.821,114.608,167.527
138.581,49.777,117.750,166.798
136.444,43.936,121.271,163.422
144.571,47.209,125.351,163.020
144.752,45.737,125.337,163.923
152.769,56.732,121.002,172.350
155.583,57.868,117.504,170.134
156.353,72.705,116.656,168.624
156.029,74.191,115.909,167.572
154.344,76.267,115.848,161.736
153.926,76.605,113.757,155.674
151.525,76.529,112.327,149.446
149.602,76.646,111.587,147.827
148.700,73.830,112.478,149.067
149.223,75.461,114.187,151.530
147.291,68.396,113.988,151.894
145.927,69.887,115.658,151.885
145.757,66.320,117.773,148.468
145.450,67.383,120.813,147.426
146.102,67.570,121.253,147.469
144.841,67.251,120.765,146.813
143.248,68.176,121.676,145.575
143.764,64.586,122.002,143.892
144.361,65.652,121.829,142.519
144.216,64.280,121.337,143.698
140.304,57.847,120.966,147.151
135.843,56.085,121.885,149.127
135.073,50.268,126.470,145.405
137.919,54.716,131.172,140.223
140.750,52.505,129.228,142.886
141.132,54.177,128.750,143.752
139.181,57.295,128.013,147.199
138.592,56.452,126.118,150.381
140.787,61.829,126.522,147.393
141.577,60.048,125.498,145.910
142.674,64.242,123.737,145.722
142.692,62.870,123.807,144.642
141.999,58.395,124.551,143.416
143.675,59.010,128.648,144.724
139.296,54.424,126.860,153.582
136.793,51.459,126.089,156.153
134.248,47.323,127.757,154.512
134.042,48.834,129.135,159.448
134.298,45.508,129.930,157.726
132.046,45.616,130.760,152.745
131.030,49.379,131.991,155.987
131.058,46.161,131.362,156.913
131.184,57.724,131.399,161.989
133.442,59.006,127.891,166.354
137.542,65.318,126.390,164.991
139.522,66.063,124.627,161.452
139.655,65.391,123.145,158.911
139.170,63.745,121.490,154.704
135.506,59.053,119.506,152.781
132.749,60.631,124.127,150.976
130.616,60.814,126.600,151.422
128.873,59.100,128.135,152.038
128.601,61.076,130.773,151.103
125.956,59.071,130.596,153.033
128.268,62.009,133.363,152.713
128.625,62.730,133.601,154.966
133.558,74.839,134.471,159.849
140.672,70.484,130.951,161.554
144.580,82.957,129.474,160.428
146.433,81.462,125.950,157.979
146.316,82.209,125.630,153.363
146.870,84.751,126.942,150.171
146.304,80.130,124.256,154.156
147.935,78.995,126.392,154.230
146.699,73.225,126.412,157.514
143.969,71.082,128.353,158.570
142.032,63.650,130.788,159.079
142.336,64.091,133.798,162.050
139.901,55.678,133.525,166.919
138.959,57.789,137.295,166.014
140.888,55.039,136.832,165.360
142.195,55.676,137.444,164.590
142.366,53.662,136.370,162.544
146.826,61.879,137.982,161.169
147.795,59.364,133.654,163.434
148.068,63.624,133.714,160.519
148.016,64.450,132.126,156.347
147.646,70.608,131.171,159.116
146.682,68.543,128.677,158.854
142.267,71.756,129.287,160.120
140.881,72.292,128.520,157.896
138.190,75.138,128.975,158.907
137.325,74.109,130.991,161.820
141.190,81.645,131.153,162.610
144.814,78.166,126.332,167.064
149.120,95.201,127.251,167.006
152.811,91.942,123.847,171.490
154.639,105.193,123.692,170.411
157.589,105.172,120.993,171.071
157.745,107.521,121.770,165.130
156.120,110.333,121.418,155.466
153.320,106.547,121.369,147.959
152.017,108.051,123.134,143.497
151.155,101.270,121.922,144.558
152.879,100.991,121.580,143.944
151.378,95.223,122.078,144.860
150.939,94.066,123.429,144.245
149.922,91.574,125.607,144.418
148.167,92.512,125.865,145.689
148.201,92.501,127.053,145.393
147.735,91.785,126.839,143.589
150.263,96.862,127.789,144.291
150.739,96.583,125.781,146.399
152.100,104.711,125.977,148.540
151.580,103.229,122.552,148.525
153.055,107.916,122.087,147.842
153.310,105.599,120.678,145.083
153.685,104.260,120.450,143.846
153.366,104.153,122.530,143.343
151.446,103.599,122.199,146.222
151.116,102.203,121.875,148.946
148.553,101.639,123.671,149.436
147.937,103.783,125.656,151.060
141.417,103.676,126.208,148.856
137.580,102.409,133.034,144.427
139.592,111.328,131.826,156.967
138.414,104.682,127.599,167.353
136.963,90.678,126.173,174.187
138.070,86.176,127.681,185.770
141.571,87.324,125.423,199.656
143.924,81.531,125.172,200.465
143.228,83.573,122.344,210.333
143.483,83.809,123.334,209.391
139.461,86.308,123.378,205.989
137.610,86.811,125.628,205.653
135.590,85.851,126.707,206.012
135.585,87.253,125.192,208.766
136.798,85.079,126.566,210.938
137.086,85.513,127.711,214.061
138.364,85.815,128.787,215.666
137.962,85.882,128.677,215.824
138.263,93.889,132.545,205.996
134.593,98.345,133.425,194.558
129.660,122.760,136.633,195.534
125.224,138.761,140.978,187.271
123.827,137.101,143.992,190.038
123.359,141.991,147.041,188.246
122.041,138.672,148.027,190.477
122.599,138.168,149.075,190.059
122.923,133.954,147.899,191.292
122.617,132.941,148.660,187.974
123.027,127.445,147.798,187.426
123.501,123.307,146.192,189.983
124.323,119.662,144.523,195.853
125.027,116.510,142.939,197.557
128.675,117.833,140.571,199.072
128.989,121.516,139.904,195.968
131.237,124.729,138.956,194.142
132.328,127.386,138.977,192.428
134.363,129.821,136.796,191.380
135.897,130.155,134.263,189.678
134.200,133.464,131.853,189.645
136.409,134.952,135.274,186.889
130.623,137.653,135.640,187.230
129.821,138.867,136.600,184.176
127.824,141.051,135.293,184.192
127.652,141.685,136.956,182.961
125.100,142.566,138.080,183.905
123.575,142.377,134.387,182.715
122.556,140.016,133.386,181.374
124.289,138.515,131.090,181.632
118.188,141.783,133.404,175.697
117.528,144.599,133.509,174.117
116.017,158.962,134.181,170.739
111.991,162.490,138.717,171.491
112.518,157.871,140.384,171.772
112.180,161.376,141.185,168.465
112.103,159.072,141.641,169.088
112.411,158.274,142.574,169.563
113.131,156.599,142.210,170.408
112.989,156.125,142.735,169.381
116.411,151.906,141.739,171.884
114.887,154.930,140.003,170.848
114.180,133.274,140.065,181.475
111.327,130.209,140.216,177.845
109.915,120.862,138.608,181.821
112.534,109.955,136.452,185.903
111.801,100.683,139.501,183.799
113.736,98.513,139.234,187.118
115.826,96.982,138.433,188.974
117.324,97.396,138.280,188.519
121.662,96.652,139.981,189.774
119.195,94.061,139.854,198.323
119.096,94.209,141.752,195.899
117.813,92.861,142.321,197.404
118.229,90.627,142.829,199.629
118.395,89.098,142.795,203.427
119.505,89.270,141.954,202.358
118.875,90.152,140.522,201.970
116.446,108.055,143.612,193.108
119.792,122.229,138.877,173.938
120.048,125.394,136.687,170.377
120.891,127.052,136.469,168.121
124.169,130.403,136.268,165.232
123.517,130.796,136.100,161.822
125.875,127.432,135.334,160.176
123.393,128.186,135.497,154.267
123.348,119.106,136.401,161.005
124.058,113.658,138.790,168.293
126.555,103.651,139.213,180.921
129.884,99.288,139.542,191.351
140.248,92.091,132.407,209.313
149.316,69.682,125.739,217.334
150.033,50.154,125.411,217.397
150.340,48.914,123.640,213.802
151.490,58.783,120.772,221.905
154.847,56.980,118.313,213.658
156.974,55.482,115.340,206.965
158.497,55.787,113.015,207.717
159.889,56.526,111.164,204.271
161.043,55.491,109.526,199.776
160.644,54.652,107.691,202.919
163.449,54.724,106.823,200.687
162.628,55.794,105.593,199.627
162.162,57.248,104.147,199.140
156.677,67.756,105.700,197.035
150.641,74.900,112.227,205.937
146.597,109.261,114.897,208.814
149.937,128.793,113.872,193.452
151.572,143.577,110.947,185.178
149.482,150.768,110.626,181.271
156.680,160.293,111.586,178.935
157.328,163.945,109.574,173.985
156.008,159.437,106.631,172.386
155.013,159.782,105.690,169.472
149.021,145.574,104.853,168.246
145.623,144.788,110.209,159.731
145.863,141.972,112.618,157.108
145.801,139.640,110.565,158.772
147.487,138.265,112.912,159.866
148.967,139.732,115.861,158.074
149.885,141.390,115.185,155.531
149.981,140.665,112.880,153.091
155.260,154.074,114.575,149.226
154.525,151.837,110.361,152.346
156.034,154.977,111.388,151.674
156.690,154.183,111.120,151.692
155.509,146.254,109.161,153.730
153.757,147.085,109.665,152.824
150.710,137.495,109.401,155.637
149.573,138.846,112.896,155.499
149.598,132.044,115.328,155.020
149.552,132.525,117.663,151.738
153.693,132.109,118.792,151.265
154.872,132.824,118.271,148.795
159.006,135.693,118.174,148.460
161.352,135.339,116.406,150.485
163.648,140.789,115.584,150.640
164.491,142.225,114.859,150.313
165.662,143.428,112.785,151.098
165.905,143.666,111.426,152.613
161.880,133.716,111.361,156.053
160.841,133.152,112.991,156.050
156.897,128.981,112.510,156.918
159.154,128.553,111.201,157.139
156.615,122.081,109.977,157.087
155.868,122.141,110.954,157.953
154.796,118.322,111.251,157.312
156.145,118.138,111.101,156.908
156.099,118.181,109.804,157.110
156.655,117.080,109.514,155.987
155.350,121.851,110.429,154.684
155.843,122.857,111.019,153.696
156.649,123.004,111.525,150.302
157.092,121.694,112.729,143.841
156.157,116.918,111.807,142.676
154.505,115.328,113.663,144.718
153.319,109.967,116.304,146.187
152.474,111.162,120.128,147.598
152.445,104.693,117.918,146.130
153.093,105.418,120.086,148.836
152.391,104.080,120.493,149.164
152.138,102.641,120.704,148.906
152.490,105.022,122.321,149.992
151.926,103.878,121.303,149.878
152.562,110.481,122.624,150.533
153.728,109.788,120.401,150.268
153.461,113.820,119.931,148.353
153.499,111.836,118.865,147.652
153.262,111.796,120.129,148.326
154.426,112.305,120.531,148.323
153.930,108.295,118.631,149.183
153.696,105.610,119.604,148.468
151.347,100.243,120.753,151.029
151.739,102.129,123.346,150.833
151.284,98.116,123.117,151.928
151.800,99.940,123.982,152.058
152.914,101.819,125.443,152.747
151.460,100.989,124.660,153.075
155.842,110.879,125.370,154.236
158.199,110.124,122.850,152.490
160.288,118.071,121.506,150.719
160.333,115.496,119.232,146.703
162.224,114.912,120.028,145.037
163.378,114.322,120.027,142.451
162.617,110.657,119.750,141.778
163.359,111.922,120.187,140.089
161.930,105.885,118.512,143.364
161.293,104.785,121.164,143.041
161.974,103.458,121.411,144.733
162.498,105.630,122.891,145.403
161.495,104.933,122.526,148.788
159.879,101.290,122.425,149.185
158.676,104.661,124.917,146.383
158.046,103.942,125.881,144.981
161.450,112.333,127.152,145.641
160.501,108.182,125.424,148.410
163.050,109.561,125.210,148.891
163.887,107.887,123.797,148.918
163.382,102.043,121.176,150.332
163.240,102.662,120.251,148.039
161.417,96.009,120.589,147.644
161.487,97.646,120.696,145.951
160.889,96.752,120.926,147.200
160.568,96.752,122.080,149.009
160.917,93.953,122.210,149.579
160.227,93.491,123.593,147.862
160.524,95.278,124.896,146.808
160.666,95.957,123.347,148.463
161.029,99.814,125.289,146.257
159.482,99.598,125.999,147.437
159.269,104.548,127.182,146.490
159.730,102.836,125.758,147.960
160.010,100.767,124.445,148.833
160.363,100.873,123.555,147.533
159.373,96.465,121.553,149.766
160.983,97.286,121.816,146.103
159.366,91.469,120.042,145.482
161.335,91.358,122.348,144.535
161.002,91.179,123.173,146.979
160.869,92.466,123.357,146.088
162.099,93.479,123.143,144.876
163.060,94.570,122.946,145.384
164.761,102.341,121.642,149.229
163.136,100.470,118.841,154.865
165.531,114.975,118.805,153.673
166.610,112.672,114.912,155.676
168.046,117.848,115.227,151.272
167.659,117.363,113.893,146.130
166.699,115.263,114.439,143.377
166.041,113.990,114.275,141.632
165.810,109.161,115.010,141.330
165.408,111.852,115.493,141.553
164.811,111.639,116.678,141.885
164.992,111.400,117.753,141.738
165.681,113.513,117.789,141.469
165.621,113.400,117.281,143.584
166.045,118.741,118.860,143.101
166.089,118.362,118.557,145.088
169.421,132.032,118.483,151.320
168.336,130.665,112.094,171.118
167.688,138.365,117.613,164.889
166.869,142.708,117.147,158.347
166.806,142.051,116.663,155.309
168.158,141.299,115.117,151.246
164.288,142.809,114.833,149.968
163.692,142.751,116.660,145.872
162.604,140.305,116.519,147.141
163.031,140.032,117.875,144.127
162.296,140.796,119.801,144.199
162.905,141.008,119.891,143.343
163.249,145.556,119.861,145.823
164.783,144.854,118.617,142.880
165.715,145.767,118.733,144.682
166.138,145.896,119.032,143.901
166.940,146.792,118.491,142.997
167.244,147.649,117.277,141.856
166.454,146.221,116.822,140.968
166.371,145.451,117.557,140.225
165.134,144.377,117.495,139.834
165.004,144.641,116.825,139.010
164.320,140.979,117.129,140.108
165.391,141.956,117.913,143.384
165.287,138.584,118.478,140.912
165.339,141.159,118.375,141.520
164.220,136.278,117.720,141.301
165.300,136.258,118.300,138.020
166.481,136.346,117.121,136.235
167.702,137.390,116.579,134.855
168.160,136.334,116.420,133.600
168.149,136.261,115.290,134.102
168.400,133.825,115.396,132.801
167.728,135.549,112.647,131.740
168.973,133.162,111.632,129.029
170.475,132.975,111.209,126.046
171.386,130.517,111.619,125.466
173.400,130.579,111.825,125.454
174.939,130.317,110.173,127.914
173.836,130.137,108.786,128.858
172.593,129.949,109.333,126.134
172.042,128.250,110.227,122.609
173.297,126.061,110.046,120.969
174.371,127.069,107.502,124.015
176.717,126.228,108.502,120.554
177.653,128.264,106.872,119.489
178.959,129.105,105.276,117.999
180.308,129.800,102.189,116.596
179.544,130.216,100.388,115.079
181.849,130.061,100.311,117.874
181.172,130.378,97.434,115.146
183.175,131.102,97.285,116.529
180.180,130.411,94.950,115.194
182.016,128.938,96.018,117.814
179.588,131.042,95.246,117.701
180.636,129.083,95.807,115.648
178.284,130.828,96.426,117.042
180.398,128.263,98.248,116.408
176.075,132.374,97.955,118.493
178.889,128.789,101.154,113.711
175.927,134.380,99.394,117.071
179.970,131.773,101.695,115.800
176.674,136.270,98.557,118.867
179.763,132.800,101.783,115.869
177.928,138.082,99.992,120.137
180.147,136.195,101.750,119.504
177.251,138.518,100.207,122.150
179.664,138.174,101.893,119.179
178.486,139.155,99.336,120.876
179.414,137.719,99.714,118.883
176.722,139.660,98.471,121.485
177.158,136.194,101.850,117.323
173.497,137.577,100.277,121.373
173.886,135.027,103.629,121.710
171.912,135.132,104.345,122.050
170.468,134.784,105.498,121.871
169.574,134.755,107.284,122.982
169.435,135.024,109.376,124.636
169.721,132.396,111.000,122.741
168.857,133.844,113.497,123.386
168.885,134.252,114.190,127.463
168.913,134.068,115.472,131.285
168.439,134.455,116.594,133.187
167.553,136.177,117.195,136.201
167.006,138.633,115.522,139.752
166.584,135.271,114.268,138.544
165.749,137.731,114.943,136.987
165.790,137.987,115.889,135.020
164.224,138.023,115.393,138.376
164.763,136.479,116.387,138.859
164.200,136.120,116.616,138.710
164.258,136.812,116.934,138.357
164.520,137.274,116.780,139.737
164.438,136.587,116.471,139.199
163.729,135.091,115.541,138.473
163.525,137.257,117.748,137.433
163.547,135.192,116.098,138.798
161.138,135.590,115.609,139.311
161.413,133.865,116.844,137.241
162.237,132.931,119.267,138.820
162.103,132.198,118.700,142.475
162.158,130.155,118.953,143.794
161.409,131.353,118.369,144.261
160.906,131.224,121.219,142.793
160.060,129.369,120.940,143.914
160.793,130.624,122.275,144.514
160.284,130.329,121.144,145.839
160.403,130.024,122.583,147.125
159.633,129.078,123.306,148.709
159.317,128.512,124.221,150.029
159.585,128.068,124.900,151.724
160.891,127.401,125.010,153.613
160.751,127.052,124.568,154.873
160.242,126.836,124.357,155.628
160.313,124.878,123.795,156.363
159.687,125.714,125.112,158.217
158.829,123.638,124.595,158.199
158.330,125.773,124.330,156.438
164.872,136.722,127.523,156.686
168.436,131.005,123.785,156.386
171.006,148.434,120.771,152.689
169.180,150.236,119.379,146.016
163.159,138.942,112.779,146.670
163.453,137.610,112.816,157.789
152.801,111.078,109.127,160.179
154.187,116.688,116.381,152.755
151.694,107.166,114.531,156.439
149.851,112.543,117.089,152.734
152.170,114.218,116.150,154.104
152.420,111.755,115.937,156.491
158.666,121.657,118.420,154.980
160.969,122.961,115.583,154.343
163.193,127.591,114.725,153.244
166.026,129.371,111.368,151.083
168.796,133.160,109.133,149.382
170.342,135.654,107.198,146.322
169.229,125.824,106.120,145.562
170.865,131.597,105.615,147.330
