233.000,126.000,50.000,40.000
233.181,126.791,50.873,42.028
233.080,127.208,51.469,42.806
232.747,125.555,51.830,43.733
230.995,125.061,53.489,44.190
224.823,109.320,55.782,45.159
224.462,111.117,55.262,45.297
222.885,110.983,54.509,45.952
220.142,111.905,55.764,45.853
219.522,110.960,55.379,45.895
219.893,110.663,55.858,46.081
220.548,110.566,56.347,46.657
220.377,109.589,57.134,46.792
219.868,110.368,58.681,47.418
218.006,110.571,61.792,47.031
217.544,110.104,64.462,47.636
221.636,109.944,64.069,47.046
222.471,111.087,66.567,46.741
223.345,112.659,67.394,46.438
226.061,113.459,66.027,46.424
225.746,113.707,66.295,46.043
227.701,113.658,64.730,46.309
225.023,113.003,65.443,46.605
223.732,113.927,66.089,47.650
224.214,114.548,67.026,47.591
224.674,114.550,65.848,46.852
223.839,114.440,65.616,46.407
223.447,114.322,66.310,46.493
223.026,114.279,66.490,46.887
222.666,113.110,65.297,47.403
223.167,113.548,65.748,46.862
221.513,113.939,66.428,47.162
220.828,115.477,66.124,46.386
220.585,119.160,66.966,45.940
220.765,119.190,67.455,45.801
218.483,125.271,68.987,46.708
214.038,130.425,70.684,47.576
213.251,140.469,70.419,48.296
213.846,143.019,70.248,48.335
220.591,148.126,66.813,47.873
221.786,160.544,67.656,47.207
227.604,169.853,71.042,46.028
225.213,181.760,73.598,46.793
224.771,192.347,76.967,45.487
226.074,199.262,80.502,44.778
227.930,201.868,83.624,44.852
229.442,210.616,83.723,48.702
229.132,209.853,82.883,48.800
228.778,207.059,81.518,49.122
228.325,203.950,79.008,50.396
222.840,197.632,77.665,51.463
223.725,191.363,74.933,52.521
226.461,189.199,72.328,51.688
230.126,188.053,70.759,50.934
232.632,189.796,70.524,49.609
232.504,190.153,69.265,49.215
232.242,189.282,68.225,49.075
232.179,185.803,67.745,49.880
232.298,184.723,65.755,49.590
231.732,184.889,63.633,48.178
230.354,184.208,63.488,48.653
224.801,183.245,63.285,47.984
221.831,182.741,64.119,48.410
217.901,178.885,62.927,48.978
215.269,178.150,62.121,48.059
214.499,178.229,62.801,47.695
215.231,178.126,62.870,47.477
215.517,177.711,62.877,47.564
219.038,178.355,61.977,47.925
221.412,178.909,60.976,48.608
223.688,178.334,60.534,48.195
226.948,177.491,61.535,48.076
230.876,177.680,61.598,48.842
233.669,177.369,58.955,49.289
235.341,178.344,58.197,48.915
236.875,178.183,58.477,49.050
239.254,176.074,59.409,49.314
240.097,173.043,59.088,50.316
240.435,172.120,59.267,50.083
237.392,172.122,59.903,49.974
235.611,174.659,59.876,49.366
231.387,176.914,60.133,49.642
230.427,178.208,61.831,50.009
233.330,180.137,61.654,49.073
234.743,180.514,62.248,49.375
235.781,182.741,62.084,49.181
235.434,183.493,62.064,49.876
236.199,184.849,62.369,49.260
238.005,185.157,63.108,49.064
242.085,185.741,61.866,48.607
245.540,182.799,60.738,48.037
246.848,181.136,60.970,48.187
253.875,178.778,57.694,48.522
256.178,177.860,58.065,47.389
258.806,176.560,56.298,46.463
262.726,175.982,54.166,45.588
263.229,173.149,52.189,45.107
262.757,173.278,51.806,45.206
262.524,173.874,51.282,44.800
264.112,173.748,50.458,43.677
264.508,172.704,50.327,44.265
264.401,169.205,50.939,44.872
257.244,161.968,52.667,47.853
255.213,157.781,52.566,48.377
255.810,153.775,52.663,48.204
254.676,149.006,53.605,49.137
255.383,144.827,54.839,49.852
253.798,144.833,54.782,48.624
251.813,144.689,55.930,48.930
249.522,145.175,57.993,49.421
246.131,147.622,59.854,49.815
240.550,149.437,61.755,49.533
238.826,150.420,61.844,50.308
234.600,148.040,63.207,51.769
225.543,151.160,64.976,52.494
222.779,150.763,64.715,53.563
223.226,149.195,63.771,53.894
223.066,147.631,63.987,53.938
221.835,145.220,63.774,53.970
225.849,143.728,65.481,54.654
228.084,144.007,65.321,55.015
224.864,144.822,64.768,55.269
228.930,144.525,64.011,54.971
228.279,142.892,64.349,54.789
227.128,142.151,65.832,55.371
225.602,141.021,67.897,56.349
230.721,140.002,68.417,56.926
232.872,140.156,69.027,56.331
230.898,139.515,68.774,56.557
232.752,138.959,68.110,56.120
235.330,137.733,66.974,57.108
235.240,138.182,65.848,57.522
233.302,138.405,65.867,59.125
235.556,138.465,65.981,59.531
240.433,137.296,65.474,59.742
241.699,137.175,66.001,60.396
240.707,135.885,66.181,60.714
239.439,136.622,66.929,60.927
238.629,136.119,68.004,61.743
239.641,136.658,70.067,62.531
240.185,136.258,71.436,63.216
240.117,137.309,72.516,63.691
239.198,138.426,74.075,64.661
239.376,138.189,74.315,65.310
238.032,138.367,74.814,66.188
239.592,138.558,76.116,67.054
242.583,136.550,76.668,68.373
243.591,136.103,80.013,68.991
242.751,135.754,81.008,70.499
239.549,135.447,81.974,71.771
242.311,134.277,82.110,72.459
243.593,133.209,83.032,74.674
242.188,134.292,84.450,75.148
242.334,134.480,84.656,75.938
240.951,137.141,85.653,75.543
240.769,138.041,85.481,76.488
241.283,138.463,84.560,77.626
241.331,138.910,85.859,78.977
242.773,139.047,85.729,79.011
243.007,138.847,84.045,78.863
241.442,139.666,83.227,77.857
240.670,139.170,80.407,78.795
240.759,139.159,80.622,80.177
240.914,138.542,79.513,80.821
239.500,139.611,79.446,80.850
234.737,138.950,79.775,80.907
233.889,138.432,80.234,81.398
231.942,138.384,80.748,81.858
232.492,137.740,80.313,82.734
230.488,137.156,79.556,82.808
230.527,136.871,79.956,82.991
231.271,137.293,80.067,82.696
231.625,139.162,80.185,81.732
233.151,143.810,79.611,80.901
234.393,145.787,78.942,80.160
234.877,143.877,79.079,80.716
234.496,143.362,80.228,80.411
234.886,144.530,80.285,78.559
233.124,144.676,80.734,78.679
231.979,145.474,80.675,78.414
234.082,145.750,77.953,76.382
234.075,143.782,75.684,75.943
233.108,143.720,75.837,75.520
231.214,143.338,76.851,75.929
229.919,144.774,77.917,76.504
228.135,147.891,78.630,76.426
226.512,149.112,79.459,76.364
228.391,147.943,78.146,77.393
231.377,146.069,77.403,79.435
231.893,144.965,78.041,79.453
233.820,145.295,77.905,79.855
233.872,146.050,79.028,78.773
234.056,148.590,77.953,75.932
234.077,148.486,78.078,75.771
235.581,150.120,76.549,75.701
235.631,151.100,76.401,76.133
236.201,152.184,76.832,76.194
237.298,152.305,76.215,76.631
237.789,152.274,75.908,77.430
237.023,152.772,75.191,77.136
237.376,153.085,74.106,77.190
237.445,152.533,74.830,77.560
238.813,151.255,74.256,78.075
241.039,151.079,74.202,78.073
243.710,149.779,73.375,78.791
241.642,152.034,75.898,78.566
242.152,154.493,76.607,77.826
243.907,153.655,74.731,78.128
240.582,151.811,74.972,76.868
233.396,155.588,77.510,76.920
227.818,157.500,80.399,79.002
231.505,160.728,78.643,78.786
232.630,161.598,78.535,78.033
236.859,162.037,78.402,76.811
243.094,162.303,76.908,75.315
246.575,162.636,75.349,74.491
241.068,161.642,75.621,73.765
238.089,162.839,75.313,74.113
234.487,163.805,76.520,74.225
232.665,163.989,76.313,73.949
230.138,164.168,76.273,73.708
228.895,164.878,76.186,74.256
230.759,166.753,77.010,73.320
231.229,167.461,78.849,72.563
229.139,169.335,78.464,71.056
228.245,167.926,75.304,70.813
230.998,166.564,75.719,71.029
237.486,166.211,74.257,69.399
246.104,163.612,73.736,70.003
248.931,162.168,73.244,69.993
251.102,162.039,72.324,69.216
249.224,161.364,72.213,69.214
252.528,161.479,72.668,68.019
254.737,162.972,74.183,66.042
257.217,163.735,73.066,64.746
260.697,165.002,69.953,62.524
262.916,166.006,69.461,60.481
265.990,166.455,69.673,59.355
269.864,167.406,69.795,59.871
269.915,168.986,71.499,59.482
266.299,171.243,72.436,60.953
264.130,173.487,73.289,61.995
265.015,174.585,72.264,62.036
265.076,175.181,72.608,62.391
264.852,173.866,72.155,62.874
264.807,173.146,73.079,63.596
265.741,171.789,73.463,63.744
269.875,165.982,69.386,63.308
264.070,162.804,71.299,63.401
267.605,161.341,72.031,63.023
265.762,159.863,72.124,62.348
259.800,157.456,74.154,63.646
257.540,156.247,74.365,65.309
253.808,156.924,75.377,66.443
250.027,157.661,76.030,66.867
247.278,159.562,78.370,67.727
246.413,160.180,80.589,67.967
247.261,159.733,81.685,69.228
249.295,160.168,82.359,70.343
252.459,160.447,84.449,71.809
254.844,161.357,84.914,72.749
255.108,160.767,85.042,73.965
254.242,159.573,86.441,75.111
253.652,157.738,86.110,76.867
253.349,156.340,87.386,78.215
251.882,155.334,85.878,80.170
248.546,153.215,88.950,81.210
245.446,152.614,91.162,82.230
244.933,151.617,93.550,82.971
246.739,149.492,92.859,84.113
246.798,143.960,91.343,89.280
248.642,141.618,89.069,92.059
250.929,142.124,87.404,92.328
252.796,139.913,84.765,95.951
256.730,134.879,82.620,98.066
260.584,134.091,80.977,100.466
267.454,132.978,76.714,101.059
269.138,133.514,73.864,103.807
269.503,132.149,70.378,107.098
271.063,129.836,67.102,109.187
273.023,126.010,64.701,110.810
277.294,123.614,62.159,109.097
286.186,122.438,56.208,107.447
292.947,124.301,47.868,105.631
297.509,125.072,44.306,104.156
297.573,121.321,43.400,103.495
297.441,122.280,44.080,102.695
298.545,121.714,43.027,100.649
298.973,124.331,42.268,97.654
299.049,127.737,41.681,99.855
298.621,129.939,41.738,102.296
300.301,134.313,41.347,101.957
300.514,135.144,43.165,103.121
300.722,138.075,44.650,101.274
300.576,140.869,44.883,99.467
302.266,140.999,45.274,97.839
302.452,140.818,45.767,97.204
301.825,139.860,46.394,96.885
300.409,143.184,44.781,94.283
298.698,141.637,43.599,95.874
295.845,141.448,40.956,98.330
292.626,141.377,41.580,101.751
290.628,143.425,41.151,100.299
289.255,145.047,41.246,98.736
287.692,145.532,41.317,97.458
289.550,144.683,40.372,94.077
290.935,146.425,40.008,92.145
292.681,147.084,40.086,92.164
293.812,145.203,39.895,90.795
295.423,142.748,39.316,89.729
296.194,141.962,38.241,86.289
294.162,140.573,37.563,84.736
291.564,138.495,36.731,83.741
292.338,136.817,35.366,82.328
292.479,139.056,33.980,81.684
294.356,136.915,34.580,82.512
297.072,135.533,34.730,81.485
300.707,134.524,34.398,81.124
300.825,133.852,33.782,81.848
300.984,133.311,33.111,81.435
300.584,134.458,32.526,79.073
299.450,133.871,32.449,79.612
298.581,134.449,32.411,79.655
298.031,135.635,33.068,79.872
296.895,134.070,32.903,81.970
295.164,132.891,33.124,82.336
294.714,134.198,32.497,82.450
293.571,132.749,32.571,85.816
292.605,132.934,33.240,87.650
290.746,130.475,33.815,95.209
288.583,130.151,34.294,99.386
287.440,130.307,34.226,102.859
287.323,129.414,35.935,105.793
287.130,128.462,34.392,104.620
285.597,126.181,34.756,103.798
284.198,124.584,36.219,105.736
283.882,124.614,38.580,105.521
283.975,126.654,38.454,102.410
283.394,127.383,39.657,101.750
283.629,129.968,41.234,102.084
282.559,129.130,43.913,100.276
282.531,125.710,48.341,100.469
285.552,129.459,49.232,107.011
299.300,142.064,51.240,112.989
322.898,136.580,54.080,125.766
332.844,159.844,61.760,165.865
329.054,163.545,65.269,164.904
326.902,159.784,64.799,162.297
325.812,157.345,66.275,165.572
325.697,156.280,65.576,167.729
327.205,157.509,64.653,166.083
328.451,155.641,64.902,167.462
329.451,157.765,63.565,166.284
330.333,161.171,62.623,166.267
332.041,164.148,61.017,166.083
331.330,166.555,62.198,165.930
328.406,165.136,63.211,168.853
329.338,165.332,60.417,168.107
329.038,163.828,61.233,169.488
329.680,166.185,61.140,169.054
330.764,158.444,62.528,173.172
331.493,158.389,62.281,175.923
331.520,158.591,62.127,176.504
331.154,154.342,60.545,178.657
331.104,153.323,57.958,178.623
330.150,153.587,58.139,179.673
329.419,154.916,59.832,179.047
328.698,146.712,60.459,180.792
327.017,145.422,62.000,182.689
326.115,141.175,62.302,184.307
326.017,135.589,62.454,186.520
327.774,134.050,60.473,185.877
327.233,133.753,58.996,184.502
325.996,133.433,59.442,185.654
327.132,133.720,59.560,186.211
325.972,134.979,59.963,185.941
327.243,129.482,59.778,185.129
327.752,131.207,58.269,186.396
326.301,130.625,58.306,187.158
324.670,132.494,58.953,185.750
323.837,130.396,59.147,185.030
322.604,129.392,59.012,184.844
323.700,128.645,58.183,186.922
325.151,127.849,58.503,186.484
324.914,130.630,57.995,184.180
324.197,132.873,58.429,181.871
322.644,133.046,59.864,182.242
322.413,130.206,61.047,182.936
324.414,130.291,58.412,183.264
324.818,132.447,58.124,182.314
323.754,130.886,59.841,183.511
319.216,132.423,57.763,186.825
319.549,135.388,59.719,186.517
319.337,135.753,59.458,183.221
321.417,140.800,57.439,184.576
323.087,142.668,57.233,187.881
323.002,145.195,55.879,187.543
321.909,149.644,57.089,187.085
320.892,143.504,58.048,188.721
323.839,142.396,61.255,187.534
325.757,138.209,61.167,186.332
325.944,136.001,59.407,187.165
323.165,133.743,58.664,186.727
320.115,130.456,58.680,185.920
310.491,124.793,57.799,184.066
308.627,129.947,59.479,186.323
309.084,129.346,60.765,187.490
304.967,133.808,60.700,182.583
298.110,137.235,62.087,182.151
291.827,140.715,63.956,178.766
288.095,142.892,62.830,178.625
288.000,146.349,61.794,180.615
287.368,147.372,65.525,184.221
293.888,152.414,63.722,185.141
298.012,153.680,64.843,186.480
301.500,152.986,66.607,189.753
300.244,156.644,67.997,186.580
298.380,157.816,68.130,189.073
295.563,163.878,68.943,188.920
292.993,166.450,72.059,188.771
288.322,164.892,72.280,189.395
271.473,161.337,75.109,190.562
259.703,156.603,78.166,193.380
255.994,157.300,75.914,192.633
245.990,156.423,78.324,192.473
242.372,154.277,75.148,194.042
234.923,150.902,70.001,194.879
229.003,146.832,68.709,195.523
222.607,143.395,68.155,201.047
216.131,143.157,66.391,198.899
205.954,140.650,66.296,198.739
197.213,139.410,66.773,203.620
190.160,135.039,69.452,208.912
183.904,131.753,71.520,211.029
178.705,128.811,73.393,213.097
171.927,128.693,74.425,213.059
166.003,127.213,76.119,214.751
158.439,126.470,78.780,215.323
149.250,126.721,83.771,216.672
146.187,123.226,89.758,219.377
139.502,125.367,92.706,221.280
135.874,126.014,95.435,222.458
133.215,129.589,95.974,219.805
129.752,130.012,96.279,219.392
125.901,131.512,95.113,218.377
115.420,134.828,91.115,213.939
104.905,132.306,87.139,214.930
99.415,133.849,84.743,212.434
96.248,136.766,81.181,204.679
91.027,135.870,81.919,215.289
89.333,138.125,79.424,212.742
91.941,137.520,73.788,214.782
78.383,136.775,72.447,214.118
76.102,134.942,69.493,222.823
75.471,131.862,72.451,223.666
76.895,131.382,71.138,224.891
68.934,129.981,72.973,224.279
60.847,127.407,72.459,229.887
57.153,125.075,73.804,231.042
55.808,121.885,74.488,229.546
53.760,126.663,74.260,226.426
48.161,127.049,75.476,221.673
40.434,125.477,79.021,224.062
36.002,126.029,83.065,224.236
32.508,128.182,86.025,226.069
28.109,128.361,89.362,222.525
15.656,127.928,93.602,230.149
9.262,127.910,88.482,231.819
4.829,128.734,85.886,231.196
0.000,128.411,81.646,233.080
0.000,131.774,77.432,229.382
0.000,135.495,74.589,225.477
0.000,138.389,71.077,221.467
0.000,142.705,68.871,214.585
0.000,152.979,68.821,197.859
0.000,161.904,65.750,193.022
0.000,168.670,63.303,187.658
0.000,173.285,61.379,183.150
0.000,174.577,59.200,175.055
0.000,176.059,56.189,171.465
1.535,181.784,52.274,158.234
1.634,188.249,55.849,150.364
1.448,182.648,57.846,142.949
0.000,180.955,55.996,133.516
1.696,180.017,56.149,134.620
2.956,179.523,64.142,126.108
0.301,174.375,70.810,123.537
7.433,168.694,77.629,118.067
22.913,168.310,83.544,114.668
61.170,188.289,84.696,125.573
70.192,210.382,78.751,154.938
57.255,202.684,76.578,150.844
58.300,199.757,74.424,146.939
59.728,200.849,71.190,144.414
62.119,199.803,68.859,143.420
60.152,199.507,71.598,145.868
60.885,199.338,72.034,147.606
58.467,198.902,73.881,150.709
60.414,196.635,72.947,152.881
60.621,192.485,75.908,155.882
71.041,186.610,82.722,170.240
76.783,177.524,99.436,192.176
77.677,172.143,95.622,189.755
76.292,169.476,97.353,196.380
73.002,165.006,96.388,196.207
70.834,166.385,97.360,197.917
66.786,168.665,97.193,194.919
67.023,171.479,99.945,195.878
71.276,175.645,95.819,189.620
73.909,176.828,95.117,188.399
77.842,177.507,93.267,187.283
79.182,178.590,93.309,185.669
79.291,185.798,90.035,178.353
76.591,189.837,87.991,175.457
74.278,193.346,87.329,172.999
67.628,196.678,85.020,167.984
58.308,199.990,83.398,163.120
52.738,201.758,84.014,162.677
47.711,200.964,85.080,163.064
48.855,199.291,85.484,165.773
54.617,198.135,88.256,168.016
61.816,197.289,88.953,171.077
67.093,198.784,87.612,170.203
67.322,199.518,85.235,167.638
64.853,200.259,85.561,166.712
61.334,200.110,85.880,166.797
59.027,198.284,86.849,169.003
60.283,195.418,85.659,171.025
62.068,193.448,84.702,173.311
61.626,192.120,85.287,174.246
61.116,190.779,84.318,174.290
58.343,190.466,85.070,174.917
59.224,187.487,85.640,177.177
58.674,185.042,84.942,178.798
57.909,181.974,83.948,181.310
54.188,179.129,83.427,183.244
53.252,174.597,86.644,188.404
50.055,174.178,85.455,188.358
51.015,172.735,84.293,189.412
50.188,170.184,84.527,191.452
50.013,169.294,83.100,193.507
49.901,167.974,84.055,194.008
47.226,166.692,82.228,193.338
45.401,161.387,82.399,196.957
40.450,162.016,83.375,196.609
34.920,161.127,86.381,200.026
31.502,157.908,90.425,202.201
29.542,152.539,92.508,204.510
28.422,146.445,93.255,210.308
32.657,146.630,87.407,211.632
36.535,146.682,83.447,208.717
35.382,145.915,83.271,212.107
32.266,147.150,85.987,215.184
30.114,146.727,86.777,217.043
29.158,145.182,87.154,219.401
25.309,144.978,88.172,219.112
20.723,145.716,88.062,219.651
16.518,148.913,87.505,217.060
15.103,150.763,84.838,213.398
12.538,157.047,87.476,214.284
7.436,152.384,93.241,219.812
1.558,151.964,97.201,219.564
0.000,146.596,103.621,222.557
0.000,145.545,100.247,218.604
0.000,145.344,97.796,218.462
0.000,148.065,95.436,215.964
0.000,151.317,94.852,213.360
0.000,154.937,86.976,204.388
0.000,161.590,79.589,196.520
0.000,165.085,75.155,192.432
0.000,158.914,68.039,190.723
0.000,161.615,64.639,190.877
0.000,156.456,57.167,186.964
0.000,153.918,54.784,171.499
0.000,172.000,70.800,163.481
6.127,149.295,96.331,147.468
7.408,120.239,114.392,124.516
4.522,116.035,139.451,117.354
2.353,111.880,150.494,107.111
2.491,113.722,154.822,98.028
0.000,120.165,152.680,92.979
5.427,128.385,145.874,90.226
1.212,131.067,139.254,87.209
5.711,132.493,134.393,80.974
2.037,135.716,137.671,76.721
1.642,137.897,137.277,75.095
6.207,137.738,138.663,72.493
4.591,139.079,137.771,71.269
4.799,140.817,134.250,71.881
0.122,139.190,134.273,70.403
6.948,138.947,130.661,71.186
5.571,140.283,131.226,69.855
4.861,142.033,130.620,69.614
6.379,140.193,132.904,70.971
8.546,141.928,134.398,69.435
9.660,141.833,136.722,69.723
14.587,142.967,138.941,74.271
28.132,144.897,139.253,79.144
64.822,149.149,140.520,87.693
103.995,137.295,129.950,106.999
113.232,139.722,115.452,119.494
115.266,140.492,102.636,154.408
112.479,133.180,95.942,185.055
111.921,129.459,91.027,183.366
112.512,134.396,84.441,192.966
112.306,134.051,83.864,185.510
107.988,135.269,80.903,185.902
103.338,137.549,83.097,191.974
101.356,134.559,78.686,190.873
99.400,131.062,78.487,197.551
97.796,127.712,76.448,204.235
93.772,125.693,78.380,212.897
95.675,126.345,75.277,210.562
94.391,126.821,80.500,212.988
94.627,125.039,82.839,213.259
91.747,121.508,85.778,214.908
90.250,123.741,85.972,217.174
88.964,119.823,87.990,217.869
87.724,121.027,90.825,219.397
87.848,117.446,94.766,221.324
89.059,115.509,98.978,224.285
90.643,112.746,102.017,227.872
91.228,109.616,105.888,230.543
91.581,107.977,106.874,232.452
93.181,106.077,107.511,234.881
92.947,108.321,107.528,235.399
93.329,108.862,108.099,234.071
94.148,109.807,109.733,235.174
95.515,112.363,113.578,234.776
102.453,108.522,113.150,237.207
107.779,110.629,108.972,232.622
109.248,111.317,104.907,229.929
116.714,113.792,101.640,224.167
118.965,117.887,100.978,227.082
120.518,116.135,99.126,226.783
122.488,119.624,97.607,226.620
132.153,119.703,92.828,221.001
132.116,127.179,92.566,223.580
133.634,125.119,92.356,220.683
133.455,121.783,91.868,221.925
133.441,128.511,87.826,216.046
130.721,129.640,86.872,216.663
126.690,129.265,85.449,219.669
121.333,130.977,80.033,218.188
112.234,134.945,79.138,216.511
97.729,138.901,79.955,217.795
81.746,142.426,79.830,217.438
65.867,143.886,79.803,221.250
51.905,145.624,79.313,219.452
37.568,148.479,80.302,214.789
30.091,146.836,80.235,220.065
21.644,145.188,81.548,218.395
12.713,147.114,81.838,219.837
3.474,145.915,80.470,217.277
0.000,140.840,79.998,218.195
0.000,140.348,74.613,218.548
0.000,141.261,63.991,216.748
0.000,140.557,61.956,218.758
0.000,142.481,63.502,210.181
0.000,143.447,68.473,191.773
1.948,152.258,91.466,168.640
21.601,137.774,154.780,148.887
58.357,96.551,190.594,142.026
71.281,96.460,177.104,141.759
71.996,100.980,165.856,139.126
76.069,103.378,154.167,139.257
79.342,101.122,149.229,140.530
86.351,103.529,143.951,143.279
86.416,101.972,140.521,145.875
74.856,101.019,137.591,148.945
75.467,100.314,127.716,147.405
72.866,100.298,121.957,142.759
71.729,103.224,106.086,128.888
69.892,99.956,94.802,112.093
70.825,94.716,96.426,115.847
69.553,96.728,94.728,114.479
71.076,96.018,95.407,114.725
73.498,96.488,96.032,115.015
76.765,93.216,95.442,116.274
78.009,95.710,92.909,113.952
79.956,96.340,93.309,115.104
81.812,96.096,92.394,114.535
82.288,96.941,91.653,114.622
84.951,98.013,91.459,114.198
86.824,98.227,91.199,113.102
87.729,98.523,90.601,114.121
88.745,99.706,91.416,113.620
89.608,99.877,91.557,113.888
89.629,100.278,91.977,114.744
90.563,100.211,90.841,113.970
90.550,102.656,91.333,114.642
91.403,104.615,87.682,113.959
83.848,107.786,88.366,114.525
80.127,108.809,87.315,113.088
76.411,109.211,87.883,112.678
72.107,110.816,87.816,113.137
67.935,110.209,88.205,114.011
63.081,110.753,88.100,112.270
59.564,107.902,86.763,114.205
56.153,107.774,87.406,113.080
51.562,104.428,88.145,113.989
47.852,102.775,88.881,114.135
46.686,102.201,90.077,115.197
45.423,103.834,91.045,113.735
44.250,101.661,89.709,111.750
42.333,99.861,91.808,114.270
41.318,98.972,91.033,115.079
39.347,99.015,92.467,116.119
37.271,97.708,92.869,117.197
36.199,98.083,93.130,116.759
35.319,96.806,94.902,117.616
35.715,97.984,94.676,116.657
37.246,98.240,94.583,117.078
37.552,99.523,94.385,115.671
38.596,97.335,93.930,118.460
39.015,102.393,92.839,113.266
41.430,101.333,92.590,115.634
42.328,105.019,92.291,112.589
43.280,103.724,91.291,114.196
42.775,105.135,92.157,114.579
39.506,107.400,90.606,113.977
35.380,106.943,90.898,114.900
31.753,107.577,92.483,114.126
30.156,106.964,91.987,114.873
28.381,105.714,92.836,114.406
28.240,105.073,93.056,115.223
26.197,103.577,91.616,115.115
25.156,102.132,91.675,116.225
22.511,102.759,91.738,115.756
17.359,102.157,93.810,116.402
15.578,100.774,93.963,117.027
14.033,99.712,94.532,119.170
12.380,99.911,93.877,118.894
10.737,100.919,92.854,117.660
9.097,99.366,94.207,120.810
7.465,99.495,94.783,121.825
6.530,98.646,95.244,120.403
5.452,99.325,95.150,122.143
4.600,98.476,97.015,122.732
4.924,97.278,97.646,123.101
4.679,97.054,98.731,123.305
5.436,96.038,97.942,123.260
6.917,96.283,96.706,122.834
7.358,95.620,96.483,123.253
8.468,95.975,96.300,122.532
8.979,96.411,95.961,121.592
10.623,96.698,96.272,121.211
12.484,98.318,95.949,119.126
14.283,99.567,96.862,118.310
14.508,99.232,98.161,118.408
16.314,101.550,96.102,115.988
17.519,102.779,95.952,114.438
19.121,102.913,96.599,114.092
20.964,102.065,94.833,114.196
21.198,102.223,93.088,115.008
20.715,103.603,93.856,115.328
20.827,103.342,92.530,113.949
20.110,105.484,94.157,113.533
21.472,108.786,95.340,114.075
22.215,109.306,96.328,115.800
25.681,110.475,95.528,114.338
28.531,110.125,95.608,113.451
32.488,108.554,94.491,114.838
38.334,108.467,93.840,113.688
46.348,106.847,93.466,111.107
54.188,103.684,94.005,110.908
59.398,100.377,91.504,111.235
60.554,100.881,91.221,112.002
61.964,102.537,88.710,109.483
62.968,103.003,89.374,110.136
64.660,103.463,90.936,110.088
66.939,100.799,90.297,111.954
66.919,99.881,88.600,111.430
62.016,100.689,89.546,112.435
56.560,98.537,89.080,112.913
51.016,97.609,89.044,113.951
47.917,97.713,89.716,113.856
48.376,94.834,89.196,114.635
49.197,94.686,88.896,114.661
50.698,93.908,90.229,114.211
52.292,92.395,89.843,113.998
51.886,91.660,90.303,114.419
51.571,91.145,89.466,114.006
52.105,90.809,90.100,114.919
50.727,91.437,90.441,114.076
48.943,92.379,90.978,114.627
48.689,92.620,90.311,114.640
49.735,93.932,92.357,114.801
54.334,96.256,93.326,114.413
59.269,97.861,94.923,114.822
65.669,95.488,91.677,114.634
69.180,95.842,91.356,113.584
70.580,95.005,89.383,112.604
69.705,92.999,88.327,112.580
68.773,92.370,89.515,113.583
66.857,90.434,88.853,113.920
66.084,89.824,88.166,113.943
67.038,90.184,88.021,114.180
68.200,87.428,88.255,113.600
68.564,90.489,89.559,112.436
69.809,91.016,86.920,110.281
70.043,92.257,88.474,110.922
70.973,90.460,88.348,112.103
70.605,90.428,89.294,112.768
72.156,90.508,87.936,112.962
73.562,88.573,87.943,113.415
74.785,87.171,89.173,114.300
76.968,83.762,87.840,113.536
78.445,82.639,88.032,113.231
81.182,79.434,89.479,113.345
83.029,77.520,89.407,113.112
84.770,81.878,90.168,110.038
86.604,85.947,91.440,110.263
85.024,85.917,90.584,110.669
77.584,86.148,91.524,112.571
69.553,83.579,91.389,114.232
61.081,79.859,93.502,113.466
60.161,73.799,92.779,113.185
63.761,67.545,94.705,114.473
69.103,61.554,95.281,116.484
71.090,61.039,94.151,117.024
71.751,58.548,93.899,117.060
74.289,54.963,94.714,117.385
77.570,52.794,96.342,116.639
80.822,53.355,95.033,116.990
77.506,57.632,95.923,114.775
67.473,65.938,97.709,113.851
67.727,66.399,94.861,116.445
68.106,71.123,95.549,114.639
75.125,75.288,95.591,114.974
78.962,78.752,97.902,114.529
83.687,81.761,96.521,114.494
84.633,83.596,94.865,113.542
81.764,84.323,94.284,113.759
82.297,82.106,93.901,114.983
91.091,82.851,94.699,113.891
98.337,85.381,96.386,112.534
101.591,86.105,96.661,112.094
104.151,89.647,94.373,110.856
103.358,91.062,95.500,111.550
107.801,92.893,95.771,110.926
117.442,93.437,93.993,109.265
122.966,90.963,94.123,110.940
123.469,86.282,92.260,110.071
122.616,82.010,92.053,110.732
120.656,77.656,91.539,111.771
114.620,72.007,90.513,111.513
110.208,68.339,89.103,112.689
109.415,66.410,88.348,114.013
108.255,64.905,89.704,114.297
103.527,63.669,90.816,111.966
101.690,62.158,89.788,113.535
100.242,64.661,89.887,113.840
92.657,63.796,92.045,113.497
77.465,65.787,91.954,113.298
66.656,66.090,93.234,114.550
64.967,69.007,93.357,114.623
64.630,71.008,94.412,115.169
66.472,75.544,95.755,113.883
70.752,78.736,95.908,113.985
73.932,83.517,97.746,114.628
77.346,86.295,97.342,115.880
75.358,82.809,96.987,115.431
77.946,86.415,96.787,114.955
85.406,89.632,97.616,113.378
79.931,82.989,98.530,113.514
68.505,77.089,96.385,113.700
63.780,74.064,95.735,114.150
58.712,72.933,95.427,114.039
54.483,72.464,96.265,114.392
50.664,74.526,97.723,115.286
49.424,75.886,98.121,115.992
46.710,78.124,98.373,115.868
45.915,81.582,97.978,115.302
46.650,86.015,98.551,115.098
46.990,88.472,99.939,116.270
46.039,91.931,100.726,115.984
44.997,92.657,101.177,116.655
46.036,92.853,101.236,117.112
46.659,93.502,99.992,115.131
43.773,98.752,102.831,114.758
48.517,92.228,102.812,115.198
59.631,90.317,102.431,114.978
63.380,84.871,99.713,115.654
64.934,79.878,99.215,117.361
71.580,74.449,97.428,116.309
79.385,75.900,97.741,116.577
81.838,78.307,98.072,117.324
81.833,77.388,99.633,118.937
81.992,77.303,98.473,119.207
81.774,75.853,97.837,118.920
80.147,76.236,97.764,118.445
79.087,75.810,96.736,119.128
79.774,74.340,94.375,118.820
78.421,73.087,93.367,117.968
73.110,73.747,93.742,116.991
64.876,75.664,92.663,115.620
57.359,77.344,94.400,116.896
51.976,80.345,95.230,117.307
49.916,82.465,95.917,117.720
49.506,84.781,96.798,116.467
51.678,89.893,98.930,117.806
56.347,95.069,99.608,118.973
60.809,98.954,100.127,119.654
61.676,101.057,99.534,118.537
60.087,99.103,97.472,118.763
47.208,97.883,97.843,118.221
28.406,96.157,99.513,119.257
12.904,95.507,100.542,120.730
3.610,91.804,102.958,122.475
0.000,82.233,102.887,124.899
0.000,77.704,101.080,128.367
0.000,74.343,100.287,129.471
0.000,72.640,99.831,130.981
0.000,69.385,101.248,134.502
0.000,71.966,101.743,134.221
0.000,75.024,102.122,135.427
0.000,78.000,103.300,134.460
0.000,78.791,107.084,130.342
0.000,81.737,115.958,129.781
2.384,93.365,129.555,129.354
5.326,98.299,140.194,124.264
10.986,104.732,141.506,127.606
8.367,104.854,134.502,128.256
3.466,92.744,131.816,118.432
0.000,90.519,137.973,117.671
0.000,86.518,143.142,114.023
0.256,84.619,145.351,111.244
0.000,81.737,149.089,110.384
0.000,79.400,151.648,112.098
0.000,78.022,153.952,114.062
0.000,77.228,157.142,117.448
0.000,79.399,157.615,120.188
0.000,79.203,157.379,122.200
0.000,78.785,158.555,122.130
0.000,77.574,159.730,122.667
0.000,77.629,159.378,125.410
0.438,80.614,161.991,129.494
0.000,78.319,159.124,129.337
0.000,75.152,155.616,129.822
0.000,73.574,156.353,128.193
0.000,77.793,158.185,127.515
0.000,78.467,157.964,130.798
0.000,80.996,156.891,132.405
0.000,84.655,156.838,135.269
2.306,83.726,151.628,133.675
0.354,86.933,152.895,134.877
0.000,85.755,147.143,129.173
0.000,84.987,149.231,129.248
2.087,86.071,148.625,130.805
0.000,85.585,147.739,127.473
0.000,82.857,144.196,126.174
0.000,80.796,143.243,125.103
0.000,81.402,143.871,125.091
0.000,79.424,143.593,121.993
0.000,78.487,145.121,122.888
0.000,78.548,144.841,122.558
0.000,78.355,145.563,121.502
0.000,79.489,146.427,123.399
0.000,76.832,144.986,119.254
0.000,73.322,150.299,120.400
0.000,68.324,153.386,119.464
0.000,63.729,157.154,119.876
0.000,61.993,160.240,121.902
0.000,60.766,161.379,121.107
0.071,61.253,163.335,122.399
2.594,61.258,164.126,122.491
1.591,61.821,164.066,120.560
1.264,62.958,162.273,120.898
0.377,64.346,163.061,121.007
0.931,64.118,162.716,121.129
0.000,64.527,162.223,122.084
2.010,65.174,162.801,122.913
2.001,66.484,163.282,124.888
0.000,64.238,164.273,129.789
0.000,65.666,164.779,128.662
0.000,66.400,165.537,128.940
0.159,67.356,166.534,130.184
0.000,68.064,163.756,129.225
1.608,67.994,163.589,126.427
1.455,70.637,161.252,124.475
4.868,73.670,159.977,124.519
3.559,72.910,159.906,125.676
4.052,74.417,158.886,126.049
1.792,73.441,156.572,125.257
2.378,74.401,153.988,125.490
1.796,71.526,151.873,124.982
2.168,72.755,149.555,124.060
2.884,71.732,148.384,123.373
2.296,70.321,149.801,122.853
4.982,70.266,148.814,123.515
5.714,70.596,148.906,124.977
5.116,70.341,148.743,126.480
5.001,70.195,149.141,127.319
3.618,70.624,149.707,128.008
4.595,70.711,146.134,127.293
4.378,69.845,146.108,128.867
4.720,68.636,144.441,130.135
3.485,67.549,142.381,131.405
3.727,66.255,138.659,132.997
3.376,64.627,134.919,133.442
2.581,62.473,132.262,134.418
2.259,61.994,128.041,135.224
3.723,62.634,124.813,134.277
3.188,62.370,123.718,134.572
3.379,61.090,123.408,134.308
3.210,61.314,123.154,135.269
4.429,60.758,122.095,135.812
4.811,60.078,121.915,135.065
5.952,59.388,121.304,135.331
6.553,59.666,121.379,134.801
7.119,59.979,121.086,134.917
7.314,60.022,119.589,134.198
7.368,59.797,119.199,134.828
6.593,59.317,119.612,135.172
6.326,58.166,120.165,136.811
6.242,57.215,120.339,139.113
6.197,57.224,120.723,139.710
8.877,57.047,122.389,140.691
11.907,57.209,122.128,140.340
12.647,57.237,121.837,140.917
15.933,59.103,121.370,139.360
19.710,59.891,119.211,136.919
21.714,59.279,119.333,137.732
23.468,60.993,118.318,135.442
26.987,63.405,118.740,134.138
29.482,63.862,117.631,134.268
34.446,65.105,114.394,132.792
38.560,65.350,113.608,133.706
42.446,66.468,113.155,133.409
44.340,67.535,110.840,132.143
45.304,65.829,108.721,131.498
44.661,66.823,108.638,131.607
41.258,71.466,108.912,130.471
38.365,71.078,108.040,129.768
36.721,69.329,107.310,130.272
36.051,71.015,107.290,129.044
38.287,69.335,110.302,131.490
41.039,72.613,109.821,131.242
42.535,74.594,108.531,130.415
41.705,76.364,107.702,129.328
39.749,78.100,110.066,128.536
41.674,76.261,109.382,129.142
43.383,77.777,110.126,131.188
45.048,76.800,108.244,128.897
44.761,76.083,108.690,127.207
43.665,77.781,109.737,127.954
44.297,77.318,109.177,127.458
42.924,78.652,109.340,128.815
42.471,78.155,109.291,128.222
45.985,75.879,109.538,129.125
44.842,74.566,111.191,129.358
43.917,74.986,110.567,130.137
41.280,74.581,110.087,128.811
42.418,73.917,109.185,128.603
44.741,71.858,109.049,127.497
46.336,73.647,108.322,125.882
48.332,72.912,108.580,126.890
50.850,72.250,110.775,128.268
51.911,71.683,112.737,129.562
52.010,73.683,113.583,132.073
50.900,72.565,114.613,135.407
49.551,70.642,114.769,139.856
50.094,74.270,115.646,143.922
48.164,74.747,114.713,147.311
48.186,77.523,114.911,152.184
52.376,78.936,116.448,159.804
51.067,79.320,113.967,160.313
50.844,80.377,112.174,160.897
52.078,81.176,110.899,163.259
52.854,85.160,109.297,166.669
56.963,89.964,107.396,169.995
61.228,91.457,103.696,170.348
66.435,96.690,99.842,171.734
80.831,103.051,88.194,173.498
99.569,112.171,72.472,163.069
106.205,120.309,62.406,156.267
104.173,122.267,59.172,150.403
104.669,121.199,57.229,146.659
106.428,121.680,55.124,143.432
108.764,120.724,53.239,140.630
112.839,119.030,50.760,137.834
114.403,120.352,49.564,138.307
114.868,121.883,47.345,133.782
114.105,121.338,45.348,133.773
115.844,120.465,45.669,134.485
118.087,120.526,44.981,135.814
119.047,120.201,44.224,134.942
119.542,120.899,44.161,133.800
118.929,120.087,43.867,133.739
117.740,122.253,45.063,135.172
117.517,124.547,45.359,135.024
117.916,120.646,46.329,137.716
119.220,120.745,47.599,137.535
120.884,120.972,47.433,138.225
120.704,122.127,47.685,137.160
118.887,123.024,49.051,135.841
116.247,123.988,50.299,136.300
112.662,121.890,51.362,136.649
109.916,118.712,53.344,137.026
106.299,117.727,56.880,134.184
106.424,119.273,58.402,130.206
106.648,121.298,57.014,128.249
107.231,123.538,58.034,127.470
105.987,126.638,60.180,125.779
105.335,127.498,60.224,122.656
103.996,129.215,61.007,120.907
101.125,127.959,62.295,121.517
98.756,128.091,63.402,122.559
96.071,128.384,63.401,123.926
91.770,128.413,64.149,124.323
86.680,129.314,65.392,124.815
89.194,127.105,62.786,122.590
85.653,125.933,62.572,126.222
84.721,121.484,61.492,125.446
83.837,120.204,61.344,128.273
85.249,121.934,60.593,128.098
86.622,122.626,58.393,128.823
88.069,120.760,57.911,129.692
88.621,122.657,59.543,131.363
93.169,123.588,59.715,126.942
91.485,120.855,60.549,129.082
92.275,119.572,64.046,129.450
92.005,118.049,66.965,131.194
92.384,117.188,68.503,132.612
93.348,115.726,68.640,131.786
92.854,111.694,69.406,133.761
95.097,109.784,69.956,137.413
99.570,107.709,70.938,140.061
105.119,105.931,70.659,142.012
110.249,105.161,69.593,144.303
114.309,105.327,71.677,143.276
117.431,103.921,70.820,145.319
121.053,104.387,70.468,144.340
126.878,103.077,70.187,143.698
130.909,101.695,67.406,146.144
137.565,101.731,67.008,145.693
142.387,103.911,65.405,143.408
143.898,105.748,65.939,140.349
145.864,108.717,66.875,135.250
154.189,110.811,69.884,133.489
165.794,117.955,80.108,128.892
172.901,122.619,78.769,133.193
169.604,116.779,81.346,138.862
166.106,115.315,81.908,140.437
165.615,117.167,81.055,140.382
164.163,118.811,79.369,140.486
162.980,117.235,78.024,142.732
160.853,123.475,76.522,139.095
161.631,127.608,73.869,135.956
160.657,124.083,71.751,135.046
161.647,124.726,68.526,134.592
162.807,124.277,62.096,130.764
163.513,123.687,59.416,131.766
165.001,124.778,56.848,132.598
165.774,123.728,56.495,134.983
166.829,121.753,57.017,134.879
165.371,119.224,56.565,135.812
162.186,120.704,56.248,135.036
158.240,121.099,57.192,135.363
156.292,123.262,57.141,133.308
156.351,126.087,58.577,131.315
156.858,128.539,60.833,129.437
156.356,129.709,64.345,128.675
154.812,130.018,65.164,127.982
153.968,131.370,68.744,128.727
152.871,129.068,68.960,130.711
153.201,128.767,70.826,131.144
151.852,130.036,72.037,129.853
149.328,128.325,74.927,131.691
146.226,125.814,78.783,136.809
144.806,123.296,81.582,138.953
141.941,121.248,85.288,140.451
141.796,120.792,86.845,143.580
141.550,119.780,88.919,145.163
140.287,118.055,88.935,147.310
139.259,118.643,90.932,148.234
140.138,119.342,92.382,149.768
141.640,116.776,93.874,149.470
144.252,117.480,92.628,149.084
145.414,116.313,92.520,148.971
146.129,115.068,93.537,150.051
145.637,112.388,94.895,151.567
150.723,113.748,94.086,151.943
152.298,114.047,94.217,148.879
149.559,111.825,96.386,147.304
149.755,106.213,98.946,147.485
149.765,103.064,105.860,145.025
149.142,107.507,110.194,140.092
138.936,108.850,114.138,139.868
142.693,107.980,115.488,142.340
145.430,110.063,117.556,144.710
146.051,112.118,118.942,144.546
138.358,111.416,125.363,144.337
136.797,109.470,127.152,140.181
138.807,107.321,130.752,137.637
144.353,107.457,135.658,138.572
149.311,107.074,138.039,141.913
155.426,110.402,134.772,147.316
168.430,117.465,130.494,145.134
192.163,120.069,115.428,144.166
199.017,119.159,103.500,140.964
218.081,122.515,89.546,144.611
242.090,131.402,70.979,136.272
243.896,132.440,61.588,128.519
248.515,138.565,55.617,125.336
247.950,140.010,57.239,127.192
249.084,143.428,57.376,126.096
250.547,143.642,58.686,127.984
253.035,143.251,58.489,127.165
255.199,145.710,57.127,122.544
255.049,147.094,58.443,121.207
255.343,150.462,58.272,118.008
255.527,151.362,60.988,118.643
257.993,150.155,62.052,120.519
259.854,151.813,60.242,117.451
259.701,153.117,59.275,114.768
257.864,153.298,59.263,114.712
254.833,153.837,58.499,112.767
255.204,153.015,56.925,111.945
255.834,151.436,55.240,112.340
256.646,150.677,52.395,110.542
255.294,147.961,52.410,111.993
255.683,147.329,51.247,113.621
254.762,147.037,51.025,114.235
254.638,145.361,50.168,114.461
253.384,147.250,51.168,116.491
254.427,148.157,48.977,113.692
255.441,149.078,45.442,111.015
254.922,148.437,45.948,109.400
253.208,147.658,47.065,110.523
252.558,147.162,48.268,110.908
251.662,147.892,50.542,109.463
250.512,150.144,53.430,107.429
249.703,150.915,57.762,107.620
249.042,151.224,58.982,106.654
248.659,148.788,61.087,107.563
249.428,152.481,64.433,104.019
251.455,153.398,66.108,104.136
252.850,153.805,67.458,105.591
252.516,153.367,67.046,108.602
252.158,151.111,65.556,110.934
256.535,151.435,62.011,112.320
260.568,146.290,58.449,113.892
264.057,148.541,55.494,113.709
267.641,147.428,54.572,115.044
268.692,143.701,53.466,117.088
271.108,141.995,52.279,118.682
274.478,147.392,51.987,115.382
276.956,147.913,55.386,117.566
277.242,149.306,62.180,118.017
274.434,151.996,69.590,117.284
264.414,144.897,73.543,118.951
257.257,143.060,76.732,116.531
243.252,150.152,89.630,111.060
242.339,154.875,94.376,110.201
242.009,153.343,98.082,115.348
240.323,154.961,96.309,115.283
239.000,157.548,95.809,116.380
235.711,155.443,90.719,119.376
236.186,155.370,79.631,119.125
229.634,156.143,74.582,123.450
224.740,155.947,72.876,123.959
220.576,151.095,70.416,125.347
216.433,152.284,68.702,127.345
212.138,153.046,68.453,131.624
207.185,150.254,65.256,135.181
204.639,151.219,63.816,136.768
202.185,149.553,60.702,136.927
199.645,147.467,60.307,136.320
197.348,146.772,61.208,136.115
193.311,142.301,59.644,136.013
190.088,141.072,58.696,135.524
185.233,138.096,60.611,136.738
181.903,136.398,58.316,137.346
180.231,133.263,56.054,140.937
180.439,129.927,52.052,142.897
179.346,127.456,50.984,145.588
179.702,129.356,51.129,143.868
180.274,131.681,51.489,144.308
180.066,131.219,51.333,143.658
178.397,131.612,52.329,142.973
177.647,131.006,52.830,146.932
177.420,131.443,52.398,149.420
178.233,130.919,52.047,151.906
178.439,130.199,53.947,155.329
177.645,131.008,53.707,157.443
178.108,130.935,56.673,159.491
180.264,130.223,54.578,156.572
179.986,131.504,53.271,155.207
179.233,128.974,54.001,156.556
180.841,127.606,53.115,159.258
179.308,130.378,51.813,158.764
178.654,132.046,53.512,153.508
175.797,131.886,53.997,153.952
175.475,131.672,56.784,151.411
174.668,130.219,57.563,149.110
172.087,131.928,60.694,148.642
172.180,132.040,61.877,146.723
170.305,132.997,65.352,146.760
165.649,135.050,72.515,148.501
163.511,134.377,76.464,148.389
159.185,132.872,78.919,148.881
155.636,126.831,82.923,152.219
153.835,127.727,85.674,151.727
154.359,125.889,92.225,157.975
150.885,120.666,97.153,163.143
155.714,119.038,97.950,163.074
160.192,118.241,97.012,163.020
159.536,117.060,98.272,163.738
159.689,116.172,88.791,162.692
160.059,115.447,83.797,163.772
162.706,116.566,80.776,160.799
164.003,120.370,78.530,159.358
166.631,118.665,77.790,162.040
167.776,118.689,77.921,163.290
169.686,123.831,71.562,160.118
166.978,120.317,74.320,163.490
169.218,120.014,73.794,164.939
178.890,118.655,66.174,167.856
184.245,119.109,59.930,166.517
187.071,122.272,57.219,161.922
186.447,122.561,57.890,161.733
185.942,125.357,58.716,160.239
188.741,129.357,60.855,158.782
189.923,129.528,64.978,158.470
191.708,130.335,67.494,156.225
191.471,132.052,71.525,155.927
191.483,132.452,72.277,153.823
190.401,132.316,74.144,154.393
186.623,133.290,76.176,155.327
183.583,132.022,77.126,158.888
182.001,129.290,76.175,160.931
177.292,127.561,76.687,164.134
176.370,123.274,78.101,166.977
176.139,121.550,80.796,168.813
174.689,123.035,81.164,169.427
174.373,123.482,83.824,171.219
174.275,124.866,86.890,171.673
175.477,126.356,88.755,169.201
177.638,127.587,92.373,168.787
177.072,124.902,93.620,169.927
175.611,125.612,94.934,170.223
171.766,125.881,95.317,172.206
169.201,126.333,96.073,168.664
167.885,126.906,96.630,168.902
165.188,126.603,100.866,173.365
165.379,124.124,103.413,176.316
167.331,124.277,100.137,174.835
170.158,127.200,100.336,173.610
169.915,129.175,98.222,173.191
170.003,131.087,96.906,172.007
168.811,135.480,98.113,170.859
168.525,133.506,98.458,171.941
164.478,133.622,91.755,170.605
163.057,134.754,87.599,171.753
164.401,132.735,87.060,174.398
165.928,134.324,85.974,173.131
168.178,133.543,82.507,173.586
167.612,133.371,81.084,174.675
168.277,130.568,80.352,176.578
167.247,131.893,81.447,177.038
167.908,129.548,81.284,175.913
167.804,130.538,81.645,173.458
166.890,131.670,80.931,171.808
165.722,133.944,80.062,168.835
167.621,133.985,79.662,169.718
169.457,135.022,78.975,170.846
176.233,130.986,73.959,176.866
178.133,130.548,72.987,180.645
181.020,128.953,71.298,183.130
183.694,126.541,68.305,184.279
185.535,126.371,66.050,187.219
185.304,126.012,64.714,188.795
184.101,126.298,68.220,190.184
182.242,124.824,74.854,188.358
177.506,126.067,83.767,182.607
177.666,129.894,85.956,180.302
176.313,128.485,87.257,179.867
176.392,128.691,88.553,183.140
174.455,130.439,91.384,184.733
169.485,133.882,94.556,183.928
160.924,132.000,103.960,184.204
156.905,130.273,107.434,184.727
153.634,128.823,111.633,185.205
151.836,125.807,115.776,187.077
150.775,123.082,118.311,186.075
155.860,124.422,118.207,186.871
156.023,120.867,117.056,186.176
153.507,123.804,123.257,184.504
153.780,121.281,119.925,184.138
152.512,124.127,115.016,182.144
151.393,120.991,111.654,183.192
152.248,120.413,106.833,183.175
150.661,118.258,103.932,186.396
151.367,118.188,102.793,189.013
151.014,118.381,100.016,189.046
152.634,118.652,99.458,189.298
154.724,117.922,95.058,189.219
152.957,118.671,96.851,189.941
149.603,119.633,98.811,189.382
147.349,117.206,100.851,192.922
146.076,113.061,102.371,196.959
143.875,112.915,103.045,199.568
145.295,110.696,102.035,200.638
151.095,113.239,98.374,198.684
162.439,106.559,89.899,203.358
174.456,112.464,72.409,193.395
179.613,116.454,63.495,186.860
176.233,111.291,61.441,192.745
176.526,113.499,61.078,197.706
179.363,109.739,58.258,201.744
178.999,111.791,56.570,198.618
177.022,112.621,58.113,199.566
176.017,113.167,61.523,199.161
173.789,116.398,68.808,198.315
170.587,115.519,74.392,200.847
170.009,117.198,80.464,197.171
168.577,119.557,87.120,193.051
167.581,119.991,93.614,192.450
165.493,121.509,101.354,189.402
160.168,126.481,110.409,183.548
158.521,128.329,117.984,180.548
156.221,127.504,126.492,177.706
158.949,126.874,126.108,178.071
159.652,119.948,124.006,182.243
163.582,118.351,122.836,184.390
167.820,115.217,121.076,187.182
168.941,111.829,115.714,188.694
169.296,110.395,108.755,189.808
172.027,109.375,101.564,191.174
173.757,107.283,95.186,193.614
174.460,106.236,92.201,192.879
174.200,105.460,89.170,192.635
176.115,104.848,89.012,191.767
177.216,108.774,82.895,186.736
180.726,114.730,83.644,186.904
180.690,122.123,81.669,181.715
178.355,124.569,79.128,177.639
176.801,123.242,81.111,178.540
175.397,124.504,82.606,172.469
173.529,126.125,83.375,169.414
172.028,126.389,88.724,166.771
173.901,122.166,86.891,167.099
175.679,120.716,86.055,171.607
179.628,121.755,87.801,175.319
178.066,125.488,91.368,173.600
181.229,122.242,94.898,171.869
182.479,122.783,95.920,169.697
182.330,125.492,102.794,165.825
179.255,129.259,111.712,160.259
179.173,132.852,119.302,154.431
172.203,137.025,124.691,150.529
169.056,137.012,132.092,150.794
173.007,135.537,137.970,152.409
179.886,141.462,138.763,147.224
183.050,148.913,142.143,140.433
183.630,154.680,144.999,133.201
182.911,160.549,153.581,125.818
182.798,167.191,160.570,116.202
182.121,169.376,161.887,109.762
180.566,175.979,158.582,100.750
194.805,175.551,154.128,99.360
205.352,177.074,146.666,97.462
216.815,176.962,140.780,97.245
224.028,172.749,136.683,101.291
226.395,174.797,133.563,104.391
225.170,178.853,137.046,104.776
225.164,178.797,139.576,103.598
221.972,175.200,143.222,103.178
218.408,175.184,147.634,99.659
214.280,174.596,150.548,96.372
212.516,175.170,151.517,91.377
207.078,175.572,159.105,88.858
203.176,178.794,165.509,85.144
193.190,178.581,168.129,83.875
184.837,178.670,168.103,82.347
181.327,178.283,163.685,81.885
177.142,178.848,164.622,82.950
173.850,179.901,157.958,81.312
170.685,177.460,149.895,80.617
165.104,177.977,140.525,81.576
153.804,179.040,142.504,81.238
142.823,176.460,144.736,81.566
130.647,175.385,151.679,81.793
115.903,175.740,157.399,81.222
104.171,174.211,159.977,81.409
99.040,175.318,164.720,77.421
94.706,175.111,165.701,74.897
93.726,170.655,163.372,75.253
90.791,171.787,167.651,74.096
85.527,170.942,166.059,73.572
81.616,170.734,165.821,72.957
75.957,170.649,166.803,71.865
73.120,171.932,167.052,70.679
70.477,172.280,166.818,69.831
71.572,171.134,165.916,69.528
72.614,172.022,165.197,68.921
78.495,170.678,165.531,69.800
80.125,168.800,165.511,69.325
78.080,167.952,161.675,68.953
80.308,165.768,164.972,71.049
78.567,161.379,163.606,74.280
77.930,158.073,164.394,78.385
78.101,155.703,160.184,78.893
79.235,152.044,160.520,82.627
79.925,149.931,158.194,84.135
80.947,148.813,156.108,84.977
83.766,148.292,156.460,85.931
85.140,147.396,152.718,87.003
88.586,146.332,151.366,88.721
89.413,144.929,149.571,90.850
88.455,144.053,150.645,92.056
82.307,144.734,153.846,92.547
79.780,146.689,156.573,91.921
75.432,145.683,161.562,92.218
76.455,142.403,165.370,94.391
76.948,144.443,165.248,94.726
73.905,141.347,157.435,95.985
82.136,137.304,163.492,103.539
78.582,130.358,154.067,107.300
79.241,126.161,160.438,113.499
72.432,121.148,160.499,119.177
73.933,119.124,161.801,122.138
75.026,115.731,153.466,124.991
77.712,115.364,151.268,127.331
83.036,109.889,146.307,133.379
99.508,102.540,131.560,142.645
108.150,98.037,118.889,150.860
121.261,88.326,105.358,161.038
131.740,76.742,93.565,170.795
136.236,77.842,89.042,169.515
138.332,79.084,85.117,170.030
140.090,79.963,82.892,168.917
139.213,82.459,84.021,169.733
139.992,79.818,84.822,173.439
141.873,81.848,83.179,171.476
144.146,84.380,82.509,172.348
145.336,85.583,82.455,173.598
145.920,87.652,80.945,176.011
147.462,85.381,77.768,179.144
150.394,85.992,76.713,180.278
153.761,85.265,76.331,182.786
157.922,84.826,76.190,184.436
157.914,88.547,75.610,181.369
159.747,89.613,73.351,181.005
160.659,89.516,73.578,181.610
161.602,89.365,72.037,177.651
162.619,88.863,71.423,177.570
163.597,89.163,70.185,177.444
164.125,87.099,68.573,179.071
164.173,88.371,66.513,176.188
163.475,89.874,67.822,174.544
164.608,88.844,67.292,175.112
164.552,88.139,67.439,175.357
168.466,89.140,65.322,173.957
171.367,85.688,62.622,173.465
171.212,87.790,67.059,168.018
172.175,87.301,64.875,166.567
170.000,86.300,63.625,165.775
166.637,86.421,62.307,162.601
161.951,85.554,65.107,162.955
163.259,90.426,62.977,157.085
161.404,91.123,59.224,155.469
162.841,92.026,58.281,151.762
162.794,93.032,56.242,150.306
163.594,93.032,56.206,149.239
163.759,95.041,57.155,147.361
163.563,97.157,57.063,142.717
162.798,96.829,56.547,144.231
164.096,96.960,57.088,146.098
162.968,95.550,59.051,148.374
162.718,95.692,56.216,149.427
161.495,93.985,56.699,154.504
162.526,92.844,54.089,156.846
162.975,91.026,52.293,157.434
164.738,92.628,51.551,156.214
165.533,90.256,51.916,159.205
165.002,95.171,53.094,155.917
163.678,92.967,53.646,159.780
163.439,94.543,53.351,158.316
165.110,97.193,53.137,157.419
165.534,95.480,54.913,158.932
166.649,93.726,55.864,161.164
167.284,93.591,56.945,161.406
167.519,92.334,56.682,161.765
168.452,91.593,56.173,162.430
168.688,92.620,54.835,159.107
167.720,91.390,57.028,160.948
172.850,92.699,55.383,159.064
173.077,94.200,54.133,153.625
174.914,88.988,53.103,153.697
175.831,87.792,52.668,153.557
179.994,90.408,52.317,155.553
189.566,88.355,53.537,159.019
199.008,88.764,52.664,159.455
201.979,91.883,50.903,158.654
203.576,98.037,50.027,154.982
203.686,103.640,51.471,157.098
204.662,101.117,55.236,162.889
204.421,105.045,55.920,158.648
202.922,102.377,54.999,160.897
198.070,102.567,53.544,159.910
194.596,100.546,52.563,162.460
190.470,100.121,54.126,164.692
186.259,100.355,55.591,166.176
181.527,100.325,58.884,166.974
178.809,99.057,61.707,168.684
178.388,96.257,64.090,172.046
176.948,96.045,65.653,170.714
175.835,98.463,67.495,168.723
177.916,95.724,66.592,170.545
179.817,99.827,64.354,165.810
178.768,97.187,65.316,166.079
182.175,97.254,64.440,166.709
181.912,98.829,64.086,162.775
184.087,100.868,63.396,162.704
188.663,102.010,63.290,161.697
194.894,104.275,62.554,160.279
201.792,106.159,62.938,159.748
206.747,108.614,63.696,157.508
207.972,110.650,64.521,155.973
210.057,110.583,62.540,155.297
213.941,108.213,63.399,157.503
212.056,106.356,65.130,155.768
213.638,104.673,65.202,157.879
215.631,103.238,65.654,157.414
210.277,104.076,63.501,154.832
206.441,104.200,67.085,154.143
210.084,103.625,66.739,154.248
225.253,105.655,65.114,152.992
231.792,106.888,63.290,152.113
234.601,113.529,61.134,144.456
233.044,116.287,57.632,139.050
228.429,118.606,52.976,135.391
218.424,115.966,50.257,134.782
209.939,114.671,49.511,133.863
207.921,112.834,50.063,132.013
207.037,113.318,49.453,130.031
204.672,114.220,45.073,127.176
202.151,107.333,44.973,129.290
201.465,103.615,45.553,131.183
203.197,103.351,47.507,130.244
208.781,101.636,47.744,133.156
214.199,102.491,49.365,138.130
215.927,103.231,50.830,141.798
219.517,107.927,53.028,139.048
218.909,113.238,52.586,138.423
214.488,117.911,51.716,134.939
212.267,118.241,52.558,135.679
215.561,114.454,50.524,136.098
214.855,115.132,49.244,135.186
215.750,113.010,48.067,136.828
221.882,113.327,47.680,136.059
228.371,114.095,47.763,134.821
228.501,115.358,46.344,134.710
227.946,115.159,47.418,134.030
232.873,114.494,47.735,134.674
238.475,111.166,48.121,136.289
247.927,109.640,46.876,132.835
255.824,104.394,46.483,133.680
261.746,102.376,47.217,133.482
262.754,99.001,46.008,133.145
258.172,100.687,45.592,129.440
250.981,103.734,45.327,124.402
245.592,105.092,44.467,125.101
244.991,108.852,42.569,127.374
243.199,112.796,45.474,128.200
242.522,114.448,43.790,131.037
242.820,118.221,44.706,131.470
242.703,118.010,43.159,131.784
235.801,121.371,43.167,129.735
230.441,122.832,42.252,129.230
228.698,124.674,43.363,129.990
228.608,127.347,42.511,130.681
229.640,126.465,43.094,134.371
229.256,131.011,42.735,133.859
223.709,134.698,43.613,135.319
215.983,137.362,42.329,133.256
208.843,138.281,41.600,132.803
202.077,137.339,41.504,133.436
195.335,132.596,42.621,133.709
192.589,128.691,44.325,132.638
191.954,120.819,45.006,136.993
192.276,117.308,45.762,136.139
190.501,117.308,45.922,133.518
187.540,113.909,46.159,135.824
183.996,110.970,46.065,135.059
182.610,108.183,45.694,135.694
178.801,106.122,46.095,137.139
177.130,103.055,46.829,139.442
178.409,107.131,47.193,136.653
176.660,105.709,47.597,140.288
179.803,110.539,46.197,137.352
185.961,118.616,46.586,133.511
194.761,122.391,46.080,131.109
205.631,124.239,46.584,128.606
215.646,129.594,46.596,126.022
211.705,130.596,46.908,130.005
209.620,132.668,45.887,129.686
208.861,130.314,44.180,131.858
208.641,129.700,43.982,131.966
211.707,125.188,44.021,135.256
221.349,121.730,44.012,137.532
230.983,119.423,43.898,138.903
237.984,119.795,43.883,139.108
238.836,116.385,41.123,140.312
234.963,114.502,41.535,139.790
233.546,114.096,40.156,142.028
235.829,116.618,39.535,139.197
239.041,117.116,39.050,137.296
237.263,118.047,39.509,136.343
232.612,122.320,38.830,135.639
226.006,125.095,38.378,135.182
219.969,127.467,37.782,135.284
213.880,128.048,37.953,136.046
212.566,128.748,37.632,137.327
211.785,129.097,37.747,137.860
214.483,129.601,37.464,137.401
216.728,132.545,38.483,135.154
216.516,129.959,38.422,136.962
216.795,130.355,37.471,137.018
216.829,132.404,36.411,135.169
212.357,131.220,36.533,137.442
208.633,129.865,36.377,137.853
209.269,131.529,36.882,136.884
213.320,127.643,36.916,137.727
215.412,129.301,37.746,136.777
213.482,129.545,37.901,134.120
212.383,128.122,37.886,133.042
214.910,129.908,37.534,133.117
218.929,129.657,39.538,134.723
223.201,129.098,38.902,135.333
225.158,126.809,39.066,135.315
228.673,126.063,38.887,134.387
231.183,125.015,38.321,133.862
232.462,124.617,38.633,134.259
232.379,124.642,38.858,134.109
232.891,125.461,39.535,132.670
232.979,125.913,40.944,133.798
232.118,127.349,40.487,133.576
232.803,127.465,40.376,132.913
234.012,127.725,40.829,132.474
232.881,126.662,40.053,133.926
232.867,127.429,39.996,132.758
234.285,129.766,39.928,130.987
236.938,130.374,40.524,132.407
237.302,126.397,42.175,135.224
239.266,124.728,42.000,136.430
240.838,124.971,42.304,136.507
240.463,125.235,42.283,135.222
239.046,124.391,40.851,134.417
237.066,124.036,40.245,134.244
235.258,124.654,40.250,133.060
233.098,122.663,40.085,134.079
231.713,121.503,41.322,136.137
231.469,122.038,40.393,134.752
229.135,119.190,40.159,136.145
227.595,119.942,40.408,135.274
227.443,119.557,40.060,135.129
227.414,121.720,39.156,131.219
227.753,121.826,39.900,131.063
227.796,122.608,39.763,130.620
227.147,123.098,39.314,132.089
227.200,126.284,39.582,130.331
226.697,124.718,39.433,131.944
226.983,125.744,39.727,131.155
227.994,126.887,39.461,131.675
230.656,127.697,38.812,132.963
231.084,126.649,39.588,134.442
232.519,123.905,38.322,136.822
232.293,124.106,38.649,135.961
231.946,125.386,37.964,134.924
231.325,128.610,38.874,131.453
230.511,123.907,40.055,137.340
229.617,123.705,40.240,137.577
228.718,121.160,40.158,139.904
228.422,120.040,39.704,140.410
229.221,117.820,39.017,140.743
229.159,115.791,38.741,141.498
229.909,115.681,38.161,142.319
231.166,116.461,37.499,140.733
231.358,116.964,37.104,140.084
229.089,117.989,37.498,138.650
227.918,119.377,38.412,137.847
226.962,119.292,41.829,141.394
225.683,121.776,45.914,140.724
227.063,123.237,47.835,141.418
225.826,122.074,49.371,143.377
224.446,125.053,50.414,142.512
224.132,127.184,51.492,141.818
223.164,125.285,52.382,142.914
222.282,126.010,53.868,140.005
223.185,126.502,51.442,139.012
225.328,126.334,50.543,140.943
226.835,126.329,49.549,141.162
226.385,125.805,49.279,141.355
224.887,127.846,50.774,139.757
224.747,128.157,50.566,141.166
223.785,130.688,51.135,141.634
225.424,128.800,52.507,146.236
225.892,127.884,53.032,147.439
225.635,128.507,54.332,147.651
226.090,126.399,54.309,151.646
226.242,125.078,54.913,150.338
227.044,125.755,55.764,149.077
228.249,123.797,54.896,148.624
230.105,126.434,55.552,146.908
232.643,129.160,53.715,143.180
232.829,128.798,53.660,140.094
230.588,127.031,52.869,138.931
231.292,129.581,51.542,138.417
231.188,130.874,50.092,136.040
230.003,131.215,49.813,136.093
229.122,132.938,51.392,137.041
229.357,131.608,49.734,136.725
227.146,130.745,50.248,137.749
228.233,128.723,52.289,141.704
229.568,122.744,50.171,144.484
229.685,123.351,49.915,143.339
230.201,122.501,49.249,141.908
230.030,121.728,48.129,142.002
229.614,121.043,47.107,141.740
229.220,119.432,44.859,143.019
228.343,120.425,44.844,140.266
226.345,118.614,45.374,141.457
223.980,117.593,44.787,143.100
222.665,117.548,45.816,144.005
221.391,115.118,46.414,147.491
220.497,113.565,47.596,149.682
221.141,112.087,46.697,150.844
222.905,113.452,45.404,148.884
221.850,109.641,46.559,151.795
221.523,109.861,45.400,150.605
220.860,110.696,46.247,149.076
221.173,112.561,46.369,148.469
221.277,113.140,47.631,146.206
221.868,112.423,49.009,145.816
221.059,111.752,51.890,146.237
219.834,113.636,53.714,145.152
216.851,113.509,54.258,145.369
214.716,113.581,54.178,145.026
210.669,111.128,52.132,146.778
210.716,112.361,53.289,147.390
212.954,111.469,53.463,148.095
213.517,113.110,53.145,147.791
213.981,114.011,52.921,149.788
214.363,119.826,52.038,148.200
214.311,122.398,50.409,151.258
210.712,124.932,52.729,149.766
209.281,125.269,55.371,150.233
210.112,123.787,57.242,149.792
214.463,118.734,56.335,152.985
218.605,118.662,55.474,150.945
218.710,115.742,56.427,152.775
217.994,112.716,58.064,156.472
215.364,112.105,58.228,155.149
214.220,108.697,58.238,156.046
214.381,106.330,58.148,158.141
214.797,106.545,55.441,157.813
213.347,105.026,54.350,157.892
212.081,101.200,54.815,160.612
211.179,100.294,56.365,162.488
208.574,101.898,58.213,163.072
204.860,106.969,60.470,160.649
202.775,110.740,62.394,162.669
201.689,112.309,64.091,162.063
200.806,110.018,65.506,163.365
201.200,110.095,64.474,161.825
203.434,110.624,65.217,162.514
205.818,110.726,65.469,161.265
207.491,110.995,65.341,161.762
210.586,108.539,66.092,164.140
214.838,103.543,66.809,167.065
218.829,105.442,67.004,163.876
220.711,100.121,65.675,165.019
223.731,96.643,67.972,166.311
225.335,95.963,68.295,165.103
226.092,94.770,68.277,164.278
226.102,96.534,68.641,162.735
225.955,94.067,68.528,164.992
229.938,93.565,66.570,166.482
233.446,93.979,67.849,167.220
234.513,94.598,69.189,167.750
232.029,96.295,70.547,165.160
231.975,98.390,71.248,165.722
232.154,99.221,69.610,165.541
231.029,99.901,64.661,163.677
231.256,100.557,58.960,156.037
230.076,98.653,53.265,152.997
229.877,97.409,51.755,155.703
230.923,95.351,52.464,157.136
229.826,93.551,49.458,156.803
229.100,92.609,51.991,159.106
228.579,92.417,50.730,161.821
227.237,94.942,50.342,163.735
224.747,93.559,51.307,168.039
223.110,94.564,53.363,170.249
219.377,95.568,57.301,170.098
216.279,98.791,56.840,166.233
210.647,100.956,58.802,165.750
206.687,107.740,62.185,163.134
203.170,107.440,67.615,161.588
200.241,109.275,69.406,160.216
196.305,111.830,70.332,160.126
190.848,113.024,76.401,159.136
191.064,110.369,77.290,158.752
196.451,110.949,73.666,154.920
201.499,110.608,72.328,155.976
205.230,107.645,72.337,158.135
206.365,106.274,68.280,160.212
207.933,106.559,66.103,160.334
208.180,106.884,62.616,159.769
208.474,108.107,60.008,159.049
210.159,105.976,59.909,159.982
211.012,104.977,59.335,159.587
212.604,108.131,58.854,157.659
212.698,110.687,57.913,153.808
214.372,108.931,56.198,154.806
216.277,110.560,56.749,154.174
217.548,113.289,54.675,150.779
217.849,112.393,53.525,153.966
219.411,112.430,52.177,157.383
219.794,111.800,53.994,157.086
221.615,108.124,54.345,158.157
221.628,107.986,53.902,155.425
223.728,108.168,53.513,153.093
225.064,108.894,53.708,149.379
226.335,108.054,53.276,147.850
226.948,111.870,53.274,145.391
228.384,109.371,52.627,146.185
230.322,111.158,52.204,143.304
233.164,115.809,53.139,141.228
236.281,117.127,54.242,138.341
239.609,116.409,54.410,137.940
239.525,114.555,54.212,138.268
240.188,114.817,52.877,137.717
240.307,114.993,52.801,136.217
240.236,113.320,53.357,136.618
240.110,113.273,53.229,134.086
241.405,110.535,52.668,133.735
241.898,110.012,52.024,133.423
242.499,109.986,51.477,134.802
242.877,111.622,52.118,134.380
243.641,111.011,51.389,133.833
243.945,111.286,51.412,133.195
246.069,113.270,50.846,129.746
247.835,114.230,48.032,127.061
247.962,116.198,48.138,124.556
249.999,117.684,48.227,121.812
250.060,117.384,47.262,118.906
249.568,112.506,48.432,121.574
250.724,111.167,48.293,121.379
250.360,109.355,49.833,121.974
251.122,109.356,48.878,123.322
251.229,108.691,49.153,125.215
249.937,108.652,50.713,127.660
248.666,108.868,50.861,129.370
247.758,108.538,50.468,129.266
248.016,109.531,49.329,126.823
248.810,109.829,50.354,128.055
250.003,109.781,51.599,126.363
250.418,108.682,52.286,123.723
250.524,108.325,52.089,123.266
248.262,105.798,52.793,125.397
246.909,103.228,54.741,128.257
247.381,102.407,55.330,127.961
247.153,104.121,54.754,128.276
248.989,104.732,54.366,127.241
249.212,103.646,53.972,126.788
247.737,101.444,54.062,126.844
248.951,100.362,56.347,126.674
250.275,101.627,58.099,125.168
249.844,103.123,59.753,123.174
249.822,104.381,60.301,121.299
248.847,103.438,61.470,120.978
250.047,102.665,60.619,120.736
250.282,102.901,60.164,120.652
251.642,100.663,61.474,122.025
252.538,99.564,60.445,123.151
253.072,98.560,60.304,122.474
253.822,99.069,59.634,120.802
255.041,100.164,59.070,120.892
257.071,100.716,57.885,120.524
257.249,102.564,57.242,116.863
256.197,101.091,57.038,115.969
256.384,103.174,58.006,115.265
257.625,102.242,56.968,115.436
258.738,100.955,56.660,115.557
258.375,101.290,56.831,114.872
259.155,101.928,56.862,114.413
258.565,104.425,56.668,111.795
258.844,107.073,57.493,110.707
259.808,108.953,57.609,109.561
260.192,108.140,58.274,109.655
259.605,108.218,57.408,109.341
259.239,111.072,59.099,109.530
260.822,111.438,59.239,110.062
260.951,114.816,59.027,107.068
260.742,115.248,59.018,107.541
259.125,116.551,58.792,107.327
258.694,116.067,59.318,108.863
258.380,116.980,58.537,109.436
258.144,117.350,57.925,110.077
255.780,116.031,60.491,112.169
255.557,114.075,61.888,113.135
255.782,112.331,60.929,112.719
254.343,113.700,64.357,111.933
254.591,113.466,65.566,112.757
255.039,115.538,64.701,110.333
252.927,118.724,64.736,105.995
250.342,122.927,66.891,101.982
249.344,124.319,70.348,100.204
250.410,125.135,71.076,97.989
252.106,126.842,75.310,94.051
253.995,127.951,77.834,92.137
256.627,128.121,77.420,88.545
262.191,125.857,74.299,87.112
264.874,123.632,74.003,89.196
269.097,121.428,72.953,92.414
272.949,120.558,71.915,94.908
275.244,119.260,69.873,99.001
276.344,114.819,70.701,103.769
278.275,108.484,71.280,107.633
281.820,111.204,70.169,106.973
284.753,108.187,66.865,109.843
287.326,105.653,64.212,110.884
287.831,102.512,62.159,112.269
289.383,101.891,61.132,114.484
289.819,106.422,61.892,113.451
291.350,107.854,62.424,113.460
294.334,109.126,63.023,112.047
295.695,107.766,64.973,113.506
298.171,106.020,69.815,118.073
300.615,102.056,73.636,120.167
303.188,101.611,73.384,118.315
305.211,101.764,72.363,118.302
305.869,102.512,69.221,118.580
305.893,99.210,70.340,122.741
306.749,96.660,69.392,124.722
309.328,95.684,69.650,125.983
310.252,93.879,67.951,126.476
312.242,96.562,71.502,124.921
318.164,98.350,71.606,124.716
325.645,99.727,69.060,124.802
328.146,100.141,67.766,124.146
329.708,100.162,66.767,123.749
330.811,100.096,65.180,122.755
331.149,100.648,65.675,119.686
332.859,100.763,64.171,119.311
335.443,102.917,62.043,119.944
335.130,99.900,61.054,123.226
335.256,97.562,60.144,125.353
335.844,99.465,61.175,125.337
334.893,105.174,59.454,122.002
336.385,104.094,57.653,123.564
338.049,105.741,55.659,121.917
340.720,105.038,52.314,123.682
344.011,105.646,49.216,121.364
344.391,108.151,47.413,123.188
341.953,109.448,48.653,124.801
337.323,109.278,50.660,128.066
331.720,111.496,52.571,130.418
326.488,111.423,53.238,125.610
322.444,118.410,52.714,118.948
317.291,119.189,53.132,119.355
312.058,118.559,49.268,121.619
309.367,116.408,46.856,122.622
307.007,116.182,45.687,126.190
304.211,115.538,46.132,126.637
301.529,113.608,45.236,127.780
298.956,111.683,45.919,128.305
293.402,110.521,48.013,130.159
286.947,111.255,50.056,130.910
280.188,109.311,52.335,134.149
275.838,109.229,54.473,132.259
271.996,109.347,56.794,133.665
268.913,107.942,58.228,133.161
267.599,109.804,59.197,130.339
266.242,110.242,59.347,129.514
264.106,114.752,63.054,124.868
264.409,115.308,63.257,125.503
262.998,115.280,65.589,127.361
259.868,114.944,66.764,130.612
257.694,115.702,68.993,133.601
254.497,111.059,70.908,139.166
246.904,110.059,75.337,142.150
244.850,112.154,75.737,143.275
242.899,112.804,74.462,144.068
243.739,112.822,71.272,144.964
242.415,112.422,70.925,145.948
240.769,114.389,71.245,145.235
240.586,113.946,72.057,146.306
239.488,114.004,72.730,147.015
239.559,115.714,74.045,146.371
238.775,116.394,74.708,146.267
236.848,117.013,75.516,147.595
234.693,114.212,77.623,148.823
231.229,112.909,78.996,148.009
229.720,112.132,79.066,147.654
227.540,113.585,78.903,146.283
226.223,110.963,79.634,151.055
224.828,109.704,77.293,149.475
218.129,110.228,76.965,148.773
215.619,107.624,76.624,149.956
211.991,110.304,77.461,148.890
208.195,107.064,79.804,152.235
210.668,111.960,80.634,150.236
211.991,107.232,79.650,151.833
212.610,107.293,77.562,151.638
213.168,107.260,78.157,152.311
213.243,105.579,78.486,152.627
214.098,107.567,79.986,148.247
214.708,105.028,79.093,152.195
213.445,106.367,77.629,153.796
211.562,107.190,75.419,155.950
208.351,106.168,72.817,156.507
208.049,106.527,74.247,159.223
207.847,105.169,74.121,161.127
208.182,107.593,75.095,159.318
207.816,107.490,72.381,159.583
206.458,106.037,71.316,161.576
203.746,105.575,71.523,164.732
202.759,106.823,69.733,165.200
201.620,106.393,68.994,166.670
201.851,109.088,66.820,165.565
201.157,110.368,67.212,165.134
201.225,110.965,65.228,166.432
200.155,112.670,62.624,164.727
201.956,110.552,62.287,167.798
203.999,107.126,62.901,171.692
206.107,105.873,62.752,173.511
207.860,106.372,63.002,176.643
208.076,106.904,62.904,176.402
208.576,101.049,60.138,177.624
208.795,97.730,57.421,180.126
209.356,98.415,55.666,179.063
211.494,103.119,55.073,176.311
211.150,106.724,54.196,170.648
209.745,106.722,54.777,168.089
208.560,102.791,59.044,169.204
205.340,104.247,64.280,168.051
200.810,97.118,67.423,171.375
199.350,91.964,71.028,175.615
199.430,93.377,72.081,170.079
196.996,95.644,75.384,171.353
192.512,99.181,82.305,173.662
191.096,102.308,84.760,172.546
190.852,100.198,85.279,177.471
189.037,101.550,89.308,175.746
186.568,102.188,91.836,177.316
185.518,103.087,94.400,176.961
182.111,101.396,97.837,179.027
180.332,98.358,103.136,176.916
178.518,99.016,108.342,175.573
179.891,98.308,110.898,175.151
179.659,99.434,114.328,172.540
179.801,96.836,119.623,175.027
182.761,97.431,125.538,174.226
187.830,94.702,127.215,173.190
189.540,97.714,125.910,169.566
192.981,98.333,124.906,168.494
201.018,99.771,121.165,166.687
217.679,100.656,107.959,161.701
236.921,106.054,91.300,155.720
247.631,110.562,80.173,152.727
245.409,112.064,76.076,155.064
246.357,116.023,70.103,152.431
252.298,114.094,67.616,153.306
255.249,110.602,62.792,151.369
259.522,111.250,60.869,146.211
259.608,112.474,62.931,146.668
257.603,114.334,63.197,145.643
256.786,113.353,61.416,144.876
256.286,113.695,61.645,143.371
256.216,113.300,61.974,142.749
255.504,118.075,63.027,136.665
253.379,119.995,65.446,137.063
251.091,122.506,65.820,136.988
249.445,123.552,66.684,133.995
245.830,124.640,66.369,133.344
241.193,125.425,73.568,138.029
242.686,118.969,71.173,139.879
241.281,118.898,73.098,149.279
237.454,113.233,73.526,155.107
240.363,109.326,67.227,160.810
244.669,109.630,63.737,160.987
246.318,107.333,61.307,160.506
248.290,110.947,59.598,158.777
249.224,115.167,59.474,155.825
250.340,118.143,58.583,153.418
248.855,119.101,59.387,152.387
249.682,118.195,60.317,154.751
250.807,117.815,59.496,153.381
253.239,112.125,60.063,158.607
253.056,110.396,59.311,160.660
253.059,112.625,59.737,162.378
251.685,112.713,60.630,162.835
254.410,111.382,58.004,161.069
261.543,110.623,55.046,161.690
266.779,111.899,51.176,162.516
269.188,113.132,52.021,159.278
273.662,113.539,56.314,156.223
275.918,112.652,61.410,155.513
278.873,114.416,67.351,147.163
282.885,120.083,72.321,142.929
277.734,122.452,79.457,142.326
281.361,126.686,79.046,136.576
285.026,126.247,81.662,132.044
284.045,126.049,89.171,136.749
284.130,128.166,93.394,136.665
284.832,127.936,94.468,139.447
286.536,124.768,92.746,142.584
289.233,125.367,90.443,142.434
293.082,120.192,85.365,143.766
297.536,118.937,78.323,144.179
299.447,116.796,76.526,145.374
299.489,114.319,75.801,145.353
301.925,113.655,74.015,144.215
300.781,111.107,75.667,147.288
298.897,107.388,77.362,148.313
293.338,107.081,79.914,146.337
288.809,108.582,81.872,149.925
280.196,104.630,85.109,149.850
277.588,113.144,86.812,144.679
268.086,113.034,93.950,144.962
252.022,113.093,103.931,149.004
238.969,115.641,109.999,147.245
230.759,114.631,109.480,149.261
225.332,114.572,110.070,151.701
219.812,111.742,108.072,154.396
216.884,111.415,105.688,156.249
214.054,110.795,102.686,155.683
210.672,111.588,102.076,155.508
204.158,111.714,102.226,156.399
197.758,112.624,103.090,156.828
191.194,115.217,102.862,157.505
187.953,120.198,103.915,158.728
186.946,123.920,109.706,161.149
182.865,122.413,115.352,162.295
174.477,125.266,122.923,161.115
166.643,124.358,128.335,162.619
162.289,126.299,127.678,161.371
156.580,128.102,126.345,162.695
151.288,127.256,128.029,162.669
151.284,127.628,130.667,163.248
147.879,125.214,126.878,164.513
149.814,124.836,119.368,166.835
149.198,124.102,111.868,168.381
148.918,122.203,107.320,169.523
148.327,120.834,103.543,170.690
150.000,117.909,101.127,172.959
152.302,116.381,100.112,175.755
155.022,118.775,97.374,173.658
161.225,122.803,94.896,173.462
165.606,123.281,94.533,174.709
170.462,123.532,95.445,175.380
174.062,121.014,97.140,177.587
173.476,117.917,99.650,178.948
173.846,119.878,100.021,174.411
175.589,117.541,99.939,173.564
174.192,118.860,98.382,172.656
174.283,116.857,92.115,174.567
175.694,116.892,87.534,175.979
175.326,114.384,85.660,178.550
177.088,114.261,82.592,179.550
180.439,116.658,81.628,178.967
182.039,117.124,80.545,178.385
183.419,115.316,79.823,180.562
184.950,116.000,79.085,179.107
185.918,118.144,78.528,176.131
187.329,119.094,77.915,175.265
187.588,122.189,77.100,169.700
187.819,121.219,76.228,171.372
186.086,122.291,76.795,172.326
184.068,122.494,75.737,174.481
182.977,120.162,74.375,177.364
185.034,120.513,71.825,178.424
185.417,119.641,70.830,178.966
184.455,119.576,69.849,178.404
184.634,118.934,69.378,180.097
186.943,115.629,69.689,183.007
187.132,112.178,69.953,186.018
187.139,110.028,69.604,188.699
188.608,107.510,69.188,191.223
190.376,106.220,69.101,194.649
190.515,106.896,69.119,197.528
192.045,108.407,68.158,198.396
192.782,110.995,69.087,198.535
193.863,109.992,69.888,201.381
194.689,109.033,70.647,202.780
195.558,111.666,72.288,202.545
197.018,110.863,71.794,202.707
195.890,111.235,75.453,201.831
188.569,110.040,84.316,204.131
181.856,111.529,96.104,205.376
181.474,109.803,97.371,206.798
180.089,111.493,100.029,204.051
178.618,116.326,103.733,196.978
179.605,118.341,108.311,191.026
182.999,120.703,113.062,189.609
184.369,126.793,117.936,188.911
184.599,123.874,128.551,192.595
183.774,126.314,137.441,190.775
185.475,126.700,143.681,187.026
183.529,122.462,146.056,191.523
185.311,120.755,146.080,194.603
183.523,119.454,147.092,197.444
181.391,114.826,144.659,201.040
179.914,114.475,143.060,202.445
181.976,116.263,142.574,199.856
181.612,116.989,142.180,201.478
182.908,116.861,141.034,197.351
180.066,115.148,142.441,198.019
177.347,113.142,144.617,199.907
176.288,114.890,145.775,200.441
178.966,114.833,151.293,201.480
183.732,115.207,153.011,202.878
182.800,115.720,155.481,203.045
183.097,117.895,157.972,202.127
180.741,118.951,164.264,204.189
182.518,118.524,164.322,202.269
182.436,122.870,168.194,200.421
180.185,121.034,164.522,200.476
176.769,118.334,169.661,202.491
178.003,117.206,167.919,202.645
179.118,116.185,168.154,202.656
176.968,115.826,167.079,207.127
178.797,112.912,161.413,206.788
179.888,110.267,154.336,208.473
183.420,108.352,151.135,207.885
179.028,103.523,151.048,211.884
185.219,105.671,143.452,208.877
185.901,108.689,135.751,201.747
195.607,111.279,134.404,194.947
208.027,112.484,126.214,195.459
230.438,115.630,107.997,185.781
241.808,120.793,97.648,176.104
246.315,118.034,94.841,174.814
248.388,116.098,91.195,174.795
248.455,117.021,90.549,172.609
246.876,118.971,90.031,170.796
244.121,121.240,91.578,171.208
238.447,117.671,92.740,169.879
235.485,113.000,89.092,174.993
231.433,109.273,83.623,179.655
232.990,112.003,77.577,177.761
231.736,105.084,76.309,182.407
224.040,106.127,79.892,180.107
222.333,109.481,81.643,174.195
217.386,109.190,80.845,169.573
208.575,102.249,84.136,168.912
193.107,96.578,94.636,174.327
178.183,98.200,105.624,186.296
176.305,100.247,101.847,188.520
175.462,101.164,97.734,188.530
172.616,107.290,97.599,187.329
174.622,108.006,98.323,187.671
176.173,105.716,99.537,184.081
179.048,107.502,100.052,184.290
181.821,110.165,102.692,184.091
184.700,114.108,108.327,177.853
185.413,113.986,115.239,176.040
186.696,115.732,118.399,175.113
190.662,116.579,118.100,175.405
191.792,115.874,125.220,176.826
192.275,115.941,128.082,177.638
189.660,115.174,130.693,179.072
187.180,118.347,131.636,173.268
188.171,117.897,129.713,173.411
192.564,119.403,127.767,173.182
194.959,116.361,123.168,176.553
200.386,115.207,121.834,177.667
201.991,109.886,117.667,179.671
203.774,110.634,119.177,182.671
205.866,108.430,118.434,187.543
206.218,107.477,118.449,190.307
209.311,107.115,119.789,192.152
211.650,106.801,120.636,192.311
214.167,109.039,118.179,190.395
215.215,108.441,119.446,189.211
216.945,108.021,120.127,188.694
217.923,107.468,121.711,188.292
218.667,106.854,117.479,187.447
217.522,106.529,114.035,188.789
216.335,108.914,111.129,187.305
215.858,109.801,111.558,187.784
217.419,111.748,107.030,184.172
218.361,117.650,103.135,177.110
220.715,118.108,99.693,175.321
220.986,117.015,97.766,174.326
220.985,116.662,95.557,169.998
226.454,118.142,92.088,170.531
229.732,113.375,87.511,173.601
233.622,113.131,86.150,173.995
238.946,112.000,82.886,172.069
243.894,110.354,77.254,168.206
243.232,110.350,77.470,167.173
245.568,109.566,69.716,166.605
244.997,108.974,64.451,168.731
247.359,111.169,59.767,164.987
245.766,109.534,60.452,168.880
247.069,112.919,58.835,167.127
248.627,111.813,56.743,169.697
248.469,112.792,54.536,169.654
246.313,115.446,54.037,170.399
247.142,116.135,54.103,171.363
247.037,118.392,54.639,170.170
246.209,121.693,57.047,167.758
243.367,121.090,56.955,166.160
240.697,122.193,61.385,166.330
237.764,123.004,58.770,163.157
234.732,123.938,61.923,162.669
232.438,122.192,61.604,163.686
230.962,121.062,62.744,163.427
229.063,121.342,63.198,163.836
224.908,122.189,64.006,163.880
220.770,123.954,66.176,162.819
217.938,126.797,67.452,162.590
213.613,127.135,70.561,159.851
211.076,128.381,72.557,159.248
208.191,127.599,75.318,159.603
205.539,128.367,76.527,157.526
203.576,127.855,77.407,158.675
201.562,127.784,80.476,159.554
200.291,128.002,82.169,158.339
198.365,128.930,83.392,157.646
197.178,129.030,85.448,158.395
197.483,128.229,87.387,159.113
197.798,127.915,90.278,159.439
199.674,128.153,90.803,159.268
199.576,127.579,92.023,161.013
199.116,129.096,91.164,155.743
199.135,130.173,90.011,155.835
196.914,128.058,88.340,158.170
195.272,124.830,87.589,161.792
193.745,126.117,86.930,159.252
195.469,125.680,86.676,157.108
194.697,123.327,85.900,157.394
195.961,121.420,86.725,157.979
198.483,118.254,86.898,158.266
201.475,115.680,87.036,159.836
203.631,113.655,87.418,160.954
206.249,111.611,87.771,161.800
209.372,110.077,87.662,161.959
211.568,107.118,87.846,162.987
214.059,104.509,87.936,163.555
213.336,105.666,87.817,164.207
214.767,101.403,88.970,167.573
218.924,100.218,88.909,165.447
225.203,106.540,86.377,164.749
231.403,103.259,83.264,169.160
245.390,101.432,75.011,166.699
252.864,99.040,64.796,176.135
253.786,100.447,59.193,173.647
254.478,100.538,58.710,176.423
254.533,101.738,57.948,176.217
255.382,100.509,57.370,178.514
253.703,101.353,56.941,175.924
249.268,102.250,58.134,179.955
248.240,101.627,60.591,178.511
246.810,104.004,61.956,173.623
247.990,104.282,62.062,171.673
246.983,104.770,63.596,170.088
244.556,109.064,67.478,166.683
239.781,108.921,68.964,165.030
232.835,113.753,73.062,161.316
223.796,111.038,75.285,160.215
215.141,113.754,81.737,156.950
208.478,113.873,87.713,159.992
202.724,116.190,92.614,158.682
198.994,115.468,94.438,160.932
197.637,114.760,97.293,161.825
196.409,114.978,100.189,162.514
195.027,114.696,103.071,164.320
193.317,111.512,104.486,166.805
192.569,111.927,105.681,167.826
189.345,111.875,105.742,165.943
189.158,114.596,106.759,165.013
186.813,115.275,107.352,164.619
185.231,115.993,107.919,164.157
183.540,116.014,109.892,164.125
183.388,116.632,112.292,162.527
182.836,115.853,112.257,159.138
180.362,115.194,115.150,160.464
179.923,113.714,112.914,160.684
179.088,112.957,108.573,160.223
178.361,115.545,104.051,156.770
176.711,115.876,100.909,158.046
178.513,117.088,96.693,157.773
178.513,117.526,96.169,157.405
178.103,118.043,95.144,157.766
177.550,118.681,93.320,158.461
178.668,114.791,92.898,161.424
179.397,114.721,93.637,162.106
179.840,114.062,94.422,162.771
180.355,112.997,94.060,161.827
180.385,113.941,92.523,162.992
178.847,115.193,94.206,164.656
178.616,116.816,93.027,163.753
179.405,115.840,91.495,163.895
179.317,116.728,92.116,164.508
178.034,117.046,93.702,162.995
176.523,119.474,93.900,161.934
175.336,120.427,94.757,159.579
173.642,119.963,93.774,157.794
174.713,121.216,91.789,155.980
174.841,121.185,90.175,156.045
175.187,120.419,88.324,155.126
174.710,118.403,86.898,156.493
175.590,116.767,86.991,157.618
175.393,117.458,87.616,157.910
176.067,117.072,86.913,158.652
177.041,116.736,86.753,159.286
178.032,115.444,86.509,161.189
178.263,115.660,86.340,162.799
178.576,114.751,86.746,164.896
178.110,114.874,85.472,163.402
175.928,113.901,83.881,163.081
175.681,115.225,85.594,164.435
174.371,113.880,84.811,165.714
177.442,115.383,86.806,166.154
178.508,113.925,83.428,167.656
182.907,113.127,80.448,169.841
186.977,110.142,77.524,170.044
188.234,113.884,76.700,167.405
189.864,114.294,75.441,168.495
189.946,114.373,76.366,168.925
191.813,118.835,74.534,162.293
192.288,116.725,73.201,163.561
191.830,119.198,72.871,163.107
191.107,119.340,71.249,163.619
191.768,118.922,70.788,163.698
190.843,119.778,70.137,162.886
190.462,119.056,69.048,165.143
190.016,115.241,66.595,169.416
189.395,116.431,65.114,166.315
188.781,116.654,66.993,167.400
187.421,118.058,67.599,166.556
186.919,118.815,67.744,165.279
187.552,118.513,66.807,166.438
187.942,116.056,67.247,167.210
187.134,117.372,67.703,164.484
186.010,116.623,68.873,165.527
186.514,116.895,68.283,163.401
186.730,117.199,68.342,163.468
185.810,118.879,68.006,162.201
184.219,120.286,67.843,160.932
183.529,119.721,68.008,159.541
181.319,120.179,70.275,157.173
178.303,120.123,70.552,157.109
174.842,119.578,68.606,156.484
170.175,122.018,65.328,155.962
171.528,120.931,62.461,159.888
172.549,120.868,60.632,161.316
174.350,116.948,58.546,163.993
174.041,119.390,55.961,160.113
174.683,117.434,56.458,158.239
173.144,119.453,55.857,153.785
173.612,119.735,54.626,151.608
169.776,120.184,52.428,142.999
168.608,120.711,53.651,146.234
166.568,121.830,52.002,145.536
165.583,120.761,54.380,152.631
167.306,117.913,51.787,155.602
168.064,120.812,51.247,152.963
168.087,121.374,50.593,152.165
168.274,122.460,49.035,149.874
172.146,118.701,49.311,151.597
173.113,122.544,49.612,147.242
173.188,123.975,52.385,145.431
170.994,122.216,54.470,143.091
173.259,122.595,53.084,144.079
173.816,114.644,55.192,149.693
175.635,120.043,53.338,145.829
176.308,117.699,54.611,148.722
175.485,114.675,54.183,150.995
178.005,117.357,57.450,152.294
178.062,116.037,56.450,149.187
178.918,113.152,57.787,151.506
179.666,114.908,56.931,148.187
179.274,114.787,56.772,148.988
179.212,112.753,56.482,149.106
180.122,113.738,56.902,148.756
181.327,113.873,57.097,149.344
180.115,112.662,56.910,149.025
180.837,118.834,58.281,145.444
182.034,116.149,57.530,145.943
183.982,116.783,59.454,145.939
186.968,118.078,59.704,144.995
186.602,115.813,61.309,147.318
186.325,119.277,61.907,144.049
184.659,122.359,63.555,139.480
185.571,122.559,62.983,139.707
186.422,123.696,64.610,140.468
186.945,124.725,65.183,141.739
185.907,127.608,67.123,140.577
185.213,126.463,67.333,141.741
187.198,125.516,68.001,142.876
186.168,123.843,68.257,142.908
186.782,124.902,68.408,143.146
185.178,125.921,69.037,142.309
185.524,125.673,69.935,143.489
183.545,123.396,70.388,143.936
183.004,125.383,73.313,143.266
183.744,124.234,72.224,143.289
186.945,125.926,71.141,142.043
186.073,125.430,71.657,143.513
185.342,125.249,71.810,143.658
185.520,127.322,72.717,141.880
185.687,124.698,73.260,142.072
185.475,125.367,74.923,141.653
185.537,124.335,74.181,141.661
185.175,124.025,74.299,142.048
183.968,123.378,74.351,141.422
183.651,124.079,73.121,140.458
183.338,125.643,72.999,139.720
182.933,126.874,72.820,138.779
180.899,126.684,74.120,139.031
179.275,126.274,74.354,140.572
178.242,125.928,75.482,140.351
178.480,125.182,74.449,142.510
179.380,126.055,75.960,141.993
178.222,126.726,76.893,140.166
175.894,127.400,76.570,135.916
173.572,126.384,75.260,136.880
172.493,127.189,74.944,136.129
172.677,125.218,74.566,136.142
173.648,123.961,74.986,135.950
175.089,123.455,75.002,135.027
176.234,122.605,75.412,135.047
177.304,122.491,75.771,135.443
177.736,120.848,75.646,136.160
178.325,120.581,75.254,135.910
180.744,120.050,75.466,136.589
181.852,121.233,74.752,135.122
183.224,121.288,74.458,134.923
183.077,120.570,74.197,134.543
182.670,119.181,74.487,135.584
184.194,118.953,72.942,133.172
185.055,117.872,72.199,133.420
185.747,117.175,72.023,134.887
185.742,116.399,72.905,137.096
187.401,118.018,71.754,136.401
190.094,117.984,70.717,137.734
190.973,117.737,68.827,138.947
190.530,117.334,67.960,137.389
189.523,116.662,66.393,137.460
187.626,115.587,64.479,138.406
185.578,116.756,57.706,135.161
185.875,118.329,49.732,134.212
187.227,117.251,47.381,136.016
185.931,119.475,45.570,133.354
184.052,122.573,44.784,131.670
184.002,122.163,43.991,133.246
182.328,121.926,43.940,132.119
180.450,125.876,46.178,126.829
180.242,125.567,45.704,129.137
179.869,126.767,45.490,128.220
181.169,129.082,45.524,126.219
180.180,130.597,45.133,126.842
179.893,130.404,45.151,128.604
178.603,127.193,44.779,132.714
181.633,126.122,42.923,132.082
181.741,126.623,42.970,129.742
182.674,122.496,43.728,130.525
186.927,124.309,43.539,124.929
187.810,130.969,45.865,117.372
188.682,128.299,48.712,116.627
187.957,128.978,50.948,114.893
192.193,130.323,54.054,113.088
192.096,131.360,65.569,111.517
195.149,133.867,72.288,114.872
194.646,134.582,73.794,117.687
196.597,132.223,74.975,119.841
196.116,130.450,76.239,122.225
195.826,127.985,76.473,122.960
194.105,125.467,74.910,123.165
195.344,126.219,73.929,122.844
194.947,124.913,74.000,123.722
195.728,126.390,74.471,122.813
192.577,129.601,74.532,121.230
191.014,130.292,76.291,122.875
191.136,128.867,75.142,123.816
191.744,129.165,75.383,123.495
190.488,129.589,75.766,122.647
190.503,130.529,75.748,121.810
190.090,130.473,75.424,119.984
190.406,132.858,74.574,116.268
188.784,130.796,74.972,118.151
188.828,130.259,75.163,118.837
188.537,128.415,75.384,120.421
189.634,128.412,76.043,120.634
188.750,127.553,78.255,122.082
189.547,127.304,78.557,121.700
188.644,127.434,80.393,122.514
188.185,126.171,82.908,123.447
187.338,127.670,85.469,122.863
187.654,126.790,87.928,121.603
185.779,125.326,89.072,120.075
181.730,125.605,88.791,119.602
181.578,122.432,87.148,121.042
183.079,125.171,87.523,117.580
185.897,126.522,86.956,118.176
184.013,125.560,89.523,120.098
184.499,123.601,92.292,122.840
187.677,122.500,94.133,121.598
188.361,120.918,97.624,122.526
189.346,121.366,99.006,121.090
191.768,123.092,98.921,119.814
192.860,122.806,97.549,121.502
193.065,122.998,97.149,120.807
193.827,124.492,96.066,120.803
194.062,123.977,94.911,119.719
193.990,123.532,95.258,118.905
193.352,123.203,95.468,121.165
192.526,123.606,94.692,122.076
192.776,123.573,95.853,123.190
193.773,121.973,95.897,124.577
194.132,123.960,95.473,123.422
194.802,128.749,94.638,117.021
195.064,128.553,94.145,117.071
195.968,125.675,93.222,117.533
196.466,125.719,92.308,117.277
195.586,124.355,92.135,118.385
191.988,123.056,91.226,118.285
188.876,123.704,89.486,118.066
183.800,122.019,87.775,119.223
182.041,120.877,89.620,119.283
181.493,124.611,89.994,115.627
179.347,127.475,90.428,113.595
180.902,128.955,89.079,111.899
182.580,127.983,86.703,112.948
183.350,127.862,83.248,114.171
181.599,126.362,80.298,115.328
179.606,124.577,76.038,115.653
179.752,124.048,72.761,116.928
180.761,124.492,68.988,117.409
179.101,124.293,63.407,118.048
180.044,124.969,57.470,116.718
179.995,125.633,53.121,116.831
180.040,126.358,50.213,115.469
182.166,126.087,48.031,115.668
183.147,126.795,48.188,114.872
182.174,130.123,50.032,113.297
182.193,131.531,51.221,110.333
184.931,131.296,51.418,109.153
185.497,132.572,53.603,109.425
184.857,134.052,63.374,108.965
184.688,134.637,73.616,109.522
185.751,135.108,73.962,110.294
186.904,132.880,73.675,112.984
187.423,133.388,75.211,109.384
185.963,131.676,76.081,110.234
185.248,126.451,75.655,114.740
185.565,123.626,72.372,116.690
188.057,124.295,72.179,118.055
188.158,120.655,70.697,119.887
188.088,119.953,70.664,120.516
189.568,120.268,70.651,120.696
191.006,120.190,69.558,123.573
190.962,121.301,68.664,124.740
187.048,124.105,67.819,123.406
183.851,126.608,66.928,124.915
184.051,122.857,66.902,127.457
183.622,124.018,66.305,127.231
182.848,130.161,63.534,125.251
183.716,135.385,64.349,124.956
182.547,137.888,66.161,127.266
184.000,135.987,67.153,129.514
183.968,136.705,67.046,129.178
183.492,139.726,66.018,128.276
183.601,142.277,66.047,128.775
183.463,144.994,67.080,129.779
179.691,147.597,65.600,128.846
177.835,149.974,63.978,129.017
175.226,148.969,61.949,129.938
170.989,147.867,60.206,126.952
171.539,144.099,63.482,127.627
169.453,143.529,66.807,126.594
165.125,141.123,66.303,128.317
165.932,139.337,66.936,131.617
165.756,141.701,64.121,127.580
161.609,151.580,61.251,125.582
161.566,158.261,59.521,121.141
161.574,161.409,60.221,121.093
162.024,163.016,59.578,120.735
162.879,164.384,59.173,122.505
163.015,165.242,57.017,128.673
159.003,163.390,56.649,128.664
156.157,163.657,57.496,128.670
152.995,162.284,58.394,130.471
149.438,160.809,59.837,132.715
148.258,160.562,61.231,134.117
151.435,160.942,60.666,133.337
151.285,158.670,63.563,134.942
152.237,160.403,63.628,129.619
148.680,157.791,65.115,130.511
145.537,157.276,67.376,130.167
144.026,159.598,65.012,129.014
143.321,159.125,65.316,130.897
141.864,158.077,64.271,132.206
143.751,159.296,64.840,132.836
141.147,157.352,65.172,133.123
142.112,155.763,63.280,132.632
141.510,152.664,63.110,134.029
141.288,150.809,63.121,135.540
139.561,149.601,62.307,133.919
139.416,147.287,57.716,133.933
138.484,147.004,55.710,132.281
138.470,144.794,54.612,136.950
137.864,142.659,53.691,136.962
136.140,144.309,53.528,137.966
134.649,144.021,53.439,139.536
134.530,147.013,53.263,139.705
134.047,148.629,53.011,137.193
136.109,149.746,52.434,136.197
136.735,148.878,49.810,137.759
136.662,148.703,50.904,138.420
137.486,146.460,49.395,137.938
138.212,144.270,49.176,137.342
136.834,144.251,48.393,134.691
137.206,145.083,47.704,133.835
138.305,147.167,46.441,132.479
139.199,146.949,45.388,130.725
139.815,149.246,45.500,130.367
140.404,146.537,43.875,132.101
140.734,146.218,45.138,132.188
141.145,146.415,43.118,131.403
141.250,144.543,43.517,132.128
143.187,142.870,42.526,131.900
144.539,144.706,43.985,130.938
143.160,144.201,43.786,132.430
142.272,141.940,45.058,133.951
139.295,146.159,46.103,130.300
135.060,146.793,47.942,130.845
133.757,150.006,49.077,125.912
130.903,151.966,52.929,127.085
132.882,152.310,52.054,126.638
131.760,151.774,51.110,128.469
132.334,153.625,47.710,131.244
131.743,152.963,49.467,133.273
133.337,150.789,49.674,135.828
135.118,147.704,49.374,136.215
135.549,148.794,48.812,134.073
135.508,151.645,48.867,133.045
135.401,154.978,48.632,131.034
134.578,154.405,49.182,134.407
134.888,153.724,48.691,133.857
134.355,154.115,49.160,134.595
136.731,153.175,49.223,136.371
138.500,154.146,49.834,136.451
139.325,155.030,50.061,137.428
139.858,155.793,49.650,139.083
140.380,156.139,50.526,139.785
139.904,156.793,51.424,140.012
139.415,157.846,51.605,139.248
138.505,158.455,51.510,140.592
138.301,159.158,50.332,140.318
138.789,158.518,51.013,139.426
139.230,157.800,50.261,139.005
139.731,156.277,50.333,136.580
141.367,154.595,50.610,135.941
143.826,151.423,50.467,134.853
146.708,150.139,50.554,134.467
149.559,149.650,49.623,132.436
151.934,150.900,48.677,130.077
154.703,152.160,47.445,129.838
162.501,154.603,45.010,131.119
169.730,152.555,44.423,131.567
173.050,147.675,44.606,131.807
173.725,145.919,46.265,129.807
174.554,144.914,46.383,129.244
175.574,145.951,46.905,130.284
177.944,152.048,46.437,131.664
182.539,159.782,45.032,130.731
187.054,158.550,46.684,134.635
194.904,157.383,47.065,138.647
200.197,160.765,46.068,136.722
203.688,163.155,48.244,137.469
210.477,164.808,47.044,136.796
214.901,164.954,48.623,136.521
217.625,160.842,49.900,139.852
220.645,155.991,50.358,141.169
222.352,149.910,50.536,142.768
224.167,149.941,50.284,139.720
225.428,148.282,52.182,138.316
224.323,146.712,53.776,139.201
225.871,147.332,51.933,139.051
230.528,151.448,50.156,138.670
235.030,153.891,47.051,138.869
234.114,163.913,43.683,137.522
230.030,170.749,41.320,135.053
227.050,172.163,38.908,139.035
220.349,169.809,39.096,138.589
220.001,167.435,38.722,137.696
222.990,166.812,38.931,136.205
221.296,165.048,39.985,140.927
221.203,164.310,40.232,142.407
225.142,161.061,42.231,141.417
226.484,159.340,43.168,140.862
228.398,160.210,45.792,138.810
236.064,159.011,46.696,141.219
244.753,163.040,46.229,139.564
249.960,174.407,43.691,138.384
259.142,175.969,45.476,140.334
264.393,179.718,42.934,141.993
270.979,186.930,44.202,142.371
279.086,190.932,42.461,142.305
281.401,194.872,42.060,143.312
284.431,196.391,43.394,144.347
291.331,193.871,45.382,144.657
292.035,195.948,44.988,142.269
295.733,196.184,45.116,141.552
294.603,198.644,45.757,142.942
286.363,204.698,48.581,143.035
276.502,207.177,48.782,142.213
275.826,210.850,47.520,141.621
271.773,211.021,47.412,141.154
267.926,210.267,46.867,142.460
268.201,215.416,46.450,141.019
267.782,219.162,46.720,138.063
267.928,219.811,46.284,135.731
270.967,226.912,47.211,131.420
269.979,230.873,47.377,127.600
267.035,233.808,48.674,127.065
263.200,235.845,48.954,125.087
260.859,239.138,49.770,123.714
261.538,240.423,48.110,120.122
259.873,240.293,47.203,122.066
260.454,240.025,45.181,121.674
260.636,236.829,43.902,126.216
263.579,233.680,42.872,126.640
260.707,231.148,42.666,126.826
258.377,233.691,42.398,127.038
255.632,236.555,41.795,127.282
253.819,237.749,41.026,122.910
252.399,237.937,41.815,125.891
252.535,237.289,41.519,125.144
251.420,236.385,41.257,124.532
249.904,237.368,40.640,124.936
248.889,239.346,42.045,121.717
247.515,242.398,42.632,121.456
245.036,245.849,42.396,116.278
244.330,249.642,39.175,108.901
239.263,250.927,38.071,110.564
235.327,246.316,38.168,112.204
235.945,243.284,38.502,114.175
235.171,242.557,37.668,114.873
233.305,241.131,37.478,116.229
230.448,239.232,38.279,116.240
225.779,238.709,38.707,116.865
220.942,238.779,40.857,119.055
218.049,236.161,43.122,118.613
212.187,235.585,46.510,120.635
209.334,236.443,46.399,120.523
210.608,240.067,44.674,116.219
211.092,242.763,43.848,111.963
211.362,242.659,40.529,112.170
213.021,241.840,37.255,113.009
213.597,242.669,37.190,114.543
216.982,243.590,35.639,114.205
215.147,243.026,37.196,113.581
211.264,244.967,39.775,110.933
205.892,245.093,46.802,110.544
201.872,247.521,52.847,108.925
200.875,246.076,52.647,107.935
201.437,247.050,53.248,105.672
202.982,247.833,54.740,104.822
203.007,248.952,55.546,106.494
205.138,248.620,57.723,108.150
203.965,247.586,59.352,107.934
203.721,250.244,60.461,106.599
203.830,250.501,61.069,106.319
204.496,250.567,61.324,106.219
206.693,249.010,62.602,106.803
207.327,249.947,61.974,103.650
205.913,249.186,65.801,102.960
203.851,249.737,69.267,103.247
203.536,249.511,69.845,102.645
201.161,247.353,70.964,104.928
199.242,247.123,72.266,103.894
201.754,247.263,71.239,104.424
201.396,248.617,71.700,102.899
200.520,247.090,71.587,104.156
203.210,246.726,72.649,104.541
205.047,247.233,72.369,105.002
204.828,247.230,73.528,105.147
204.929,245.402,72.441,105.345
205.165,245.227,71.270,105.032
205.845,245.353,71.377,104.140
204.481,243.855,72.594,103.949
204.074,241.020,73.230,106.284
201.944,239.747,73.798,107.575
202.299,239.750,74.892,108.360
194.823,239.082,75.739,110.274
187.670,240.129,76.115,110.775
185.160,238.805,76.363,110.732
181.630,240.036,77.951,110.845
177.261,242.798,77.147,109.458
173.704,242.030,76.661,107.817
169.520,236.919,76.890,110.039
158.058,226.452,74.055,112.479
145.157,220.277,74.965,110.750
139.886,215.713,81.101,112.376
143.851,211.723,82.939,113.379
141.454,209.097,82.677,110.183
135.340,207.466,82.817,109.055
132.426,205.936,84.205,107.329
133.985,208.323,86.861,107.907
126.726,210.173,84.608,105.856
126.824,210.624,88.123,108.218
127.457,210.457,87.511,109.994
126.264,209.614,87.027,112.359
129.300,206.968,88.063,115.574
136.559,210.269,87.963,115.186
139.458,213.297,85.371,114.988
140.608,215.015,86.975,115.393
137.347,215.940,84.267,114.742
138.560,214.315,84.461,116.853
141.990,215.879,83.734,116.828
145.471,217.469,83.320,117.466
143.238,220.896,80.266,115.017
141.324,220.221,81.920,118.012
137.763,220.299,84.046,117.868
138.071,217.624,83.911,120.024
133.357,221.702,80.445,118.232
133.708,217.866,81.012,122.846
135.503,220.652,80.813,121.710
134.350,221.917,79.809,120.736
127.759,221.994,81.197,121.453
124.472,222.703,82.898,121.050
124.721,221.860,83.058,121.215
129.812,217.367,83.389,122.350
133.295,214.982,83.007,123.021
137.870,213.599,82.000,122.324
140.848,210.683,81.890,119.844
140.845,207.771,83.081,122.173
141.014,208.290,82.780,120.236
140.406,207.504,83.578,119.622
139.032,207.034,85.081,117.413
137.804,207.321,85.770,116.462
137.486,209.799,85.602,115.799
139.308,211.801,85.308,114.512
142.034,211.501,83.410,114.450
143.907,210.298,78.788,113.615
143.376,210.681,76.738,112.646
145.022,211.515,76.901,114.190
148.781,211.681,74.171,115.602
149.763,215.427,73.685,116.559
151.517,216.599,71.479,117.974
155.876,215.909,68.314,119.720
155.931,218.877,68.184,119.146
154.873,219.226,67.492,121.832
155.998,221.309,62.363,120.492
158.037,222.004,56.852,120.558
160.316,224.024,49.981,117.558
162.317,223.533,42.969,117.702
163.982,222.329,40.317,117.003
166.652,223.320,39.004,116.510
165.755,225.423,39.318,115.124
163.891,227.189,38.862,115.024
164.492,229.089,38.921,113.629
164.484,228.621,39.953,113.775
164.813,227.787,40.368,116.340
164.626,227.844,41.145,117.568
164.245,228.314,40.741,117.621
161.287,228.062,40.885,119.037
160.963,228.163,41.832,119.324
162.540,227.735,42.726,119.504
164.168,228.192,41.216,119.961
160.635,228.947,41.200,118.804
161.384,231.732,40.083,113.985
161.701,231.265,40.809,115.093
164.504,231.316,39.478,114.683
163.623,230.721,39.287,114.442
161.642,232.751,39.711,117.172
163.354,233.506,40.104,116.520
161.217,231.328,39.822,118.187
159.092,231.580,39.470,120.203
160.417,230.614,40.818,121.527
158.767,230.229,41.507,120.984
156.996,230.073,40.760,122.791
157.205,231.116,41.156,121.604
154.462,232.272,42.274,121.286
150.695,231.832,42.437,120.047
147.832,232.178,43.521,118.796
146.159,231.868,43.297,119.878
143.816,230.984,41.751,120.366
144.823,228.920,40.575,121.799
144.225,230.592,40.697,119.882
144.018,230.023,39.464,120.097
144.802,229.986,38.697,119.680
143.615,229.757,38.837,119.798
144.882,231.262,38.748,117.839
148.204,229.401,37.141,120.581
146.817,231.814,38.869,118.232
146.916,233.570,39.697,116.668
144.698,236.077,40.297,115.657
141.970,235.915,40.372,115.001
143.714,234.470,40.603,116.002
146.202,236.196,40.821,115.128
146.563,241.940,40.582,111.255
146.430,243.045,39.269,109.742
148.810,243.831,39.052,106.675
149.419,238.345,38.898,111.039
148.822,238.756,41.237,109.443
148.784,238.449,41.095,108.934
148.958,237.256,40.790,110.760
149.629,237.524,39.539,110.226
151.006,239.579,40.502,109.232
151.623,239.477,41.003,107.219
151.159,238.784,41.926,108.890
151.026,237.591,42.405,110.366
152.806,237.183,43.059,110.142
153.827,237.239,44.195,109.220
153.021,234.442,47.240,109.738
155.568,234.911,52.493,109.218
159.296,233.819,56.556,110.207
