563.000,244.000,158.000,118.000
558.456,242.915,160.043,123.826
558.516,243.150,165.205,122.943
559.919,240.962,166.660,125.001
560.250,239.821,167.017,126.826
558.832,240.219,165.569,126.325
555.159,239.608,170.530,126.249
553.198,241.276,171.774,125.055
559.576,241.823,171.708,124.846
558.047,239.202,166.108,126.557
560.603,242.709,168.533,127.317
560.798,240.376,165.589,126.975
562.213,241.284,165.022,125.722
561.460,241.938,163.555,125.372
562.866,240.852,163.241,124.235
560.134,241.163,162.992,125.010
565.142,243.323,168.672,123.025
560.410,239.646,167.050,125.465
564.169,242.776,167.802,124.060
559.713,239.365,167.053,127.144
561.979,241.463,170.750,125.765
558.455,239.473,169.245,125.066
561.972,241.617,169.923,123.237
558.970,240.803,168.239,123.014
563.317,242.424,169.961,122.879
560.150,241.666,171.241,124.534
564.932,242.923,172.610,123.915
558.684,241.333,171.892,125.315
561.797,242.134,174.943,124.035
559.909,241.208,175.959,126.506
563.400,242.250,177.852,125.222
563.999,242.050,177.913,127.138
566.656,243.270,172.030,124.218
568.561,243.938,174.539,124.976
568.225,242.459,173.896,124.567
571.285,243.002,174.965,125.908
568.519,242.271,175.319,126.276
565.607,241.750,177.251,127.489
563.337,245.054,179.637,128.134
558.201,244.292,183.278,126.470
563.031,244.143,182.214,126.281
567.028,244.491,179.202,125.885
565.011,242.590,178.633,124.632
567.619,243.931,179.328,123.418
562.072,243.833,178.030,123.842
559.169,244.621,179.416,122.662
567.357,244.321,182.979,122.658
563.403,244.037,181.002,125.683
568.552,244.014,181.998,126.614
564.339,245.900,182.164,125.300
566.892,242.534,181.002,128.653
567.634,245.730,183.162,127.729
567.172,245.030,181.685,128.794
569.445,245.689,182.840,128.560
566.785,246.309,182.929,128.799
567.529,246.881,183.194,128.963
568.952,245.962,184.093,129.260
569.607,248.007,183.235,127.680
571.705,247.171,179.243,127.213
572.594,248.820,176.761,126.928
574.860,249.594,173.836,127.791
575.100,248.268,170.929,126.784
581.961,246.784,169.541,126.669
586.269,247.372,165.846,125.926
590.583,250.894,155.743,122.257
592.673,252.699,149.747,120.044
596.309,254.097,149.678,118.174
596.272,254.257,148.209,118.199
597.881,255.406,148.199,117.713
595.668,255.794,149.072,116.644
597.135,255.406,151.927,116.953
596.070,255.902,153.022,118.173
594.647,255.444,154.765,119.565
595.295,255.390,158.666,121.109
592.903,255.450,163.379,121.910
592.688,255.352,165.396,121.877
589.906,256.138,165.775,121.137
587.938,255.673,168.112,121.323
585.302,256.248,170.382,122.429
583.525,257.008,176.762,122.579
581.284,257.515,180.564,123.098
573.172,256.771,184.359,123.329
570.899,256.587,190.009,123.252
560.724,255.867,199.505,122.223
549.895,259.374,206.779,121.245
559.457,257.591,207.633,122.911
566.448,255.847,198.224,123.569
571.640,255.182,195.247,124.343
570.083,254.600,196.086,123.477
567.664,254.741,197.229,123.443
568.884,253.382,196.415,124.751
568.253,254.911,197.378,123.928
570.262,253.769,196.242,122.937
572.465,253.279,191.804,121.965
569.530,252.534,194.052,121.583
568.079,252.435,193.919,121.833
571.420,253.541,187.463,121.517
571.337,251.856,188.482,122.051
573.372,252.776,188.997,122.297
570.150,252.197,188.282,122.754
566.743,251.931,189.283,124.704
566.408,251.144,191.535,125.134
571.450,251.706,192.803,124.252
573.159,251.390,189.414,123.585
571.751,251.411,187.161,124.012
573.410,251.972,184.722,124.286
572.812,251.659,185.554,123.380
575.938,251.959,182.568,125.030
576.368,252.545,182.287,123.520
576.395,251.635,178.870,124.343
579.823,252.334,177.263,124.188
578.370,252.351,175.538,125.331
578.912,252.927,175.638,126.196
577.418,253.663,175.064,126.175
576.561,253.070,174.442,125.673
575.365,251.971,175.745,125.759
575.773,252.063,176.666,125.254
573.601,252.377,173.791,125.183
574.599,253.008,175.245,124.610
572.057,251.186,173.775,124.651
574.010,251.095,176.575,125.098
571.439,250.837,172.045,125.949
575.933,252.554,176.581,125.407
568.726,250.689,172.255,127.100
573.352,252.097,178.329,124.594
568.332,251.283,172.856,126.153
571.686,251.795,180.445,124.785
569.383,250.718,171.656,126.545
574.007,255.367,169.444,123.930
569.315,254.175,167.688,124.641
573.955,255.152,168.796,124.463
569.208,254.736,166.291,126.150
570.977,255.230,167.051,127.083
570.047,254.607,165.453,126.395
570.476,254.449,165.752,127.315
570.869,254.426,165.731,127.365
572.290,255.320,164.578,127.314
571.822,255.951,163.253,127.160
573.468,257.045,161.974,125.856
571.623,256.929,161.521,127.153
574.745,257.516,159.317,126.148
573.059,257.162,159.289,127.955
577.075,257.553,159.985,128.326
575.635,258.746,161.348,128.682
575.925,259.842,161.226,128.547
577.679,259.654,161.178,129.034
578.988,261.053,160.012,127.759
580.156,262.224,159.499,127.674
581.953,263.060,160.607,127.790
581.180,262.939,163.816,127.565
584.300,263.193,164.955,131.141
583.408,266.572,166.555,132.353
583.356,264.414,167.913,133.255
584.479,266.610,174.515,133.410
585.642,268.303,179.118,133.903
585.568,269.602,182.738,134.125
581.527,269.777,189.345,130.124
579.226,270.574,191.832,128.669
580.641,271.050,195.482,131.589
581.572,273.332,200.038,136.090
589.920,278.475,194.890,137.165
587.619,276.301,199.885,137.688
586.969,277.022,201.039,135.066
592.274,282.156,205.048,134.045
587.422,285.049,208.291,135.029
591.431,286.270,207.349,135.085
598.296,288.263,210.063,136.516
602.297,293.590,219.419,138.066
617.076,297.996,221.346,138.754
611.476,301.469,228.718,135.351
623.388,304.016,226.986,134.903
624.168,306.880,246.909,135.414
637.240,310.631,280.511,138.716
627.107,308.058,295.540,133.968
619.942,308.324,302.396,141.443
623.643,309.139,304.264,138.234
623.560,306.329,293.880,142.269
619.599,306.732,286.689,140.674
626.514,304.394,279.538,137.752
628.144,305.027,263.829,134.086
630.070,305.221,253.760,133.698
627.781,307.371,246.792,133.238
633.755,310.975,240.370,132.663
624.419,312.211,234.082,130.962
630.729,312.246,220.404,128.804
621.609,311.511,221.137,127.882
622.261,308.429,216.452,128.303
617.670,310.235,216.251,128.707
610.054,308.748,216.508,131.374
615.698,308.109,214.411,132.950
618.853,306.637,203.075,131.767
616.107,305.377,204.680,129.317
627.221,306.664,191.575,124.639
621.938,305.866,190.429,127.223
623.764,305.292,192.522,124.727
622.219,303.152,189.511,125.777
622.240,299.641,185.194,126.323
622.880,299.717,183.075,126.851
621.685,299.592,177.259,127.099
624.041,298.109,172.560,130.729
622.979,298.301,168.433,130.298
622.303,296.820,165.060,130.473
624.176,294.988,160.467,131.584
626.758,294.581,157.253,133.534
630.977,294.515,154.171,134.632
625.563,294.615,153.157,134.354
631.925,294.658,149.125,134.535
626.340,297.463,150.261,134.191
627.889,296.371,148.345,135.024
630.370,294.775,145.877,134.791
625.325,296.938,149.915,135.001
625.419,294.033,148.251,134.472
627.685,293.658,148.561,133.964
628.288,296.476,150.188,134.008
626.594,296.068,149.632,131.503
629.186,294.461,148.514,132.611
627.519,296.109,150.807,131.782
629.452,295.085,151.359,132.258
628.103,295.489,152.805,129.882
631.653,295.621,153.970,131.621
628.296,297.345,154.895,129.249
630.372,296.850,156.068,130.021
630.866,298.635,156.919,130.120
630.263,299.455,158.414,128.319
631.432,301.681,153.339,123.504
626.418,298.738,152.061,125.322
626.781,299.130,152.659,124.747
626.070,299.611,151.485,125.737
626.021,300.818,150.795,126.636
627.049,300.409,150.724,126.386
627.143,300.374,150.792,126.138
626.557,300.540,150.056,125.380
625.033,298.266,151.309,126.917
624.288,298.424,152.831,127.262
624.939,299.395,153.389,127.763
624.992,299.605,155.265,129.879
623.482,300.342,157.772,130.910
619.592,298.335,157.308,133.158
618.709,298.552,160.247,133.213
618.196,297.609,159.038,134.375
616.918,298.652,159.598,132.919
616.252,300.331,158.983,132.684
616.119,298.398,156.913,133.962
614.875,299.806,158.418,132.314
613.072,300.303,161.637,130.538
610.926,298.078,164.189,129.642
613.707,295.766,162.257,130.827
612.034,297.523,162.385,131.940
609.267,297.083,163.763,131.513
610.349,297.051,163.937,130.916
609.811,296.847,165.429,131.319
609.085,295.701,163.064,133.644
608.286,295.801,164.080,134.479
606.353,293.689,162.454,135.296
604.124,292.617,163.519,135.398
605.113,290.959,162.433,136.040
606.587,293.230,161.683,133.038
604.494,290.682,160.093,132.238
602.365,289.267,162.001,129.745
601.295,289.626,163.883,129.975
601.919,287.631,162.699,129.080
601.990,288.149,162.824,129.492
603.399,287.331,161.825,129.737
602.589,287.218,161.516,129.248
602.623,286.331,160.675,129.875
604.732,286.878,160.467,130.720
602.507,286.900,159.928,129.606
601.280,286.860,159.384,128.383
599.721,286.509,160.254,129.103
598.379,286.697,161.927,127.757
597.141,285.227,163.552,129.222
595.005,286.016,165.123,130.048
591.033,285.103,167.791,130.065
586.477,282.588,170.125,129.989
586.240,282.284,169.751,130.551
586.615,284.322,167.248,130.936
584.843,282.869,165.533,132.353
590.237,281.428,158.462,134.142
590.092,282.420,160.382,131.163
590.522,281.395,156.434,130.554
592.080,280.270,155.985,129.975
592.175,278.923,155.333,128.935
593.517,277.218,153.950,130.831
593.538,277.370,154.244,131.260
595.813,276.954,152.061,132.013
596.015,277.923,151.591,131.203
599.123,277.367,148.548,132.061
599.679,278.514,149.071,130.848
601.105,277.971,145.367,126.988
601.162,275.907,147.108,127.700
602.870,276.743,146.683,129.225
604.173,277.068,145.967,129.058
604.373,275.413,145.635,130.976
607.197,275.119,147.540,131.940
609.744,275.512,145.904,132.474
611.315,275.895,148.518,134.343
612.238,277.458,148.578,134.582
612.207,275.983,148.572,133.962
612.498,276.781,149.570,135.393
613.510,277.289,147.876,134.995
615.157,276.929,146.758,136.165
616.902,277.781,145.779,136.519
616.409,277.935,146.562,135.375
615.782,277.772,146.413,134.497
615.908,276.907,147.655,134.463
615.375,278.787,148.359,134.105
614.857,279.490,149.112,134.436
613.345,277.140,149.933,132.894
613.307,276.786,151.204,132.590
613.161,277.609,153.485,132.557
612.828,279.009,152.526,132.331
612.217,277.263,154.309,133.934
614.157,278.193,152.969,133.541
614.372,279.775,152.421,132.285
610.774,278.646,153.176,131.961
608.882,278.042,152.997,130.737
607.908,279.831,154.589,129.984
607.492,278.155,153.141,130.940
607.167,276.594,152.569,131.426
608.795,276.065,151.476,131.889
608.161,278.246,149.647,125.998
606.952,276.185,152.143,126.295
609.500,275.722,151.987,128.788
606.198,275.761,152.213,128.593
605.344,273.900,152.726,128.687
604.484,274.236,153.998,128.740
603.191,273.942,154.091,128.918
600.064,273.451,153.935,128.874
598.824,273.700,155.214,127.523
598.448,273.444,155.350,128.208
597.310,273.594,155.135,127.931
597.000,272.727,154.625,128.196
597.404,273.416,155.550,128.186
593.729,273.058,155.491,128.604
593.611,273.117,154.954,129.461
593.212,272.427,155.275,129.938
594.794,271.405,155.286,130.854
594.668,271.292,154.704,130.811
595.168,271.060,154.565,130.505
594.237,274.546,156.278,130.601
593.096,272.542,155.002,130.038
595.095,271.545,154.812,130.685
594.487,273.772,155.927,129.549
594.160,274.378,156.491,129.864
592.678,273.039,155.243,131.097
595.140,274.599,154.721,130.218
594.425,272.063,155.145,130.449
594.243,273.387,156.402,130.403
595.155,273.243,155.726,131.073
596.591,273.433,156.726,131.332
596.693,273.628,156.847,131.417
597.315,275.835,155.700,130.432
596.537,276.307,151.910,126.473
596.555,274.896,155.338,127.770
598.186,275.996,154.572,128.090
595.459,274.720,154.805,129.919
597.659,276.739,155.401,130.055
596.253,276.278,155.693,130.294
598.119,276.142,156.176,130.396
598.613,276.622,156.589,130.661
597.685,277.296,158.188,130.950
595.928,276.476,158.176,130.777
597.656,278.085,156.693,130.937
598.218,279.609,156.698,130.988
595.799,277.849,156.430,130.845
597.647,279.372,158.525,131.799
596.895,279.985,157.715,130.960
599.613,280.599,157.302,131.711
600.444,280.014,157.815,131.356
601.940,282.191,157.144,130.991
602.547,282.737,156.882,131.695
603.115,282.013,155.285,131.740
603.373,284.147,155.215,130.535
601.433,284.372,155.827,130.907
603.403,285.416,155.212,130.613
601.470,286.707,156.971,131.102
601.372,287.413,156.379,131.062
601.262,287.453,157.942,130.938
600.895,289.203,158.515,130.552
600.476,288.920,157.226,129.587
598.427,287.904,157.443,130.544
597.083,288.256,157.665,129.738
596.238,288.220,157.280,130.086
594.783,286.861,156.959,129.292
597.723,287.977,154.335,126.442
597.409,286.611,155.904,126.756
597.746,286.412,157.694,128.163
595.987,285.495,157.948,128.902
596.054,285.010,159.292,128.508
598.541,284.847,159.157,128.783
597.643,284.740,159.494,130.139
598.605,286.969,158.112,129.549
595.811,284.001,157.187,130.581
597.217,284.314,158.625,130.576
594.815,282.373,155.953,130.851
597.117,283.436,155.744,130.986
596.423,284.466,157.194,130.387
599.650,283.807,157.088,129.979
601.779,282.728,158.539,129.394
603.368,283.243,159.232,128.793
602.485,284.406,160.675,128.767
604.362,284.328,160.884,128.816
605.222,283.686,160.775,128.807
604.028,284.350,160.911,129.496
604.868,284.308,161.129,129.609
604.292,285.588,161.087,130.456
602.724,284.028,160.291,130.810
605.604,284.670,161.666,130.355
605.421,283.706,160.163,131.977
606.783,285.716,159.223,131.516
604.667,286.502,159.341,132.934
604.296,287.981,159.485,133.183
603.739,286.851,158.822,133.217
605.417,288.758,158.772,132.618
605.303,290.113,158.899,133.600
605.036,291.177,158.990,133.582
607.538,293.700,156.384,127.438
607.604,291.743,157.712,128.506
607.584,292.315,158.203,128.580
608.750,293.722,158.025,128.837
609.055,293.782,157.302,129.380
610.013,294.006,157.787,129.615
610.729,294.535,158.610,129.649
611.410,296.136,158.065,129.553
611.681,295.568,157.394,129.770
611.799,296.561,158.200,129.824
610.630,296.456,156.546,130.006
607.131,297.618,157.200,130.299
603.210,299.192,156.219,130.567
601.884,298.764,156.591,131.441
600.831,300.332,156.622,131.275
600.409,300.457,156.918,131.184
600.085,299.974,157.290,130.649
598.328,302.787,158.287,131.322
596.366,304.182,157.489,130.409
594.814,303.985,158.649,130.534
593.235,305.836,158.746,130.654
589.215,305.445,159.726,130.603
589.352,305.485,160.731,129.492
588.509,305.878,160.005,129.558
587.369,306.966,159.813,129.910
586.458,305.978,159.951,130.391
584.719,306.047,159.927,130.633
581.929,306.814,158.865,130.664
580.585,305.250,159.556,130.469
581.269,306.019,158.870,130.654
580.786,306.149,158.472,130.730
579.834,305.380,159.159,130.242
581.432,306.266,155.882,125.928
580.557,304.921,157.471,127.556
580.076,305.492,158.496,127.162
579.328,305.628,158.636,128.521
576.580,307.091,159.278,129.239
576.649,305.635,160.972,128.658
576.288,306.404,160.301,128.401
575.839,305.585,159.529,129.439
575.162,304.043,159.722,129.980
573.892,303.456,159.654,130.006
572.636,302.970,160.955,129.369
570.472,300.689,160.891,127.585
570.603,300.669,160.238,128.442
568.098,299.297,161.906,128.399
572.039,298.877,159.766,129.452
566.797,297.540,162.890,128.974
570.301,295.622,161.520,130.295
567.360,295.353,164.059,129.289
569.411,294.168,163.235,128.881
567.006,293.735,163.057,128.867
567.269,292.252,162.205,129.320
567.436,291.993,164.277,128.298
567.023,291.987,163.024,130.050
565.336,291.089,164.167,129.076
564.629,288.850,162.596,130.058
565.779,287.247,162.962,130.457
567.179,285.886,163.545,130.352
567.551,284.672,162.252,125.952
565.411,284.866,161.887,123.896
567.795,282.630,159.238,121.749
566.727,281.554,161.876,121.149
566.532,280.508,161.610,121.572
567.713,281.376,157.975,118.687
567.079,280.221,157.579,117.938
567.786,280.538,158.178,118.293
568.370,281.345,157.859,118.331
567.928,280.233,158.704,118.569
570.321,281.019,157.126,118.664
570.804,281.119,157.967,117.741
573.906,280.459,157.933,117.785
572.204,280.074,158.680,117.485
571.382,279.287,159.838,119.804
572.956,281.426,161.050,120.601
572.936,280.721,160.253,122.141
575.621,280.661,160.936,122.650
575.340,279.778,158.451,124.158
575.188,279.854,158.297,123.450
574.417,279.739,158.969,122.857
574.977,278.924,159.512,123.456
578.591,278.618,158.912,123.317
576.835,277.366,159.834,124.198
577.709,281.162,161.827,125.040
576.795,275.752,160.589,127.103
575.962,278.849,162.076,127.205
577.355,277.039,159.959,127.145
575.333,278.652,160.953,128.188
576.309,274.840,159.069,129.869
573.215,278.644,161.249,129.773
572.831,275.217,159.167,130.958
575.669,278.509,161.627,129.393
575.617,276.652,158.587,129.914
579.107,276.865,159.413,128.535
582.401,276.081,159.080,128.320
579.898,277.345,161.144,128.372
585.459,279.234,157.413,123.136
583.021,278.903,159.165,123.865
583.074,278.191,157.990,123.520
581.609,278.659,159.815,123.833
581.285,276.673,159.559,125.141
582.318,276.484,158.773,125.567
580.290,275.048,159.033,126.036
582.018,276.091,157.620,125.221
578.715,273.607,157.867,125.630
579.728,274.618,156.525,124.620
577.172,274.212,158.320,124.458
578.063,272.641,158.235,124.639
574.658,274.451,158.830,124.672
574.642,271.458,158.153,126.168
576.610,271.137,158.735,126.679
577.026,271.173,155.481,125.763
575.482,269.661,155.859,125.739
574.795,271.365,153.997,124.483
575.206,267.526,153.086,124.971
576.514,269.391,152.756,123.649
576.066,266.137,154.149,125.096
575.863,264.550,150.086,124.749
577.057,264.110,151.776,126.430
576.690,260.721,150.187,128.245
575.826,261.438,151.430,127.483
573.892,258.925,150.700,128.780
571.612,259.581,150.586,129.883
570.724,257.448,150.715,130.366
571.528,257.169,152.267,130.182
571.516,254.037,148.777,131.397
571.514,256.072,152.006,130.147
571.060,253.047,146.994,132.138
571.662,256.452,146.318,127.989
569.969,252.750,145.560,129.420
567.876,252.445,149.630,131.227
565.773,251.789,148.972,132.028
566.002,249.958,149.567,131.430
564.539,251.391,151.990,132.336
565.940,250.115,148.985,130.878
563.365,251.632,153.679,130.536
562.698,250.760,151.694,129.970
560.960,252.427,154.805,130.296
563.064,250.647,152.609,130.078
560.431,252.046,155.313,130.356
561.017,252.926,154.856,130.061
557.333,255.046,156.370,128.505
554.204,252.359,160.293,129.864
552.698,254.153,159.718,129.420
550.087,254.249,164.068,127.781
545.796,256.951,165.778,128.854
546.044,253.986,166.823,128.142
545.378,255.827,167.251,128.346
540.850,253.941,173.767,128.648
536.870,254.580,177.153,127.419
537.995,254.587,180.560,127.302
537.192,255.352,179.061,126.752
537.126,253.836,179.018,126.380
537.061,254.331,179.615,126.858
531.676,254.587,183.673,128.862
526.713,255.908,189.075,127.994
530.655,255.221,186.378,128.323
525.718,254.826,191.617,129.425
532.668,256.441,191.046,129.674
530.753,254.355,195.898,132.810
527.214,257.375,193.348,130.399
528.666,257.515,194.751,131.097
529.762,254.168,193.584,133.175
527.929,256.882,194.638,133.811
531.985,257.122,195.356,134.504
534.120,256.032,193.806,135.707
532.085,253.495,193.902,135.685
532.870,252.733,195.425,136.213
530.840,253.442,193.365,136.209
531.236,256.299,191.176,136.242
530.925,256.103,190.440,136.659
529.746,256.484,192.258,137.356
530.787,254.365,193.441,136.879
528.848,253.301,191.027,136.451
524.567,250.558,192.218,134.394
529.009,249.717,189.861,134.884
532.149,250.516,189.262,135.508
530.373,246.496,189.276,136.243
528.843,248.137,192.145,136.940
529.178,245.425,188.468,138.308
532.126,243.831,187.086,139.920
533.854,242.027,185.238,140.010
538.562,241.601,184.438,138.017
547.138,242.106,184.912,137.101
548.736,244.102,176.492,134.849
556.858,246.204,176.806,133.327
566.514,247.899,170.672,131.061
576.590,250.174,164.723,130.691
578.116,252.358,170.394,130.376
568.808,248.510,182.092,130.707
556.736,246.347,195.300,128.963
531.409,246.546,215.367,128.916
517.055,245.399,237.905,127.952
512.815,246.295,260.491,131.274
509.289,247.018,290.295,133.393
505.160,247.549,306.410,135.317
502.529,246.784,311.548,134.384
500.596,247.308,332.803,135.941
498.835,247.355,341.030,138.045
494.139,246.858,347.843,137.048
497.324,244.947,353.676,138.353
494.319,245.522,354.219,139.859
495.755,244.671,355.171,141.900
497.776,244.767,352.069,143.616
504.466,243.184,349.196,144.903
509.299,243.568,343.588,147.370
526.121,244.833,349.938,150.523
526.062,247.112,331.941,149.068
528.696,250.398,315.483,144.793
523.881,252.595,313.412,139.704
535.718,255.501,305.882,138.296
541.373,257.953,293.131,138.316
557.531,258.675,278.882,138.575
558.265,261.656,273.703,137.310
565.384,265.433,258.631,136.167
573.174,266.452,246.062,136.229
580.543,270.052,230.540,133.300
594.122,269.201,213.587,131.401
606.747,268.631,197.511,133.635
617.416,269.760,188.600,133.716
627.679,272.052,174.605,136.350
632.406,274.447,175.212,131.317
642.482,272.915,171.053,131.665
645.504,275.158,169.866,129.667
645.725,278.183,162.979,126.414
650.354,280.863,158.242,127.047
651.113,280.804,157.906,127.762
648.370,279.528,159.741,126.234
646.629,281.108,158.549,125.209
652.192,283.489,162.107,125.839
653.549,285.239,162.848,126.127
655.434,285.593,164.116,127.576
658.327,287.157,164.126,127.563
663.821,290.233,164.706,128.510
662.805,292.945,169.318,129.305
665.784,296.056,170.196,130.677
667.277,298.917,172.583,129.943
667.159,301.436,174.315,129.529
662.505,302.635,178.947,129.785
659.921,303.832,182.522,127.462
661.955,304.696,186.074,128.008
662.967,306.572,187.192,128.774
664.190,307.801,187.220,130.589
666.164,308.447,182.825,131.607
669.816,309.534,183.414,131.091
671.108,309.758,180.959,132.057
671.050,311.356,183.788,132.247
670.885,310.804,183.257,131.550
673.690,311.458,181.062,133.163
675.273,311.605,180.976,133.083
678.222,312.168,182.337,134.136
675.563,310.536,181.958,132.791
678.310,312.040,188.509,132.620
674.631,309.729,184.380,133.610
677.269,311.329,186.651,134.444
676.983,310.424,182.510,134.893
680.682,313.601,180.945,131.401
679.446,312.845,180.055,132.927
679.916,311.920,183.247,134.638
679.664,312.148,184.504,134.784
680.679,311.762,184.097,134.116
681.508,311.002,183.596,133.418
680.808,309.308,184.958,133.755
680.584,309.861,186.812,136.803
679.568,309.638,185.031,136.982
681.930,309.285,186.339,137.091
682.279,309.278,184.882,137.524
680.664,308.695,187.078,137.000
684.125,307.136,183.640,137.675
685.882,305.822,184.033,138.966
683.541,305.218,184.127,138.551
684.146,305.636,184.055,140.495
686.682,304.455,179.618,140.349
689.244,304.871,181.768,141.526
688.518,304.348,178.985,141.609
691.685,304.573,181.921,141.527
691.261,304.074,175.589,140.415
696.991,304.213,179.927,141.227
692.295,303.701,181.051,139.224
693.939,302.930,180.802,137.587
692.686,303.668,183.381,137.862
696.491,303.078,181.258,137.626
704.910,299.050,181.854,138.411
712.607,298.206,180.576,140.077
705.827,295.985,178.764,138.788
697.311,291.684,184.885,136.572
695.379,290.430,182.339,135.805
701.115,288.564,183.439,135.199
710.767,288.053,178.564,131.925
714.033,285.923,179.253,133.563
710.114,284.279,180.868,134.111
705.759,285.430,182.543,135.604
704.592,286.713,180.633,136.810
696.922,287.948,182.005,138.320
686.610,291.116,182.386,138.212
671.624,293.322,183.134,138.440
654.378,296.575,184.053,137.729
637.838,298.869,184.490,138.802
624.230,301.804,185.580,139.324
624.470,302.494,185.831,139.532
632.213,303.959,184.575,139.798
642.372,303.321,186.837,141.284
650.990,300.032,187.243,141.722
659.391,296.287,187.772,142.726
671.448,291.669,186.871,143.221
683.940,285.683,185.052,143.079
697.080,279.205,185.111,141.985
708.073,272.220,186.925,141.703
720.040,266.277,186.182,142.961
725.382,261.818,184.021,143.189
731.847,258.048,186.215,143.621
728.606,254.686,186.421,142.756
728.697,252.436,186.135,142.144
726.639,249.318,183.750,141.410
727.719,245.023,187.407,140.522
726.973,237.842,184.187,139.773
731.704,233.579,187.622,138.690
735.504,230.871,187.300,137.917
738.331,230.424,189.593,138.229
746.646,229.902,187.558,138.485
749.536,236.419,184.540,134.838
757.414,239.734,183.962,135.086
761.726,245.014,185.086,135.946
765.719,248.659,187.134,138.057
769.666,252.690,188.178,139.417
769.400,256.006,188.292,140.352
769.448,259.493,187.015,142.209
771.692,261.916,190.644,143.182
780.487,262.116,188.714,142.836
785.507,265.112,189.285,143.218
785.785,266.409,191.198,141.930
789.331,268.827,190.454,140.398
788.446,270.692,192.056,139.636
789.448,273.463,190.908,140.255
786.975,275.591,193.474,141.388
783.233,276.678,193.534,140.105
781.021,278.701,196.316,139.628
781.702,278.054,196.665,139.256
787.132,279.232,195.875,140.361
790.775,276.600,196.352,139.022
795.218,276.653,198.781,139.477
791.700,276.303,200.462,137.360
792.297,274.864,200.798,137.764
792.646,274.183,200.377,136.513
787.975,275.177,203.300,136.152
791.992,274.467,199.298,137.262
786.388,275.518,201.640,136.037
780.731,274.838,202.118,137.443
777.501,276.542,202.647,138.693
772.812,276.889,204.101,136.717
771.833,278.490,204.402,135.528
772.760,279.265,202.670,136.530
774.682,284.371,198.521,133.915
779.236,285.174,197.281,133.656
778.777,286.419,199.333,134.111
775.752,287.322,198.926,135.051
771.902,287.484,198.743,134.317
765.004,287.187,199.509,134.444
763.868,283.992,199.255,134.139
761.999,283.861,196.380,132.331
763.972,282.256,197.950,131.606
760.827,281.500,197.538,133.011
758.525,282.760,198.650,134.505
759.566,284.564,198.888,134.302
757.210,286.871,200.875,133.439
758.588,287.341,202.659,133.454
756.416,290.150,203.447,133.860
760.232,291.022,201.491,134.020
757.991,291.452,203.115,132.742
761.171,292.285,202.384,132.904
763.428,293.096,203.616,135.196
761.935,294.232,202.554,138.114
763.206,293.074,203.099,138.958
764.155,293.434,205.257,141.473
765.758,293.472,206.103,140.916
762.914,294.040,208.092,140.438
763.833,293.779,209.303,139.903
763.602,295.083,208.984,139.804
761.461,296.005,209.333,139.383
761.271,295.752,209.604,140.194
762.899,296.256,208.237,140.701
762.201,297.887,209.258,140.500
759.202,296.269,210.347,138.132
759.633,295.551,208.934,138.475
763.055,295.700,202.660,135.496
765.211,294.123,206.538,134.544
765.948,293.544,207.857,134.327
762.657,291.928,205.391,133.551
758.522,289.699,206.110,133.254
756.283,285.946,207.609,132.531
756.191,277.440,206.859,132.770
755.124,270.033,210.676,133.384
759.526,260.294,212.399,134.107
759.848,248.688,214.548,135.839
758.112,241.479,213.167,135.000
756.181,233.498,213.960,135.630
752.494,227.702,212.163,136.699
745.655,224.155,213.437,135.369
739.952,222.871,214.883,135.059
733.606,221.507,214.263,133.888
725.940,222.070,212.951,135.627
718.967,222.716,214.888,136.817
707.942,223.816,214.524,137.574
700.473,225.631,216.275,137.929
690.361,227.995,212.539,138.529
683.869,230.464,214.445,138.786
680.641,233.292,217.139,139.312
676.959,236.761,217.803,139.620
673.558,238.983,218.066,139.508
669.026,242.325,216.538,139.896
665.630,246.206,219.100,141.428
671.469,249.574,221.305,143.940
672.903,251.669,217.820,144.190
671.028,254.765,216.954,144.526
673.497,256.930,217.658,144.832
673.114,256.429,217.276,145.579
670.843,259.889,213.136,142.397
673.407,261.297,212.314,143.598
672.264,263.914,211.518,143.691
674.309,264.504,212.134,142.507
673.541,265.257,212.451,143.504
676.454,267.212,213.789,142.014
676.456,266.770,211.931,141.174
676.560,271.524,215.054,142.311
679.280,271.761,215.567,140.740
680.131,273.940,212.654,140.585
681.885,276.597,212.929,140.721
681.001,277.186,210.863,139.568
681.204,277.921,211.364,138.952
680.314,279.167,210.184,138.520
679.236,279.382,211.327,138.968
681.023,278.969,213.750,140.622
676.008,278.769,211.634,139.456
673.648,281.772,210.009,141.191
673.372,281.717,210.019,141.622
669.257,281.571,211.357,140.686
666.953,281.354,210.323,141.245
667.342,281.822,209.561,141.190
664.697,282.386,208.870,140.522
660.261,284.655,209.832,140.909
655.952,283.792,210.682,141.945
652.837,283.239,210.657,141.526
652.012,280.997,210.860,142.885
649.397,280.250,211.557,143.149
646.730,278.184,211.251,143.321
646.905,276.139,215.661,143.085
646.302,274.579,218.449,142.824
641.619,272.631,216.281,141.328
639.956,271.075,215.635,139.704
633.831,269.911,214.678,139.543
635.196,267.281,216.654,141.566
628.664,266.991,213.890,141.297
627.089,266.155,217.122,141.230
622.479,267.534,218.478,139.756
618.563,267.911,220.855,140.506
615.435,269.102,221.310,141.897
612.962,267.533,221.921,143.406
607.956,269.222,222.949,143.421
605.441,269.757,223.378,144.684
602.169,268.325,225.856,144.275
605.431,269.144,228.687,144.739
603.868,268.660,232.770,147.740
600.527,269.556,230.466,148.172
599.437,269.983,232.135,147.791
597.778,271.605,232.766,147.589
595.712,272.416,233.076,147.573
596.229,270.591,230.957,145.558
597.496,273.605,233.048,145.432
596.016,273.795,232.132,145.406
597.359,274.155,232.317,144.160
597.306,274.219,232.622,146.047
596.901,274.272,233.020,146.006
597.022,274.064,232.243,147.146
598.003,274.738,233.660,147.333
596.305,274.319,232.197,147.648
598.262,275.150,232.485,145.853
597.418,275.742,233.267,146.851
597.478,275.710,231.225,145.239
598.566,276.559,233.298,145.532
598.913,276.730,233.073,144.905
600.080,276.526,228.538,142.563
604.529,275.861,228.974,144.398
605.497,277.647,229.355,147.270
605.333,278.258,231.207,147.484
602.594,278.807,231.144,147.699
600.935,278.081,231.720,147.268
603.172,278.416,232.913,147.569
604.667,278.371,233.998,146.776
607.038,278.464,235.328,148.162
604.667,281.693,233.372,147.402
608.619,280.865,233.126,147.232
607.419,282.700,232.481,147.394
607.245,280.628,230.925,148.019
607.343,281.040,230.916,148.544
609.237,282.892,234.265,150.418
609.265,282.902,236.499,152.251
608.464,284.385,239.025,153.119
609.499,282.962,241.156,154.158
608.549,284.375,239.101,153.171
606.715,284.195,237.848,153.243
607.036,284.102,243.086,152.636
607.363,285.123,240.901,153.523
605.738,283.142,243.456,153.197
605.785,286.550,247.896,154.514
607.305,286.180,243.359,156.396
608.097,287.299,243.645,155.580
607.795,288.234,245.743,156.111
610.972,288.335,245.846,158.162
606.767,289.252,245.725,156.458
609.582,288.187,250.366,158.008
605.620,287.881,246.709,156.104
607.503,287.159,251.395,156.688
608.727,289.597,244.664,153.487
611.129,287.035,246.183,156.467
612.168,287.683,249.424,157.727
610.469,287.874,251.329,157.973
608.003,287.784,248.945,158.348
607.953,288.144,250.893,157.469
605.394,288.376,252.479,157.077
604.725,286.860,253.819,157.391
603.645,287.652,253.551,157.335
603.679,288.680,252.400,156.955
599.495,288.227,249.942,155.306
602.295,287.896,253.960,157.638
598.115,288.031,249.552,157.673
599.676,287.325,253.544,159.698
600.281,287.502,250.747,158.783
595.697,288.520,249.058,158.724
597.930,290.459,255.803,158.869
598.561,286.565,254.300,162.676
596.509,289.023,255.608,160.640
600.502,286.796,257.874,161.363
592.581,287.314,256.355,159.796
593.338,287.027,254.534,157.784
591.361,287.454,256.570,156.356
592.801,287.805,259.519,156.477
590.568,285.918,254.633,157.749
595.282,286.354,259.035,159.061
594.280,285.652,250.192,157.805
598.589,287.254,257.426,160.653
597.397,286.196,248.417,160.385
601.840,285.089,255.747,159.845
596.832,285.796,244.560,161.044
602.421,286.762,252.801,159.261
606.084,284.197,251.010,156.998
610.606,286.264,253.927,159.381
607.825,286.203,243.068,159.398
611.457,287.186,254.563,160.824
611.883,286.387,245.414,161.567
612.618,288.184,253.302,161.641
614.459,286.767,249.139,163.358
613.003,288.287,255.389,163.558
616.744,286.653,248.091,165.261
614.587,287.347,248.485,163.667
615.104,287.470,251.813,163.913
615.996,289.031,256.314,164.884
618.756,287.682,251.670,167.333
621.450,287.934,256.196,167.034
625.574,288.355,256.082,169.592
627.323,288.211,251.995,170.129
628.363,289.138,258.902,167.036
628.237,291.548,255.209,168.160
634.332,290.801,257.776,167.532
627.152,292.746,251.288,166.506
626.843,294.929,253.228,162.621
627.282,296.652,250.257,162.273
630.916,296.984,249.064,162.838
630.210,297.111,248.564,162.658
633.431,299.521,251.043,164.055
636.291,298.426,252.000,164.209
639.293,299.840,252.849,165.373
640.493,299.894,251.044,166.204
637.825,300.060,247.717,166.969
635.323,303.852,244.237,163.512
636.179,304.917,246.712,162.745
632.395,304.150,248.773,164.111
635.228,306.114,247.609,160.624
636.010,304.795,242.457,161.632
633.819,306.643,241.776,160.232
634.480,308.521,242.453,160.910
632.852,310.369,246.040,160.987
633.368,311.181,248.248,161.655
631.253,311.248,248.240,161.125
632.510,311.048,246.482,160.694
630.509,311.458,247.031,159.870
628.606,312.381,250.775,158.826
626.902,311.365,253.600,160.109
629.169,312.573,253.267,160.338
625.469,313.373,251.912,159.765
628.757,315.877,254.845,159.083
628.907,312.195,246.151,160.800
629.997,317.691,252.763,161.909
629.747,314.563,249.592,162.430
629.823,315.491,248.894,161.877
627.836,315.778,250.515,161.610
631.166,317.845,250.090,163.347
627.396,316.219,249.524,161.508
632.037,319.840,251.717,164.355
627.328,317.581,250.642,163.966
626.779,315.594,248.257,161.829
622.584,317.165,252.604,161.187
622.246,314.695,245.645,158.534
627.753,317.490,249.488,159.609
626.374,314.596,244.147,161.332
628.295,316.090,246.626,162.836
626.753,315.215,242.279,160.949
627.493,315.218,246.499,164.466
621.423,311.505,241.311,161.648
621.607,311.756,234.261,158.292
617.718,311.866,228.240,159.037
611.369,309.563,212.746,159.514
608.806,311.152,185.265,157.611
609.745,312.379,163.223,148.672
606.714,313.892,150.580,141.161
606.709,313.774,148.451,138.010
603.406,315.021,148.800,133.559
602.099,313.690,150.131,129.368
600.181,312.717,149.402,126.324
599.601,312.365,152.023,125.540
596.381,311.361,152.699,126.235
601.693,314.285,156.382,127.198
600.458,313.224,151.294,125.227
599.310,311.867,152.276,125.083
598.556,310.591,154.043,127.282
598.702,310.627,152.507,127.608
599.164,312.231,155.567,128.120
600.596,313.362,155.461,128.033
602.430,313.664,155.034,129.157
605.782,313.317,155.637,128.950
604.507,313.000,156.278,128.048
603.849,311.639,158.830,126.967
603.354,310.229,159.748,127.211
601.025,309.068,160.478,126.495
599.168,309.310,160.107,127.220
599.312,307.400,165.102,127.213
601.277,307.967,165.090,127.229
602.234,308.013,167.566,127.203
604.445,307.182,169.602,127.122
605.989,308.426,170.092,126.281
604.840,307.540,171.048,125.342
607.264,309.450,168.998,123.833
609.136,309.457,171.243,124.853
610.637,307.710,173.975,124.804
611.305,308.417,176.308,126.856
609.936,307.573,173.678,128.998
610.377,310.437,175.253,128.332
612.008,309.442,177.571,126.273
607.932,308.581,178.624,125.416
605.740,308.132,188.004,124.754
599.239,306.177,184.649,126.445
603.275,307.510,194.384,126.694
604.673,306.180,189.725,126.613
605.205,306.906,190.152,125.838
604.080,305.904,192.389,126.404
605.672,305.496,191.259,127.378
603.357,304.588,193.271,127.088
605.161,306.646,194.832,126.318
605.978,304.632,196.420,127.335
602.481,305.906,199.492,128.164
600.421,305.161,202.410,127.619
600.003,303.744,205.734,127.472
602.993,302.422,210.991,129.981
606.082,300.730,216.892,133.378
606.380,299.779,218.626,136.652
607.502,298.908,225.537,138.943
605.250,295.899,239.137,144.709
610.708,295.960,250.567,150.361
613.691,294.715,260.386,152.949
613.399,292.863,263.388,154.958
614.058,290.764,267.110,156.624
613.433,288.895,264.596,158.488
612.716,288.810,267.392,157.281
615.738,289.685,257.217,154.777
609.683,287.802,261.553,154.548
601.073,287.178,266.005,155.157
601.677,285.817,266.254,153.953
607.380,283.144,264.523,155.181
608.181,281.448,266.793,154.908
609.586,279.938,268.202,156.661
612.573,279.021,266.271,156.873
612.804,277.560,265.410,156.815
619.585,277.470,263.209,158.441
611.164,275.987,258.188,155.201
616.248,276.784,257.673,157.475
615.311,274.058,259.171,156.409
621.030,273.523,260.022,157.338
620.154,273.067,263.335,158.806
616.406,271.016,263.649,157.709
619.963,271.656,262.322,159.803
625.106,271.339,262.022,159.847
625.091,272.657,254.669,159.781
622.123,271.512,255.624,159.211
621.422,270.166,255.173,161.347
623.672,271.405,253.873,161.959
620.894,269.526,252.158,162.307
619.339,267.586,251.653,163.753
619.598,269.334,252.322,162.755
616.331,268.767,249.799,160.894
610.813,268.429,251.147,158.967
617.309,267.776,243.503,159.233
611.413,268.705,243.561,158.297
611.632,267.329,236.672,155.173
613.385,265.539,225.414,150.861
607.868,267.428,212.910,146.203
620.566,270.485,186.330,141.296
618.526,269.617,187.519,139.237
618.903,269.535,189.812,137.773
617.186,269.217,187.764,135.138
618.531,265.663,191.201,135.220
618.245,266.833,192.408,135.543
616.647,266.793,196.508,133.094
622.238,267.057,195.648,133.353
619.561,266.428,191.226,133.121
625.159,267.430,192.639,133.223
623.593,266.035,190.406,134.261
625.625,268.330,191.122,134.388
625.285,266.120,190.421,133.934
629.445,266.667,189.743,134.180
627.117,267.841,187.412,133.796
632.507,269.181,191.143,132.763
627.081,268.861,187.538,132.851
631.656,268.126,191.573,133.039
626.434,268.251,187.983,134.847
630.451,266.774,194.246,134.502
625.694,268.674,187.437,134.629
628.889,265.728,197.342,134.547
627.410,267.103,186.880,134.097
628.868,268.834,194.488,134.860
626.508,269.296,188.321,133.711
621.692,269.322,189.299,132.925
623.736,269.537,198.199,132.663
623.338,269.249,187.761,131.560
620.526,269.050,198.347,130.688
620.017,270.667,196.580,129.577
617.483,271.569,196.967,128.531
616.333,272.066,200.101,127.427
617.040,273.041,192.721,125.276
624.339,272.971,195.849,125.747
624.540,271.329,190.879,127.782
627.980,274.541,188.975,127.982
636.097,272.466,183.136,128.162
641.304,272.364,177.982,126.756
645.101,272.250,168.279,126.921
655.030,273.050,163.933,124.943
661.905,274.115,153.273,125.405
667.587,272.880,150.252,122.025
665.604,273.143,146.035,123.331
666.024,272.574,147.194,120.993
667.333,271.816,147.134,120.064
668.880,270.353,145.861,120.251
670.808,270.795,145.773,118.614
669.379,270.632,144.725,119.416
672.373,270.425,145.485,118.362
673.095,267.549,143.587,120.306
674.932,269.081,147.571,119.502
675.139,267.394,147.382,120.769
673.577,267.538,151.237,120.558
671.642,266.860,153.493,121.158
673.308,265.938,155.860,123.226
673.684,266.844,159.765,125.649
673.196,268.128,162.679,125.609
671.206,267.118,168.279,128.975
671.634,266.602,170.769,128.841
670.906,266.669,172.381,126.322
671.994,265.166,172.721,128.550
672.748,267.306,173.913,127.428
672.997,266.224,171.657,126.678
674.346,265.693,172.750,127.373
677.274,269.137,168.667,125.954
676.003,266.391,173.241,127.213
677.845,267.832,173.221,128.537
673.734,265.543,179.284,130.230
679.707,267.185,177.069,128.399
676.261,267.886,180.818,127.827
680.470,269.303,179.265,127.771
678.809,270.343,182.834,127.267
678.766,270.309,182.608,128.365
679.479,272.110,183.433,126.475
675.820,270.709,181.433,127.665
677.303,272.579,177.542,127.971
680.407,273.366,182.118,128.729
681.506,275.672,182.088,128.411
676.600,275.236,187.176,130.981
679.206,278.478,188.744,131.131
679.538,278.486,187.924,133.198
677.925,279.693,189.543,131.253
676.274,277.880,190.579,130.156
679.416,281.409,190.839,129.719
679.271,282.059,189.857,131.575
675.971,283.708,190.632,130.638
676.469,284.077,191.765,129.690
675.056,284.480,195.507,128.243
677.092,284.048,193.341,128.752
675.523,284.143,197.001,128.955
673.623,283.860,197.549,129.483
671.502,285.692,197.587,128.775
670.544,285.658,196.977,127.821
667.010,283.910,196.592,128.764
663.813,285.177,198.532,128.506
664.041,283.835,203.691,129.494
664.958,286.662,199.046,127.025
662.675,284.168,201.866,129.695
660.430,285.351,202.044,129.380
660.563,286.203,203.921,132.301
657.949,286.115,205.898,132.118
657.781,284.678,207.251,134.852
657.267,283.867,208.062,134.223
660.532,283.770,206.451,135.304
662.516,283.054,208.190,135.241
659.300,281.418,208.335,136.590
660.906,282.000,205.957,137.136
664.191,281.794,205.663,135.791
659.073,281.439,199.071,137.865
661.818,282.275,196.813,135.816
660.315,281.117,192.504,134.374
662.975,282.035,194.792,133.125
665.161,279.864,190.148,134.269
663.637,282.156,193.507,133.809
665.301,281.979,188.031,136.480
667.655,283.477,189.101,133.045
662.906,282.048,189.129,133.766
664.340,281.759,193.114,132.223
662.992,282.950,191.336,133.353
663.274,282.133,192.442,131.287
660.991,283.726,188.138,131.990
663.073,283.161,192.750,130.676
658.683,284.550,191.194,132.957
659.078,285.914,193.396,131.133
655.443,283.975,190.670,130.627
661.646,285.758,194.654,132.117
654.573,283.837,192.510,134.584
660.380,285.240,193.580,132.939
654.742,285.745,186.755,130.816
658.472,285.198,186.999,129.609
655.359,284.468,185.425,131.611
660.316,284.317,186.365,130.992
657.332,286.271,186.968,130.717
659.258,285.663,186.388,132.650
656.765,285.292,188.706,132.523
658.811,285.581,187.026,131.714
660.101,286.786,189.812,131.462
662.925,287.739,189.151,133.877
661.021,287.388,186.242,135.780
662.521,290.047,187.183,133.011
658.309,288.818,186.301,134.926
662.217,288.832,188.645,134.097
658.602,290.622,189.221,137.619
662.765,290.736,192.091,136.193
656.814,289.823,185.058,137.932
661.613,293.552,188.649,135.455
658.515,292.628,187.597,137.633
658.346,294.375,190.736,135.793
656.908,295.481,191.235,137.666
661.282,295.388,195.637,138.038
659.367,295.358,190.094,137.600
657.624,297.251,191.254,138.431
661.269,297.709,194.543,139.216
656.043,297.645,193.927,139.758
661.629,299.831,196.752,139.710
657.753,299.921,192.178,140.496
663.961,300.509,196.242,138.873
658.823,302.668,193.708,138.908
664.017,303.470,196.084,139.207
660.878,302.387,192.630,138.888
663.226,307.329,188.514,136.395
663.920,305.727,189.520,136.747
662.717,305.288,191.538,137.864
667.380,306.827,191.259,138.051
660.382,305.767,192.335,140.123
670.139,306.265,192.510,139.576
662.536,307.950,191.997,139.135
665.983,307.306,194.242,139.420
661.697,308.667,193.382,140.066
662.003,306.731,194.561,140.260
657.202,308.038,192.103,140.847
661.908,309.250,192.056,139.083
656.646,307.533,191.780,139.723
660.781,306.881,191.202,138.342
654.633,306.681,190.753,139.523
661.505,306.848,192.781,140.313
653.582,306.375,189.513,140.104
659.096,307.507,192.430,137.837
652.491,306.412,188.905,138.707
658.407,305.780,192.345,138.057
652.489,305.592,192.026,138.185
653.468,305.333,193.461,138.940
651.276,305.561,195.224,140.382
653.038,305.447,192.973,139.909
649.328,306.787,194.040,141.173
648.038,306.336,196.818,140.889
646.385,305.900,197.583,141.442
647.312,304.259,198.489,142.471
644.019,306.970,199.838,141.384
646.295,303.250,202.309,141.876
641.146,306.277,199.523,140.741
644.438,305.124,200.835,142.210
643.292,306.224,192.563,137.884
646.202,306.547,198.049,138.016
640.397,306.112,193.597,137.557
647.795,307.720,200.312,141.366
636.665,305.062,198.152,140.151
648.063,306.299,202.776,142.057
638.303,307.945,200.804,139.672
644.846,306.785,194.395,140.011
641.482,306.807,195.107,137.398
642.100,306.250,195.194,138.658
641.879,305.841,193.492,138.005
640.220,307.302,193.536,138.699
646.672,306.996,198.225,139.022
640.651,307.506,197.664,138.269
650.580,308.229,194.854,139.702
634.265,308.024,199.159,138.329
652.511,309.286,201.765,141.791
641.695,309.874,204.202,139.052
651.130,308.338,194.664,139.761
643.360,310.039,195.334,138.661
653.457,311.432,195.556,140.238
643.642,310.973,197.694,138.127
651.110,311.755,191.746,139.525
642.208,310.280,194.009,135.520
653.521,315.832,195.229,137.420
646.317,314.275,196.828,135.518
652.892,314.968,192.216,136.304
644.212,314.531,193.443,135.073
655.439,315.038,197.421,137.276
643.630,314.307,202.780,137.537
657.403,315.151,195.256,138.168
646.912,314.474,206.093,137.992
660.711,318.732,196.661,136.770
648.330,316.602,198.271,138.344
660.772,318.338,190.425,137.896
653.945,317.957,195.512,138.118
655.300,319.840,190.573,136.959
651.517,319.850,188.141,134.917
656.672,323.326,187.169,136.477
652.751,322.850,185.497,133.727
656.566,324.517,187.322,132.950
651.721,323.448,184.978,132.244
657.687,327.356,187.124,133.275
654.832,324.675,182.559,131.969
657.285,326.616,184.772,133.897
655.381,326.530,179.602,131.797
657.911,327.618,188.977,134.243
653.357,326.012,186.283,133.983
653.518,327.254,183.814,136.269
653.605,328.492,182.911,134.540
652.631,329.593,181.506,133.541
653.690,330.120,180.556,133.112
653.899,330.832,180.334,132.910
654.554,333.341,179.329,133.076
654.081,334.571,178.878,133.819
653.896,335.115,178.823,132.726
651.491,334.099,179.922,132.534
650.475,334.302,177.407,133.137
648.537,334.869,176.101,132.696
644.185,335.078,176.966,132.062
636.984,334.905,178.792,130.223
630.693,333.339,180.039,129.415
620.558,332.418,180.717,130.617
619.504,333.649,184.318,130.551
612.246,334.230,176.853,129.444
611.065,334.213,178.214,130.323
608.042,331.514,176.881,131.734
606.910,332.956,175.825,132.967
602.706,332.671,176.122,131.385
600.851,333.689,174.871,130.987
599.870,334.117,174.884,132.815
599.034,334.896,175.102,132.615
597.204,333.652,177.954,132.440
594.724,333.597,177.908,132.336
592.968,333.486,179.538,131.585
591.768,332.796,180.236,132.355
589.657,332.833,181.177,132.370
589.758,332.323,181.628,132.862
589.472,333.069,182.564,132.202
588.132,333.166,183.752,131.194
589.695,334.935,185.527,131.808
588.637,335.577,193.875,135.280
585.629,335.266,192.005,133.057
585.891,339.299,192.894,134.715
588.055,340.262,191.707,131.664
591.545,343.958,192.268,133.235
592.449,344.477,193.400,133.768
597.785,345.312,198.199,134.644
596.098,344.979,205.286,133.559
599.322,346.537,204.205,131.452
604.805,350.663,206.982,132.021
606.734,353.884,212.073,135.769
614.230,355.416,217.536,132.751
617.531,356.699,232.447,138.548
618.326,357.091,238.489,140.469
619.813,357.177,252.915,143.549
617.213,356.711,265.694,144.176
616.778,355.829,287.185,149.231
614.036,351.349,330.995,155.672
606.103,352.669,370.257,161.924
599.617,348.807,376.512,161.316
599.587,350.391,384.104,167.164
600.182,348.561,395.107,173.628
600.825,346.977,397.194,172.496
596.415,345.406,395.296,169.096
601.895,345.976,394.251,169.946
605.987,346.563,385.895,167.205
604.772,343.510,379.426,168.523
601.789,344.705,377.776,165.927
602.362,347.239,374.642,160.910
607.960,349.981,369.575,158.226
617.645,348.272,360.834,159.419
614.167,347.620,366.548,162.104
617.812,346.417,366.457,161.532
613.794,346.763,368.267,161.732
610.654,346.406,369.399,161.831
613.094,348.356,367.865,162.291
609.273,348.988,369.118,162.031
618.264,349.264,366.738,163.141
611.685,350.732,370.742,162.505
612.987,349.167,371.336,161.551
609.174,348.509,374.063,161.820
610.451,348.395,377.803,162.207
609.383,348.703,379.667,160.545
610.505,347.951,379.623,162.175
611.854,349.414,381.598,162.054
611.875,347.728,376.923,162.508
615.440,349.506,381.770,161.485
616.632,350.015,371.788,157.953
614.934,345.958,375.254,158.603
625.493,349.468,375.549,160.736
616.658,346.722,378.369,157.620
629.318,349.385,368.922,162.848
616.611,346.440,370.600,162.236
628.916,346.640,365.040,167.291
618.032,347.629,369.223,165.426
623.929,347.763,370.565,167.696
612.107,348.459,375.491,164.389
622.396,349.132,376.739,167.334
613.146,349.064,380.939,164.869
623.577,349.055,376.923,166.744
617.896,350.351,383.321,165.222
620.288,351.647,385.585,164.475
617.738,350.087,385.132,161.320
620.331,355.104,390.724,163.780
614.107,350.980,387.046,165.764
631.771,351.177,386.983,166.822
618.353,353.844,394.329,163.829
626.816,354.932,391.086,162.825
616.854,356.507,392.665,162.277
631.215,352.961,380.921,165.472
625.800,356.431,390.244,161.294
626.235,354.588,380.733,164.241
629.039,357.044,382.754,164.484
629.482,354.518,379.077,165.595
630.723,357.693,384.933,161.160
631.219,358.152,382.633,161.668
628.255,357.459,384.235,163.633
631.876,358.488,383.629,165.527
636.626,360.095,385.848,163.612
640.324,362.255,383.726,158.869
633.110,361.407,388.144,156.683
639.050,364.144,383.589,158.670
633.430,364.575,388.541,159.524
633.820,365.490,385.770,160.350
638.334,364.726,379.309,160.434
631.459,364.738,385.561,159.442
643.811,364.059,373.764,163.040
639.362,366.892,375.891,160.357
636.629,365.196,376.733,160.630
639.367,367.549,374.819,159.867
631.601,365.580,376.697,158.094
636.179,367.524,370.747,157.481
630.903,367.182,377.742,155.665
632.976,366.471,372.797,158.009
628.098,367.278,378.579,155.008
628.256,365.609,376.088,157.899
628.274,365.446,376.909,156.387
625.084,365.269,373.441,157.300
628.986,365.408,375.803,158.537
628.087,364.436,374.943,158.771
628.595,363.716,375.001,158.802
623.543,364.992,375.931,158.990
624.588,362.491,377.633,159.760
621.523,361.878,377.050,160.998
620.518,361.635,381.625,159.429
616.328,360.230,381.569,160.293
623.409,359.720,380.054,159.312
615.661,360.141,375.206,159.198
619.119,359.247,378.842,157.089
614.393,359.211,373.915,159.528
626.519,358.427,373.063,156.989
625.821,359.804,362.428,151.340
622.431,358.386,359.434,153.199
624.275,358.675,367.195,154.545
622.941,357.382,362.710,155.666
622.218,356.420,364.546,153.303
624.358,356.611,359.320,152.557
617.389,356.150,363.004,152.418
619.496,354.962,367.340,153.624
620.016,353.864,362.625,152.155
620.970,352.889,365.455,153.866
614.761,353.754,369.096,152.095
619.220,349.322,366.991,153.631
607.911,350.676,374.417,154.091
618.069,348.512,375.809,156.640
608.187,349.592,373.986,154.233
622.679,348.116,370.117,154.939
609.705,349.707,373.955,151.823
617.609,347.104,362.733,153.736
609.669,348.390,366.654,153.376
623.388,347.572,361.609,155.962
608.760,350.085,368.657,152.096
620.522,347.362,351.937,153.778
613.795,349.088,365.821,153.802
620.453,347.125,350.769,151.427
610.698,351.628,366.735,151.453
621.627,348.364,351.553,150.585
609.224,350.131,366.872,148.425
615.243,347.312,353.688,149.033
613.123,349.750,357.252,154.915
623.670,349.587,355.907,152.969
611.048,352.354,359.083,152.229
626.364,349.616,352.400,153.638
620.650,355.882,351.251,149.727
624.827,354.262,350.677,150.411
618.498,354.836,354.305,148.915
622.694,356.605,348.808,150.534
618.920,358.616,353.126,149.342
618.155,359.878,353.256,149.679
621.510,361.562,352.719,148.647
619.412,362.340,348.029,146.332
626.275,362.151,343.594,148.061
618.996,364.061,347.920,146.753
622.464,364.177,345.909,145.230
617.057,363.980,346.298,147.691
621.394,364.198,347.598,148.918
617.231,366.720,351.902,146.496
628.942,365.100,344.389,147.086
616.152,366.383,345.379,147.246
625.440,366.562,340.035,151.283
620.474,370.511,346.007,148.858
615.339,368.709,344.682,148.302
611.599,370.469,347.503,149.407
606.025,368.519,351.319,148.293
607.783,370.917,351.760,147.965
608.629,366.530,347.382,147.660
605.731,370.975,346.588,150.886
613.170,369.344,346.904,149.725
609.855,369.788,338.263,149.522
610.291,370.311,339.618,149.945
608.198,370.071,342.749,150.670
604.089,371.047,349.223,148.331
599.835,367.770,347.769,148.807
604.305,367.734,347.534,148.678
600.746,368.666,346.115,148.124
600.704,368.366,343.909,146.000
596.974,365.774,343.042,149.563
596.112,366.157,351.456,154.051
598.594,364.157,348.065,151.386
588.762,368.157,351.287,152.643
601.859,366.573,350.209,153.830
593.886,367.680,343.918,148.850
594.914,367.094,348.903,151.408
591.829,368.863,351.114,151.445
595.350,366.061,347.151,151.790
595.268,368.353,347.655,152.546
599.312,367.902,346.957,151.697
595.771,367.168,345.848,149.745
600.531,368.122,349.102,150.720
592.679,368.438,350.663,146.021
591.611,365.160,342.427,151.242
597.725,367.393,348.160,151.548
593.230,368.361,344.546,150.038
595.805,368.970,351.173,149.044
595.408,370.698,343.841,149.491
598.142,369.984,347.853,149.611
594.679,370.224,341.963,147.777
601.750,370.820,346.650,149.048
598.347,369.931,344.690,147.597
600.467,371.214,342.279,148.442
603.947,371.027,340.785,149.420
604.861,369.498,340.523,149.302
606.481,371.281,337.224,149.213
611.917,372.076,336.895,151.419
609.686,371.839,334.278,148.606
609.185,374.561,338.409,150.230
613.786,371.163,335.335,155.101
613.951,372.188,330.634,150.482
610.667,371.599,334.621,152.637
609.304,375.226,332.263,153.585
617.378,373.212,327.220,153.179
607.349,372.797,337.614,153.075
611.864,375.720,336.069,154.823
612.761,373.949,336.934,155.447
609.453,375.525,336.331,154.480
622.704,376.573,331.630,155.859
610.636,375.131,336.421,152.572
608.699,377.114,337.679,153.617
620.019,377.413,333.817,154.417
610.527,377.505,338.274,149.296
606.620,378.043,332.672,150.599
618.250,380.797,332.807,153.531
608.758,379.279,332.148,152.030
610.712,379.214,330.237,153.212
615.064,378.846,331.266,154.282
605.795,379.985,336.597,150.337
611.385,379.839,332.080,151.740
609.439,377.283,334.170,150.279
602.033,377.126,337.020,151.126
613.789,376.901,332.759,151.433
602.592,377.468,348.611,150.555
608.626,375.619,342.662,152.062
591.669,375.428,350.935,148.803
596.592,375.590,337.896,150.045
606.821,376.433,335.508,152.426
595.690,374.556,337.246,151.313
606.470,375.874,332.436,153.435
596.033,372.613,338.763,150.587
599.288,374.142,338.879,152.528
605.640,372.511,328.376,151.789
599.509,373.485,338.236,151.144
605.727,371.266,331.132,155.023
598.794,372.518,335.798,151.480
605.659,370.073,334.815,153.708
592.740,371.836,340.363,149.448
603.436,372.055,336.650,154.396
598.257,370.848,342.173,149.394
595.313,370.093,341.498,150.524
598.754,367.846,344.855,153.411
592.118,367.770,347.354,146.257
597.415,367.979,340.544,150.024
592.191,371.136,345.257,147.997
596.332,365.693,337.441,151.020
600.509,367.777,335.491,149.341
600.769,367.433,333.660,147.049
599.472,366.490,331.826,148.403
599.968,366.344,332.440,148.788
597.724,365.917,332.090,148.075
599.862,365.104,330.461,150.328
599.501,364.896,331.471,150.081
597.543,365.959,332.078,150.031
599.177,363.909,329.892,151.496
597.257,362.785,333.915,151.950
605.745,361.766,324.634,151.793
607.838,365.155,322.547,148.511
618.607,364.210,310.822,148.708
622.916,367.937,308.244,146.890
625.580,368.467,306.660,147.919
620.234,368.586,307.436,145.415
629.075,369.772,301.250,146.325
622.883,370.299,304.658,143.893
631.159,372.077,291.782,142.525
627.671,372.535,294.066,141.061
634.853,372.877,291.314,142.755
628.440,372.862,290.468,141.918
635.198,372.287,282.109,143.517
629.711,372.589,282.631,144.193
639.448,371.816,283.750,150.127
635.288,373.748,283.504,149.745
638.317,374.662,280.265,147.356
643.094,375.158,274.638,146.749
640.879,375.970,274.655,145.805
642.520,376.015,275.791,146.349
644.315,378.028,275.921,148.092
646.712,378.259,275.450,147.018
647.519,377.126,271.212,146.707
650.945,380.777,267.889,145.986
650.083,378.703,265.792,146.187
654.259,380.882,260.396,147.575
655.887,380.288,257.143,147.887
660.216,382.459,249.538,146.995
659.461,383.961,247.550,145.564
658.175,384.162,244.906,145.314
660.282,384.370,241.456,145.929
660.641,383.954,241.665,145.324
662.105,383.404,238.102,143.993
662.458,385.632,236.442,143.780
666.906,384.264,236.365,144.312
663.867,386.996,233.273,145.146
665.756,387.748,233.916,144.803
668.287,388.133,232.102,143.573
667.523,389.168,228.017,144.465
665.779,388.837,228.116,144.567
667.861,390.598,220.176,143.593
669.246,389.153,220.115,147.800
672.223,389.414,216.335,146.938
674.738,389.736,213.953,148.870
673.373,389.656,212.770,147.689
673.750,392.049,210.410,148.968
673.053,391.293,212.259,147.981
671.208,390.528,209.236,151.385
667.879,390.334,210.247,150.595
667.532,389.580,209.661,151.960
666.630,388.891,208.668,152.920
664.219,389.706,207.069,152.900
662.039,390.062,206.423,153.074
662.457,388.088,204.415,152.619
661.092,387.447,203.753,153.385
661.293,388.038,203.759,154.443
658.862,388.901,204.865,153.806
656.932,389.010,205.550,153.238
656.125,388.427,206.150,153.881
654.921,388.815,207.330,154.275
654.132,387.524,209.702,153.773
654.172,389.508,211.973,155.488
652.329,390.656,210.673,155.686
649.940,391.267,212.240,154.212
650.745,392.538,213.344,152.532
649.933,393.950,214.142,152.769
652.769,389.933,210.699,152.038
649.850,391.757,213.040,152.561
651.569,392.742,214.596,153.528
651.568,392.408,216.676,151.206
653.507,391.741,214.354,151.109
650.683,390.713,212.482,151.409
654.257,393.944,205.192,146.944
655.164,390.546,205.502,150.087
655.234,392.276,207.976,151.181
656.534,393.277,210.408,153.791
656.887,392.941,208.758,153.417
655.813,391.952,206.669,154.070
655.391,394.228,206.062,153.027
657.401,395.930,205.719,150.681
658.957,394.796,202.814,151.373
659.552,396.505,204.816,150.853
660.726,395.385,204.162,152.692
658.310,395.936,204.923,151.022
658.894,398.980,205.210,152.307
661.437,399.259,204.106,152.821
660.786,398.389,202.236,150.050
658.145,398.563,205.982,149.622
660.302,398.960,205.058,148.862
663.204,399.935,202.305,150.358
664.834,399.875,205.970,149.866
664.889,399.526,203.649,150.573
662.140,399.874,196.116,150.776
665.403,400.809,192.234,152.283
667.365,399.886,185.926,154.765
668.858,400.519,180.507,152.954
670.220,399.320,180.811,152.799
672.209,399.178,180.816,152.116
672.913,397.737,180.183,152.113
671.472,397.864,178.702,152.167
672.737,397.485,177.926,152.610
673.636,396.891,178.347,153.238
674.886,394.117,176.282,156.252
676.079,393.459,178.196,155.738
680.644,391.020,174.244,153.452
680.812,389.650,177.357,152.365
680.647,388.203,176.809,153.258
680.413,388.763,177.827,154.537
680.263,387.087,175.668,157.604
679.612,385.099,177.737,160.285
677.317,385.552,175.686,159.704
679.947,379.326,172.498,161.025
679.908,379.943,174.166,157.762
677.195,375.958,173.027,161.169
677.158,376.551,177.551,160.146
676.547,371.720,179.012,162.007
673.182,373.209,182.148,160.281
673.552,367.823,182.359,161.409
668.622,369.406,184.119,157.137
670.835,364.795,177.800,158.434
670.016,365.266,179.243,157.775
670.705,364.479,181.117,158.951
666.456,365.070,184.937,158.817
663.919,364.459,188.358,159.615
664.394,360.893,190.008,160.767
664.082,361.591,191.099,158.977
661.400,361.010,189.369,158.030
660.307,360.309,185.286,156.075
662.958,361.005,184.085,160.794
664.170,357.586,178.404,160.653
659.811,358.493,181.499,159.349
665.292,352.422,177.837,162.197
662.653,356.418,181.315,160.871
668.294,352.673,177.741,159.674
668.053,355.460,180.698,159.765
663.964,354.769,179.449,159.639
670.197,355.951,174.740,157.054
668.619,356.152,178.356,157.617
668.498,354.730,177.921,160.161
669.728,355.630,179.077,160.862
668.356,356.990,178.367,159.070
669.397,357.411,177.548,158.922
669.293,355.977,175.652,160.297
669.342,357.288,177.945,160.853
669.760,358.018,178.234,161.425
674.993,354.651,178.504,162.193
672.826,359.074,179.914,164.118
674.678,358.409,180.178,164.796
672.205,359.595,181.762,165.217
676.222,357.512,181.934,165.831
676.285,359.461,182.706,164.120
678.875,359.034,182.572,163.029
682.286,360.654,181.982,161.517
681.441,361.647,181.473,161.079
685.341,358.920,181.932,160.166
682.275,362.376,185.285,162.844
684.414,361.639,184.777,162.575
682.980,362.034,188.050,162.658
684.077,362.416,189.315,163.398
686.996,360.312,191.007,164.129
688.347,360.638,193.182,162.567
687.073,362.577,195.163,162.123
687.585,360.733,193.193,160.600
687.392,360.387,195.185,159.289
689.374,360.334,194.672,158.582
691.683,361.017,194.784,161.218
691.429,360.774,195.237,160.802
692.553,357.008,195.178,162.004
694.210,360.172,192.079,156.564
695.930,357.430,191.263,156.700
697.620,359.408,188.823,157.531
695.914,359.314,191.081,158.815
695.589,357.211,187.860,162.692
697.287,357.595,188.396,162.557
703.220,356.554,182.980,161.714
707.581,354.574,178.689,160.660
702.865,354.104,176.130,158.413
697.035,351.715,176.498,158.640
690.822,348.465,175.244,158.073
691.173,346.712,172.135,157.695
694.937,341.861,172.401,158.364
698.648,339.348,176.415,160.407
697.463,336.858,170.858,161.059
688.665,334.721,169.805,161.573
681.600,333.996,171.923,162.984
675.126,335.803,170.049,162.173
670.656,334.506,168.453,162.200
667.292,334.900,170.010,159.864
662.706,336.256,167.772,156.524
662.141,337.404,167.625,153.773
659.445,339.259,164.405,150.875
658.812,340.912,163.952,148.024
651.530,343.765,166.308,147.946
643.529,347.793,169.177,146.320
639.685,352.796,172.780,144.035
637.884,356.512,176.856,137.556
637.070,362.602,186.369,138.950
640.540,364.406,193.760,137.532
639.421,366.898,200.700,138.377
646.289,368.147,201.936,137.994
652.664,370.208,199.798,133.593
660.642,368.921,200.605,135.763
665.874,372.699,205.404,135.818
673.583,377.923,214.884,137.154
680.377,382.563,225.779,135.156
688.175,384.949,243.085,134.909
693.354,385.897,265.903,137.116
689.381,382.416,277.966,138.713
686.600,379.765,288.538,140.753
693.634,376.150,303.860,141.342
691.275,371.323,321.684,141.825
693.397,368.411,338.289,144.276
689.535,363.295,356.858,147.894
695.409,358.677,377.634,157.203
701.089,352.890,384.018,160.897
695.966,349.264,405.807,164.520
699.795,348.578,399.501,165.583
704.480,345.382,404.981,168.100
708.125,345.029,407.853,167.466
717.017,349.563,417.795,168.979
720.256,351.174,420.959,164.767
727.584,350.420,419.941,165.260
717.034,351.227,423.759,165.264
731.913,349.670,426.579,169.052
727.769,347.639,419.736,172.687
733.290,347.194,416.547,174.816
753.931,346.155,396.643,176.526
758.179,340.360,386.996,178.563
751.450,335.945,379.217,178.484
744.102,332.155,372.887,174.011
742.257,327.302,365.157,171.813
735.827,324.498,358.007,171.034
738.728,319.768,349.346,168.981
741.726,316.168,342.125,171.648
744.138,316.754,335.921,171.122
741.198,313.928,325.256,170.685
749.193,310.812,312.433,174.722
757.001,310.971,298.700,170.303
768.928,309.475,283.977,167.831
777.646,308.764,272.335,171.766
779.031,308.990,265.365,170.232
783.110,307.468,260.988,168.461
787.387,308.809,256.346,163.142
791.730,308.102,254.387,163.141
797.472,306.042,249.830,168.389
802.146,303.040,242.432,166.315
809.960,303.617,231.578,165.824
814.186,300.103,222.598,163.422
810.240,305.785,218.175,163.133
813.567,301.460,206.045,159.425
818.636,306.077,203.168,158.589
822.648,308.416,193.044,156.706
825.137,307.007,182.548,152.385
827.565,308.521,172.375,147.932
832.509,304.862,164.764,149.808
839.914,304.460,155.240,144.830
840.900,302.134,157.043,143.255
843.673,301.578,158.575,144.991
842.047,300.370,159.044,146.929
843.388,297.469,158.854,147.912
842.171,297.308,160.994,147.982
845.535,296.262,161.544,150.243
843.793,295.399,160.466,151.288
843.826,295.030,161.220,151.242
849.774,298.023,155.659,147.201
846.733,297.092,158.956,148.866
849.473,297.816,154.453,150.197
848.915,297.391,152.451,151.725
853.002,298.032,150.050,153.011
853.804,297.729,148.161,152.500
856.186,298.175,146.401,152.064
858.444,300.209,144.429,151.220
858.097,300.796,145.542,149.762
857.360,302.334,145.439,151.413
855.592,303.075,146.122,149.781
854.058,301.456,147.376,150.781
853.371,301.450,149.634,150.234
849.022,302.151,151.898,151.516
845.775,301.101,156.838,153.101
846.855,300.474,157.007,153.060
847.150,300.664,157.341,152.778
847.967,300.568,154.377,153.163
851.024,301.601,153.439,153.166
852.395,302.426,149.205,152.967
850.179,301.405,153.239,155.655
852.030,301.687,150.796,156.249
853.589,298.967,150.738,158.886
854.382,300.731,147.500,156.703
855.879,298.849,144.575,160.390
857.162,298.073,144.038,162.540
859.834,300.223,141.421,160.854
860.014,298.734,140.913,161.706
862.008,299.778,137.734,160.347
860.353,297.906,138.899,160.938
861.361,298.716,138.036,160.371
859.644,297.556,136.920,161.147
860.858,301.830,136.420,158.753
858.847,300.144,135.879,162.357
855.282,296.999,137.080,161.685
855.764,296.374,137.737,160.790
853.794,296.765,137.230,161.259
852.219,294.134,138.561,161.543
851.843,293.090,138.945,161.589
849.866,291.828,138.622,162.301
850.734,293.721,137.654,160.585
850.072,289.880,137.320,161.776
849.573,293.228,136.417,162.001
849.398,289.218,137.238,160.487
847.847,287.108,138.108,162.811
850.095,288.360,136.727,163.039
845.364,288.357,136.342,163.056
846.472,286.056,138.911,162.205
847.425,287.143,135.590,161.195
847.432,285.862,135.474,161.907
848.274,288.639,129.961,160.060
845.903,283.736,131.701,160.778
845.028,284.428,133.197,161.304
845.357,284.186,131.285,159.467
845.339,284.085,130.631,158.977
843.203,283.665,126.297,157.823
841.224,280.426,127.906,160.126
841.152,280.877,123.527,161.050
840.500,281.351,121.998,160.487
836.753,279.278,121.341,161.719
836.813,278.440,122.024,161.327
836.933,279.803,122.476,160.006
838.519,278.618,117.917,157.200
835.764,281.570,117.206,153.671
842.939,284.868,110.279,148.024
838.428,283.298,110.351,150.695
839.336,282.658,112.014,149.572
839.977,282.180,112.102,151.508
840.232,283.281,111.589,151.229
840.955,283.273,110.454,154.023
841.962,281.470,110.288,152.889
840.769,282.583,109.869,150.567
840.668,284.340,110.725,151.105
841.185,282.689,111.117,150.824
841.102,288.585,111.117,147.729
842.404,287.346,110.493,147.465
841.184,287.016,108.806,148.047
841.503,288.409,110.969,152.025
841.990,287.200,111.488,151.104
841.808,289.639,111.750,151.612
840.755,289.131,113.456,152.274
838.813,290.087,111.640,152.743
838.678,288.693,114.301,155.504
838.813,290.818,112.425,154.451
840.483,292.560,112.924,152.564
841.969,295.758,112.513,151.450
840.895,295.274,111.131,147.420
841.469,295.115,112.769,151.138
841.525,298.860,112.988,148.726
842.795,298.604,112.371,149.230
840.990,297.776,113.216,149.373
840.764,301.023,113.228,148.004
840.743,301.200,114.278,147.171
838.211,301.453,111.687,148.769
839.958,303.323,114.129,149.674
840.912,303.858,112.615,148.381
840.991,306.744,111.018,144.510
839.160,307.146,111.612,145.801
839.025,305.339,111.803,147.643
839.461,304.961,114.407,147.238
839.315,303.414,113.565,148.744
839.780,305.014,114.427,148.277
841.664,305.991,110.915,147.239
839.479,306.821,113.601,142.654
838.389,304.945,111.663,142.876
839.319,301.339,112.847,143.785
838.038,304.139,111.263,142.670
838.388,300.874,114.823,144.967
840.104,301.520,114.815,143.156
841.147,299.446,114.637,146.395
841.621,301.355,116.078,144.467
841.283,300.525,112.917,143.811
844.660,298.419,116.973,146.836
845.458,302.253,113.410,141.805
847.234,299.276,114.556,142.022
848.075,300.142,114.609,142.286
850.712,299.451,114.691,143.625
853.904,298.044,113.776,143.503
855.252,300.119,114.579,146.079
855.137,302.929,115.551,147.440
856.123,302.191,114.438,147.991
855.891,301.245,116.107,147.167
855.567,300.778,114.789,147.879
856.356,296.767,116.455,147.879
854.947,300.250,113.036,147.832
856.041,298.802,117.047,149.413
854.558,297.913,113.741,146.399
855.683,297.747,117.250,147.661
855.962,297.895,111.919,140.874
855.705,296.935,114.596,146.388
855.003,296.217,114.691,146.318
854.958,294.266,115.634,147.176
855.117,294.324,115.673,148.317
857.312,289.636,116.785,148.172
857.612,290.828,115.025,149.571
859.490,289.882,117.690,148.638
859.938,288.541,113.855,148.400
864.071,288.855,117.795,149.446
865.427,286.675,116.842,146.990
869.081,281.159,117.689,148.164
869.861,279.158,116.121,148.909
870.159,274.942,116.506,148.032
870.236,270.011,115.607,144.873
873.664,263.099,115.718,147.844
876.567,255.983,117.814,146.342
878.325,245.982,115.739,145.215
881.796,237.278,118.004,146.609
885.253,228.464,117.152,145.628
892.503,220.311,116.633,148.329
901.157,212.273,116.884,149.244
907.199,203.812,117.531,148.948
912.134,196.812,115.088,147.921
914.983,193.894,117.137,148.144
918.367,190.802,118.029,149.602
923.156,188.509,117.131,150.106
927.871,183.674,116.536,151.454
930.882,179.902,117.138,150.728
935.165,176.086,116.469,152.097
936.819,171.999,117.395,151.106
941.436,167.179,117.101,151.701
942.927,166.212,114.666,148.775
940.634,161.366,117.622,149.292
938.937,161.373,120.532,149.226
935.737,162.097,117.914,149.597
936.585,162.270,121.090,149.373
937.126,165.066,121.923,151.625
933.498,167.259,121.484,149.493
930.176,169.386,123.879,151.418
927.737,172.978,120.355,151.125
920.453,177.660,117.503,149.738
918.999,177.722,122.753,149.154
914.712,179.115,118.096,150.850
907.751,180.565,121.228,150.649
904.372,181.700,118.837,148.191
898.088,181.755,117.516,147.141
896.469,180.947,120.960,147.171
894.687,181.433,118.610,150.241
896.273,183.389,120.839,149.037
894.627,185.148,119.167,148.567
891.363,186.221,117.773,149.309
884.113,186.453,116.421,150.429
883.514,187.617,120.231,149.222
881.002,186.260,117.226,146.498
882.231,185.049,120.831,147.975
883.844,183.179,119.656,146.529
879.780,181.165,118.553,146.799
878.264,182.224,117.815,146.325
875.256,181.353,118.872,146.303
873.464,179.844,118.966,147.876
870.256,179.305,122.611,147.472
867.167,179.535,122.934,147.174
865.075,179.163,123.663,148.000
864.284,181.463,118.937,143.093
857.494,180.198,119.009,145.908
857.276,180.484,122.582,147.195
852.165,178.328,119.805,148.801
851.224,178.295,125.143,147.865
846.782,177.319,123.852,149.995
845.403,175.984,127.877,148.774
840.499,178.109,127.123,149.093
838.814,180.761,124.756,148.360
832.955,181.281,123.716,148.465
829.756,182.024,123.994,145.870
823.890,182.234,124.070,144.448
822.463,182.855,126.890,143.650
816.907,183.471,128.080,145.226
817.235,183.430,128.965,144.647
815.409,183.782,128.235,143.195
812.986,183.365,127.490,143.564
812.542,183.470,128.495,144.975
812.340,182.400,126.714,143.496
811.744,180.123,126.273,143.855
814.070,180.073,128.200,144.606
815.762,177.793,130.513,144.167
814.930,176.836,132.576,144.181
815.151,176.310,133.950,145.961
815.252,175.126,134.373,147.033
815.931,175.398,135.004,147.200
815.605,174.655,135.385,146.233
814.918,174.726,137.095,147.044
814.725,175.072,138.121,144.508
813.228,174.712,140.915,143.778
812.890,173.248,142.829,147.248
813.671,172.426,144.173,145.451
814.396,173.653,135.579,141.826
808.301,172.736,135.061,144.552
806.399,170.436,136.292,143.157
801.428,170.464,137.625,145.181
801.803,170.223,137.598,145.426
802.057,168.796,136.413,145.714
802.231,169.331,137.691,145.913
801.584,167.703,136.489,144.811
799.819,167.153,136.810,144.191
798.740,167.381,135.301,143.240
797.204,165.352,136.400,143.134
797.014,165.303,135.325,147.184
795.530,166.486,134.071,144.956
794.009,164.085,133.163,146.055
793.270,166.732,132.548,145.210
792.586,165.363,134.106,145.870
792.586,164.076,133.512,145.746
791.040,165.583,133.993,146.609
788.384,165.218,135.178,147.765
786.617,165.382,131.980,146.270
785.716,163.531,128.318,145.937
784.558,162.862,129.288,147.816
783.187,164.500,126.294,146.064
781.307,163.074,127.527,144.933
781.355,161.581,128.566,146.566
781.032,162.582,128.819,148.114
778.661,162.072,128.738,148.930
776.295,163.366,129.664,148.278
774.180,164.169,129.424,146.533
773.311,161.302,130.407,146.680
773.451,163.667,131.313,148.918
769.065,163.435,134.122,146.242
772.222,165.007,129.571,141.160
768.739,160.994,128.855,144.376
768.217,163.068,129.856,144.473
768.199,164.052,134.279,145.508
767.507,162.561,135.799,146.186
766.441,164.042,134.467,146.008
765.161,164.064,134.543,143.871
762.902,164.180,135.293,142.422
762.311,164.395,134.238,142.186
758.730,165.693,133.494,142.260
757.803,164.797,136.052,141.637
756.025,165.725,135.085,141.638
754.936,165.180,137.430,141.150
753.537,163.177,136.934,143.920
753.557,163.786,134.202,143.561
752.795,162.631,133.918,142.108
749.774,162.502,135.329,141.999
749.566,161.745,135.362,140.395
748.898,161.465,133.874,141.586
750.324,161.644,133.641,141.199
747.619,162.907,134.613,144.554
748.224,162.627,136.260,142.514
745.073,162.482,132.130,143.416
745.000,161.179,134.659,141.784
743.464,161.455,133.613,145.704
742.182,161.246,137.163,146.755
742.470,161.314,136.065,147.550
740.881,163.431,134.786,147.253
739.715,162.241,133.466,147.750
736.401,161.223,131.536,147.705
732.717,160.780,132.945,147.074
731.712,161.129,132.286,147.155
732.134,161.102,128.411,143.259
727.844,161.017,126.110,146.045
724.754,160.170,127.122,144.950
722.127,158.974,128.154,144.955
719.017,156.494,132.998,145.910
716.895,156.577,133.980,148.024
713.455,154.312,135.775,145.998
710.173,154.735,135.284,147.060
709.894,155.602,130.808,146.194
704.730,156.008,130.983,144.714
701.641,156.583,132.056,145.062
696.776,155.856,131.155,145.093
687.733,154.193,130.607,146.612
678.545,153.280,131.248,146.406
665.224,153.525,130.318,143.351
658.999,153.818,130.998,143.686
652.953,157.148,129.415,144.212
648.502,164.211,130.223,146.229
653.332,172.883,131.951,145.600
658.539,184.764,131.265,147.556
660.450,194.913,132.351,147.010
664.741,203.074,131.948,147.809
669.541,212.523,132.131,149.319
670.360,219.470,133.734,148.793
670.402,226.153,134.887,148.064
667.211,230.002,135.134,146.462
666.141,232.900,135.800,147.734
660.891,236.457,134.314,147.121
659.811,239.245,134.587,146.485
651.008,240.290,130.742,148.600
645.456,241.936,132.644,147.903
638.639,241.547,133.532,148.122
633.620,244.537,127.022,143.212
625.483,244.948,129.255,145.711
617.570,241.422,129.630,145.871
611.344,241.680,129.894,147.511
606.115,241.707,129.617,147.228
601.347,242.022,130.008,146.806
599.382,243.806,131.005,145.407
595.549,245.381,130.606,145.831
595.118,244.660,132.082,145.621
593.324,246.422,132.983,146.663
592.556,246.339,130.821,145.887
590.267,246.509,131.763,147.267
588.377,245.878,132.548,146.814
582.798,247.192,133.020,149.282
575.985,244.861,131.136,146.180
571.332,242.835,131.474,145.488
565.809,241.073,130.564,144.113
564.152,237.761,130.289,143.416
561.288,236.690,130.286,146.297
558.498,235.580,131.232,144.464
557.111,235.945,131.983,145.347
557.631,235.997,131.867,144.760
554.212,235.606,131.693,143.950
553.440,235.784,132.742,142.651
551.874,235.397,133.822,143.704
553.027,234.206,133.117,142.959
553.467,232.483,132.918,143.470
555.553,231.175,131.588,145.104
555.959,231.168,132.359,144.828
559.587,230.358,131.222,145.443
559.822,231.229,131.299,148.323
559.807,231.418,130.275,146.812
563.723,231.490,128.253,143.269
564.078,229.003,128.351,143.231
566.797,228.482,129.179,145.162
569.532,228.778,128.493,146.247
573.060,228.847,128.591,146.522
577.823,229.468,128.065,146.890
579.648,229.951,128.555,147.239
582.039,231.464,129.042,146.333
583.362,231.527,128.863,146.524
581.852,230.955,128.661,147.668
584.264,232.646,126.895,146.198
584.975,233.630,126.233,146.506
587.461,233.510,128.311,148.891
590.862,235.001,128.977,148.269
590.426,235.149,130.503,149.511
591.336,235.507,129.513,147.472
595.925,236.334,128.692,144.954
600.569,235.753,128.395,144.316
603.076,236.842,129.944,146.467
603.874,239.863,129.323,145.926
605.650,240.831,131.388,143.495
602.489,241.123,130.149,142.638
602.996,241.387,130.540,141.670
601.110,240.707,131.044,142.711
599.753,241.347,129.168,141.487
598.989,238.298,128.249,142.148
599.960,239.117,127.691,142.572
602.333,240.001,127.329,143.086
601.577,240.402,127.071,143.423
602.658,240.263,125.672,144.029
604.087,240.643,125.637,143.703
603.541,239.838,125.985,143.869
605.239,241.846,120.355,137.592
605.240,240.182,120.154,141.162
607.793,239.744,122.276,141.480
607.070,237.954,122.053,142.963
604.847,239.138,122.217,142.206
604.608,238.556,124.442,142.951
603.025,236.453,123.893,142.944
602.652,236.816,122.350,140.777
602.374,235.771,124.986,143.313
601.404,237.245,124.620,143.109
601.782,237.093,123.471,142.576
600.717,238.279,123.899,142.607
599.227,235.987,122.188,143.397
599.155,235.400,123.117,143.913
599.357,235.764,122.879,144.225
596.589,234.306,123.730,143.928
598.279,235.079,125.633,142.315
595.911,235.423,124.028,140.429
595.640,234.974,122.356,140.566
595.712,234.453,122.556,141.090
593.941,235.718,123.096,141.034
594.955,233.534,121.088,141.323
595.435,233.554,123.685,141.623
596.288,232.664,122.832,140.519
596.956,233.042,122.957,142.820
598.826,233.836,123.581,141.514
597.487,234.662,123.818,142.559
598.881,233.824,123.382,141.194
599.517,233.908,125.441,140.793
599.413,233.086,124.585,139.965
600.460,232.298,124.933,141.595
599.015,233.225,126.094,141.585
601.787,234.122,121.550,136.465
601.014,232.348,120.664,138.969
602.080,232.790,121.130,140.142
602.813,233.096,120.577,140.247
602.684,233.692,120.735,141.378
601.974,234.581,121.798,142.318
601.195,233.926,120.578,140.513
601.835,233.390,121.021,141.978
602.689,234.111,121.620,142.167
604.988,234.593,122.135,142.194
607.250,237.054,122.475,143.462
607.549,239.577,124.554,143.409
607.720,238.410,121.865,140.636
606.962,240.013,125.812,144.110
609.160,243.006,125.952,141.797
610.570,244.107,123.159,140.499
613.204,244.773,122.310,141.315
615.196,246.682,121.962,140.958
615.880,246.077,121.612,140.208
617.244,246.830,122.226,145.322
617.636,247.499,124.010,145.046
620.618,247.892,122.089,144.339
623.191,249.322,120.573,144.838
623.522,250.942,119.367,145.096
625.894,252.028,119.264,144.218
626.934,252.870,118.385,145.330
627.050,252.234,120.809,144.454
628.092,254.241,120.193,144.302
631.152,254.172,120.833,144.437
630.914,253.466,121.351,145.084
630.154,255.089,122.116,144.827
633.038,256.106,121.919,145.280
637.492,258.662,119.566,141.268
635.229,257.668,121.823,142.498
637.639,259.043,122.486,144.804
638.417,259.100,123.684,143.853
639.088,262.088,122.559,144.663
640.004,263.527,126.056,141.837
639.556,265.131,127.094,141.620
640.614,265.422,130.137,142.330
640.708,266.516,133.617,142.455
642.856,266.568,135.162,142.408
644.833,270.498,136.386,140.661
645.482,272.984,137.892,136.715
647.098,270.277,135.729,137.592
649.506,273.181,138.281,138.099
652.851,275.507,137.602,137.995
653.295,278.374,138.202,138.655
651.476,278.042,141.043,138.426
652.868,280.038,140.484,139.678
654.810,279.963,142.395,140.828
656.422,278.246,142.030,139.483
658.353,281.562,140.488,140.205
659.745,280.888,139.953,141.171
658.990,282.916,139.809,141.699
659.406,284.334,142.453,139.891
659.239,283.260,142.436,140.212
661.690,283.148,143.898,139.654
662.034,285.915,141.629,139.782
661.402,283.667,144.717,141.389
662.536,284.883,142.807,141.279
660.551,285.608,143.100,141.305
664.660,286.891,144.831,141.290
663.904,285.673,142.822,141.806
666.101,291.301,140.304,136.896
