492.000,378.000,177.000,174.000
492.843,374.267,183.729,180.039
500.592,374.395,180.592,181.567
520.423,370.241,177.801,177.988
541.039,372.118,176.431,173.881
555.883,377.562,175.697,170.681
574.063,378.836,174.337,169.260
589.281,388.535,175.644,169.273
608.942,396.335,176.804,170.518
634.996,406.797,173.811,170.214
651.828,418.022,177.445,169.507
668.389,420.125,176.621,168.720
694.313,420.038,177.027,166.690
716.119,417.544,174.643,167.679
739.226,414.878,173.813,166.950
763.605,409.973,173.698,165.164
785.510,404.083,173.632,164.069
801.960,399.082,179.003,165.010
812.994,391.017,182.169,165.516
825.305,380.033,181.076,166.704
838.917,378.900,180.885,167.713
852.095,368.823,181.692,165.804
860.147,357.665,187.572,160.865
857.143,339.382,184.775,157.330
853.868,316.010,181.518,153.435
836.704,308.838,173.652,147.950
830.171,297.000,173.673,147.792
807.764,288.155,172.127,149.322
725.761,274.081,179.755,155.268
662.806,286.812,189.685,165.516
680.365,292.894,178.997,166.904
675.661,297.879,172.257,159.518
668.353,307.807,167.532,153.578
652.234,315.974,168.561,143.585
634.051,319.166,163.967,140.545
622.357,317.278,166.971,140.544
616.695,317.045,167.047,141.053
618.289,315.314,163.680,141.883
629.689,311.612,157.544,139.629
640.554,308.288,156.855,141.028
651.287,305.326,159.169,140.395
658.628,304.522,163.032,139.592
660.932,302.070,164.211,143.361
656.424,301.935,166.468,144.597
645.101,296.496,164.117,146.734
639.717,293.537,159.794,146.507
627.696,291.811,157.456,147.674
628.548,279.440,155.376,147.173
630.577,278.546,154.609,142.824
638.799,273.357,151.106,140.973
643.548,270.988,151.756,136.116
652.397,278.316,151.104,133.171
658.972,283.671,147.826,136.614
661.494,289.354,148.267,141.276
663.348,288.265,149.238,137.113
654.982,285.319,148.328,132.194
654.508,286.718,145.672,126.432
651.491,280.432,146.712,127.210
647.341,279.551,154.117,128.083
643.547,274.477,153.809,130.351
642.974,275.983,155.388,134.777
642.847,276.012,155.546,141.651
641.708,277.951,157.448,141.031
636.504,280.458,159.777,142.229
634.947,286.395,159.814,138.797
627.482,284.920,164.066,140.048
630.025,284.492,160.149,140.617
631.014,282.987,161.014,141.278
635.332,279.202,161.223,143.842
642.525,281.370,157.848,142.159
645.338,286.363,155.937,135.547
639.186,293.728,159.000,129.830
627.593,293.343,158.425,134.572
619.871,291.528,159.424,138.073
614.404,292.838,161.635,137.775
608.859,292.082,157.878,139.905
607.084,291.727,157.810,141.822
611.322,291.765,155.260,141.118
614.819,296.555,155.122,140.811
618.397,299.942,155.012,141.692
616.284,301.453,157.918,142.627
615.307,302.978,155.512,141.246
612.891,310.104,153.554,137.851
613.399,307.059,153.929,136.933
607.933,302.228,153.213,134.023
610.034,301.278,150.257,129.951
610.021,299.850,149.277,129.872
608.682,305.494,147.003,129.896
598.387,303.820,153.930,134.404
593.972,300.927,154.638,133.998
595.978,300.595,157.637,136.295
597.898,296.977,154.476,137.728
595.539,297.186,159.058,139.748
598.484,292.529,158.027,141.737
608.889,290.413,156.914,141.978
614.485,289.293,156.489,138.072
620.428,290.319,155.680,134.892
612.581,288.221,157.144,135.295
603.880,284.622,160.129,136.695
601.815,282.318,159.458,138.712
600.157,278.443,161.020,141.376
599.605,282.441,158.428,138.767
603.381,289.535,158.329,137.075
603.834,293.171,158.757,135.577
606.587,297.465,157.122,136.634
606.403,298.031,157.176,140.163
609.509,299.237,157.463,140.746
611.869,297.076,156.744,141.710
607.736,296.109,158.919,143.570
604.469,299.410,154.872,140.124
593.376,304.679,154.670,139.213
582.643,315.025,153.456,142.024
555.788,328.903,156.327,149.435
516.371,358.149,154.548,151.866
490.003,380.756,155.334,146.935
483.654,387.470,155.132,139.260
477.001,396.362,153.898,136.917
441.824,406.494,154.648,141.585
422.318,421.139,143.356,142.297
410.127,417.598,152.302,138.985
403.138,421.463,156.880,141.603
396.694,418.515,165.459,143.905
397.855,417.879,164.710,147.420
398.539,418.932,168.960,151.502
401.032,418.687,167.407,155.220
407.449,420.584,169.324,156.896
415.678,418.598,170.268,162.103
421.152,425.942,168.778,166.191
416.801,442.859,180.830,165.320
425.207,439.545,195.345,159.096
429.798,435.626,189.187,164.693
431.990,429.859,201.259,161.855
432.441,422.755,197.240,163.499
433.104,418.065,196.853,181.221
472.804,430.543,210.456,190.049
532.439,440.457,249.883,191.652
600.264,465.078,253.222,187.468
660.754,418.743,221.126,172.953
621.163,392.832,217.468,159.785
663.969,346.207,197.923,154.379
583.263,322.503,213.364,152.816
597.836,297.822,196.265,141.051
539.949,285.874,197.043,147.879
508.783,284.427,190.182,143.865
479.118,285.065,187.656,145.643
435.602,284.908,188.391,144.383
412.043,282.887,181.348,138.558
396.290,293.579,168.975,137.217
383.348,304.194,162.985,138.996
361.884,310.010,166.882,144.971
343.843,317.827,168.167,149.872
338.829,336.063,164.482,148.485
322.669,353.026,169.190,146.611
310.889,374.213,170.165,148.227
324.554,396.869,167.176,152.495
326.830,426.680,168.995,158.881
327.262,468.600,175.133,159.884
334.273,497.965,181.309,166.218
362.255,527.788,182.194,170.005
402.512,555.375,177.362,172.901
467.660,556.175,162.743,170.907
509.712,546.931,167.978,172.051
558.266,538.590,172.357,180.311
601.504,534.895,174.777,177.736
649.632,522.158,179.079,173.342
678.738,504.175,184.636,167.503
704.956,480.406,182.751,170.699
732.135,450.940,184.816,173.459
751.038,426.461,182.458,164.757
778.194,403.430,181.122,153.386
744.476,374.758,189.379,140.573
752.275,355.071,174.862,134.913
740.752,336.166,171.217,126.596
714.504,319.913,163.022,124.789
685.393,318.091,158.197,125.863
646.192,316.736,150.373,124.944
609.455,314.940,147.080,125.996
572.556,316.570,149.101,125.751
550.476,323.133,149.339,123.259
515.136,336.779,152.791,122.524
474.797,345.466,156.679,124.363
448.246,355.358,150.936,123.539
424.684,368.117,150.978,122.270
412.335,372.517,146.301,124.269
385.620,404.451,146.522,121.831
369.007,424.838,142.180,121.178
364.555,446.766,145.479,125.038
373.043,466.960,144.918,133.133
381.356,490.748,150.071,139.135
382.080,514.241,157.823,145.529
388.662,532.498,167.027,154.869
424.827,557.583,168.273,159.128
485.241,582.707,157.788,156.375
520.797,581.911,155.668,154.019
539.769,585.057,160.000,149.557
549.633,583.155,165.478,148.215
567.164,574.004,163.294,143.615
601.954,549.777,164.982,144.302
605.511,522.117,182.240,147.730
577.845,480.163,187.909,155.093
536.339,451.910,193.004,157.559
540.568,428.455,188.010,145.682
532.100,405.358,181.970,137.528
530.270,377.782,172.787,131.781
503.671,344.213,168.721,132.081
485.205,336.686,159.314,133.840
460.718,326.056,158.228,131.022
440.339,314.464,151.332,130.220
401.334,313.841,145.629,130.465
369.475,316.245,150.169,129.909
339.229,315.495,152.283,129.275
305.137,318.211,154.454,128.821
265.058,323.767,160.400,128.616
237.827,325.968,160.379,128.454
233.908,333.770,152.100,124.897
227.302,354.756,150.088,124.793
204.818,358.754,154.091,130.986
199.893,368.817,155.074,132.439
214.595,381.840,153.220,133.529
239.404,390.382,155.983,140.891
262.827,393.559,147.858,138.050
286.264,393.776,144.300,138.489
310.442,395.265,147.132,143.691
330.926,399.986,147.540,146.732
330.880,408.796,156.662,150.472
344.097,412.814,152.719,150.468
357.275,423.373,155.641,148.534
377.493,438.937,154.130,145.651
391.578,445.209,155.853,149.793
411.432,454.584,158.822,152.365
424.963,461.974,157.108,150.600
432.383,462.449,162.972,150.236
429.536,463.387,167.269,149.171
425.980,458.218,169.289,150.757
439.776,452.956,168.798,150.618
460.493,451.007,164.190,151.753
477.282,446.485,163.284,151.263
496.315,439.110,159.813,151.885
513.196,437.888,159.436,148.631
526.671,432.076,164.079,146.508
545.842,427.441,163.709,144.658
571.501,422.192,162.518,142.272
583.620,417.824,162.006,138.909
599.506,408.818,159.194,137.944
615.649,399.323,154.886,134.115
629.468,386.082,154.466,135.170
641.397,378.165,152.793,130.692
650.441,373.860,148.450,126.352
643.538,358.829,155.225,125.593
628.779,347.107,158.227,125.583
620.666,333.139,156.274,126.921
615.869,322.336,150.667,124.678
609.765,300.307,151.899,126.697
607.878,296.998,152.649,125.000
581.719,296.540,153.931,120.862
566.500,290.463,147.327,119.733
578.402,286.838,140.003,118.995
564.090,282.912,139.746,117.451
546.793,283.192,131.833,115.727
527.532,282.544,130.658,116.959
510.238,283.089,130.530,116.548
494.824,281.547,129.647,115.461
476.630,280.690,131.333,113.724
457.918,283.670,132.900,111.188
446.226,280.226,129.962,107.634
428.885,283.941,130.193,101.511
411.315,284.526,128.533,95.237
396.506,287.044,129.350,92.606
384.555,291.093,129.115,96.065
379.600,287.091,130.983,101.265
372.346,298.541,132.501,103.173
377.835,315.903,132.764,106.249
371.595,317.918,134.731,115.706
362.791,319.164,138.754,117.286
356.224,321.224,138.185,115.525
353.661,324.516,138.332,115.677
343.080,326.017,139.679,115.918
340.634,336.381,136.276,117.149
337.443,346.646,138.194,120.050
337.454,353.154,145.949,125.605
346.031,351.822,146.033,131.342
355.054,361.204,146.330,135.678
367.907,361.422,143.928,135.904
370.741,361.970,147.657,139.937
379.916,369.289,150.064,140.900
385.094,375.988,153.422,141.791
383.960,379.471,159.963,141.284
388.717,379.349,162.152,143.386
400.759,390.254,163.783,146.028
409.107,398.020,165.668,146.522
419.354,411.716,163.184,146.781
434.721,425.222,162.915,146.751
451.496,430.201,161.795,151.156
472.343,434.610,161.547,156.451
491.818,444.044,162.368,158.157
512.290,449.802,160.769,161.373
540.087,451.396,171.282,162.992
562.964,458.814,172.400,165.135
598.303,465.846,171.164,163.440
621.416,470.116,174.049,166.881
633.054,465.940,175.738,162.822
648.341,442.685,169.710,158.404
674.136,429.123,169.047,156.155
667.895,413.184,174.996,153.354
664.381,393.266,176.251,152.449
666.726,365.763,177.448,145.276
669.008,367.611,180.551,137.375
670.623,363.265,181.239,125.765
661.665,334.677,173.317,124.808
689.229,328.911,161.274,123.813
661.427,299.595,163.850,123.324
670.444,291.130,160.158,119.421
648.172,280.915,161.562,116.093
667.595,272.918,147.275,120.875
655.710,267.778,151.331,117.308
662.465,262.532,148.934,116.895
635.088,253.569,145.976,112.010
651.526,251.358,138.074,114.425
660.138,250.345,132.812,112.052
665.997,248.712,127.950,111.391
677.571,248.933,123.250,112.857
669.876,247.315,128.315,111.342
666.135,241.823,124.764,107.924
659.554,243.960,124.301,106.892
646.445,238.189,122.953,107.039
636.552,229.894,123.651,108.544
635.283,229.178,119.155,111.799
628.574,234.448,120.646,113.754
618.232,229.018,124.681,113.647
618.173,222.507,123.820,115.027
612.206,226.390,122.301,114.337
609.190,223.448,119.591,113.904
598.407,230.357,122.553,113.668
596.517,239.811,127.574,108.774
592.425,239.297,129.374,106.689
583.204,244.908,126.498,102.304
575.368,250.475,124.191,106.154
565.528,249.672,129.565,112.098
555.359,249.425,135.935,114.747
546.393,253.538,137.651,116.922
531.149,258.587,140.350,118.176
508.755,260.120,149.245,121.348
494.673,249.444,149.554,124.459
473.266,241.478,147.922,126.603
442.237,235.792,150.412,127.662
406.768,235.123,153.499,129.943
376.010,236.003,154.344,130.463
356.352,237.646,157.317,131.074
333.958,240.552,160.771,136.845
312.900,247.531,166.011,139.138
310.239,255.540,166.319,142.972
305.072,266.442,165.784,146.152
292.700,285.332,169.327,150.893
291.869,290.173,169.348,156.301
307.522,295.975,177.233,158.955
329.679,307.011,176.304,159.975
357.378,323.735,168.032,156.887
388.371,330.447,166.289,158.303
419.888,328.776,161.659,154.692
450.190,328.162,158.507,154.042
479.377,327.448,158.549,157.815
512.724,322.697,155.928,157.963
549.008,322.811,152.898,156.431
575.623,318.704,155.088,154.450
600.503,309.650,157.082,155.156
630.578,296.468,151.138,153.304
659.041,271.967,148.723,150.152
659.716,252.441,159.665,148.305
679.805,231.086,156.063,143.723
694.994,214.022,150.964,138.141
697.364,207.903,150.879,135.480
693.239,187.021,151.866,131.512
680.933,167.814,150.938,129.804
673.137,147.755,149.219,126.197
655.048,132.385,143.692,124.574
637.844,128.355,139.167,119.741
605.936,115.858,133.750,116.955
579.235,98.293,129.215,115.227
546.583,90.673,134.916,117.154
510.713,93.418,135.298,113.021
485.954,100.975,137.049,109.397
462.196,107.127,133.487,102.406
442.461,118.273,131.348,95.368
431.150,125.760,126.097,91.742
424.404,124.208,124.586,89.887
443.554,126.678,119.446,90.517
466.502,134.271,118.272,96.685
473.742,138.115,118.064,96.006
468.606,135.551,122.381,96.415
454.246,138.759,123.575,94.026
451.603,145.277,122.635,92.658
442.466,151.285,124.744,91.235
446.087,145.427,122.506,90.609
452.919,153.881,115.190,90.951
461.327,171.421,115.367,94.345
470.365,179.799,117.787,101.757
476.546,208.936,126.218,121.288
488.167,222.449,131.240,151.137
498.914,242.839,145.930,156.884
519.849,244.566,151.708,149.043
514.679,255.802,150.667,149.687
515.094,260.472,152.950,150.309
516.600,260.143,150.398,155.824
523.474,261.588,152.600,158.752
539.007,263.842,156.359,160.932
552.961,263.877,151.740,163.003
576.852,264.403,150.124,162.812
597.435,265.313,147.133,162.285
611.854,269.419,149.932,160.512
621.780,275.309,152.211,156.390
618.554,274.360,157.258,154.718
637.412,276.168,155.745,158.553
660.490,273.781,150.138,157.128
664.545,279.576,152.717,154.052
664.350,281.081,158.324,154.401
669.827,279.782,158.942,154.740
677.084,276.634,158.199,154.870
671.852,276.489,161.586,153.562
686.922,278.137,157.236,156.380
714.144,274.689,157.658,158.054
732.481,267.196,157.650,158.680
758.710,261.893,154.352,156.210
783.569,258.321,150.110,153.840
812.459,256.704,147.742,152.895
813.775,247.101,155.285,148.069
812.012,239.875,158.098,152.120
783.758,230.138,157.194,159.128
746.583,214.828,152.470,158.918
724.304,205.331,155.414,161.357
716.780,195.609,160.273,166.814
705.531,200.174,166.938,170.413
684.029,217.958,175.079,173.619
668.916,220.377,181.304,191.204
674.203,218.639,177.599,193.089
691.657,214.989,176.438,198.790
703.507,210.265,178.007,206.471
707.874,230.195,181.330,212.993
701.370,249.739,185.222,200.935
689.684,264.776,190.422,179.443
680.422,266.567,192.335,165.883
668.761,264.943,194.526,158.650
621.483,271.658,196.689,157.684
611.203,292.351,193.282,168.310
602.968,312.392,194.788,180.955
597.935,332.247,208.307,205.882
619.331,323.318,205.287,199.858
638.286,298.788,220.732,196.836
718.756,285.609,219.448,204.043
740.734,267.207,215.995,222.979
745.941,270.121,220.050,218.905
768.905,247.702,232.779,217.143
789.776,222.826,256.646,221.406
797.301,208.750,272.877,242.468
793.265,200.860,276.579,261.844
788.790,199.630,274.798,264.354
795.337,202.601,280.767,265.332
816.829,203.694,283.781,272.288
812.468,199.336,279.590,287.521
824.756,194.910,292.496,283.704
815.529,185.491,287.851,280.851
802.129,187.080,286.686,282.205
800.467,191.516,281.813,281.166
787.321,202.658,283.286,287.456
793.542,217.268,281.637,285.055
792.237,233.004,275.288,274.749
785.809,248.859,276.133,272.030
777.352,245.650,281.122,282.409
776.229,237.645,287.364,299.815
764.589,231.658,299.056,306.963
743.196,226.192,317.654,313.563
701.147,222.879,339.795,330.093
663.640,188.250,370.464,350.889
674.907,171.310,376.446,354.321
678.911,168.638,376.678,353.325
685.695,166.215,382.808,363.182
688.187,162.867,382.931,361.731
685.543,162.299,387.119,356.033
684.762,160.936,395.478,348.618
694.992,157.639,395.039,339.559
663.134,156.633,400.824,337.297
600.932,152.029,427.707,342.249
579.787,148.381,475.785,346.151
585.475,141.383,522.754,352.810
581.439,132.336,533.892,374.494
520.269,139.863,547.704,389.143
459.242,154.093,571.592,409.003
432.042,162.150,647.798,427.595
400.828,170.000,694.607,438.892
334.799,170.803,716.274,459.563
260.576,160.108,795.277,485.814
217.928,135.529,859.693,524.748
203.993,131.269,919.680,538.246
177.189,110.269,960.272,548.375
162.895,102.260,1014.553,549.039
141.463,88.231,1034.472,552.422
112.572,78.637,1053.587,556.651
105.254,75.432,1064.993,558.158
98.445,72.054,1075.195,552.631
94.844,65.320,1089.457,548.035
89.689,63.124,1106.630,551.112
93.206,60.714,1110.435,551.820
91.167,60.136,1106.629,555.191
83.527,58.093,1106.048,555.627
92.557,57.022,1111.015,552.502
96.708,58.480,1120.295,551.685
82.262,56.817,1143.149,549.649
91.291,61.265,1146.695,557.930
85.529,73.577,1148.795,561.406
85.411,80.500,1151.275,572.946
74.605,79.377,1151.522,596.248
65.194,75.500,1160.161,617.252
57.325,65.622,1178.783,635.225
49.830,62.135,1177.841,640.810
40.224,51.458,1171.349,642.034
40.046,45.045,1187.109,638.547
40.829,43.928,1191.430,641.693
37.853,39.473,1194.036,644.489
29.708,37.306,1181.943,648.429
31.404,39.499,1174.455,644.870
34.463,36.692,1180.738,637.579
45.833,34.536,1171.356,636.218
52.313,30.325,1173.014,636.658
59.028,27.345,1161.591,636.775
52.591,30.256,1162.603,632.707
45.879,38.292,1168.271,633.633
47.236,37.029,1173.722,633.876
47.187,36.983,1162.780,636.264
55.862,40.970,1178.719,634.474
66.174,39.128,1173.970,635.886
63.277,37.258,1177.886,636.749
59.752,40.809,1183.739,637.035
52.074,46.066,1187.027,642.570
39.531,49.199,1202.295,642.261
39.163,47.084,1219.991,638.533
32.179,48.720,1212.470,637.305
35.616,50.519,1201.239,637.469
30.501,49.665,1191.516,636.681
36.863,52.121,1193.523,633.096
32.644,55.226,1188.636,633.344
35.215,53.646,1203.401,639.139
41.201,51.881,1206.430,641.098
36.396,50.442,1210.160,646.723
25.433,50.801,1210.753,646.952
20.727,53.098,1216.656,646.354
23.190,66.622,1197.786,634.191
25.210,67.297,1189.652,632.445
35.042,69.122,1202.565,631.884
25.756,65.663,1209.709,633.133
34.520,61.139,1209.830,636.365
31.605,54.264,1213.507,637.697
16.253,51.870,1223.549,631.944
19.635,48.642,1215.398,631.904
21.152,45.088,1206.645,625.965
25.404,44.899,1201.225,620.365
22.288,45.158,1202.226,615.448
20.283,48.532,1204.621,612.211
23.760,46.017,1200.788,625.585
31.523,48.894,1205.314,637.494
27.516,49.578,1210.819,639.639
21.750,46.833,1205.903,635.614
17.947,42.724,1204.295,635.189
23.928,38.415,1188.750,634.268
31.440,38.392,1196.634,628.275
28.059,41.739,1199.389,623.119
38.239,42.422,1187.846,625.730
50.262,40.652,1172.860,629.327
63.517,41.206,1163.833,626.060
71.864,45.357,1151.785,622.255
70.752,46.153,1150.181,623.540
62.579,47.992,1163.405,623.970
57.676,46.985,1168.835,627.336
53.362,43.619,1165.254,630.187
57.555,40.143,1174.052,635.745
53.289,42.025,1175.437,628.515
61.747,45.314,1171.126,625.571
52.530,42.808,1176.062,632.586
73.471,51.286,1134.907,629.771
73.114,41.516,1143.688,635.428
61.781,40.933,1148.585,646.996
63.785,51.390,1160.273,640.338
71.144,47.525,1154.937,640.114
74.673,49.129,1154.585,641.281
73.083,49.116,1164.668,641.862
59.266,51.419,1173.661,641.606
55.561,50.175,1198.601,646.360
60.325,46.903,1207.503,653.939
41.359,46.469,1220.804,651.203
35.846,46.884,1217.680,650.305
36.859,44.330,1209.973,651.654
29.059,38.320,1224.747,656.041
21.842,36.174,1237.870,662.777
42.459,29.398,1234.599,673.085
19.856,27.258,1219.388,677.406
31.659,27.805,1231.806,667.217
29.885,22.981,1231.835,664.944
29.272,19.456,1238.724,669.235
26.662,17.245,1230.593,672.169
20.092,20.028,1230.286,666.698
34.062,24.103,1222.450,660.587
22.462,28.998,1223.017,657.153
17.328,27.076,1230.621,657.706
21.413,23.626,1225.103,659.004
8.809,18.945,1228.134,664.555
21.864,14.602,1215.249,663.499
25.006,12.352,1223.783,666.479
24.605,15.109,1226.096,668.710
28.989,14.707,1221.904,672.003
24.678,16.954,1218.086,676.913
34.976,25.008,1193.551,668.382
33.248,21.259,1184.378,668.076
34.228,21.067,1177.526,671.458
39.771,26.044,1184.991,667.866
34.929,30.715,1175.650,664.409
29.269,31.680,1182.235,660.349
25.752,28.857,1174.056,663.549
35.044,32.789,1180.288,661.028
22.157,35.365,1179.480,658.699
44.624,34.019,1196.053,655.744
20.843,32.332,1202.125,652.678
15.644,31.969,1195.568,649.931
25.087,25.357,1197.503,662.820
30.108,25.011,1196.572,664.218
37.666,30.792,1203.950,659.064
39.109,32.644,1204.273,655.781
34.903,28.346,1196.659,652.158
27.011,27.334,1189.261,652.601
31.994,26.489,1182.947,650.009
42.113,23.543,1182.945,647.731
35.233,22.066,1188.607,648.691
39.504,19.918,1196.779,649.007
45.849,18.235,1175.321,649.472
62.224,16.731,1163.921,641.579
64.742,16.278,1145.953,642.171
75.167,21.117,1159.487,638.922
58.052,30.494,1150.834,652.876
41.476,36.803,1188.968,663.167
39.929,40.540,1212.408,668.430
47.834,44.615,1208.372,660.630
31.455,39.758,1210.394,666.046
48.166,43.323,1220.727,658.035
44.773,46.611,1197.336,651.742
30.360,44.703,1198.893,646.445
40.625,46.683,1203.779,644.375
36.184,47.970,1219.487,650.709
38.635,50.818,1229.747,651.842
43.142,49.465,1218.702,655.038
41.661,48.157,1219.302,651.429
44.326,49.287,1220.849,653.354
35.284,51.824,1234.096,652.975
55.273,46.349,1216.897,651.210
53.944,42.757,1213.507,652.300
40.266,38.163,1218.877,648.362
42.536,37.170,1217.684,646.881
50.544,38.494,1206.422,644.422
49.414,41.452,1200.041,639.608
42.917,44.629,1204.645,639.993
31.263,44.435,1223.784,636.880
37.717,46.603,1230.285,634.527
42.625,44.466,1239.343,639.900
30.681,37.755,1217.654,640.310
41.673,35.390,1235.487,628.932
31.834,34.985,1217.704,635.678
50.477,32.001,1218.406,637.042
54.337,30.776,1189.437,632.447
59.281,26.629,1185.118,636.199
45.618,22.564,1193.913,644.026
39.295,24.629,1210.348,645.315
36.288,28.786,1203.694,647.108
35.308,29.523,1192.964,645.538
35.084,27.793,1174.317,642.501
43.711,24.243,1168.618,640.952
47.367,24.389,1157.435,635.744
68.348,31.023,1118.552,622.514
57.423,32.953,1115.823,620.193
55.281,33.024,1108.217,623.269
49.936,34.460,1109.695,627.306
49.690,33.031,1127.528,637.783
34.370,32.338,1171.090,653.452
30.006,36.517,1180.220,658.924
32.929,37.960,1193.340,655.159
28.518,37.369,1197.261,653.236
18.179,29.005,1192.290,655.583
25.464,26.746,1178.403,655.610
25.682,25.089,1158.211,654.515
23.377,25.108,1154.604,656.416
10.029,27.448,1148.640,653.775
4.815,27.319,1122.006,655.285
4.798,29.592,1091.091,655.695
10.543,30.054,1102.452,662.651
9.240,28.280,1118.259,672.097
0.000,23.752,1120.346,678.414
0.000,21.110,1127.061,679.976
0.000,18.419,1110.676,686.019
0.000,17.410,1121.914,685.219
5.344,15.494,1139.403,690.721
13.126,14.171,1133.481,693.706
21.508,13.340,1133.207,690.854
21.870,14.406,1147.229,692.408
12.185,13.777,1165.766,693.597
20.897,12.698,1181.331,688.926
28.141,11.508,1203.569,690.863
24.903,11.885,1212.519,688.297
36.008,12.560,1218.169,690.882
28.489,11.363,1246.432,692.985
46.816,20.265,1207.008,674.257
36.994,19.234,1250.186,673.033
46.564,16.254,1213.621,676.846
35.958,18.933,1220.326,682.258
39.173,13.785,1217.614,688.635
36.956,12.921,1226.157,684.946
42.301,7.454,1223.565,682.879
42.108,7.152,1201.208,680.411
38.702,9.829,1194.130,676.236
40.438,10.023,1201.895,681.458
41.564,12.290,1215.727,678.823
40.674,18.496,1219.406,682.028
39.962,24.641,1238.724,678.958
22.017,27.256,1231.075,676.767
24.096,34.193,1249.591,673.197
15.040,33.479,1234.251,661.033
18.647,35.391,1228.470,657.352
21.637,30.578,1225.120,661.893
31.909,24.688,1227.979,662.104
31.432,20.508,1229.850,669.044
40.918,21.321,1208.277,673.536
42.881,25.403,1167.342,669.217
51.018,20.326,1145.020,677.469
66.278,16.346,1134.539,682.647
55.314,21.020,1138.641,677.394
68.132,27.178,1139.741,675.980
63.313,38.857,1133.622,672.414
59.687,38.367,1134.519,678.075
60.328,37.615,1146.595,679.168
55.397,32.156,1144.043,685.779
60.164,35.449,1134.527,686.454
56.272,30.697,1135.681,680.808
77.739,39.486,1122.718,672.307
59.658,29.734,1111.851,681.134
64.500,29.280,1128.672,671.570
61.346,31.195,1145.959,664.979
60.807,31.277,1159.803,664.463
51.998,32.030,1171.863,659.014
66.856,28.642,1179.978,665.074
70.498,22.788,1173.192,665.919
66.962,21.075,1173.922,667.696
66.105,15.406,1167.064,663.924
58.243,5.528,1162.072,672.302
59.177,5.421,1160.154,677.100
57.620,6.658,1176.858,681.691
47.870,10.290,1182.206,690.195
49.717,4.554,1206.367,702.354
43.681,11.927,1211.618,708.553
35.743,8.709,1226.416,715.758
23.564,8.529,1227.993,716.085
24.676,13.725,1221.308,714.948
19.567,14.756,1196.648,717.819
31.400,11.925,1178.611,711.946
31.847,11.113,1177.963,708.512
36.212,8.200,1175.129,707.249
38.078,5.863,1166.070,711.218
33.051,8.581,1168.728,710.874
43.424,12.918,1164.688,708.871
48.775,15.717,1153.136,703.071
53.156,21.545,1139.117,698.634
61.715,25.563,1121.919,691.602
52.726,26.409,1122.987,681.620
56.963,27.015,1128.008,684.219
60.683,21.444,1130.678,686.485
71.285,21.341,1119.686,676.458
67.296,14.181,1124.551,690.112
51.282,22.071,1113.944,697.028
49.959,17.365,1119.256,706.499
45.024,12.440,1092.804,702.374
37.445,9.835,1097.186,697.807
39.147,8.022,1087.312,696.576
34.935,10.663,1090.552,701.004
31.782,9.653,1101.495,695.983
20.886,12.469,1093.591,699.549
30.146,0.395,1094.160,704.268
12.451,10.623,1120.586,700.694
10.853,5.016,1144.889,705.754
0.630,6.021,1177.812,710.289
0.000,16.502,1171.282,712.766
0.000,0.000,1156.740,720.000
0.000,4.603,1174.390,720.000
0.000,0.000,1193.641,720.000
0.000,0.000,1205.310,720.000
0.000,0.000,1211.046,720.000
0.000,0.000,1191.730,720.000
0.000,0.000,1170.896,720.000
0.000,0.000,1132.998,720.000
0.000,0.000,1110.042,720.000
0.000,0.000,1091.848,720.000
0.000,0.000,1087.424,720.000
0.000,0.000,1088.535,720.000
0.000,0.000,1112.233,720.000
0.000,0.000,1133.574,720.000
0.000,0.000,1162.875,720.000
0.000,0.000,1147.982,720.000
0.000,8.202,1137.365,720.000
0.000,2.941,1096.858,720.000
0.000,6.659,1101.438,720.000
0.000,6.735,1101.774,720.000
0.000,5.020,1095.005,720.000
0.000,0.000,1085.534,720.000
0.000,0.217,1074.953,720.000
0.000,1.343,1031.658,720.000
0.000,8.551,1044.047,712.180
0.000,0.000,1005.248,706.704
0.000,1.089,1000.768,703.859
0.000,2.623,958.474,703.517
0.000,8.856,920.081,702.704
0.000,2.510,844.713,696.028
0.000,6.331,777.964,690.416
0.000,17.126,757.118,665.348
0.000,19.809,742.761,665.432
0.000,28.814,716.436,651.843
0.000,23.060,706.923,652.427
0.000,19.619,684.391,658.740
0.000,19.900,677.044,654.488
0.000,16.555,689.123,659.946
0.000,9.929,686.251,668.368
0.000,3.370,697.148,685.239
0.000,9.732,707.348,680.233
0.000,5.068,715.014,683.613
0.000,2.771,722.273,698.604
0.000,5.178,730.901,697.184
0.000,4.175,742.224,696.189
0.000,10.146,740.933,698.470
0.000,10.760,722.359,688.352
0.000,3.464,726.571,691.235
0.000,0.228,730.183,696.568
0.000,12.672,715.828,685.515
0.000,10.094,716.506,683.549
0.000,12.305,724.113,691.372
0.000,15.964,731.709,679.799
0.000,18.046,733.781,671.177
0.000,24.986,748.431,668.796
0.176,26.943,751.462,662.264
0.000,14.760,747.275,666.962
9.369,1.799,735.091,671.572
0.000,5.694,749.544,670.805
0.000,0.000,743.415,675.162
0.000,0.000,740.285,674.390
0.000,0.000,747.710,675.684
2.650,0.000,721.723,678.634
2.589,0.000,722.111,683.143
0.000,16.966,742.516,676.626
10.837,28.505,734.250,660.963
0.000,41.606,764.733,660.857
7.122,50.977,756.509,651.393
2.848,48.287,748.962,651.370
14.449,43.627,722.923,639.967
9.185,31.503,725.633,649.509
13.474,32.963,740.339,654.485
2.139,25.401,756.749,669.251
0.000,13.094,764.879,664.831
0.000,12.051,790.999,671.855
0.000,12.276,783.779,674.336
0.000,5.978,784.838,675.970
0.000,2.328,790.905,680.246
0.000,4.850,795.267,687.407
0.000,2.071,790.616,687.165
0.000,0.066,802.852,693.573
0.000,4.036,798.037,689.756
0.000,0.723,805.385,694.341
3.660,0.000,798.889,698.641
7.232,0.000,796.561,694.927
0.109,4.335,787.887,684.811
5.793,10.770,798.403,683.306
19.980,17.938,790.677,672.340
0.000,12.491,791.500,683.320
0.000,12.895,769.653,671.616
0.000,13.309,784.554,666.573
0.000,10.201,790.376,671.321
0.000,7.792,795.074,684.720
0.000,0.000,788.463,688.355
0.000,9.889,800.386,688.561
0.000,9.789,795.602,678.102
0.000,14.250,797.995,677.759
0.000,12.056,811.387,677.183
0.000,10.428,820.312,677.078
0.000,10.616,824.332,679.015
0.000,6.107,818.044,684.329
0.000,7.991,807.887,687.498
0.000,9.781,801.965,687.689
0.000,5.645,810.617,685.445
0.000,0.000,805.472,690.351
0.000,9.155,817.277,679.979
0.000,12.383,826.290,688.760
0.000,10.166,811.161,682.303
0.000,12.173,830.133,688.850
0.000,16.726,826.996,690.459
0.000,19.602,823.139,684.538
0.000,16.088,833.973,687.784
0.909,12.257,849.314,692.755
7.406,11.718,839.725,696.888
0.000,8.354,848.165,702.380
1.094,14.320,855.331,713.282
5.783,14.883,860.264,710.509
8.622,19.806,848.701,702.475
12.618,22.725,847.435,690.953
7.055,20.340,857.744,686.687
0.000,15.554,862.168,694.010
10.507,6.773,854.361,694.440
9.760,0.000,847.883,686.500
0.000,0.000,851.334,686.784
0.000,0.000,858.990,678.559
0.000,0.000,873.173,678.245
0.000,0.000,885.174,683.981
0.000,2.955,884.736,689.109
0.000,6.358,892.227,688.653
1.984,4.212,903.612,692.549
0.000,5.672,914.135,697.205
10.795,3.555,909.002,704.280
2.137,6.510,924.161,712.181
0.000,3.238,942.198,712.982
0.433,6.796,968.871,715.276
5.206,6.464,974.952,717.175
0.073,2.465,976.847,720.000
0.000,1.295,1000.567,720.000
5.311,0.000,1028.570,720.000
9.500,8.502,1056.633,720.000
0.250,10.967,1054.226,720.000
0.000,1.903,1045.010,720.000
0.000,11.025,1072.562,720.000
0.000,11.888,1061.832,720.000
0.000,7.731,1062.915,720.000
12.790,27.052,1048.024,713.412
0.252,13.615,1026.718,718.951
15.597,0.000,1043.869,720.000
0.000,9.461,1064.815,720.000
8.542,4.050,1052.873,720.000
3.986,12.141,1062.023,720.000
0.000,6.344,1063.502,720.000
1.418,8.915,1074.788,720.000
2.050,10.670,1066.385,719.015
7.741,4.594,1071.121,718.960
4.582,18.429,1077.577,710.709
12.948,5.599,1047.728,710.775
9.452,17.014,1066.652,710.976
2.421,7.427,1056.679,715.172
0.000,9.421,1051.948,711.780
0.000,5.290,1044.461,715.087
0.000,8.747,1054.604,711.877
0.000,8.364,1057.518,718.018
5.449,11.521,1056.688,717.551
0.793,4.964,1047.868,715.653
0.000,2.230,1047.706,711.910
0.000,2.639,1064.672,715.140
0.000,5.533,1077.289,716.634
0.000,12.914,1075.749,716.456
18.160,8.243,1065.359,720.000
12.485,6.747,1097.792,720.000
0.000,7.424,1100.579,716.742
2.626,8.538,1106.745,716.228
0.000,9.697,1086.796,705.310
0.000,4.897,1085.174,720.000
0.000,7.875,1090.555,720.000
0.000,0.029,1095.051,720.000
6.957,17.397,1084.308,717.892
11.787,3.417,1070.616,720.000
4.398,6.500,1096.979,720.000
2.852,0.351,1084.460,719.660
0.000,14.246,1102.141,720.000
0.000,5.235,1066.969,720.000
0.527,11.128,1078.380,720.000
0.898,4.711,1066.888,720.000
0.470,11.031,1081.449,715.347
0.000,4.696,1087.608,713.090
0.000,17.816,1092.386,701.141
0.000,9.510,1082.219,705.710
1.657,6.356,1093.978,710.129
6.672,13.228,1105.957,702.414
0.000,6.512,1096.648,700.908
0.000,7.768,1119.735,702.960
0.000,5.083,1106.538,700.800
0.000,7.193,1116.200,711.810
0.000,6.737,1096.771,716.165
2.587,11.551,1074.521,705.243
0.000,8.675,1067.817,707.533
0.000,9.586,1074.466,705.206
4.025,6.117,1085.549,711.707
0.000,7.619,1082.519,708.739
0.000,8.812,1066.832,714.787
0.000,1.964,1054.813,718.123
0.000,5.128,1052.255,714.740
0.000,2.955,1032.393,712.911
0.000,0.000,1052.328,717.340
0.000,0.000,1040.042,720.000
0.000,2.825,1036.064,720.000
0.000,8.477,1034.328,720.000
12.860,6.929,1010.840,720.000
0.000,0.000,1013.437,720.000
2.428,0.000,1022.096,719.291
0.000,6.868,1016.812,720.000
0.000,0.448,1005.276,720.000
0.000,5.816,997.329,720.000
6.471,11.927,982.860,712.279
0.000,8.692,975.990,713.534
17.247,6.156,975.019,714.192
14.313,17.810,984.884,713.164
18.576,15.113,969.207,710.246
19.034,15.569,969.857,704.394
14.246,10.470,969.063,701.849
15.016,7.397,978.988,707.768
14.006,4.688,1004.832,713.993
13.002,4.173,1033.581,717.058
13.626,1.901,1046.180,708.022
3.201,13.546,1048.893,707.508
1.295,1.617,1043.709,713.236
3.792,4.893,1057.729,714.915
6.671,4.088,1069.235,712.739
13.319,5.381,1062.761,716.637
7.631,7.489,1048.425,710.035
10.240,5.542,1025.950,710.706
11.847,0.000,1038.619,720.000
0.000,0.000,1034.783,716.934
4.813,0.000,1045.276,720.000
0.877,4.620,1045.416,714.255
7.553,2.699,1042.149,715.550
1.288,5.145,1052.472,712.459
0.000,0.585,1064.308,718.601
0.000,6.494,1057.131,720.000
14.071,6.198,1008.512,716.489
0.834,0.000,1021.877,716.105
3.604,0.000,1020.604,717.697
9.034,0.769,1029.271,715.817
5.545,14.195,1038.701,717.105
8.693,9.655,1019.145,717.640
12.224,5.451,1022.546,719.426
14.697,5.165,1029.312,713.765
10.257,12.974,1020.971,711.655
8.922,3.267,1037.974,713.500
6.799,13.562,1042.630,711.145
5.951,3.413,1053.538,712.448
7.446,15.856,1081.517,710.842
9.740,12.601,1085.426,700.928
8.055,6.662,1099.057,700.890
9.676,8.796,1118.931,703.555
0.000,3.579,1101.928,712.762
12.394,5.355,1118.463,720.000
4.043,10.576,1096.656,718.078
11.800,5.400,1119.807,720.000
0.000,9.438,1128.918,718.994
0.000,1.992,1110.151,720.000
4.480,16.787,1130.602,719.877
0.000,0.000,1092.279,720.000
3.577,10.412,1119.887,720.000
1.223,2.781,1101.022,720.000
12.284,15.021,1127.195,720.000
0.000,4.741,1068.018,720.000
8.953,0.000,1097.597,719.744
6.123,8.626,1090.786,719.137
0.470,2.404,1090.445,720.000
0.000,11.212,1093.643,720.000
5.468,10.100,1060.059,714.987
8.290,2.019,1058.472,711.623
8.622,5.696,1070.473,712.147
13.480,10.517,1066.532,706.702
0.000,8.538,1064.546,709.477
0.000,7.122,1054.552,708.002
0.000,6.799,1045.829,707.650
0.000,11.474,1028.813,701.418
1.171,13.450,1031.686,694.834
2.428,18.432,1030.045,694.193
13.071,18.399,1036.223,692.566
8.423,19.683,1035.198,692.969
16.253,17.960,1033.028,698.243
11.580,17.968,1028.355,698.966
19.505,12.832,1025.120,696.427
5.604,3.649,1024.539,700.730
18.662,9.819,1037.723,701.951
4.441,12.006,1023.003,694.897
20.297,3.489,1035.445,706.430
1.309,4.851,1044.825,701.910
0.000,2.589,1055.036,708.777
0.000,5.548,1057.168,710.537
0.000,0.322,1048.072,712.096
0.046,6.333,1046.236,708.946
2.525,1.089,1051.468,703.631
11.412,2.696,1043.427,711.449
7.807,1.428,1033.931,706.853
3.751,6.252,1044.880,708.020
4.280,3.811,1034.920,707.802
8.591,3.363,1067.460,707.849
11.523,10.288,1064.105,702.785
0.000,3.657,1061.634,703.982
9.429,15.691,1026.772,701.092
9.955,6.913,1036.854,697.437
3.478,2.067,1038.309,700.146
6.615,7.688,1044.433,707.275
7.509,2.621,1050.317,716.761
9.418,6.993,1062.210,713.726
0.000,8.671,1051.359,713.248
0.000,0.000,1068.414,720.000
10.640,0.558,1077.517,718.214
13.832,10.359,1080.181,707.862
19.099,5.862,1109.583,715.648
0.000,0.737,1104.728,717.127
10.193,11.422,1121.518,711.344
0.000,6.089,1109.906,714.442
1.419,3.342,1121.144,707.637
1.153,6.219,1117.366,706.374
2.958,2.555,1097.073,708.142
2.666,2.899,1115.486,704.109
0.000,5.478,1128.602,705.776
0.000,9.522,1135.242,710.394
0.000,9.403,1130.857,711.078
0.000,10.140,1129.127,711.368
0.000,5.959,1126.015,715.530
0.000,17.290,1116.955,711.775
0.000,16.515,1085.279,707.411
6.133,12.756,1076.758,701.878
9.129,16.128,1088.689,691.689
0.000,17.280,1088.651,690.570
5.238,17.723,1099.187,690.365
0.000,16.033,1077.279,683.988
0.000,17.124,1067.927,685.303
0.000,15.599,1062.849,680.759
7.227,31.044,1027.781,668.742
10.214,25.816,1016.640,662.418
5.548,17.217,1016.833,667.421
3.986,12.648,1012.306,678.122
2.095,9.290,1004.733,692.255
5.680,16.414,994.170,695.262
9.586,9.828,985.335,692.551
0.000,12.368,984.898,694.955
0.000,12.502,982.416,694.458
0.000,13.194,973.083,696.620
0.000,10.465,957.486,694.081
5.170,14.517,958.786,690.864
11.688,10.284,943.211,688.026
0.812,10.553,933.994,683.092
5.768,10.970,941.102,685.661
4.373,10.552,954.270,690.812
11.986,5.122,956.774,695.976
15.807,10.959,952.419,700.755
3.367,1.945,954.207,696.732
14.436,15.800,948.176,692.614
1.447,17.133,946.499,693.924
8.491,11.701,955.147,695.630
1.974,16.227,979.518,702.602
11.728,12.134,978.944,703.945
11.070,11.433,984.973,702.143
12.994,11.791,994.181,703.304
0.000,9.518,1000.478,714.572
0.000,6.643,990.042,714.503
4.604,10.576,979.843,711.152
6.266,11.475,965.523,703.809
0.000,11.153,987.832,708.853
1.535,13.934,972.933,708.592
20.716,20.938,940.081,698.888
14.051,9.472,946.781,701.034
17.099,15.686,974.992,707.070
17.767,3.658,982.094,706.541
15.482,0.000,1025.254,720.000
9.728,6.122,1033.040,720.000
21.404,3.780,1025.987,719.700
3.234,9.846,1029.159,714.265
13.824,4.486,1028.419,710.871
4.075,4.059,1019.213,711.356
11.330,3.578,1040.812,713.342
6.122,14.634,1036.852,707.783
2.971,15.736,1024.353,700.274
16.327,6.123,1050.052,708.481
8.886,16.557,1056.639,708.581
0.314,21.875,1024.914,709.158
11.053,6.304,1017.114,709.881
12.141,15.796,1032.785,706.350
1.669,11.055,1004.648,707.079
8.911,10.061,1004.448,703.477
14.730,4.529,1041.699,712.604
0.000,10.434,1057.615,717.865
0.000,2.926,1039.243,720.000
0.000,6.168,1060.476,720.000
0.000,5.070,1051.169,720.000
0.000,0.000,1044.148,720.000
0.000,0.000,1046.669,720.000
0.000,2.632,1036.052,720.000
0.000,0.000,1036.644,720.000
0.280,2.857,1032.053,720.000
4.675,0.000,1030.098,720.000
6.773,4.628,1020.742,720.000
22.766,15.893,986.453,716.162
4.507,0.000,958.520,712.740
11.545,0.000,951.522,708.114
9.098,7.208,960.964,707.074
5.706,5.237,970.220,703.969
11.476,8.475,985.584,696.166
13.155,2.234,980.768,701.444
6.402,5.487,975.599,705.658
14.652,5.816,959.999,704.707
0.000,1.704,953.476,706.193
0.477,2.347,943.665,706.791
1.388,0.612,941.216,709.504
9.015,6.925,950.160,705.712
9.498,6.065,949.957,706.793
13.636,4.555,950.833,701.912
0.000,4.263,963.600,712.584
1.307,8.260,969.085,708.992
6.563,4.841,967.736,704.675
5.356,9.308,959.292,706.591
9.221,4.704,942.752,708.404
7.673,14.140,936.726,699.456
6.846,5.929,942.922,697.997
14.699,6.675,945.471,687.292
9.352,7.226,958.702,701.146
11.347,9.717,983.349,706.830
13.749,0.635,984.061,714.628
9.960,1.290,1002.270,720.000
11.720,4.161,1022.440,720.000
3.994,8.228,1029.148,720.000
9.717,3.686,1026.615,720.000
10.145,5.052,1026.139,720.000
11.709,4.078,1034.476,720.000
23.176,14.205,999.110,715.942
13.777,3.908,1003.319,712.099
12.904,3.941,1014.364,720.000
16.031,2.141,1028.547,720.000
0.000,9.165,1031.633,720.000
15.815,0.000,1037.085,720.000
0.000,9.064,1035.007,720.000
8.085,2.482,1018.198,720.000
18.618,5.192,1032.614,720.000
3.860,15.477,1026.243,707.095
20.915,17.051,1027.492,704.426
2.938,23.413,1016.920,695.047
15.490,18.872,1017.541,701.740
7.047,15.048,1025.328,697.929
7.341,14.605,1025.809,698.078
5.951,15.361,1020.642,701.059
0.000,11.845,1034.545,708.493
0.000,5.192,1025.637,714.045
8.262,0.000,1053.660,720.000
0.000,6.185,1042.088,720.000
0.000,0.000,1036.777,720.000
0.000,7.152,1044.791,720.000
0.000,2.166,1060.848,720.000
0.000,6.384,1077.811,720.000
0.000,0.000,1075.654,720.000
0.000,0.000,1106.706,720.000
0.000,0.000,1093.879,720.000
0.000,0.132,1119.685,720.000
0.000,7.902,1121.286,720.000
0.000,0.000,1119.302,720.000
0.000,9.128,1132.184,720.000
0.000,0.783,1112.544,720.000
0.000,17.076,1083.162,720.000
0.000,11.565,1068.160,720.000
0.000,7.864,1062.353,720.000
6.583,4.693,1062.381,720.000
0.000,12.809,1081.852,720.000
12.304,5.124,1083.366,720.000
3.492,14.406,1107.587,719.501
11.147,12.100,1089.896,716.360
1.584,12.715,1098.940,711.104
8.499,12.955,1072.988,704.778
2.558,16.958,1056.004,700.739
4.352,10.843,1032.212,704.305
2.421,9.131,1031.929,705.865
9.806,7.060,1023.257,704.788
0.000,12.594,1024.998,694.420
0.000,9.920,1007.150,698.795
0.000,12.799,994.414,702.477
1.328,10.969,992.173,700.261
0.000,8.568,989.940,701.537
0.000,14.874,996.603,702.780
15.644,9.581,1007.975,707.443
9.153,5.055,1010.246,711.380
16.568,9.038,1011.855,711.207
8.753,6.904,1050.648,720.000
5.675,4.668,1071.247,714.902
0.000,9.326,1102.308,720.000
14.598,3.283,1107.365,713.692
0.000,12.811,1098.089,712.174
4.090,1.794,1102.729,711.008
0.000,13.314,1139.175,711.795
0.000,0.000,1090.019,719.755
0.000,16.932,1140.408,718.672
3.236,8.491,1067.777,711.923
0.000,6.627,1072.237,704.580
0.000,11.130,1070.223,709.109
0.000,0.000,1071.108,718.331
0.000,8.890,1088.013,717.494
1.617,7.839,1102.171,719.610
0.000,6.334,1108.909,718.423
0.000,8.777,1098.258,713.420
12.377,8.821,1091.065,714.458
1.110,14.846,1094.443,704.491
12.175,9.238,1077.546,706.068
0.000,12.116,1098.370,702.422
0.000,8.567,1093.988,710.875
0.000,10.451,1096.601,714.468
0.000,9.758,1094.520,713.108
0.000,12.221,1078.718,710.069
1.525,9.849,1067.270,707.231
0.000,11.137,1049.553,699.956
0.000,15.178,1032.322,693.119
18.058,9.239,1053.422,701.007
0.000,10.665,1068.749,697.556
0.000,8.485,1076.950,705.084
0.000,5.367,1086.648,710.535
0.624,9.789,1094.092,707.692
4.639,6.617,1102.054,713.884
12.073,13.545,1122.222,715.929
0.000,8.929,1119.858,716.536
6.443,8.453,1133.708,716.459
7.731,15.111,1137.346,705.823
15.229,15.317,1154.980,713.351
0.000,14.863,1121.708,710.757
2.040,12.395,1115.426,709.357
17.975,19.738,1081.291,698.668
7.239,12.663,1076.811,700.806
16.020,9.941,1068.635,696.861
14.361,10.384,1068.521,699.224
26.394,12.000,1076.238,700.462
16.785,13.043,1101.584,697.556
18.074,10.044,1095.166,699.991
21.719,11.152,1089.183,701.295
18.689,9.046,1079.955,695.844
10.962,11.815,1057.701,692.764
26.623,9.592,1060.615,687.742
23.091,8.414,1060.244,687.524
22.682,7.205,1050.793,685.901
31.171,7.871,1043.342,687.962
39.477,4.963,1044.339,694.186
38.589,2.438,1041.624,694.260
27.127,3.614,1049.502,693.610
29.829,1.921,1054.597,697.794
32.053,4.747,1050.496,697.782
36.262,9.721,1041.901,699.262
33.838,5.228,1045.607,704.782
28.551,4.908,1062.288,705.760
29.520,13.473,1085.668,698.602
33.900,14.141,1109.828,707.718
34.977,19.670,1134.214,695.025
15.583,23.706,1130.363,687.769
17.706,22.056,1136.247,684.771
22.778,18.493,1145.242,685.982
25.362,17.676,1134.470,681.998
25.924,17.721,1127.062,677.902
22.801,17.858,1103.906,676.545
28.280,14.217,1088.902,671.001
42.899,29.461,1050.727,661.073
22.969,24.844,1042.569,671.093
28.524,20.197,1034.610,671.007
27.579,20.270,1024.775,674.394
35.806,19.568,1039.739,680.132
34.952,16.935,1042.780,683.241
38.988,12.692,1047.403,696.413
26.981,13.657,1044.661,704.056
18.439,10.749,1027.367,698.751
34.821,11.891,1039.981,691.474
32.279,5.278,1040.624,697.150
37.568,12.594,1038.079,692.138
24.397,9.433,1040.474,698.568
21.493,9.381,1069.109,695.943
22.765,8.987,1076.289,702.581
28.793,12.397,1075.926,702.637
11.687,14.614,1085.652,699.655
12.540,12.630,1083.329,700.220
15.635,15.009,1069.165,698.700
19.332,13.332,1071.057,698.478
9.244,8.421,1073.929,698.203
2.493,6.365,1061.519,697.640
6.149,8.115,1063.467,697.106
0.000,2.299,1073.499,699.245
0.000,7.666,1079.196,698.120
3.244,8.934,1095.780,704.415
8.701,2.363,1096.252,701.724
9.557,7.475,1098.512,702.413
8.858,6.374,1098.842,708.459
8.874,10.393,1106.122,713.441
14.015,5.364,1115.878,720.000
10.764,14.859,1133.401,713.979
15.804,23.179,1112.264,704.306
2.077,12.902,1099.240,707.788
20.850,0.000,1116.361,716.813
4.812,10.717,1136.634,713.269
15.835,4.677,1123.412,717.127
9.777,14.307,1130.015,711.706
16.046,10.078,1123.900,720.000
6.977,8.334,1142.509,720.000
10.196,5.129,1154.891,720.000
0.417,9.885,1163.994,720.000
4.925,0.000,1156.927,720.000
0.000,9.267,1164.851,720.000
0.000,0.000,1170.188,720.000
0.000,7.289,1156.491,714.880
0.000,0.000,1181.094,720.000
0.000,5.920,1171.756,716.688
0.000,4.440,1172.048,720.000
0.000,13.674,1171.401,720.000
0.000,5.296,1132.262,719.483
1.021,11.018,1144.196,720.000
1.184,14.360,1134.272,713.600
2.375,17.429,1112.379,712.036
12.717,12.612,1094.440,709.146
17.610,12.357,1104.910,712.534
5.650,9.621,1102.681,709.347
8.851,7.278,1114.256,709.800
0.312,11.874,1125.992,711.114
13.155,9.156,1094.414,710.129
3.814,11.309,1096.272,701.546
6.477,8.062,1081.995,697.174
3.883,6.441,1098.963,693.640
0.000,5.309,1104.915,693.656
3.536,14.427,1077.230,687.179
8.775,2.419,1055.849,691.773
3.111,5.846,1057.726,690.150
8.581,2.954,1056.369,694.680
5.287,2.666,1056.573,695.691
7.901,0.000,1050.562,696.784
8.724,0.000,1045.737,696.208
13.145,2.497,1047.586,696.460
14.474,12.768,1066.085,694.843
0.633,13.484,1067.220,704.191
6.320,4.295,1073.859,709.524
2.161,11.006,1082.075,704.727
4.925,0.749,1082.720,717.140
6.057,9.809,1077.854,705.375
6.667,0.742,1064.615,712.588
6.113,5.365,1046.320,708.908
9.681,4.439,1060.965,706.172
0.004,4.832,1038.890,698.658
6.184,11.433,1064.473,702.522
5.263,7.448,1060.202,715.829
22.562,3.571,1081.471,720.000
7.258,8.894,1118.238,719.573
3.833,6.817,1123.091,719.467
0.000,9.991,1140.441,714.171
0.000,5.699,1153.233,717.300
0.000,17.176,1172.154,716.416
0.000,4.799,1139.495,715.220
0.000,22.415,1145.401,707.186
0.123,11.784,1110.306,705.414
0.000,4.742,1109.543,708.543
0.000,3.820,1120.622,710.780
0.609,4.685,1143.358,718.961
18.128,10.892,1121.885,711.567
4.284,5.746,1125.679,708.785
15.386,4.420,1103.173,706.725
3.971,7.792,1101.452,703.565
8.118,11.873,1087.683,701.449
6.936,10.907,1085.719,704.413
1.789,13.036,1086.060,698.678
0.000,14.915,1086.591,692.058
0.000,11.495,1084.634,693.399
0.000,10.315,1091.325,700.532
7.970,11.881,1094.971,703.273
13.370,15.845,1105.414,701.510
14.388,18.542,1105.448,704.919
13.120,16.175,1087.682,705.482
9.757,15.089,1088.174,702.101
7.722,15.465,1092.349,702.741
4.460,8.577,1089.758,710.587
10.246,11.802,1093.697,712.872
9.933,11.562,1088.721,719.490
8.064,10.646,1101.117,711.606
9.987,8.080,1122.317,715.120
0.000,12.440,1145.516,707.396
0.132,3.924,1158.906,717.886
0.000,22.366,1169.324,705.992
0.000,7.080,1169.870,716.877
0.000,15.968,1161.315,707.064
0.000,0.000,1169.571,719.849
3.264,10.669,1142.610,713.366
11.457,0.885,1159.236,720.000
1.551,19.476,1146.884,707.311
5.427,8.939,1162.002,711.725
0.414,17.995,1157.159,707.006
11.348,29.320,1109.426,689.988
12.794,25.157,1086.711,688.164
13.288,19.241,1087.595,687.204
8.637,18.891,1083.467,696.948
12.923,13.703,1090.393,701.180
5.521,11.212,1089.679,706.208
0.000,6.781,1090.638,710.829
0.000,12.140,1097.453,705.575
6.412,7.358,1078.016,708.639
13.364,8.178,1068.117,707.749
22.846,8.755,1054.515,702.992
17.983,13.628,1051.791,696.627
11.696,8.301,1072.290,703.579
1.668,5.433,1066.332,707.276
7.821,3.406,1076.466,712.700
0.662,6.392,1089.866,711.198
0.000,2.699,1102.015,715.297
0.000,3.207,1110.120,720.000
0.000,10.377,1102.654,719.008
0.000,6.987,1098.892,715.018
0.000,6.175,1093.739,720.000
0.000,7.586,1101.178,713.259
0.000,11.117,1074.121,708.706
0.000,4.834,1064.947,713.111
7.261,5.680,1082.307,714.793
2.114,6.824,1085.055,715.707
1.679,0.000,1082.653,720.000
2.658,3.314,1083.450,720.000
8.207,4.185,1088.624,720.000
11.309,8.450,1079.122,715.834
19.095,4.319,1078.491,720.000
15.793,8.901,1093.551,717.292
25.919,10.899,1080.980,709.806
17.093,6.295,1100.385,720.000
11.922,2.109,1095.922,720.000
17.698,9.934,1094.965,720.000
14.980,9.698,1072.211,713.219
19.575,12.243,1077.434,710.100
11.560,12.876,1089.951,709.805
6.278,6.914,1094.530,709.507
7.040,1.463,1094.486,709.975
3.144,9.331,1087.162,706.631
2.640,3.636,1071.670,703.956
0.000,5.295,1060.274,701.650
0.118,6.869,1053.856,707.792
7.868,6.765,1040.448,708.662
5.200,7.454,1060.783,713.915
5.385,3.452,1081.358,717.191
4.755,6.159,1103.098,715.792
0.000,10.352,1099.661,720.000
9.345,8.429,1093.144,709.718
1.603,6.331,1118.087,711.662
0.000,10.976,1120.839,706.467
0.000,11.881,1106.420,699.595
0.000,8.754,1098.797,703.650
0.000,5.260,1092.905,708.249
3.665,5.493,1103.771,708.091
9.268,9.496,1102.453,710.092
4.627,10.773,1081.994,699.406
0.295,6.360,1104.103,706.026
5.998,8.495,1120.299,711.325
0.000,13.770,1101.776,707.006
0.000,5.143,1089.007,708.779
1.428,10.829,1096.723,702.468
22.775,24.834,1065.390,694.562
10.427,22.976,1059.792,685.782
8.934,18.525,1051.511,688.531
5.125,16.382,1052.353,693.813
2.597,12.039,1062.995,695.921
6.713,4.216,1073.915,701.301
3.564,6.314,1082.950,704.375
0.000,5.584,1081.055,705.347
0.000,2.739,1083.673,708.578
6.708,4.197,1086.124,712.049
4.171,5.198,1093.527,716.571
0.000,3.469,1087.735,719.091
0.000,8.640,1091.808,720.000
0.000,2.376,1083.716,720.000
0.000,8.451,1078.897,719.578
0.000,0.517,1038.906,720.000
2.999,5.612,1032.684,708.005
6.726,7.219,1029.773,710.581
3.595,5.409,1033.825,713.058
4.744,8.039,1041.228,714.248
1.725,3.856,1040.821,711.421
12.848,0.000,1029.740,712.157
16.457,4.372,1023.568,711.057
13.853,8.863,1027.289,709.646
17.815,5.327,1026.933,708.675
10.333,9.435,1040.738,713.502
8.696,7.051,1041.200,713.248
10.680,9.638,1033.882,711.999
12.995,5.842,1028.493,714.305
8.507,6.294,1054.416,719.368
9.683,7.980,1049.459,711.629
12.078,0.907,1053.604,714.392
13.995,15.189,1028.294,701.046
11.015,6.060,1018.135,706.048
22.261,8.274,1013.432,709.267
16.799,17.196,1010.480,710.017
8.907,14.992,971.651,712.657
6.018,17.530,951.940,709.797
4.951,10.801,950.785,705.590
1.882,11.558,958.665,708.221
2.521,9.657,963.331,712.671
11.921,4.501,978.391,716.269
22.676,4.580,988.728,716.608
12.265,8.664,978.190,714.269
23.057,7.440,961.957,702.062
9.015,14.393,967.282,698.690
6.172,17.846,950.014,695.066
7.449,16.349,940.083,693.146
11.173,21.225,943.253,688.413
6.378,26.033,948.101,678.943
5.170,21.938,948.272,676.074
4.830,15.725,941.172,676.019
4.601,20.787,939.791,681.014
0.000,16.913,944.554,687.689
0.000,12.979,953.681,694.724
4.107,17.113,967.488,689.828
5.264,15.264,973.407,692.626
0.000,19.540,978.723,693.911
1.618,14.610,989.343,703.752
8.962,12.257,991.951,703.569
0.000,13.388,1019.246,710.613
0.398,0.000,1029.766,716.059
0.000,0.000,1050.457,720.000
0.572,0.000,1038.949,720.000
28.318,7.645,1027.104,712.251
8.963,0.470,1050.026,707.000
12.352,3.568,1064.370,720.000
7.827,0.000,1066.531,716.639
2.627,1.551,1089.835,720.000
0.000,8.234,1105.098,720.000
8.606,2.786,1102.722,716.962
0.000,3.480,1111.743,715.269
2.857,0.873,1119.386,716.313
13.557,8.665,1129.174,708.724
2.948,7.355,1134.755,706.223
0.000,4.395,1133.462,708.748
1.480,1.738,1139.750,716.842
1.467,9.242,1136.122,713.395
0.000,12.720,1132.025,711.917
0.000,10.437,1109.214,704.750
0.000,6.557,1122.991,712.501
0.000,11.246,1123.099,716.187
0.000,8.170,1118.918,714.572
4.571,5.630,1116.521,708.023
1.578,8.280,1135.498,707.573
2.598,11.411,1143.143,713.695
0.687,11.930,1143.020,710.406
0.000,14.873,1149.992,703.844
0.000,11.673,1157.537,705.589
0.000,9.485,1173.388,710.119
0.000,6.344,1160.975,711.139
6.091,3.033,1176.333,716.820
5.709,6.607,1166.668,710.393
0.000,4.685,1175.351,712.589
0.000,4.833,1171.751,708.212
0.000,6.478,1172.691,710.129
19.820,15.261,1129.344,702.439
0.000,19.045,1135.856,699.599
0.000,15.927,1114.534,702.826
1.654,9.142,1099.752,703.347
2.709,3.423,1107.405,703.856
0.000,5.248,1133.312,710.231
0.000,0.277,1137.341,720.000
0.000,3.164,1148.608,720.000
0.000,10.501,1139.063,718.164
0.000,1.341,1121.472,720.000
0.000,5.459,1112.860,719.318
0.000,0.000,1109.170,720.000
0.000,2.301,1088.336,718.447
0.000,0.329,1067.022,716.864
0.000,3.262,1036.214,705.536
4.950,6.016,1048.079,703.123
4.167,11.323,1029.634,700.810
3.394,8.126,1021.820,703.549
5.581,15.757,1004.889,691.559
1.127,18.589,1013.039,695.690
0.000,8.983,1011.086,705.536
4.153,2.573,989.293,709.848
4.839,10.162,982.688,704.983
2.917,4.548,960.664,709.106
0.700,9.961,945.305,697.425
0.000,14.846,929.367,699.108
0.061,14.131,923.685,694.765
0.000,17.019,928.236,701.616
0.000,15.449,916.079,698.938
0.000,22.340,906.019,705.046
0.000,18.722,891.795,696.587
0.000,25.515,906.759,696.969
12.656,49.109,897.789,675.663
24.725,52.347,899.928,654.594
19.498,40.514,924.185,655.872
32.481,27.215,971.640,669.791
57.779,8.001,1003.338,678.401
67.652,1.578,1037.105,673.901
81.577,3.250,1063.089,670.366
91.583,0.000,1101.470,672.757
84.286,0.000,1125.880,680.688
75.870,0.713,1154.781,689.688
72.810,3.012,1162.422,693.782
76.735,9.295,1161.210,697.886
77.119,8.775,1164.966,694.960
65.614,10.144,1181.832,699.672
67.895,11.544,1165.149,697.129
85.056,6.844,1164.932,697.479
101.792,6.348,1159.374,695.704
110.527,7.732,1147.848,695.655
118.157,8.697,1133.700,689.965
118.396,8.664,1133.825,691.058
100.518,11.127,1141.604,693.829
92.850,13.028,1165.181,693.467
83.437,7.645,1162.580,691.203
82.174,3.748,1178.252,692.613
83.313,0.000,1196.939,705.945
77.380,0.000,1194.884,705.736
73.868,0.000,1209.485,704.369
71.497,0.000,1219.180,702.468
69.795,0.284,1209.088,702.919
80.653,0.012,1227.897,700.639
88.370,0.000,1200.506,700.776
106.030,0.000,1205.012,696.873
99.185,8.598,1159.580,688.046
125.164,4.645,1175.617,683.842
138.308,0.269,1137.957,690.847
158.906,6.275,1130.022,692.376
152.796,1.741,1116.042,698.808
179.116,5.109,1117.441,699.234
188.103,0.000,1078.445,704.420
191.268,5.978,1091.242,701.791
176.180,4.475,1074.156,696.152
147.694,8.693,1100.580,704.578
119.069,0.000,1133.075,704.741
99.731,0.497,1150.507,704.194
71.374,30.656,1160.993,704.370
0.000,46.400,1201.559,672.834
0.000,56.032,1185.905,665.139
20.493,42.833,1101.715,656.764
23.279,46.635,1040.778,662.106
33.277,81.570,980.125,648.492
63.973,109.831,888.866,613.717
34.358,140.253,868.476,581.341
38.189,163.605,859.132,549.419
61.537,189.117,840.955,529.632
62.279,193.661,896.402,520.765
58.460,185.580,961.441,534.480
42.974,160.147,1045.501,565.361
43.646,130.577,1083.100,585.756
48.714,113.527,1124.182,611.733
61.023,87.612,1136.064,624.743
72.715,76.811,1141.352,652.051
70.478,62.799,1166.329,643.374
77.323,45.990,1190.559,685.826
83.583,32.728,1177.223,665.874
104.669,33.075,1151.391,669.772
114.127,32.536,1156.701,671.588
128.312,19.088,1169.215,682.864
125.872,10.412,1160.976,693.384
124.984,6.367,1184.183,698.341
147.331,0.000,1146.370,698.642
155.322,0.000,1137.783,699.762
158.370,0.000,1130.021,705.787
151.258,0.000,1122.930,710.212
156.991,0.000,1127.177,715.153
157.145,0.000,1118.262,712.752
162.477,0.000,1119.345,710.179
175.992,0.000,1113.622,705.397
173.687,0.000,1121.814,708.856
184.418,0.000,1104.233,705.703
198.086,0.000,1107.026,708.800
217.236,0.000,1090.305,710.854
247.941,4.483,1075.220,701.005
269.651,6.250,1034.746,695.964
267.902,9.543,1039.806,692.082
288.571,11.687,1018.110,691.804
300.426,8.919,993.870,699.465
319.773,2.126,967.167,702.998
334.757,6.477,980.310,709.328
323.968,0.000,937.306,703.652
295.418,1.863,1015.151,707.560
280.972,12.791,1005.548,699.650
268.703,12.492,1024.883,687.556
229.670,32.395,1032.738,683.295
220.022,42.868,1043.197,692.077
220.855,41.080,1042.321,694.770
213.907,53.840,1049.908,688.019
207.917,56.920,1057.503,664.428
180.008,58.204,1056.058,676.991
185.421,54.203,1091.209,673.666
192.775,51.900,1072.288,666.226
200.541,52.911,1072.935,669.492
207.118,48.718,1051.234,664.988
210.566,55.966,1060.192,665.059
204.972,60.269,1065.288,660.739
198.636,62.138,1066.072,659.224
194.021,63.590,1076.761,658.992
183.341,62.243,1064.801,654.503
179.813,54.810,1071.430,663.021
154.870,41.872,1085.513,674.330
129.547,25.723,1117.404,674.739
142.631,8.714,1119.033,687.219
150.717,0.853,1108.365,694.152
141.918,2.577,1106.342,697.404
136.576,0.440,1119.239,701.741
128.720,0.000,1119.023,700.205
117.150,0.669,1133.759,707.003
112.345,0.000,1150.222,713.629
108.786,0.000,1152.215,713.870
114.284,4.038,1147.244,710.811
120.709,8.752,1138.401,705.010
114.196,9.053,1136.897,715.271
94.225,9.952,1137.805,713.428
71.468,14.303,1145.193,708.269
88.305,19.620,1121.129,701.605
93.388,23.315,1115.701,700.814
84.502,31.651,1120.175,691.108
68.631,33.052,1130.286,692.240
72.376,25.846,1121.860,688.417
95.450,17.617,1115.700,672.540
127.171,16.224,1103.831,684.385
120.639,21.110,1105.885,699.851
140.789,17.137,1085.447,697.893
146.077,16.302,1100.372,691.641
118.195,16.481,1124.793,697.817
124.424,14.190,1127.540,697.758
132.288,12.801,1117.625,701.820
140.860,15.706,1119.151,695.487
