373.000,195.000,40.000,38.000
375.172,194.313,36.925,37.354
375.325,195.327,37.092,37.460
373.881,195.579,36.088,37.428
374.251,195.511,37.023,37.375
373.363,194.393,35.568,37.397
373.718,193.465,35.872,37.392
372.886,192.559,36.029,37.202
372.309,191.306,36.485,37.259
372.742,189.693,35.763,37.029
372.204,188.869,36.806,36.609
371.549,186.873,35.412,36.373
371.648,185.551,36.161,37.735
372.002,185.117,36.625,36.771
371.721,184.110,35.774,37.556
370.899,183.451,37.143,37.208
370.734,183.706,36.655,37.012
371.147,183.199,35.944,36.844
372.470,182.659,36.292,37.267
372.947,182.804,35.709,36.915
371.747,182.504,36.289,37.068
372.316,182.157,36.456,37.062
372.892,181.616,36.347,37.802
372.718,181.106,37.139,37.065
374.229,180.006,35.473,37.670
373.958,178.626,36.071,37.435
373.925,178.171,36.765,37.764
373.192,176.935,36.344,37.347
373.176,175.239,36.268,37.372
374.155,174.615,36.260,37.636
374.396,174.727,37.341,37.234
376.174,174.385,35.724,37.286
375.481,173.369,37.453,37.562
376.788,172.838,36.117,37.760
376.634,172.482,37.389,37.275
377.675,170.801,36.143,37.532
377.743,169.744,36.485,37.193
378.596,168.870,36.580,37.328
377.869,167.260,36.395,37.315
376.729,166.891,37.134,37.427
378.145,166.853,35.541,37.280
378.080,167.267,35.952,38.115
377.592,167.540,37.054,37.494
376.779,167.748,35.671,38.125
375.277,167.842,37.746,37.666
373.833,167.365,37.007,37.094
372.799,166.415,37.158,37.245
372.666,165.422,37.095,37.847
372.122,164.222,36.553,37.381
371.717,163.542,36.994,37.727
372.066,162.383,36.245,37.759
372.518,160.637,37.372,37.618
375.024,159.184,36.517,36.875
376.382,156.988,36.345,37.263
379.213,155.007,36.107,36.329
381.764,154.080,37.088,37.233
384.330,151.803,36.175,36.082
386.864,149.722,36.547,37.001
389.692,148.869,36.770,36.029
393.510,147.181,36.208,36.297
397.306,146.400,36.746,36.062
400.730,145.142,36.634,36.350
401.867,142.890,36.420,36.360
407.544,141.107,37.614,36.921
407.078,139.668,37.885,38.792
410.524,138.300,37.668,37.860
411.721,136.557,36.165,38.209
413.129,137.038,36.761,38.871
413.864,137.169,36.822,37.587
413.092,136.410,36.645,38.964
413.487,136.478,36.744,38.693
413.346,135.829,36.921,38.741
414.045,135.751,37.262,38.940
413.495,134.521,36.366,38.871
414.455,132.717,36.929,39.142
415.496,129.982,36.393,38.052
416.380,127.721,37.228,38.349
416.961,125.446,36.494,38.109
417.622,122.636,37.604,38.505
419.349,120.717,37.215,38.233
422.706,122.206,37.293,37.821
424.382,122.679,37.924,39.519
423.888,121.571,37.018,38.975
424.085,118.602,38.577,40.169
426.331,111.978,37.671,40.061
425.690,106.631,39.202,40.972
425.101,101.488,37.412,39.930
422.688,98.780,38.972,41.516
419.161,96.201,39.196,39.586
417.001,92.430,38.466,40.266
415.742,91.053,38.566,40.063
412.498,89.359,39.583,40.382
406.081,88.334,40.068,40.339
400.013,87.111,41.076,40.716
389.602,85.668,42.648,40.896
385.942,84.403,41.510,40.596
382.038,83.822,42.480,42.385
383.918,86.127,40.488,42.702
382.273,88.858,41.160,42.110
377.991,89.217,42.018,43.899
375.308,89.277,41.093,42.677
372.843,84.311,41.423,43.379
371.309,80.297,41.857,44.026
369.890,78.811,42.906,44.792
371.428,80.040,41.086,45.424
376.378,87.191,41.426,45.414
380.914,91.537,41.599,44.489
382.602,93.110,43.241,44.870
384.242,91.712,42.558,45.407
386.415,91.990,44.198,46.287
386.622,91.418,42.848,45.590
387.073,91.253,45.203,47.028
388.659,90.266,44.193,45.664
393.959,86.277,45.489,46.649
401.546,83.881,44.458,45.876
410.263,85.485,44.894,46.182
415.501,86.989,45.204,45.980
420.209,90.017,44.332,46.363
428.033,93.653,44.452,46.251
435.989,99.062,46.147,47.388
433.971,97.648,48.311,51.284
452.909,104.685,46.879,47.200
464.069,104.726,49.041,47.483
471.789,106.793,48.669,48.009
476.803,107.322,46.410,48.373
480.254,109.997,46.206,48.212
485.896,111.730,47.182,49.083
495.401,112.981,47.944,48.003
498.983,110.755,48.100,51.364
503.205,108.828,47.657,49.420
506.977,107.169,47.350,50.551
509.692,102.218,48.050,52.836
511.199,95.151,46.915,52.580
511.080,90.900,47.013,52.331
509.843,86.987,47.767,53.221
508.376,82.367,48.657,53.475
508.214,79.830,49.254,54.183
506.258,76.476,50.522,54.424
504.202,73.395,51.605,55.913
497.470,73.020,53.866,56.821
486.878,75.391,54.783,57.581
477.039,76.007,53.687,59.361
459.919,70.383,57.797,58.369
452.715,66.006,58.137,59.563
445.769,61.756,55.802,59.351
441.331,53.766,56.185,60.939
440.453,50.606,55.435,61.074
440.028,51.831,58.282,60.578
440.928,49.056,55.076,61.426
436.880,45.780,57.061,62.754
432.287,43.960,60.015,62.864
425.520,46.487,59.649,64.975
422.597,50.154,60.174,65.411
417.244,56.216,60.046,66.814
414.801,60.887,59.875,67.897
412.631,65.732,61.144,68.138
412.369,71.010,60.257,68.701
411.548,78.162,61.380,70.013
413.499,88.315,61.122,73.641
419.712,104.120,62.445,74.883
429.967,114.586,64.429,77.447
441.816,122.494,65.008,75.539
449.556,127.036,68.720,73.689
458.957,131.044,66.898,71.579
462.741,135.954,66.320,72.435
464.158,141.933,64.748,75.796
464.106,148.725,66.327,76.718
467.662,150.921,70.453,77.930
477.338,153.483,70.694,77.140
480.718,155.057,71.406,78.448
483.444,157.581,71.580,80.432
481.855,159.872,75.642,82.795
479.959,158.809,76.307,86.042
476.902,159.880,78.551,89.985
470.562,160.223,81.414,93.360
469.021,162.166,84.180,98.585
470.155,164.698,85.508,100.961
468.461,166.532,88.056,101.843
467.724,171.584,84.247,105.463
464.743,186.275,87.942,107.483
456.415,190.235,89.718,105.010
450.115,183.352,93.809,105.870
447.258,178.605,94.397,104.540
443.997,178.718,97.968,104.260
438.241,176.827,96.081,106.045
437.031,178.640,93.681,108.861
433.706,182.151,95.322,106.040
434.634,185.507,91.454,110.381
434.599,200.661,92.787,112.084
437.095,208.905,93.120,107.301
445.055,212.360,95.976,107.412
450.454,216.050,94.764,104.611
455.492,220.692,97.261,108.721
461.660,224.026,97.654,107.768
466.271,229.730,95.466,109.283
469.672,239.794,96.916,111.766
467.207,249.543,99.014,113.412
454.897,251.908,102.077,111.575
448.367,244.451,103.502,106.383
443.407,249.589,101.897,113.810
443.553,263.426,97.072,109.495
441.275,270.898,102.707,103.024
438.180,266.005,101.384,101.454
427.018,266.435,107.413,107.568
413.032,273.895,111.291,110.811
397.301,283.644,112.170,112.727
383.883,292.456,110.112,109.190
377.358,299.124,109.418,110.795
373.989,305.571,110.799,111.602
377.657,309.139,110.180,110.331
371.353,306.705,114.145,109.522
369.117,303.005,111.868,111.451
361.910,308.075,117.812,118.869
362.021,319.645,115.487,122.378
368.666,331.400,117.465,120.382
373.367,331.143,121.338,115.624
373.923,334.795,118.458,118.613
370.983,343.020,118.827,121.631
368.576,352.101,121.320,123.174
374.416,358.772,120.156,123.169
371.583,364.763,122.692,124.575
367.408,372.708,122.135,125.892
361.127,381.132,124.814,124.617
358.527,384.388,126.565,125.639
354.888,387.266,133.043,130.006
353.918,386.257,132.137,130.944
358.854,393.619,130.001,133.114
369.151,401.117,129.485,133.795
382.659,406.169,132.849,134.751
398.266,412.555,131.304,133.331
410.725,418.955,132.167,138.423
423.733,428.469,132.949,139.317
436.006,441.384,133.331,142.064
440.789,456.340,132.389,146.017
443.667,468.829,136.610,146.825
436.093,476.943,141.111,144.557
435.502,477.079,140.445,145.806
439.729,469.014,143.326,147.065
455.993,463.513,141.790,145.839
456.373,459.913,142.854,146.960
447.314,465.230,148.511,150.561
442.355,470.523,147.701,152.873
441.113,469.255,149.604,153.988
438.547,474.088,153.045,157.077
442.363,487.292,146.419,157.106
447.738,496.983,148.906,156.897
449.517,503.875,148.677,156.738
449.974,509.587,145.994,158.716
447.157,509.643,151.815,157.483
433.017,507.968,148.671,155.466
425.928,511.196,152.223,156.335
417.632,509.054,154.724,159.889
400.437,508.822,155.601,159.149
388.135,518.345,161.008,166.802
387.900,530.608,156.957,170.898
390.179,552.966,152.026,170.465
383.002,583.968,165.366,164.619
374.308,613.853,159.432,140.313
379.085,637.149,158.368,123.122
414.248,661.817,158.220,106.958
398.329,646.366,200.621,91.174
430.725,621.663,291.126,92.937
492.400,627.468,395.432,107.734
537.328,630.442,579.724,115.720
538.663,629.084,852.612,120.197
433.761,621.244,1124.643,123.169
331.240,611.862,1280.000,131.551
302.181,603.888,1280.000,139.097
290.649,599.557,1280.000,144.571
329.644,596.724,1280.000,149.820
350.690,587.457,1280.000,157.378
349.901,577.301,1280.000,165.056
328.679,565.823,1280.000,170.752
320.190,557.223,1280.000,180.038
340.996,550.484,1280.000,191.336
379.776,541.907,1280.000,198.351
362.285,535.122,1280.000,207.828
385.218,525.468,1280.000,214.266
418.697,519.518,1280.000,224.179
426.394,517.703,1280.000,231.264
388.946,521.383,1280.000,236.527
388.455,519.202,1280.000,232.866
414.222,520.189,1280.000,223.995
426.204,527.926,1280.000,217.304
403.602,542.252,1280.000,211.834
440.338,547.820,1280.000,209.682
496.638,546.614,1268.541,211.002
489.761,538.521,1257.521,210.618
165.153,515.985,1107.045,209.783
154.159,509.631,902.115,209.233
239.554,497.364,742.508,226.076
355.412,499.716,547.918,199.273
401.458,495.976,404.499,220.019
427.780,499.704,296.544,189.741
445.488,506.775,231.220,171.756
451.122,512.268,194.566,162.197
459.751,510.003,169.749,160.492
463.558,514.722,156.755,156.051
471.544,515.576,149.729,154.992
470.935,517.804,150.836,158.649
471.475,523.227,147.818,157.652
466.475,528.454,151.071,158.099
467.282,529.845,146.072,160.409
468.143,527.495,147.193,162.441
481.023,528.869,144.696,161.922
491.979,531.999,145.115,161.751
504.025,530.862,145.369,163.293
515.272,535.113,142.009,162.099
521.557,536.670,142.007,160.782
525.105,535.915,140.902,159.293
526.503,529.679,138.580,159.532
533.908,528.060,137.191,155.986
532.765,513.237,139.241,157.993
528.849,496.909,136.160,156.243
525.058,491.474,139.578,154.233
515.102,481.191,137.717,152.803
512.286,474.320,136.745,150.440
517.593,464.032,135.527,149.260
530.765,455.569,134.476,147.252
542.920,451.828,132.638,144.810
540.075,453.579,139.628,150.553
540.663,457.561,135.270,150.217
530.339,435.741,137.162,160.606
530.150,368.881,144.397,186.494
510.996,333.969,141.832,200.505
496.768,324.823,140.994,237.021
475.051,364.737,136.930,273.736
477.580,387.552,128.562,236.298
465.301,408.714,117.618,219.586
466.278,445.804,109.704,216.040
476.891,494.431,104.686,221.494
478.006,550.462,111.147,215.657
501.651,600.374,117.431,163.727
524.425,554.734,145.549,135.188
567.447,552.006,217.912,153.742
639.985,535.360,308.115,170.642
755.648,540.759,453.161,197.664
841.467,541.310,637.560,213.279
855.000,531.750,838.807,223.400
845.236,514.682,1137.465,241.772
829.745,489.164,1280.000,270.651
787.618,455.339,1280.000,307.944
615.064,360.283,1280.000,345.356
412.814,298.716,1280.000,405.910
381.834,269.314,1280.000,469.178
441.112,245.041,1280.000,532.891
516.364,209.644,1280.000,589.280
594.906,147.043,1280.000,631.347
730.454,101.868,1280.000,666.035
806.317,45.829,1280.000,702.877
793.348,1.700,1280.000,720.000
706.568,0.000,1280.000,720.000
239.702,0.000,1280.000,720.000
67.593,14.834,1121.495,662.224
67.253,11.685,1162.552,649.024
105.126,1.511,1180.480,651.130
126.284,0.000,1171.181,659.753
119.112,0.000,1154.091,659.098
131.846,0.000,1133.360,652.275
158.462,0.000,1119.717,636.698
168.694,0.000,1122.432,624.455
200.726,0.000,1152.389,619.902
282.797,0.000,1176.663,605.162
261.605,11.633,1197.733,594.825
228.053,4.954,1208.097,594.397
193.130,0.153,1242.084,592.192
201.334,3.851,1261.072,581.617
204.170,4.750,1264.392,564.101
156.436,0.000,1256.296,563.014
121.969,0.000,1258.962,555.094
47.777,3.827,1234.579,544.267
167.576,10.702,1189.519,501.297
58.286,47.497,1144.219,506.589
88.698,48.762,1104.985,490.027
73.832,35.861,1073.004,463.998
0.000,60.592,1015.749,465.322
34.485,58.957,884.450,429.496
0.000,54.424,774.790,411.006
6.949,49.900,653.685,409.127
5.377,45.523,599.748,381.300
0.000,19.292,532.538,377.723
11.995,36.434,408.060,360.036
0.000,63.677,377.407,315.163
0.000,68.792,380.558,303.719
0.000,75.762,375.517,297.102
0.000,71.255,377.959,294.126
0.000,66.367,369.695,289.052
6.897,58.042,357.019,291.769
6.129,42.949,362.404,295.643
9.472,28.738,360.895,301.441
15.827,21.130,344.481,296.727
23.580,22.104,340.765,285.647
26.662,16.197,330.820,280.822
22.684,12.140,323.322,267.277
18.323,5.925,326.860,258.565
21.713,0.323,332.742,254.223
23.466,5.501,320.847,241.666
16.029,14.199,327.836,232.075
9.466,6.938,331.385,231.861
2.907,12.848,326.351,217.353
4.567,16.690,311.663,212.514
0.000,23.851,291.335,203.988
0.000,41.376,276.304,202.985
0.000,55.639,264.602,208.288
2.416,50.096,240.203,233.295
5.694,17.024,232.281,247.275
0.000,6.657,215.892,265.914
4.700,8.718,210.590,273.374
0.000,22.779,221.848,270.835
0.000,28.974,239.318,270.768
0.000,27.647,254.784,266.331
0.000,28.068,270.720,272.632
0.000,24.470,268.084,284.310
6.085,19.238,272.474,281.087
6.376,10.349,278.061,282.550
8.238,6.748,281.970,270.653
0.000,8.638,291.829,260.525
7.914,8.042,278.968,253.141
10.835,7.507,274.483,242.420
12.949,14.980,267.544,222.054
7.442,21.939,266.573,203.859
6.006,22.581,269.471,191.648
6.400,27.924,266.104,184.229
17.559,35.784,255.469,173.662
7.649,34.358,239.985,164.156
4.494,29.472,246.198,159.166
0.000,17.505,237.676,155.384
6.754,3.650,227.473,149.666
14.290,0.000,213.017,153.918
24.562,0.000,202.934,135.239
20.001,0.000,206.287,127.071
6.873,0.000,208.159,121.440
1.586,0.000,197.070,116.053
0.000,0.000,196.017,109.146
0.000,0.000,195.983,111.019
0.000,0.000,198.745,109.512
0.000,0.000,201.149,107.708
0.000,0.000,199.229,104.724
0.000,0.000,202.283,102.760
8.253,0.000,201.118,100.366
7.363,0.000,205.639,96.287
17.133,0.000,212.295,94.596
27.291,0.000,213.698,91.230
47.162,0.000,213.061,89.292
55.076,0.000,213.387,86.118
56.409,0.000,217.647,84.487
70.902,0.000,219.042,83.105
81.957,0.000,206.306,78.657
77.099,0.000,205.914,68.340
82.326,0.000,191.785,55.901
61.575,0.000,193.627,55.563
62.871,9.377,226.550,74.487
36.111,24.978,255.451,104.302
0.000,78.177,291.872,172.433
20.514,100.043,390.287,166.766
42.711,114.159,519.020,146.493
103.130,147.343,669.182,163.601
399.121,205.993,866.317,269.240
356.185,233.537,777.530,362.254
337.236,256.190,644.052,381.762
367.213,288.696,592.276,352.920
378.470,308.567,559.031,346.161
387.190,324.761,553.158,342.335
402.249,331.818,544.091,341.778
423.422,330.657,546.646,343.398
434.562,312.909,545.949,349.355
440.904,317.672,548.481,351.182
453.760,304.259,541.604,348.159
459.812,309.526,541.712,352.799
484.735,287.789,533.566,349.825
490.680,308.266,533.552,365.284
522.285,255.482,533.071,366.597
523.039,298.659,539.174,398.076
551.102,274.701,523.788,384.246
564.773,289.563,520.872,355.301
565.076,282.146,508.107,368.695
586.700,286.297,504.365,362.216
607.103,273.055,497.519,348.968
623.777,299.713,495.531,408.130
628.057,267.683,488.547,399.949
624.468,288.790,504.553,382.023
614.951,261.351,503.849,385.994
614.831,278.132,512.837,368.624
604.424,273.251,499.833,361.383
597.712,291.556,488.313,386.716
582.096,292.401,477.516,373.989
567.902,293.966,468.468,355.970
559.944,300.226,467.066,339.461
549.267,310.128,462.813,348.081
547.275,301.822,455.262,335.909
554.053,300.005,464.133,353.849
567.941,293.422,471.596,340.709
573.609,316.519,462.365,382.176
570.469,305.930,462.516,371.633
575.112,322.198,468.271,345.595
585.041,348.828,480.939,345.133
589.015,343.750,470.814,353.104
594.065,372.789,476.723,348.002
569.440,357.273,439.535,342.536
479.985,348.677,461.109,348.183
480.742,362.375,459.805,350.217
496.979,392.797,483.498,314.728
540.629,390.797,513.254,301.528
610.119,387.470,508.288,308.777
712.114,396.713,441.608,312.864
772.205,434.853,338.333,281.472
846.813,470.923,285.849,234.750
895.611,505.162,234.025,218.224
937.215,545.915,199.968,189.058
959.540,583.295,198.335,163.938
984.954,604.915,199.069,134.241
989.629,630.340,205.902,113.322
961.274,629.279,244.953,109.388
900.892,626.906,300.951,104.316
891.182,634.961,354.364,117.078
949.955,631.621,440.933,123.628
991.483,618.141,537.702,130.168
1042.427,604.601,632.387,143.938
1083.970,588.768,716.120,155.464
1165.074,579.879,778.564,171.796
1243.222,568.554,829.063,188.343
1280.000,551.702,872.752,205.236
1280.000,532.783,889.853,223.697
1280.000,513.588,900.586,249.490
1280.000,493.756,915.398,279.285
1280.000,462.959,922.117,305.258
1280.000,416.449,919.186,332.438
1280.000,371.707,917.897,368.369
1280.000,329.713,856.864,429.518
1280.000,284.156,771.950,495.649
1280.000,222.039,655.513,557.816
1280.000,155.913,552.134,578.199
1237.924,96.417,507.122,591.916
1162.840,107.684,444.087,587.582
1007.630,150.460,412.018,572.436
896.943,90.630,442.840,543.002
919.032,189.563,361.227,504.423
908.989,200.329,385.015,478.355
922.990,225.706,333.572,441.794
927.236,209.015,337.398,425.676
948.528,240.558,318.852,372.956
969.273,232.110,292.935,355.423
976.829,233.396,273.345,316.146
988.173,238.683,248.119,299.953
990.139,254.692,223.369,302.440
994.177,270.194,215.396,279.349
1009.987,280.127,210.536,302.554
1015.850,298.783,199.849,292.331
1022.842,316.432,197.152,293.431
1026.554,336.705,187.924,294.452
1033.205,349.770,191.581,263.893
1029.485,364.207,183.318,287.461
1036.539,370.162,190.680,257.529
1035.362,380.907,178.222,270.592
1049.977,386.160,206.176,256.656
1048.286,398.714,188.379,290.574
1052.838,405.950,188.777,247.559
1050.392,409.786,175.778,272.139
1072.115,413.727,199.779,241.241
1060.399,416.087,178.991,270.651
1071.227,420.086,186.533,248.144
1070.928,423.387,173.211,256.141
1085.028,427.933,188.579,237.423
1081.767,429.456,179.641,254.523
1095.976,423.711,200.306,232.723
1097.939,427.186,163.506,269.140
1121.069,439.314,183.065,240.173
1115.501,470.714,158.010,218.894
1140.698,476.180,175.021,207.570
1152.254,491.970,168.479,208.984
1166.158,488.632,178.837,218.901
1185.581,479.732,195.076,231.757
1195.664,479.238,220.638,250.143
1196.830,468.293,255.547,264.051
1197.364,457.489,292.831,281.425
1179.966,433.348,316.868,293.804
863.098,420.657,294.332,292.282
929.099,471.600,252.925,291.003
938.708,479.944,228.330,256.108
946.570,480.393,203.644,245.279
945.993,477.728,184.922,245.060
952.107,476.105,174.175,238.607
960.904,474.051,170.555,240.176
967.098,472.525,165.617,239.151
972.572,473.053,165.955,240.923
982.301,473.105,169.471,245.102
992.854,476.330,168.948,243.961
999.695,475.390,164.169,235.202
1002.209,480.898,160.064,224.296
1005.644,483.446,162.108,222.028
1012.651,481.210,168.636,233.296
1019.261,474.404,172.386,239.909
1016.011,465.162,171.098,241.395
1022.064,478.925,175.778,257.832
1016.611,474.201,178.624,260.143
1016.678,480.274,173.954,253.802
1019.203,507.287,174.705,238.582
1037.867,536.996,171.478,208.281
1049.386,555.692,169.324,180.786
1057.840,571.356,171.706,153.994
1065.936,580.662,177.776,146.010
1084.054,587.138,178.260,136.559
1099.831,591.884,185.530,133.905
1117.868,598.268,169.074,127.922
1144.997,603.637,143.884,122.049
1157.981,587.943,129.244,118.619
1137.955,469.324,149.060,143.525
1133.584,479.049,155.113,143.929
1141.829,471.189,156.878,150.566
1156.546,468.874,169.441,158.306
1151.113,434.455,182.207,183.806
1156.313,417.676,203.279,217.430
1141.894,415.031,226.326,257.529
1121.089,380.887,243.167,273.011
1081.433,319.314,250.800,276.240
1069.818,315.168,256.820,287.415
1043.221,289.700,245.479,268.567
1053.654,250.733,233.008,241.388
1058.663,231.303,218.371,218.944
1065.120,183.632,214.011,214.697
1061.641,176.103,216.672,210.933
1057.041,162.992,215.400,216.297
1038.197,144.241,222.852,217.976
1002.804,101.423,246.894,224.884
1017.703,108.432,261.613,222.838
998.887,74.567,260.606,212.727
1003.884,83.871,274.955,219.796
996.719,77.670,287.234,215.295
982.176,87.858,288.985,218.334
979.539,94.272,310.442,206.825
961.906,85.047,311.346,204.804
946.173,83.455,328.916,206.801
941.740,75.943,340.790,208.849
943.960,64.347,338.228,211.528
950.608,60.386,340.095,211.879
943.039,51.321,329.029,209.738
945.119,42.627,356.660,209.264
942.935,23.343,317.921,206.385
947.227,13.700,328.665,204.234
938.622,7.280,330.003,199.418
932.616,6.474,340.167,196.493
938.884,3.956,334.147,190.585
941.868,6.036,338.697,189.347
933.387,7.821,343.934,193.989
916.984,13.452,348.342,192.595
904.879,18.174,348.325,188.472
898.233,20.572,341.670,190.231
886.468,25.190,341.520,187.641
880.949,30.630,334.246,185.777
877.198,35.163,328.818,184.169
876.569,38.982,323.081,182.009
870.455,40.102,320.863,178.330
858.090,33.874,324.469,177.538
847.249,25.048,318.239,179.895
854.539,21.712,315.704,177.215
845.500,17.914,313.754,177.443
825.246,16.976,322.418,177.734
802.326,20.528,328.070,179.687
786.534,21.432,317.491,177.414
776.376,16.438,306.166,177.903
779.026,5.714,301.124,182.884
791.047,0.000,300.135,173.128
798.764,0.000,303.268,157.228
801.706,0.000,294.245,140.987
819.176,0.000,307.616,119.832
808.189,0.000,300.815,112.141
824.895,0.000,310.401,104.409
823.624,0.000,306.649,105.792
817.275,0.000,302.283,108.808
814.255,0.000,295.583,114.469
805.159,0.000,290.555,119.650
793.200,0.000,287.897,122.839
785.696,0.000,283.719,139.166
799.888,0.000,274.164,140.272
793.102,0.000,283.779,145.273
775.644,0.246,285.489,154.129
759.928,0.074,294.610,169.793
757.065,3.250,285.976,181.741
759.086,11.314,289.530,192.883
767.674,30.250,299.272,199.716
770.631,56.378,302.209,200.839
771.090,87.789,308.124,203.778
767.794,122.394,305.801,195.884
766.231,141.216,304.034,188.892
763.778,158.360,302.203,190.146
760.144,179.690,299.653,181.967
762.477,190.574,306.188,179.541
765.277,200.915,301.630,178.531
771.708,213.845,305.955,176.315
784.208,217.737,296.524,172.818
786.703,221.894,292.725,169.457
788.723,225.234,290.283,165.253
790.655,224.818,288.099,165.309
789.225,221.715,288.789,164.677
797.013,215.668,288.811,164.595
797.178,213.859,287.704,164.004
798.209,214.506,286.470,163.114
791.585,213.794,288.040,162.860
785.461,210.875,285.031,163.659
776.355,205.911,287.914,163.578
760.827,199.364,292.831,164.672
741.871,194.624,291.935,164.873
727.023,194.538,295.635,165.199
708.127,191.380,295.692,168.792
683.783,190.176,305.645,173.446
664.505,189.311,301.872,173.633
640.042,192.398,299.359,174.595
619.195,200.575,304.758,173.184
593.117,211.250,300.704,174.093
565.632,219.743,299.238,173.545
546.860,223.206,295.366,175.072
539.355,221.108,288.637,180.370
528.758,216.734,289.351,182.052
518.394,215.345,289.638,187.249
489.827,217.091,297.573,187.311
462.111,227.199,308.263,191.247
430.432,234.004,311.257,196.208
406.446,240.444,313.988,203.760
383.136,248.694,317.695,209.257
351.126,264.278,317.731,214.776
304.783,278.340,327.922,214.194
270.788,292.962,333.182,225.726
221.139,308.911,348.020,233.559
163.419,324.170,368.218,242.586
106.698,341.786,379.744,254.008
56.449,361.947,386.252,264.360
8.277,389.173,387.873,270.949
9.690,407.399,355.396,274.966
10.532,427.270,329.575,268.317
19.961,458.836,300.014,251.465
27.026,494.930,272.403,227.735
40.144,526.662,229.574,203.672
45.509,565.923,199.688,172.313
31.437,601.240,198.381,144.712
26.497,627.306,192.621,113.972
21.506,651.256,187.007,87.554
18.793,641.397,224.373,75.041
22.815,644.459,283.809,90.251
50.767,630.008,403.081,96.576
95.882,618.068,561.295,111.900
202.128,614.725,772.761,133.083
304.629,620.383,1077.549,153.034
307.378,609.578,1280.000,174.474
164.761,587.596,1280.000,192.358
67.695,557.889,1280.000,194.869
67.023,531.359,1280.000,198.064
88.000,509.233,1280.000,207.772
94.238,492.435,1280.000,230.675
89.448,469.540,1280.000,252.770
64.726,418.234,1280.000,298.536
50.761,338.183,1240.560,362.484
137.338,228.125,1078.924,467.012
160.802,94.122,1020.993,491.929
93.904,143.623,1026.482,465.547
150.557,179.009,941.887,376.236
66.211,214.850,933.549,321.505
148.169,224.829,787.544,306.480
48.277,254.461,778.695,282.811
181.441,272.066,676.279,284.368
80.305,285.002,658.921,295.086
193.409,297.785,605.890,308.178
126.116,317.739,649.071,306.462
183.370,340.086,599.177,314.824
163.299,348.759,619.556,303.083
182.341,341.458,642.253,324.358
143.611,354.707,681.044,328.263
142.281,344.850,711.538,350.728
138.718,352.165,753.916,355.835
112.093,351.461,793.805,364.052
98.346,327.193,772.662,366.599
76.103,295.111,791.522,399.947
45.956,262.376,819.539,419.317
83.731,172.916,811.371,497.903
136.227,36.125,809.138,550.214
253.279,9.299,782.554,710.493
256.061,10.203,775.426,640.855
265.341,28.479,741.182,681.963
254.798,0.000,704.920,669.520
323.998,49.430,668.882,692.209
386.483,0.000,570.221,680.950
393.712,53.751,524.770,701.627
463.675,40.324,429.987,667.992
440.389,32.256,388.313,652.095
417.908,59.141,379.463,681.198
384.110,78.395,350.884,645.696
318.362,59.918,343.802,640.061
311.718,74.032,350.435,675.156
307.368,91.441,308.539,629.550
343.248,145.047,276.673,570.611
338.757,126.254,240.654,555.831
317.819,115.279,232.251,559.438
307.930,123.678,211.751,531.585
265.423,143.369,212.416,524.190
267.536,189.700,187.531,480.400
241.218,138.901,189.858,458.021
224.015,131.322,180.021,415.150
198.166,113.411,186.411,369.004
168.402,117.419,196.087,367.330
165.641,76.259,220.038,364.376
139.938,83.131,208.335,380.889
116.537,101.985,214.576,393.331
101.727,95.131,235.281,358.817
96.362,111.333,249.012,378.860
82.561,116.736,250.388,369.554
75.469,123.133,264.267,366.818
63.474,151.057,265.109,338.368
37.645,162.901,276.942,352.065
20.446,190.641,300.220,353.940
19.963,202.217,317.681,338.459
12.101,201.236,313.662,335.106
11.525,192.518,309.994,342.500
8.931,194.719,311.908,343.096
17.607,199.627,305.229,363.015
0.000,202.063,300.173,346.428
6.977,187.357,297.330,353.032
7.444,184.693,297.396,351.824
11.255,150.482,297.073,341.534
22.583,132.904,293.823,354.930
10.039,111.128,292.157,357.011
19.946,102.825,286.738,363.636
4.249,104.988,283.842,361.543
15.959,105.360,291.814,371.178
12.514,125.595,290.390,372.715
21.148,134.478,294.028,368.082
19.944,152.618,287.915,367.667
18.661,152.738,281.718,354.536
14.901,137.677,277.525,366.007
12.206,128.226,289.198,361.076
19.444,106.925,290.630,352.077
2.981,95.305,292.553,368.332
20.560,93.949,291.217,353.388
0.000,95.089,288.959,358.895
15.018,110.320,288.383,380.300
0.000,122.934,294.195,357.114
9.652,119.841,282.843,354.972
0.000,123.236,285.589,355.732
1.507,116.615,279.332,354.221
0.337,99.038,278.241,359.547
0.000,94.368,275.988,362.435
0.000,81.849,269.645,362.822
6.789,76.414,273.920,375.169
0.000,83.209,276.698,390.725
3.566,93.712,278.419,383.926
2.591,114.345,289.968,368.247
15.129,114.842,289.999,381.584
0.000,148.177,296.870,376.699
15.204,152.335,294.836,382.833
0.000,171.690,303.267,382.936
4.633,181.504,299.178,384.066
0.000,192.132,303.631,387.005
8.942,204.738,295.171,392.349
0.000,228.586,300.194,395.723
9.090,244.061,298.463,406.729
0.000,264.077,303.982,415.351
13.814,270.133,295.957,410.786
0.940,290.551,309.540,404.352
16.784,278.036,311.718,400.859
2.557,297.838,325.373,412.427
13.098,301.447,313.608,391.451
0.000,323.215,323.070,382.797
5.440,329.714,317.997,379.106
0.000,337.502,323.860,368.812
0.000,342.381,316.279,363.544
0.000,353.189,313.313,356.880
0.000,362.118,309.616,357.529
0.000,371.819,304.648,341.371
0.000,371.823,315.595,345.507
0.000,375.760,316.095,332.842
0.000,373.067,308.448,330.779
0.000,380.629,308.690,322.023
0.000,390.881,313.157,321.975
0.000,398.003,308.978,307.364
0.000,393.855,309.502,318.409
0.000,400.527,306.364,306.799
0.000,402.283,299.140,307.284
0.000,389.537,294.072,317.675
0.000,386.963,286.824,326.631
0.000,399.090,286.984,328.737
0.000,412.532,280.360,320.104
0.000,406.381,275.142,322.293
0.000,432.653,262.880,297.396
0.000,446.537,249.903,280.922
0.000,463.487,249.262,265.550
0.000,475.302,251.540,260.400
0.000,490.794,242.971,243.307
0.000,493.568,225.807,229.238
0.000,503.119,222.774,225.476
0.000,511.452,220.727,212.794
0.000,513.408,214.860,206.341
0.000,519.204,206.952,203.449
0.000,527.959,192.381,194.748
0.000,531.496,176.938,185.116
0.000,524.258,162.649,189.795
0.000,523.268,153.647,189.684
2.735,529.440,153.844,185.204
21.290,555.740,161.025,168.728
44.311,575.586,152.756,164.782
45.071,577.052,154.466,156.763
20.685,584.308,179.416,161.998
16.806,572.566,205.978,171.510
17.933,574.534,227.902,172.821
20.694,574.482,268.388,157.308
60.554,548.520,332.540,154.643
99.092,561.318,443.098,188.173
178.224,557.496,614.092,208.591
268.424,541.479,886.447,237.963
494.005,518.992,1141.706,271.162
603.520,475.868,1280.000,304.081
603.837,405.812,1280.000,341.546
652.861,333.649,1280.000,377.785
664.950,243.747,1274.813,421.376
587.239,162.130,1210.384,478.734
517.653,39.430,1082.620,526.053
479.529,43.090,841.264,554.396
520.979,78.757,754.398,552.045
522.841,77.237,775.807,546.623
514.248,75.339,747.244,525.750
521.005,63.271,742.001,508.208
539.826,48.588,732.410,494.020
557.649,39.603,707.529,487.254
554.172,20.388,688.399,452.260
516.137,35.169,709.930,422.562
512.012,38.155,700.138,393.555
524.059,33.398,684.265,384.536
516.555,32.378,699.187,377.921
486.790,33.258,702.362,370.419
487.980,33.826,700.697,372.479
488.333,35.836,696.664,371.738
480.076,38.262,717.448,385.590
511.385,33.053,687.445,383.245
508.325,33.422,687.834,383.620
516.953,29.960,682.650,382.707
518.750,27.418,686.212,383.073
530.917,26.317,684.002,381.784
530.149,28.043,694.717,377.244
523.571,30.948,708.989,380.524
529.887,33.927,712.912,383.671
525.656,35.141,724.063,378.724
513.880,35.504,727.613,382.338
536.933,34.075,715.928,385.631
516.718,39.404,729.030,378.641
532.251,35.031,725.042,387.880
511.631,39.052,731.647,385.542
521.440,32.566,735.722,389.938
517.581,31.285,740.552,394.570
513.161,32.134,744.278,394.117
504.189,33.018,756.130,394.172
514.856,30.335,751.101,395.741
520.342,32.515,752.728,401.710
523.749,32.466,764.353,409.899
524.351,34.753,766.625,421.110
522.597,32.307,754.873,413.752
508.726,34.581,745.018,423.011
506.768,30.425,716.897,421.521
512.968,27.021,704.737,413.808
513.328,23.906,698.507,428.728
514.077,16.389,667.134,429.212
531.103,12.866,654.232,437.125
557.300,5.049,642.790,446.789
581.603,0.000,619.245,451.513
595.457,6.541,603.388,459.609
613.781,4.964,581.395,466.261
643.658,5.638,537.451,463.637
673.377,2.282,507.256,471.182
689.334,11.931,502.158,463.158
707.554,3.435,485.207,456.209
714.108,0.000,481.799,448.604
722.547,4.137,485.924,445.287
730.180,0.000,481.172,423.600
741.300,4.820,489.022,409.378
762.610,4.481,493.194,394.654
765.539,0.000,493.517,387.561
756.806,1.184,503.271,379.173
751.296,4.176,495.747,358.293
775.145,12.361,490.995,345.558
770.038,14.248,490.153,341.153
756.270,19.472,479.994,327.227
807.769,24.219,467.650,317.194
813.574,6.132,435.998,332.731
816.231,0.000,447.202,341.373
803.770,0.000,451.310,348.452
830.719,2.408,432.531,333.104
878.398,0.000,399.660,331.609
902.694,5.145,348.359,338.305
930.097,12.446,377.039,328.180
861.458,11.728,369.247,332.148
854.699,0.000,371.681,310.852
816.076,6.412,383.766,305.998
865.144,0.000,387.266,284.834
838.906,3.023,388.492,290.366
858.043,0.000,396.335,276.815
835.782,7.128,402.323,275.782
877.511,0.000,416.524,285.559
870.054,0.000,385.267,257.142
849.046,16.001,395.093,237.519
852.026,30.173,412.099,215.567
820.801,34.074,430.760,204.786
807.130,28.403,437.453,208.742
800.399,19.960,432.292,203.405
771.298,47.124,419.010,203.042
766.629,19.672,431.426,194.796
779.098,43.683,403.221,225.458
819.665,13.982,407.398,209.100
812.906,14.997,393.004,191.942
785.709,19.795,386.159,177.346
797.516,30.785,393.281,171.077
785.825,28.346,373.894,163.053
809.243,28.143,376.132,157.638
823.165,26.410,362.138,159.056
871.565,21.717,343.139,173.440
816.842,23.710,316.253,170.189
779.104,30.972,302.118,164.675
769.082,35.302,258.425,161.924
772.457,35.930,211.239,157.352
776.911,45.633,156.579,132.501
776.564,65.202,125.377,111.038
773.510,72.830,105.979,96.972
780.282,76.749,96.055,93.788
787.722,80.420,94.998,91.992
799.557,72.294,93.878,92.612
804.988,62.045,91.397,89.480
806.906,57.849,85.451,88.397
804.410,51.398,86.181,91.699
797.438,13.881,87.807,97.013
782.704,1.665,94.028,99.893
754.234,6.245,94.166,95.219
715.816,14.135,93.261,98.519
686.909,23.991,95.102,98.117
670.925,35.575,90.747,103.866
645.579,49.889,89.667,102.365
631.435,57.691,90.019,94.039
624.766,59.713,86.854,92.401
627.720,58.751,87.825,92.512
632.858,42.888,87.351,94.268
631.998,36.116,84.880,92.543
628.040,30.589,85.827,90.639
627.408,25.558,86.409,90.893
626.462,24.852,85.462,91.269
621.786,27.715,85.611,91.595
615.028,29.283,84.475,91.708
610.206,32.417,86.147,95.212
606.220,37.383,87.740,98.952
615.183,38.952,90.507,98.794
630.530,29.541,92.877,100.023
638.022,15.999,94.972,101.826
662.986,18.867,95.227,102.189
705.039,10.681,102.498,106.385
701.078,0.000,100.018,101.678
696.377,5.996,101.783,101.378
678.860,7.527,99.561,99.318
683.375,3.483,98.423,96.918
688.143,1.570,96.529,96.466
680.805,1.729,98.466,97.938
671.900,1.396,99.990,96.148
667.181,0.000,105.055,90.654
665.681,0.000,101.424,71.106
630.117,0.000,122.504,58.637
640.334,0.000,155.385,57.133
642.094,7.559,212.166,64.734
647.806,15.572,296.974,79.297
880.189,30.840,483.469,115.915
947.348,0.000,382.102,145.561
902.131,0.000,386.315,151.300
847.873,0.000,436.209,169.696
835.356,0.000,536.857,207.414
811.000,33.180,667.840,277.026
752.956,78.810,842.879,379.996
204.077,267.446,1002.490,546.047
0.000,360.366,1193.844,558.450
0.000,357.323,1280.000,517.557
10.234,336.298,1280.000,473.042
35.608,327.662,1274.765,426.654
45.088,322.122,1189.351,385.597
0.432,333.734,1157.367,384.525
33.791,340.005,1060.917,373.187
6.632,338.726,1029.783,367.948
0.000,347.236,1053.140,375.700
0.000,352.516,1041.065,357.900
0.000,352.508,1047.105,363.612
0.000,360.917,1022.190,352.098
16.721,365.211,1003.579,346.029
5.510,373.550,1000.650,338.532
1.018,387.708,984.409,330.524
18.588,400.560,917.324,311.485
41.458,414.734,844.413,301.368
40.104,433.481,774.182,288.038
35.309,445.119,697.424,279.073
36.114,462.355,678.043,258.137
82.408,480.636,622.739,243.494
202.751,497.072,555.132,232.742
305.092,535.351,479.145,217.058
323.082,506.751,406.133,218.466
327.882,452.032,342.260,247.106
339.722,404.571,317.646,308.838
325.653,358.335,333.079,343.485
328.553,299.274,320.416,405.300
317.032,282.610,293.137,401.633
251.263,307.044,280.258,388.817
250.695,351.807,250.961,371.463
244.174,331.114,235.309,358.692
197.757,319.864,232.684,331.772
193.821,339.906,210.779,223.007
224.137,376.324,169.666,197.890
257.449,411.962,157.383,197.714
296.178,436.171,149.195,204.995
332.156,432.027,138.732,225.707
352.012,503.568,135.191,220.517
367.790,551.558,134.332,195.593
377.869,569.847,127.764,167.131
389.650,487.822,140.733,167.774
341.299,443.845,160.287,156.117
318.058,429.344,161.940,180.965
291.883,415.511,171.673,188.564
240.963,419.755,191.432,171.617
123.456,408.988,234.595,181.786
138.709,393.626,216.454,223.138
143.639,414.048,219.178,213.036
144.295,407.255,207.592,227.683
145.261,424.239,206.551,216.889
147.012,417.068,207.271,226.693
152.281,424.068,212.014,233.294
166.383,414.082,213.012,229.580
174.935,416.832,209.875,224.094
182.971,415.180,209.098,224.631
193.204,414.718,209.010,219.688
211.625,404.539,208.417,215.764
231.587,402.724,206.719,216.312
247.774,392.182,199.396,210.324
257.688,377.104,194.551,209.836
263.850,361.660,191.502,206.972
274.798,340.852,190.010,205.104
296.228,323.001,185.139,204.540
306.204,303.421,179.236,203.179
312.220,287.790,177.728,202.401
315.089,272.646,176.694,199.490
318.448,255.755,176.701,199.606
324.507,243.887,181.758,200.749
327.249,234.679,182.867,200.710
329.577,226.158,185.013,202.684
331.306,220.408,184.933,203.645
332.036,215.171,185.385,205.806
331.427,207.218,185.596,207.507
329.772,204.831,185.783,208.656
329.404,198.717,186.535,211.650
326.346,196.747,187.318,210.445
321.896,188.555,185.953,213.725
317.969,184.543,185.598,214.075
313.138,178.305,185.905,217.677
310.010,172.892,186.141,219.566
306.081,168.958,186.493,220.828
302.369,166.264,187.187,220.124
297.170,165.806,188.443,219.930
291.802,165.848,193.223,227.845
292.875,164.544,194.610,220.005
291.640,163.677,194.784,222.925
290.259,163.680,194.855,218.194
283.586,164.980,196.463,215.665
282.810,162.218,194.464,216.532
273.189,164.943,194.773,214.583
271.161,161.211,196.652,217.789
265.578,160.439,198.196,215.415
263.597,156.531,197.948,217.222
260.669,161.500,199.317,214.623
260.898,154.029,200.000,219.332
257.631,163.545,198.906,211.598
260.591,158.057,199.957,218.596
260.791,164.922,201.881,212.401
264.377,161.877,201.920,216.565
263.424,164.517,199.964,210.740
259.960,163.711,200.884,216.534
259.954,165.479,200.725,214.154
258.220,164.453,201.477,214.473
255.751,162.395,202.090,213.832
251.446,165.041,204.184,216.484
247.941,163.615,200.845,215.169
241.772,165.030,203.526,215.957
237.552,161.891,203.373,218.686
234.387,159.357,203.448,218.512
229.179,152.729,203.444,221.216
225.764,151.166,205.395,219.881
219.629,145.532,202.965,220.572
217.323,143.773,204.867,219.946
217.639,137.811,205.195,221.230
212.753,135.325,205.868,223.115
205.775,134.397,211.077,232.570
208.026,132.073,206.759,224.348
203.730,126.585,207.517,227.119
204.222,122.764,207.061,226.860
206.190,120.319,207.647,226.541
207.684,114.196,207.615,223.613
208.340,108.209,207.903,224.568
214.561,103.235,208.183,224.239
219.464,99.450,211.331,224.905
223.201,94.612,212.205,227.024
224.628,89.079,209.790,226.368
226.999,82.752,207.692,226.223
228.303,74.050,207.741,228.197
232.603,65.902,205.758,228.686
236.562,60.617,206.672,228.693
237.002,55.309,210.829,231.387
237.713,52.583,210.873,228.854
237.986,46.077,211.288,230.324
240.227,43.014,213.693,229.760
240.749,37.792,215.942,230.494
241.088,32.655,217.658,231.154
238.464,25.448,220.249,229.686
238.783,24.330,222.314,226.816
238.453,20.828,222.541,226.989
240.434,19.756,228.178,225.128
245.497,15.063,227.048,226.541
253.251,11.278,224.284,224.559
251.937,8.145,222.053,222.772
249.649,4.629,225.842,226.091
245.788,3.017,228.996,227.829
241.653,2.965,231.712,230.221
243.979,4.841,236.575,230.250
237.049,5.823,246.245,240.864
247.431,1.687,240.211,237.509
245.617,4.758,241.440,230.695
247.197,0.248,240.932,230.877
248.989,1.130,238.524,226.155
250.555,1.781,240.498,221.936
245.106,5.996,245.722,218.537
223.892,2.405,244.193,211.790
213.614,7.068,245.251,209.534
191.868,2.761,237.057,215.592
162.906,7.990,230.086,226.105
129.982,11.495,223.214,233.172
103.535,21.677,226.982,245.545
92.675,53.820,228.523,254.064
82.525,65.085,237.995,268.677
69.265,73.609,242.149,276.067
41.700,81.911,246.341,274.523
19.331,84.720,253.259,276.361
0.000,83.645,253.578,281.615
0.000,69.472,248.415,270.434
0.000,53.918,246.913,274.248
0.000,47.947,241.709,282.240
0.000,45.368,229.102,280.284
0.000,52.671,220.678,273.610
0.000,68.460,216.029,260.443
0.000,71.972,218.143,244.891
0.000,78.778,219.125,240.751
0.000,77.824,221.991,242.880
0.000,55.625,231.360,259.473
0.000,38.331,225.639,284.387
0.000,13.433,222.954,282.871
0.000,0.000,218.034,289.931
7.047,0.000,223.756,291.791
7.587,0.000,210.809,279.640
6.027,0.000,202.454,272.686
3.229,0.000,199.181,261.827
0.000,0.000,192.019,254.618
0.000,1.425,176.593,244.313
0.000,0.000,158.269,226.428
0.000,0.000,144.112,206.917
0.000,0.000,125.340,197.275
0.000,2.957,108.532,192.482
0.000,9.004,93.329,186.261
0.000,21.955,80.325,186.773
0.000,31.380,70.994,192.922
0.000,34.044,59.361,195.443
0.000,13.253,51.194,192.177
0.000,18.841,45.621,195.841
0.000,6.785,46.509,193.385
3.861,3.866,53.118,189.370
0.000,36.350,66.999,200.417
2.327,40.690,81.276,227.277
0.000,43.218,98.274,252.971
5.864,62.587,126.318,294.406
102.937,184.860,182.011,422.107
131.122,238.792,198.143,720.000
102.013,63.315,229.441,632.354
92.751,66.037,227.556,604.804
97.825,70.620,220.992,610.237
89.024,66.870,219.645,626.783
78.963,32.942,234.875,640.086
46.774,31.858,263.920,661.785
39.439,51.382,253.973,652.948
40.393,30.314,233.971,677.148
40.047,36.291,230.361,704.237
51.148,31.947,228.598,688.726
61.783,22.107,233.101,679.013
69.653,21.970,240.445,694.911
76.715,22.041,240.835,680.976
86.271,25.518,240.972,689.893
90.238,26.917,239.152,677.302
94.569,38.076,240.263,683.299
91.639,47.417,238.886,658.857
94.426,41.256,242.482,668.723
92.915,44.713,248.501,659.688
92.732,47.127,247.370,660.925
92.578,56.239,246.413,649.525
97.630,38.648,246.332,647.570
84.765,47.412,263.022,646.992
88.801,57.546,260.254,630.919
92.305,34.740,263.846,633.671
102.880,44.666,268.125,614.882
97.254,62.453,277.354,607.170
109.150,59.229,273.727,596.963
112.396,61.530,282.975,583.724
121.343,67.849,297.350,573.467
140.550,68.015,304.632,571.838
159.510,89.272,325.803,572.574
220.407,155.870,391.321,520.358
295.001,142.374,376.192,488.031
345.575,182.695,302.822,436.238
389.881,219.395,284.685,413.770
387.518,237.722,276.419,380.881
413.118,254.599,263.818,367.035
391.806,257.100,266.491,344.226
422.231,244.988,250.741,339.507
429.798,265.339,235.909,345.253
436.302,234.678,245.000,328.357
437.260,241.794,232.223,351.486
448.656,156.556,248.955,354.065
479.841,156.352,240.395,383.902
442.395,161.955,240.946,381.510
436.822,162.719,249.502,382.169
425.890,168.176,261.118,381.980
433.806,177.178,255.706,383.346
395.295,180.175,264.427,370.235
419.222,181.713,236.608,358.538
416.275,189.101,220.087,340.969
421.162,191.397,205.267,329.422
417.769,190.116,197.138,329.765
415.989,194.319,192.765,332.103
416.047,199.277,185.400,334.819
415.023,201.276,185.648,335.489
416.277,206.919,185.258,335.195
417.345,211.095,186.209,332.795
417.391,213.892,185.425,334.747
418.605,217.806,185.311,333.887
416.891,220.831,185.475,331.983
414.065,223.470,186.039,329.751
413.102,229.507,188.621,328.175
412.139,230.949,190.608,327.332
412.532,234.413,193.584,326.581
