642.000,123.000,79.000,69.000
645.907,128.463,81.351,70.919
653.721,130.612,81.651,71.552
659.380,133.032,83.266,73.606
667.292,136.135,87.564,76.078
674.512,140.476,86.855,77.229
681.449,146.057,87.424,78.151
684.544,151.841,89.591,79.241
689.045,157.691,91.333,80.518
692.749,160.571,93.117,84.256
695.780,164.994,94.197,88.111
696.351,168.002,96.563,93.546
697.202,171.205,97.259,99.280
695.692,175.244,97.415,102.786
692.474,179.240,97.664,101.647
689.588,181.853,98.511,102.064
686.941,185.584,100.060,101.742
685.074,188.993,101.216,101.747
685.359,191.758,102.450,101.527
684.012,194.645,104.371,102.436
682.886,198.164,103.860,102.267
681.683,200.229,102.708,101.940
680.143,205.061,102.877,100.018
678.549,208.786,101.525,97.165
678.115,213.077,102.065,93.598
676.481,213.890,101.935,90.407
676.996,214.694,103.955,86.574
679.271,214.532,102.435,83.488
680.821,213.833,104.973,81.761
686.532,212.881,102.902,80.781
689.005,212.597,103.752,80.274
693.868,214.758,102.888,78.531
699.388,216.193,98.811,75.062
703.043,216.368,99.566,75.148
708.631,212.490,101.728,76.003
709.749,212.096,102.921,75.576
715.597,207.708,102.404,75.674
718.224,206.414,104.596,76.128
723.340,202.712,105.619,75.836
727.238,200.902,106.683,76.207
730.978,200.150,107.015,76.316
736.039,200.639,107.488,76.083
740.069,200.594,108.164,76.562
744.737,201.227,107.130,76.900
748.054,200.724,106.915,76.815
749.058,200.164,106.405,76.118
750.064,198.658,106.681,76.651
749.440,197.665,105.482,75.172
744.499,195.128,103.823,73.792
739.514,194.728,103.042,73.166
736.587,193.107,102.793,73.808
734.779,191.202,99.914,73.224
733.523,190.313,98.252,71.701
734.722,190.523,97.989,70.859
732.612,188.798,96.306,70.710
730.147,188.179,95.211,69.695
728.308,185.979,93.219,69.092
724.591,184.107,92.355,69.297
722.078,182.230,90.730,68.420
719.234,180.606,90.484,67.460
717.107,178.102,87.880,68.198
713.599,174.593,85.559,68.027
710.890,172.417,84.990,66.501
708.592,167.338,83.404,67.364
704.884,163.855,80.683,63.254
703.258,158.011,81.182,65.726
701.819,154.552,78.819,65.166
700.568,149.844,78.556,65.520
696.980,146.510,77.421,63.454
694.675,141.788,76.980,63.195
693.335,138.523,73.709,61.844
689.387,135.130,77.479,62.177
688.874,130.830,72.414,61.883
683.453,128.220,76.570,60.766
685.813,124.070,71.276,61.210
680.932,120.628,73.983,60.504
683.614,115.942,68.827,61.634
679.492,113.545,73.265,61.255
683.394,110.090,69.963,60.430
680.559,108.504,74.914,59.324
684.357,106.760,69.708,59.508
685.137,105.242,72.630,59.246
686.399,102.972,69.339,58.799
683.635,101.344,70.445,58.157
685.601,99.054,67.088,57.806
682.446,97.974,68.359,57.569
684.571,97.560,65.413,59.223
681.395,99.281,68.677,59.937
681.609,101.867,68.174,63.370
677.916,103.260,71.079,63.525
680.256,103.032,66.652,64.557
675.856,101.904,69.423,65.804
679.493,100.361,65.141,69.518
677.655,99.078,69.681,71.283
681.660,98.555,67.195,72.661
677.538,99.110,71.671,71.598
682.447,102.159,65.777,67.313
681.094,103.059,68.455,68.192
685.115,104.888,64.542,67.247
685.488,108.358,64.424,64.856
688.987,110.712,60.630,63.103
688.219,111.284,63.205,61.045
689.546,111.286,61.549,59.642
688.432,113.203,61.351,57.270
686.904,114.176,60.834,56.613
684.389,114.734,61.275,54.336
682.794,115.157,60.439,53.010
679.787,115.029,60.701,53.053
677.865,114.641,59.132,52.197
675.619,114.785,59.318,51.302
674.396,114.373,58.755,50.779
670.915,113.442,58.885,50.527
669.008,113.395,58.851,50.848
666.134,113.894,59.344,50.740
665.278,112.266,58.212,50.703
663.701,112.142,59.100,50.346
664.450,112.289,58.813,50.623
666.868,112.507,58.829,49.619
669.772,112.821,58.966,49.095
671.503,112.008,59.175,49.838
674.179,111.161,59.616,49.582
677.479,112.261,58.785,49.297
679.326,112.030,60.371,48.843
680.406,111.527,60.734,49.596
681.232,111.370,61.221,49.150
680.995,110.157,60.062,49.871
680.404,108.954,60.475,49.792
678.839,108.885,60.805,50.080
681.377,108.993,59.266,49.007
682.268,107.000,57.990,48.792
682.938,106.749,56.872,47.804
680.865,107.247,56.245,46.609
677.772,107.674,56.216,46.277
674.135,108.810,56.233,45.091
671.628,108.362,56.814,46.549
671.467,109.742,54.166,45.503
668.306,111.035,54.675,44.487
664.497,112.700,55.504,44.748
662.126,113.923,56.439,44.718
656.010,116.242,59.169,45.078
651.549,119.707,61.865,46.192
640.959,128.788,66.230,45.496
633.227,134.920,69.449,42.065
622.158,140.247,76.131,39.687
605.099,141.504,90.697,38.622
599.697,146.711,90.885,36.046
602.516,147.035,90.134,37.121
602.286,150.491,89.293,38.251
599.507,152.739,102.434,41.029
591.388,154.729,114.789,49.305
583.625,155.219,128.301,54.065
581.562,153.942,133.154,62.493
588.497,154.765,134.347,80.349
588.221,155.388,149.269,96.198
591.601,153.700,146.899,93.256
595.438,152.377,143.670,95.893
595.635,154.752,147.306,93.281
600.488,154.310,135.377,94.291
600.356,156.124,143.505,93.301
603.384,153.521,134.257,96.523
602.836,157.806,141.943,91.747
599.957,151.331,136.348,94.388
602.804,153.998,144.707,93.037
593.490,149.056,141.218,95.393
606.049,152.333,143.909,90.887
594.465,148.203,143.465,94.469
597.387,150.913,148.836,90.204
596.974,149.644,146.165,91.468
601.628,148.620,146.011,91.730
603.474,143.107,147.615,94.133
600.441,137.045,145.386,93.371
604.629,132.134,148.569,93.357
608.963,126.375,147.348,93.718
612.239,122.759,145.944,92.574
618.508,118.303,146.866,92.392
624.861,115.473,146.154,91.394
633.062,112.641,144.385,90.098
642.156,109.428,142.470,89.381
652.703,107.355,140.549,88.726
662.496,103.145,137.851,89.720
667.394,96.789,137.006,90.615
674.888,90.308,136.350,90.633
679.113,84.948,137.790,90.801
683.423,80.729,137.883,90.354
687.831,78.347,137.230,89.469
690.477,76.490,139.163,94.208
687.917,75.131,141.489,91.947
689.184,75.454,140.988,92.460
687.099,76.197,142.870,91.968
684.223,74.534,142.592,92.406
682.279,71.991,145.528,94.300
675.706,70.794,144.748,94.889
671.931,70.661,142.457,94.902
669.666,70.208,146.264,98.084
663.684,70.507,149.996,99.060
659.115,69.911,151.683,101.592
656.526,68.606,152.510,101.502
653.753,69.348,153.747,101.012
650.149,71.899,155.458,104.612
644.806,70.192,159.067,107.303
637.050,72.286,159.694,110.977
628.472,74.281,162.772,114.921
620.674,78.909,162.545,119.069
612.007,87.780,163.212,119.828
602.247,99.727,166.277,123.314
595.633,111.687,165.328,125.490
589.939,120.584,168.878,128.893
584.573,122.312,171.619,131.866
581.170,121.732,173.569,134.184
575.693,123.786,176.442,137.726
570.800,122.648,180.103,137.630
572.350,123.431,180.174,139.865
570.390,125.805,185.040,137.699
570.543,127.506,183.807,137.350
565.465,128.123,191.885,140.233
561.416,126.628,187.986,140.263
546.149,125.560,199.023,140.933
532.494,139.161,200.615,145.800
514.607,154.132,214.126,146.515
501.541,167.575,221.344,148.260
497.340,179.548,219.788,148.754
487.660,190.833,220.774,152.313
480.208,205.066,220.130,149.220
466.890,212.233,228.786,153.048
455.081,219.216,228.102,153.382
432.421,228.101,238.218,155.991
412.895,237.726,246.584,163.727
386.347,248.793,261.023,170.912
362.505,258.116,261.751,178.106
327.214,277.933,287.063,180.453
299.526,289.417,291.068,191.062
250.183,305.639,326.115,195.330
223.260,316.154,334.294,199.461
187.846,327.969,364.465,203.797
146.528,340.582,386.353,209.270
100.928,352.996,420.903,214.120
63.713,369.288,435.190,216.621
37.420,388.351,438.592,223.480
15.975,413.007,443.188,221.212
6.229,435.764,439.254,215.617
11.482,451.707,435.790,214.845
0.000,461.196,434.992,211.099
0.000,462.058,420.802,208.175
0.000,460.941,415.941,205.904
0.000,460.368,402.043,196.427
0.000,456.721,397.001,191.222
0.000,454.135,402.752,185.462
0.000,450.582,400.148,181.203
0.000,444.575,401.601,174.504
3.784,434.297,402.220,168.577
8.191,425.032,409.305,161.312
7.290,416.671,414.812,155.441
37.629,409.494,402.034,148.607
61.399,404.817,395.224,141.663
96.439,401.862,374.494,134.586
116.756,398.760,366.841,129.404
153.052,394.050,339.371,119.893
184.697,381.320,333.969,121.583
218.758,370.324,313.546,117.511
244.671,356.681,303.646,111.789
271.605,343.333,290.134,108.356
287.168,331.107,281.004,105.140
306.719,317.795,273.396,104.297
321.321,307.995,262.630,103.724
331.103,300.249,253.202,102.044
348.858,296.431,245.510,96.820
360.723,293.199,239.100,94.903
372.803,289.872,232.506,92.209
380.108,283.753,229.177,92.439
389.892,280.075,223.564,90.355
403.190,274.256,214.177,88.476
413.327,266.613,212.586,85.747
426.049,257.054,204.028,84.024
431.221,246.811,201.750,84.603
445.273,240.242,195.803,81.092
450.472,234.117,197.426,80.292
463.935,227.388,187.542,81.762
465.435,221.162,189.882,78.003
477.037,213.033,179.506,78.630
483.728,207.101,181.083,76.647
490.980,200.432,174.910,75.480
496.657,193.584,174.430,75.043
508.846,188.890,172.413,74.630
508.482,183.152,175.354,71.680
516.765,176.823,171.586,71.756
517.289,169.390,176.989,72.148
518.764,164.213,178.597,73.913
513.406,161.141,178.731,73.927
504.616,160.222,182.658,71.306
506.378,157.117,187.849,72.232
505.800,153.877,185.121,71.508
512.459,152.724,180.338,71.154
511.595,152.963,175.718,68.965
502.266,151.771,177.821,68.657
502.487,149.811,179.283,68.598
503.255,147.001,171.955,70.206
503.272,145.858,168.032,72.799
503.075,141.265,165.447,75.329
501.810,139.374,163.579,76.400
503.852,141.378,162.497,74.519
498.476,142.697,164.246,72.188
501.208,141.303,161.734,71.502
502.787,141.343,162.353,70.567
509.898,138.533,156.436,71.085
509.868,136.404,156.082,73.948
511.056,132.189,154.889,77.481
515.711,130.765,153.226,79.764
509.467,135.596,157.208,75.054
510.495,136.207,155.486,72.413
502.468,135.413,156.872,71.795
505.159,133.980,152.799,72.436
514.413,129.403,150.409,73.245
521.101,124.764,151.581,75.056
520.590,119.946,157.733,76.027
520.187,121.595,151.684,71.947
513.956,121.847,159.220,71.755
511.426,121.873,159.639,70.146
515.886,122.505,158.988,71.089
514.709,121.413,156.226,75.393
516.908,119.688,158.008,78.199
524.903,122.472,149.991,78.251
527.976,127.649,151.299,78.544
526.365,134.791,155.278,78.923
529.851,141.124,156.366,79.972
531.235,143.529,155.465,81.480
540.795,144.678,152.918,85.090
537.644,148.329,155.325,86.101
539.244,149.997,154.539,85.391
539.766,155.511,154.712,81.228
537.400,161.327,157.847,78.266
538.021,162.036,157.638,76.740
531.379,162.857,160.905,76.444
535.329,162.523,156.028,75.887
522.228,166.019,163.817,76.953
532.751,168.729,154.030,78.007
509.261,176.977,164.290,76.703
520.890,178.461,157.194,78.584
503.148,182.407,164.746,77.049
514.415,180.392,160.023,81.562
505.683,183.758,162.440,81.399
514.550,185.496,158.427,81.718
503.054,185.754,164.521,84.495
513.438,187.036,159.811,85.169
501.898,189.650,167.634,85.605
510.279,190.166,163.013,85.849
501.252,191.220,170.223,87.472
510.025,191.812,169.105,87.151
503.169,193.885,177.741,88.456
510.870,193.020,174.492,89.563
506.535,194.721,179.394,91.930
505.557,195.246,180.222,93.900
501.179,197.419,183.482,94.598
500.369,197.402,185.834,94.033
498.015,201.159,190.061,95.294
494.263,200.786,193.211,97.314
488.815,201.568,195.698,99.568
485.281,202.293,201.205,100.042
482.608,201.899,202.083,102.468
477.068,203.654,207.437,103.107
474.472,204.924,207.786,103.568
465.916,208.088,215.255,105.823
464.980,208.850,216.865,107.503
455.828,212.487,220.326,106.985
456.794,209.491,221.529,111.658
446.204,214.148,225.462,111.138
444.985,213.787,230.404,111.890
437.687,214.661,233.793,112.308
435.332,214.398,239.713,114.260
426.987,215.538,244.607,113.744
424.750,214.121,248.294,114.938
418.572,215.509,252.386,114.850
421.938,213.190,253.506,116.073
410.022,216.211,265.622,115.406
415.487,215.104,266.230,115.018
410.496,215.424,269.296,115.022
414.382,212.742,265.718,116.052
415.047,213.174,268.460,115.746
415.398,214.512,270.674,115.159
422.213,214.247,274.175,115.476
419.956,214.192,275.787,115.276
429.938,215.256,277.545,114.769
428.585,213.138,279.013,116.212
433.677,216.451,281.803,114.333
439.243,212.965,280.115,115.872
438.670,215.425,283.397,112.143
448.806,216.124,281.067,113.466
444.293,216.602,280.804,114.221
451.199,217.926,285.813,113.838
455.685,218.136,280.145,113.850
460.346,218.770,282.863,115.022
459.866,220.199,283.188,114.905
464.956,222.358,282.528,114.705
467.911,222.784,283.061,114.339
467.296,224.891,282.575,114.387
469.533,225.134,285.128,114.807
471.432,225.146,283.901,115.591
473.819,227.004,283.988,115.294
475.129,227.570,282.734,114.007
479.840,227.102,284.300,115.157
481.556,227.395,283.852,115.927
483.006,226.403,283.824,116.168
485.924,225.664,280.186,115.464
490.972,223.581,280.273,116.176
490.492,222.719,275.208,115.601
493.145,221.468,279.497,115.534
496.945,221.121,271.683,114.609
498.837,220.197,276.351,115.180
500.223,218.424,273.052,115.898
505.066,219.276,275.254,115.093
509.208,216.585,267.943,116.999
511.742,217.396,275.040,114.820
514.396,214.043,265.117,117.263
520.811,215.712,275.425,115.366
520.920,213.132,263.182,118.272
524.447,215.354,273.085,115.479
523.448,213.055,259.743,117.737
525.150,212.807,265.824,116.306
522.504,211.331,257.701,116.310
527.425,210.221,265.684,116.075
519.917,207.262,255.665,117.456
534.437,207.930,260.098,116.854
524.206,204.809,249.103,117.655
533.624,204.817,258.381,116.193
526.518,200.733,248.978,117.037
536.704,200.325,259.724,115.953
535.060,194.833,250.716,116.716
547.298,193.524,254.868,114.342
544.531,188.712,250.648,114.494
552.537,188.690,256.982,111.115
554.517,182.320,250.746,112.082
556.417,182.870,262.023,110.815
564.483,175.074,253.139,112.652
563.744,176.890,263.743,110.156
564.794,171.740,254.542,112.925
564.135,171.678,261.408,112.175
565.270,166.533,256.189,114.756
570.561,165.926,257.714,114.872
570.184,163.670,256.961,114.083
578.909,160.238,254.245,117.382
580.768,158.505,251.754,117.336
590.638,156.619,248.962,120.635
593.526,154.640,246.739,120.114
606.119,150.402,241.407,122.884
609.727,146.999,238.684,124.140
619.484,145.507,234.716,125.948
624.240,143.987,232.404,124.132
635.016,138.776,224.055,126.639
644.164,140.081,219.106,125.053
652.775,138.430,212.942,123.428
663.131,144.431,209.481,124.545
670.385,147.945,204.085,126.140
685.295,146.740,197.909,124.041
692.749,149.391,192.862,123.772
706.829,150.663,185.861,122.018
714.402,148.410,180.511,122.748
721.701,150.554,174.196,124.445
730.484,152.632,174.261,123.759
735.661,158.724,176.184,123.618
741.089,158.542,171.406,123.681
747.313,161.586,168.396,120.340
743.337,161.163,171.588,117.985
743.877,158.969,170.564,116.895
736.725,158.278,174.905,118.471
725.950,159.639,179.847,118.851
720.287,155.982,184.835,119.427
710.771,153.400,188.089,116.261
702.234,150.801,195.544,113.587
696.471,149.569,197.966,112.805
690.088,148.901,201.076,111.996
684.751,147.405,206.210,113.027
683.860,143.568,204.109,112.375
676.578,137.039,211.257,112.150
673.782,127.451,209.436,112.723
670.388,122.625,214.719,109.561
669.414,116.191,212.362,107.919
666.870,111.106,217.374,106.486
665.306,107.033,215.797,106.222
664.162,98.746,217.312,108.318
664.871,97.720,214.820,106.328
659.925,93.939,219.491,107.442
665.034,92.765,215.119,102.119
661.503,87.045,222.014,104.985
666.030,84.966,218.069,101.683
667.256,82.604,230.271,98.760
677.495,80.159,226.147,98.278
685.033,78.256,234.372,99.100
699.746,76.494,230.792,97.548
705.922,76.545,234.788,97.856
717.189,76.353,233.100,96.373
718.301,75.086,237.057,96.902
721.418,75.249,239.073,95.487
723.745,75.203,237.892,95.065
727.300,72.150,236.613,97.580
722.970,71.059,236.258,97.878
727.065,68.859,235.407,97.382
725.690,70.953,230.936,94.190
726.424,71.451,232.297,93.571
726.797,71.255,227.957,95.341
721.412,75.548,231.329,94.761
722.301,79.058,226.760,95.660
718.345,86.269,229.076,94.227
720.625,95.176,221.725,93.582
718.937,105.867,222.468,93.772
717.143,115.540,217.763,93.354
714.850,121.600,215.300,94.330
711.169,125.935,212.609,95.800
708.634,133.002,209.906,95.776
705.958,136.554,211.790,96.968
701.307,141.946,205.550,96.442
700.153,145.447,209.906,98.281
694.577,149.928,204.186,98.482
691.769,154.856,203.006,97.752
689.191,159.252,196.448,94.575
685.181,164.746,200.372,94.067
683.476,170.835,193.806,92.361
679.610,176.323,196.240,91.119
676.194,178.390,192.712,90.731
674.374,178.868,191.612,91.338
672.502,180.710,183.981,91.937
667.000,182.368,192.060,91.221
666.264,182.688,179.361,91.855
662.555,184.682,185.581,93.036
662.285,185.899,175.719,90.585
654.908,188.309,181.524,90.695
660.095,183.642,169.626,90.379
651.700,182.543,175.050,91.777
658.496,176.452,164.677,91.473
649.859,176.608,167.627,91.367
655.815,172.568,159.805,89.935
646.072,170.953,159.100,90.789
655.754,166.185,155.803,90.069
644.219,164.459,155.737,89.647
651.633,159.934,153.024,88.337
645.318,157.987,149.240,92.861
646.887,154.444,152.183,90.302
643.253,151.148,147.379,89.749
642.342,149.124,152.010,87.819
639.915,143.032,146.257,89.314
635.466,141.662,148.432,88.113
633.618,135.858,143.681,88.279
626.864,134.844,145.234,87.021
622.364,129.533,141.740,87.366
614.545,129.085,140.862,84.367
611.398,124.383,138.781,86.254
604.921,123.900,136.213,81.560
594.894,121.798,135.355,84.607
590.193,125.302,139.784,83.250
584.757,120.658,132.944,85.778
579.672,125.625,141.640,84.419
581.099,128.467,130.729,87.663
577.402,138.410,138.053,86.389
580.050,143.256,133.289,90.128
576.162,149.396,133.968,93.418
575.142,153.158,132.636,94.311
572.837,155.906,130.935,95.023
566.903,159.638,130.140,96.891
562.024,161.645,132.858,96.683
555.737,163.188,132.538,97.555
550.743,162.171,131.218,97.838
542.576,165.016,134.141,97.277
538.952,164.290,133.315,98.209
529.230,165.181,136.301,102.384
534.244,160.909,131.477,102.314
529.415,164.488,136.863,101.053
531.329,162.579,131.731,100.736
526.441,161.234,136.084,105.454
524.340,158.083,133.761,105.486
519.775,156.582,137.202,107.547
518.312,156.242,133.241,106.706
512.373,153.962,138.865,109.107
513.155,155.029,135.035,109.276
511.541,155.843,139.323,108.960
509.478,155.993,138.127,109.168
515.397,156.744,139.620,110.241
512.161,156.294,143.908,109.982
519.799,156.864,139.309,112.854
519.370,160.031,146.596,109.695
521.557,157.001,141.430,114.450
523.641,159.710,147.074,115.228
518.461,157.282,146.611,113.954
513.370,159.548,151.258,118.746
509.201,159.414,151.611,116.634
501.632,163.865,155.255,116.429
497.936,162.038,157.789,117.893
491.828,164.657,167.001,118.414
482.965,166.361,171.220,119.253
478.589,163.953,174.331,122.419
472.716,168.033,178.165,118.779
472.594,164.585,179.517,119.090
469.656,164.782,187.589,119.399
469.997,163.485,188.334,118.543
465.916,163.481,195.263,115.900
467.212,161.659,195.724,115.851
465.024,160.766,198.999,117.247
463.376,158.752,200.264,117.425
462.121,157.546,203.254,115.655
460.459,154.817,205.711,116.851
456.537,154.162,210.739,117.841
455.925,154.664,214.251,117.837
456.217,154.672,216.572,117.200
454.164,154.633,221.299,117.236
456.452,152.955,220.108,117.955
458.463,151.867,219.156,120.267
455.789,150.519,225.026,121.019
463.001,152.182,222.230,119.752
461.534,152.934,224.280,119.335
464.622,154.004,226.353,117.147
470.303,154.112,224.919,116.780
469.853,155.196,224.196,113.339
472.551,155.041,226.215,113.498
476.675,156.272,225.463,112.340
474.191,160.679,228.653,109.513
480.615,163.110,230.135,106.076
483.824,162.425,228.239,104.607
482.791,165.145,231.398,104.759
489.983,165.787,231.099,104.135
491.536,165.249,228.278,103.294
497.664,166.360,228.340,102.060
496.192,165.816,229.473,100.943
505.725,164.193,226.348,101.230
502.323,164.260,226.951,100.142
515.267,162.890,223.360,99.764
507.637,162.661,231.702,99.221
522.678,161.295,226.232,99.444
516.686,162.832,237.070,97.765
528.456,162.074,226.573,97.814
523.529,163.906,234.781,98.009
534.225,164.094,227.563,99.077
522.722,167.377,234.676,97.714
537.535,166.213,229.402,99.165
522.514,170.613,243.551,97.777
536.579,168.236,227.576,100.789
524.513,171.586,239.639,100.800
538.913,169.450,231.006,102.089
534.975,173.016,236.901,100.353
541.199,172.370,234.045,102.068
543.250,173.248,233.294,101.672
545.198,173.260,235.821,104.440
545.646,172.947,233.537,105.873
548.141,173.435,232.117,106.966
542.578,173.667,236.808,105.952
544.638,175.140,231.884,109.509
534.069,177.281,236.006,108.640
539.120,175.783,230.912,112.956
522.996,177.109,235.680,112.789
534.386,178.318,225.414,112.822
506.338,184.344,234.543,111.327
523.666,187.352,224.721,115.400
490.683,196.942,243.387,116.652
515.270,201.863,218.975,120.703
484.516,211.972,237.221,120.873
503.265,212.377,225.238,126.851
481.797,217.949,240.869,127.928
501.481,217.210,222.214,130.457
484.419,224.323,238.466,127.333
496.617,220.579,233.015,133.053
482.848,226.115,244.047,128.480
496.301,221.926,237.445,131.772
482.129,226.922,253.275,128.406
496.669,223.443,239.484,133.372
481.562,227.080,254.650,129.951
499.756,223.881,242.849,132.808
482.488,226.404,259.960,131.800
500.169,224.416,248.457,132.759
483.228,226.685,264.654,131.773
497.959,221.567,254.580,135.387
485.290,222.793,265.512,133.312
497.324,220.540,260.735,135.372
483.649,218.526,269.166,136.790
499.244,217.322,258.378,136.175
482.145,218.015,273.544,136.913
495.138,212.944,266.561,138.768
485.382,214.712,276.721,137.270
491.223,211.900,271.875,137.960
487.943,212.025,280.174,138.943
488.012,210.444,281.312,138.732
482.880,208.403,287.456,141.658
484.317,207.524,293.003,142.490
477.724,207.976,289.855,143.492
477.801,210.492,300.345,144.573
470.652,212.560,297.698,146.588
472.713,214.680,302.571,146.260
465.932,217.319,307.310,148.798
463.387,220.564,311.455,149.903
459.898,222.372,312.606,150.990
460.260,224.913,311.562,153.663
454.284,229.495,314.611,153.984
450.343,230.780,319.405,158.823
445.900,235.232,320.261,157.713
442.711,236.231,320.674,160.049
435.949,240.925,328.513,158.836
431.231,241.588,331.661,162.686
424.160,244.978,333.536,160.978
421.134,245.995,339.359,166.019
418.886,249.534,337.209,164.709
417.559,248.994,337.939,170.584
411.309,254.628,337.636,167.380
411.211,254.404,339.951,171.325
402.766,259.474,340.642,169.765
403.108,261.651,345.032,173.292
398.861,265.316,342.889,174.026
400.162,266.524,345.245,176.248
396.550,272.301,345.016,174.213
404.383,272.147,339.771,176.166
403.058,278.799,345.071,169.663
411.573,281.956,341.039,175.073
405.798,287.151,340.887,169.184
419.643,288.480,337.753,172.929
416.875,296.050,336.382,166.912
428.311,297.669,334.168,169.104
431.668,302.583,331.586,167.371
438.865,302.064,328.084,168.673
444.134,306.673,329.574,166.000
451.768,306.488,325.613,167.584
459.637,309.597,322.083,163.016
471.387,310.847,316.554,166.489
470.832,314.735,317.223,162.362
486.541,312.385,306.170,162.877
490.929,315.243,306.795,162.589
496.470,312.043,301.154,162.524
505.088,315.849,292.669,161.253
508.433,303.975,292.284,165.123
515.186,298.446,280.146,162.714
513.886,286.561,284.175,162.655
516.238,273.153,274.580,163.633
515.518,263.103,273.300,161.784
518.959,248.359,259.341,162.677
513.254,237.919,260.856,159.236
516.536,226.256,250.979,158.834
503.027,211.357,256.264,158.652
506.920,202.164,248.680,156.136
488.968,198.340,256.101,151.029
503.896,187.632,243.604,151.723
482.181,184.175,254.073,148.661
501.515,178.694,240.164,147.479
486.857,177.123,250.353,144.525
502.919,173.418,236.376,137.652
503.012,167.434,244.205,141.929
512.789,168.105,233.322,137.663
510.399,160.999,240.816,137.842
522.213,162.603,230.581,134.791
515.341,157.286,237.857,135.421
529.638,156.914,226.429,133.684
527.263,153.869,230.784,135.159
541.327,152.752,219.101,132.490
531.308,147.220,228.015,136.756
552.561,142.923,212.939,137.643
542.860,136.530,222.114,137.832
563.340,131.668,205.779,137.584
548.202,127.930,219.524,136.972
571.799,122.829,201.291,138.285
566.273,118.189,206.239,136.395
578.582,112.348,192.689,134.762
577.298,106.073,194.700,133.510
589.815,101.597,180.645,136.584
587.118,102.549,184.912,132.687
606.598,107.968,166.962,134.693
593.032,118.212,177.344,131.834
617.389,130.542,156.714,130.872
601.292,138.951,170.706,134.246
622.822,149.036,151.913,138.401
600.139,156.841,170.868,137.763
626.277,165.794,150.080,132.668
604.273,167.443,163.560,137.377
622.917,173.099,153.515,137.078
599.387,184.147,163.997,137.244
617.227,189.467,152.362,134.783
601.196,195.167,160.095,132.885
616.641,196.868,150.218,127.312
604.138,200.805,158.780,121.912
614.904,203.781,145.458,121.963
599.421,203.600,160.699,118.370
613.571,204.000,146.320,120.076
598.349,206.070,158.863,118.838
605.863,206.707,147.795,119.889
597.318,207.521,154.337,119.943
599.390,207.196,147.484,122.292
591.459,208.664,151.561,121.046
591.272,210.686,146.547,120.692
584.462,213.756,147.725,121.717
582.129,214.291,144.636,123.956
577.279,216.343,145.087,123.693
573.168,219.532,142.713,121.069
570.302,216.136,142.985,118.950
564.085,208.570,142.668,120.077
562.405,203.945,142.582,120.427
552.434,202.486,142.059,122.858
554.095,203.816,141.249,116.881
546.254,200.699,141.730,117.648
545.559,200.736,138.643,116.341
537.400,195.681,143.006,113.521
539.301,192.684,137.283,113.302
533.400,187.922,143.129,114.027
536.173,185.103,135.712,116.896
527.434,179.927,144.109,117.433
534.430,169.098,132.551,116.280
521.743,163.251,146.057,114.076
528.638,156.212,134.699,111.609
515.030,153.251,147.270,109.910
527.999,147.312,135.377,112.559
517.135,142.556,146.281,111.858
517.082,137.438,144.869,110.968
509.643,132.023,150.662,112.757
507.972,125.312,147.102,116.011
499.503,118.242,152.115,115.727
500.819,113.220,146.685,108.941
492.681,111.149,158.359,108.353
500.594,106.320,148.490,108.884
489.144,107.324,165.297,109.300
499.495,103.292,149.484,108.185
493.764,105.938,169.957,106.371
508.905,102.153,151.697,109.794
495.709,104.035,172.650,109.599
511.960,101.090,152.706,110.320
498.014,105.172,178.094,108.666
514.230,103.373,155.196,111.505
494.635,109.340,182.863,109.738
509.364,103.813,161.734,115.784
490.401,108.899,184.832,110.760
510.426,106.371,161.929,114.860
481.870,110.605,185.321,112.320
504.228,108.184,165.190,114.737
477.459,116.485,188.434,113.908
498.983,115.703,168.482,119.121
468.214,120.979,192.608,118.787
487.518,119.382,174.374,123.462
455.884,122.716,195.427,124.164
477.765,129.060,177.235,121.689
444.691,134.895,201.092,122.474
469.568,144.921,189.826,124.965
442.063,152.282,206.492,126.792
462.670,160.299,193.824,125.785
448.127,172.700,211.896,123.321
462.598,179.903,209.956,127.997
440.884,187.016,225.725,127.863
471.388,189.133,218.575,131.959
452.998,195.922,232.158,131.082
482.321,196.835,224.293,136.536
462.818,197.880,239.471,137.921
492.775,203.171,230.478,141.300
467.189,200.569,250.330,145.645
497.255,207.197,243.366,147.005
478.833,203.015,259.623,149.244
499.035,207.851,257.439,149.698
478.719,204.983,271.890,151.800
499.518,208.299,269.187,150.879
482.482,205.185,278.922,152.886
496.914,209.179,279.919,152.824
483.375,208.135,289.464,152.788
494.741,210.194,283.496,154.328
487.260,211.494,297.564,155.243
494.423,211.544,294.945,154.569
489.552,212.711,304.826,157.907
495.676,215.811,302.769,159.662
491.127,216.210,311.280,162.373
494.337,218.373,310.348,161.838
492.208,219.983,319.627,162.845
493.029,221.791,318.475,164.173
494.962,222.212,319.058,170.000
492.349,225.991,326.975,170.890
491.436,228.886,329.649,170.888
492.695,231.214,331.714,173.624
488.454,233.336,333.153,173.847
485.382,234.782,334.115,176.647
480.182,238.117,332.148,175.015
477.846,240.605,328.556,181.461
467.943,242.294,328.423,180.500
466.305,242.433,328.266,184.867
451.540,245.326,326.917,188.445
447.518,246.026,324.487,190.680
431.441,249.344,324.851,194.036
424.368,247.801,325.662,200.122
407.199,251.856,332.691,198.378
406.796,249.463,333.120,206.692
381.979,256.807,343.169,205.425
387.729,249.424,332.511,213.881
358.593,256.975,353.113,209.468
364.622,249.776,348.927,223.967
325.923,259.277,369.901,219.647
337.321,255.847,362.265,229.510
303.720,259.663,378.097,230.343
309.653,255.055,373.417,239.693
276.873,261.400,395.166,237.502
283.171,256.992,390.663,247.104
248.181,261.610,409.961,242.365
258.856,257.335,411.272,251.364
230.907,260.388,425.810,250.297
255.041,253.619,412.384,251.230
227.629,253.662,438.457,255.548
248.372,256.193,419.979,247.241
225.647,254.921,451.268,245.896
243.407,253.659,440.171,238.452
216.848,254.505,462.447,236.973
241.369,243.622,445.693,233.494
232.715,246.001,459.903,234.747
245.433,235.786,440.347,231.312
247.300,236.931,443.324,219.643
259.846,225.483,440.037,225.215
269.742,226.884,438.106,214.074
277.298,220.403,437.156,212.739
287.263,221.689,425.505,206.404
296.077,222.703,425.818,197.643
293.427,221.182,428.849,196.074
295.585,225.388,429.163,188.648
299.662,227.594,427.898,184.309
316.834,226.437,413.791,184.756
318.383,230.033,409.092,186.422
328.063,232.727,394.461,182.981
332.425,237.428,389.387,183.369
336.090,242.470,384.758,178.919
329.137,244.118,397.124,180.557
319.346,248.464,417.331,176.431
337.630,243.682,401.675,179.177
365.615,246.820,375.206,177.789
353.147,246.673,383.805,177.837
375.292,240.056,363.452,181.337
357.761,240.820,373.632,179.428
374.879,235.925,356.749,181.240
341.233,236.820,384.027,179.095
338.971,236.639,383.575,173.222
336.182,234.516,386.351,170.477
362.870,228.293,363.478,166.853
386.278,225.120,345.002,166.679
368.615,226.322,356.881,162.166
379.119,217.446,354.855,161.792
364.942,211.318,361.358,161.323
370.957,204.043,363.799,162.435
384.914,203.807,349.676,158.478
394.433,203.450,335.990,151.535
399.770,201.031,325.912,151.653
398.200,199.989,326.361,150.525
404.701,197.802,323.002,149.394
401.254,194.571,323.931,147.078
404.416,190.540,322.219,147.519
405.882,185.840,323.990,148.548
400.310,182.035,324.927,147.633
409.799,177.559,319.370,147.748
405.756,173.346,321.144,144.739
413.542,169.300,316.269,144.436
404.627,165.145,327.331,138.827
414.868,158.673,322.673,137.253
426.988,153.520,316.306,137.899
422.604,149.609,313.088,136.719
429.352,143.693,308.100,137.932
422.124,139.507,310.861,136.757
427.351,132.792,304.984,137.087
413.333,131.777,319.139,132.956
417.664,128.211,319.391,132.629
429.483,123.758,308.465,132.082
411.610,121.828,309.467,132.625
426.801,117.882,302.490,135.781
400.572,116.470,309.476,133.950
420.301,114.488,300.586,136.381
390.080,118.964,312.079,134.306
415.839,122.552,295.082,136.284
379.442,131.737,323.597,134.849
406.745,129.789,302.557,135.818
381.188,135.661,321.491,132.444
402.530,130.890,303.484,134.608
384.178,137.223,326.389,133.446
394.176,130.321,311.677,133.089
394.137,135.593,319.944,139.763
388.039,135.838,325.208,137.389
392.865,138.255,321.678,140.982
384.215,140.077,331.374,140.250
390.540,139.703,322.266,143.156
378.161,145.916,336.162,143.508
394.947,150.010,321.356,148.050
372.233,160.065,345.640,148.024
396.439,163.604,325.897,154.099
366.128,177.558,356.034,154.193
398.257,181.839,332.626,160.592
364.546,194.612,364.334,159.440
392.895,196.207,341.360,166.733
374.711,209.868,361.831,164.377
393.706,214.024,344.190,170.557
366.209,223.375,373.505,168.264
389.765,218.350,351.362,178.154
362.872,231.796,381.203,175.979
376.100,230.063,375.039,188.293
357.133,242.653,391.110,186.781
362.167,245.058,392.931,195.386
344.617,256.269,402.755,192.429
350.777,260.120,405.614,198.615
337.791,272.109,418.106,201.047
340.297,274.206,425.190,205.651
326.523,284.028,437.612,206.970
325.520,290.488,440.953,205.759
316.927,295.006,449.932,211.281
315.950,303.095,445.289,208.101
307.992,306.617,455.695,211.755
306.595,312.722,454.778,214.253
299.280,316.756,468.642,207.325
310.243,318.163,453.554,219.377
292.552,323.143,468.732,209.513
301.482,323.328,463.217,206.183
287.609,323.534,468.139,206.711
295.183,321.214,461.818,198.002
292.134,316.211,457.349,201.622
292.877,311.717,463.506,195.423
303.993,307.730,454.719,195.324
305.408,306.867,454.743,190.425
313.741,303.290,450.607,187.904
320.122,303.391,451.696,184.870
325.982,299.873,452.957,183.269
339.013,300.828,447.895,179.546
350.073,298.795,442.261,179.602
357.672,297.713,441.840,178.888
366.678,293.895,444.138,179.263
380.156,296.876,434.030,175.999
384.760,295.695,439.499,181.266
400.099,300.370,429.877,179.835
411.413,304.258,428.961,179.387
421.399,306.460,425.242,178.528
441.034,306.777,420.489,176.016
447.995,305.283,417.035,180.104
466.012,309.205,413.626,177.307
476.176,307.089,408.082,182.016
484.888,309.854,409.764,181.430
493.616,311.088,411.583,184.442
506.470,308.137,404.126,189.326
519.209,306.713,398.669,192.475
526.475,304.825,399.284,198.037
536.459,305.475,401.426,200.245
542.756,303.222,400.689,199.278
559.221,300.277,392.424,205.351
563.920,298.817,391.317,209.032
571.005,293.207,387.975,212.773
582.137,288.721,377.682,218.253
585.239,285.468,383.010,220.266
597.808,281.636,373.396,224.499
603.517,276.710,376.976,227.998
614.256,268.079,368.842,232.631
625.093,260.818,371.809,236.952
634.625,253.527,366.005,243.874
647.948,248.979,366.531,251.180
656.333,244.132,363.634,257.587
669.610,238.935,359.987,266.642
681.468,238.330,356.798,272.143
693.106,232.709,353.383,275.150
703.497,227.979,354.522,286.561
716.361,224.785,347.475,290.465
732.813,218.641,344.902,292.831
738.475,213.063,346.424,302.780
756.014,206.430,333.610,303.422
770.942,197.285,324.021,311.063
790.113,186.381,307.014,314.153
806.419,176.529,288.327,318.392
826.258,170.953,275.326,317.344
852.831,164.032,269.919,309.419
876.030,154.900,270.222,303.727
888.962,152.425,275.378,294.431
892.359,148.502,302.662,276.922
899.342,144.645,334.977,257.749
896.563,140.049,358.101,239.554
894.078,133.998,375.181,228.020
880.008,131.672,395.878,209.536
875.026,122.434,402.764,192.947
873.099,117.944,406.109,179.286
869.912,113.398,406.631,169.484
879.134,118.110,401.959,165.760
872.228,120.229,402.857,159.472
895.452,123.286,383.554,152.923
886.331,125.831,395.659,151.026
907.515,129.919,370.609,146.285
901.877,136.988,378.239,137.755
920.214,144.300,355.933,132.157
919.009,158.182,350.562,128.742
933.218,168.915,347.720,127.594
933.947,180.666,342.744,127.767
948.563,188.455,335.585,124.947
943.966,195.381,331.617,124.989
961.139,203.726,323.493,124.438
952.130,206.841,323.180,128.772
965.697,199.409,310.408,122.635
955.375,192.458,323.254,122.578
971.159,181.399,310.246,123.491
961.946,176.845,319.781,119.860
969.265,170.659,316.158,122.370
966.870,166.458,317.777,118.955
968.760,162.414,316.667,121.789
965.801,160.754,316.748,119.668
964.516,161.023,320.143,118.156
964.755,160.476,320.049,115.362
961.220,158.761,326.677,115.255
953.571,156.634,333.700,115.552
952.515,149.002,324.326,115.001
941.223,143.664,331.263,115.336
938.813,137.968,330.291,111.144
928.744,134.207,334.981,112.395
924.263,133.348,343.668,106.813
919.886,129.279,352.634,110.490
917.409,128.081,352.481,110.614
913.103,126.250,358.429,113.090
914.114,125.063,350.625,112.745
909.907,125.465,353.027,111.869
907.836,126.469,356.538,116.607
898.327,124.871,355.342,119.200
898.599,127.615,358.834,119.209
874.446,133.703,370.246,110.532
876.591,137.349,347.576,104.074
851.814,141.427,353.643,98.692
848.918,139.141,321.701,94.182
823.813,140.276,318.309,90.648
822.338,135.663,307.843,90.083
804.667,137.247,305.429,88.552
799.238,135.339,298.766,89.390
777.227,133.900,296.694,90.644
775.823,133.015,290.398,90.661
755.656,131.571,284.277,91.187
750.734,129.455,275.946,89.547
736.194,129.452,273.142,89.387
729.151,127.384,268.960,89.277
709.834,125.734,273.005,88.716
707.240,127.166,261.948,89.347
684.934,127.740,265.964,89.753
685.808,130.530,250.946,88.033
663.036,134.176,256.025,89.485
660.968,142.393,243.691,91.433
640.935,148.718,250.335,91.356
643.944,153.507,239.324,89.375
622.528,160.491,240.833,92.902
617.312,169.173,231.069,93.682
604.707,177.865,229.936,94.939
602.571,184.163,225.761,96.482
595.311,188.992,222.943,97.453
589.805,192.280,224.476,101.002
587.688,196.376,216.888,104.312
583.968,200.828,213.757,108.173
579.542,201.348,214.260,112.941
571.629,206.466,211.314,113.762
563.720,208.083,206.845,113.577
557.985,209.956,204.929,114.030
551.323,210.955,200.264,113.664
550.434,210.428,191.663,112.961
543.185,210.566,187.610,113.803
541.069,207.843,179.494,113.942
539.539,199.419,175.022,115.840
533.612,191.070,172.010,113.925
527.289,183.988,162.898,116.928
528.838,179.009,158.294,114.855
523.228,168.175,156.603,117.407
523.818,161.705,149.765,116.038
524.588,151.164,144.992,116.571
525.710,145.464,141.074,113.502
524.335,140.831,138.380,111.756
524.048,133.221,135.037,110.198
522.734,129.585,132.445,107.276
513.734,125.375,134.196,103.581
509.302,120.123,130.555,101.327
497.096,115.011,131.645,101.317
490.171,109.841,131.949,99.950
480.697,105.069,140.636,98.423
477.942,99.950,140.570,96.989
478.645,94.819,143.128,95.566
480.314,87.305,146.953,95.302
476.559,84.689,155.488,94.682
480.465,77.818,153.552,97.333
472.013,77.899,164.590,96.260
482.489,70.322,157.442,97.694
476.380,69.084,170.245,99.176
480.313,67.817,167.564,96.457
472.605,65.848,171.117,99.524
473.024,64.815,171.952,98.714
469.621,62.672,172.646,100.778
467.118,65.815,177.253,100.470
463.333,66.580,177.129,102.838
458.738,70.523,183.228,103.095
451.384,72.828,185.981,105.130
441.703,76.301,192.589,105.916
431.562,80.973,197.418,102.245
422.109,87.409,199.583,101.825
408.313,92.224,202.518,102.953
397.200,96.521,205.585,103.945
385.360,99.052,209.479,105.579
372.566,102.221,216.629,106.439
364.626,104.644,215.854,107.955
350.636,109.302,225.857,107.315
346.535,113.828,225.511,107.971
336.376,118.067,231.931,109.432
327.772,125.601,233.616,108.442
321.654,131.314,237.341,109.256
311.761,132.525,244.481,112.224
303.073,137.547,247.716,112.630
295.841,140.459,255.452,109.810
290.194,140.418,257.792,114.076
280.559,141.801,264.902,112.478
278.720,140.775,270.581,112.940
275.195,138.784,274.641,112.476
281.327,135.986,274.291,113.865
282.899,133.172,275.268,115.343
285.502,134.086,275.478,114.151
284.532,132.661,278.728,113.603
287.676,133.055,282.734,112.896
290.741,131.047,284.584,111.388
298.987,128.839,292.409,111.978
311.641,123.385,290.342,111.463
320.884,122.351,290.385,112.020
315.484,122.028,292.436,113.510
318.351,121.638,295.121,112.145
320.712,118.944,300.530,111.673
334.085,117.599,296.285,113.534
341.184,118.731,289.986,113.152
339.817,120.327,286.100,115.362
341.107,121.109,287.307,113.846
337.357,121.659,294.629,115.252
345.931,121.908,293.814,115.862
339.590,124.111,295.245,116.683
345.684,126.701,291.926,117.682
329.484,129.094,301.258,120.374
324.036,131.826,314.841,120.969
331.617,131.470,310.934,121.090
346.228,134.250,306.487,117.838
342.306,133.296,310.545,118.106
345.024,131.881,313.531,121.178
347.054,130.443,315.068,122.084
355.053,131.947,305.859,117.106
346.856,134.252,313.921,120.629
353.324,135.890,313.764,119.756
352.595,135.821,320.023,120.989
363.102,132.629,314.506,121.763
365.304,131.345,313.228,122.995
363.807,129.729,314.151,125.287
369.547,129.154,313.255,126.931
364.516,128.917,317.711,127.096
366.606,128.984,314.501,129.656
360.487,131.164,320.482,130.846
367.288,130.785,316.760,135.063
355.439,131.952,328.522,135.169
359.434,133.518,323.888,138.719
350.758,134.777,338.230,139.383
348.874,135.164,343.501,145.479
336.015,135.627,354.390,152.060
331.938,137.345,354.385,154.683
317.876,140.972,363.939,158.856
305.280,144.825,369.319,164.767
293.787,147.502,379.213,171.289
275.078,149.767,388.134,178.721
261.157,151.273,396.463,185.150
237.142,152.225,407.040,192.708
219.237,154.724,421.836,198.671
193.571,155.576,437.164,206.948
173.418,158.184,449.733,212.827
146.618,158.767,471.278,221.351
126.036,160.499,487.045,231.015
97.060,160.858,499.622,239.702
82.646,158.818,512.391,242.544
61.007,157.324,533.378,246.188
44.521,156.670,554.626,249.224
26.771,155.461,565.005,259.614
16.987,158.033,562.868,265.201
2.050,157.333,573.598,274.446
0.000,160.088,564.464,275.869
2.281,163.226,561.951,279.558
0.000,162.282,553.791,285.153
0.000,162.762,545.983,285.490
0.000,160.912,533.055,280.423
0.000,160.752,534.151,272.043
0.000,159.529,514.293,260.148
0.000,157.395,503.083,245.567
0.000,163.240,494.411,240.195
0.000,168.676,484.153,234.947
0.000,179.727,472.599,226.493
0.000,190.329,451.464,222.663
0.000,201.519,422.353,219.899
0.000,213.514,382.749,216.494
0.000,225.983,342.949,217.012
0.000,238.667,321.315,219.079
0.000,260.384,298.077,222.565
0.000,267.939,272.393,222.297
0.000,273.802,247.856,226.149
0.000,282.001,221.609,224.454
0.000,286.310,191.090,204.234
0.000,297.317,178.704,192.994
0.000,308.838,200.327,190.500
0.000,256.785,284.347,211.405
23.671,224.955,392.921,230.128
17.303,175.194,605.028,253.830
83.327,0.000,853.799,266.583
169.166,0.000,1005.072,232.292
97.091,36.730,1070.035,231.338
12.600,46.302,1085.480,211.934
37.358,32.190,1029.674,205.474
47.565,34.622,991.473,200.232
45.283,35.947,962.764,191.274
73.848,37.089,921.944,191.157
85.422,35.430,912.933,176.979
99.049,41.545,918.834,178.665
131.551,37.983,904.819,181.213
153.647,43.013,906.178,190.040
175.250,44.082,907.629,189.736
165.681,39.059,932.255,182.248
137.740,44.135,979.214,190.628
100.387,39.101,1014.158,202.794
110.918,33.265,1040.969,207.447
104.778,28.103,1069.654,208.537
95.482,24.618,1081.487,215.324
67.391,27.108,1100.007,212.775
64.633,25.820,1097.926,224.403
63.688,21.968,1085.018,228.106
41.345,17.334,1067.020,226.480
55.839,12.973,1056.669,230.870
70.132,8.427,1041.232,240.089
94.471,2.091,1026.533,242.593
140.575,0.000,1007.186,254.616
179.429,0.224,1001.742,226.090
172.536,14.153,1013.276,259.761
224.386,0.000,975.584,246.127
172.014,11.364,997.686,221.712
188.729,13.572,1010.275,246.708
172.351,5.607,1019.734,231.696
208.409,11.567,1009.707,272.577
261.577,0.000,888.609,240.077
253.917,8.820,863.178,234.320
269.753,2.068,856.636,225.128
254.878,7.722,885.954,263.378
334.390,0.000,839.195,225.870
290.198,9.968,874.714,280.997
352.879,0.000,845.966,227.254
327.128,14.118,862.369,282.539
391.709,2.714,832.734,230.244
322.724,9.877,861.595,284.582
345.702,7.405,884.522,225.690
311.414,17.467,912.984,283.037
324.331,15.404,907.422,234.067
325.617,17.124,912.124,285.880
367.695,16.462,887.521,247.491
368.235,15.825,860.763,269.128
387.279,15.108,854.806,244.594
371.274,18.016,863.281,266.667
376.312,17.451,864.738,237.266
362.324,20.145,867.144,270.982
373.042,13.306,868.023,227.650
337.782,18.769,877.198,272.213
404.589,15.834,841.486,245.742
377.082,19.930,841.939,248.366
308.197,26.453,878.623,219.391
291.815,26.630,893.275,245.238
362.113,17.306,841.844,215.875
333.920,38.665,902.624,252.777
363.910,21.572,915.399,214.579
285.853,33.595,953.192,255.026
237.576,25.737,997.458,208.742
176.786,33.996,1065.701,234.144
165.966,37.176,1039.336,211.446
125.700,30.395,1113.463,232.789
79.942,34.025,1140.420,223.853
49.533,28.743,1160.772,228.698
57.726,25.099,1160.949,233.217
38.202,22.941,1147.240,233.246
72.971,13.013,1152.385,231.466
26.947,9.519,1141.069,227.295
74.896,9.859,1125.351,219.842
39.754,10.389,1133.949,211.940
80.553,6.618,1124.308,205.918
99.874,6.675,1099.290,191.069
120.158,6.435,1082.325,183.885
120.435,7.335,1074.850,180.187
109.329,3.725,1075.025,178.086
128.351,0.000,1075.146,180.060
137.776,0.000,1080.719,173.582
122.586,0.000,1086.236,170.237
125.679,0.000,1085.805,167.736
121.947,0.058,1084.118,161.841
150.456,0.000,1079.968,153.952
171.519,0.000,1077.641,147.894
171.546,0.000,1042.882,146.611
170.674,0.000,1032.531,142.502
188.738,0.000,1024.781,142.144
161.845,0.000,1010.360,144.603
184.906,1.103,983.146,146.120
185.776,0.000,942.888,142.930
217.256,0.000,885.536,144.615
175.415,0.000,819.239,150.082
107.495,1.091,773.769,161.162
90.197,4.304,730.900,166.058
67.090,2.944,637.661,159.702
47.645,6.319,634.881,157.213
34.397,5.316,632.683,166.798
40.721,5.522,645.982,170.699
26.112,6.738,653.577,170.945
40.094,7.732,648.981,175.723
35.484,10.922,665.707,176.848
56.120,13.866,665.589,175.504
42.724,17.046,697.328,174.657
76.711,14.242,710.603,184.654
115.678,14.137,702.087,186.373
168.840,12.826,688.941,188.647
244.117,12.185,628.761,178.046
310.737,22.335,576.694,206.378
413.240,22.018,508.054,163.515
471.671,35.289,452.112,204.259
522.454,54.034,380.621,155.107
502.813,77.383,365.036,151.029
518.998,92.038,335.513,146.984
522.950,118.025,293.862,143.365
539.252,136.751,247.259,140.667
539.292,154.117,215.787,141.600
544.749,174.394,189.739,139.360
550.880,190.008,172.227,136.273
559.904,200.165,158.829,133.495
568.226,204.697,146.110,131.385
566.559,212.022,138.680,132.923
562.992,219.588,134.946,131.509
558.389,225.276,133.951,129.611
552.154,230.322,136.824,130.058
546.863,236.053,135.848,129.280
540.012,239.727,139.458,129.265
533.988,241.883,134.146,125.715
531.960,242.763,138.505,129.724
526.406,243.088,138.035,131.819
516.261,233.928,140.473,131.704
516.035,218.678,136.876,130.785
506.385,205.766,143.890,131.577
506.046,189.830,138.694,132.807
497.226,175.599,146.179,133.710
497.314,164.831,142.169,134.786
491.464,152.575,152.037,135.876
491.217,142.813,151.112,136.917
488.238,133.950,155.401,134.611
483.946,127.865,162.264,134.559
483.203,122.604,163.403,135.878
479.663,118.945,169.233,135.538
475.989,117.197,169.763,133.537
470.431,118.750,175.623,130.474
469.879,117.812,173.574,128.036
465.210,118.344,175.707,127.818
460.638,118.254,174.493,125.364
456.660,114.458,175.127,125.783
451.658,109.898,174.753,123.872
449.201,105.538,173.822,122.579
443.888,97.963,176.010,123.451
439.467,91.408,176.604,123.085
432.584,88.704,181.348,123.723
425.845,83.795,181.993,123.671
417.291,82.856,185.767,124.533
412.638,80.645,185.663,123.133
400.736,81.972,188.165,122.960
395.215,81.488,187.789,120.993
389.279,81.772,190.585,121.796
381.491,84.664,190.613,119.319
380.083,87.516,193.756,124.194
371.062,95.023,197.662,124.605
366.142,94.920,200.054,126.163
362.477,97.734,205.757,127.447
359.922,100.085,209.331,127.913
368.697,105.067,209.087,128.546
371.554,108.228,213.211,130.164
375.387,112.895,217.334,130.294
376.618,118.021,225.122,133.710
376.264,120.663,227.093,135.069
379.275,124.157,232.896,136.889
384.857,127.889,232.271,137.758
381.341,131.081,236.831,137.277
379.554,131.642,240.485,139.039
374.160,133.445,244.445,143.662
366.784,134.913,249.554,143.305
361.342,135.615,257.288,145.025
355.563,136.904,260.278,145.566
355.083,136.101,260.204,146.316
343.409,138.409,272.785,146.199
340.323,138.665,273.874,145.162
329.206,139.025,282.582,145.192
325.914,136.696,280.087,143.888
317.164,138.836,291.134,144.773
313.435,139.406,284.817,143.035
306.220,142.925,296.545,143.164
307.805,142.034,289.918,139.984
300.740,141.338,297.912,139.950
303.070,141.366,295.720,138.056
300.454,137.147,300.507,137.183
297.439,136.791,299.384,133.375
307.522,136.858,294.864,126.159
317.830,132.174,295.719,127.932
322.980,132.932,296.217,125.826
337.985,131.160,291.744,123.544
351.527,129.764,285.278,121.773
360.473,126.400,284.118,120.297
367.432,121.678,279.383,120.217
373.207,116.271,278.684,120.804
370.797,117.235,277.989,119.454
378.678,116.812,276.869,118.380
385.046,115.671,267.672,118.745
383.338,117.082,270.775,119.869
383.744,117.845,271.311,120.602
380.483,117.860,272.196,121.155
382.181,118.856,269.425,122.283
378.392,121.170,275.486,123.820
374.569,124.179,279.428,126.601
370.538,127.607,290.612,128.894
378.746,128.754,284.854,128.035
388.211,129.348,279.556,129.458
386.648,130.615,281.133,130.039
389.489,130.593,282.682,131.149
389.769,129.611,284.512,132.368
389.363,130.352,284.632,135.579
381.667,130.234,293.287,136.472
384.331,129.774,293.889,135.233
393.356,130.067,284.030,134.104
396.550,128.972,282.813,135.445
400.487,127.867,281.063,137.705
404.883,127.858,276.887,137.714
405.987,129.626,281.365,137.607
405.023,131.538,285.397,136.973
406.660,133.786,290.445,130.851
417.181,133.605,284.167,133.785
422.036,133.772,285.182,134.527
427.636,134.926,280.868,136.022
434.488,136.332,277.028,137.729
432.998,136.961,279.993,139.260
435.249,137.965,279.576,140.475
431.067,138.966,286.722,141.197
435.483,140.132,280.775,141.411
434.105,142.196,280.151,141.037
436.821,144.244,276.556,142.616
433.138,143.773,281.684,145.086
434.276,145.637,279.461,145.633
426.422,147.386,285.917,146.349
429.511,146.508,282.838,147.024
432.113,145.907,280.793,148.807
429.537,145.103,286.178,148.404
437.792,142.885,285.299,147.905
439.022,142.457,288.865,148.281
441.586,141.766,291.337,149.714
442.530,141.245,293.429,150.786
445.641,141.921,294.031,151.303
447.183,143.726,294.082,152.649
445.159,143.444,300.512,155.595
447.676,144.735,297.287,159.124
445.985,146.305,302.977,160.684
446.405,148.785,302.677,161.685
442.058,150.660,310.150,164.907
438.388,153.987,310.561,166.366
434.744,156.027,310.775,167.785
433.344,159.290,311.890,170.141
427.117,164.084,318.087,174.812
425.756,167.512,319.921,172.190
418.541,171.716,325.065,178.275
413.571,173.049,327.671,178.375
414.127,175.409,325.155,179.898
410.544,176.892,334.499,182.370
411.502,177.065,331.509,184.743
407.545,179.553,339.948,188.986
406.548,180.372,340.185,191.928
403.606,181.820,347.910,194.069
401.683,182.333,349.339,197.114
399.678,182.688,359.004,198.757
396.809,179.766,362.402,203.932
395.747,178.834,360.966,203.700
396.049,178.187,365.829,205.489
387.624,180.010,372.065,210.591
388.934,178.745,373.728,212.783
373.680,179.997,386.608,217.819
377.630,178.436,378.613,221.675
362.141,181.888,390.173,225.220
359.497,180.420,386.395,230.619
350.796,182.027,394.728,235.415
343.939,183.847,396.687,240.405
333.707,185.842,400.034,242.448
331.626,190.683,394.302,242.355
325.236,196.079,396.587,243.896
321.385,204.338,394.395,243.366
316.939,211.310,399.591,241.686
314.038,219.227,400.911,242.977
307.615,224.707,406.006,241.821
305.152,229.394,406.654,241.179
305.351,235.009,407.170,240.054
300.678,239.341,407.310,239.797
304.751,243.519,401.271,230.267
306.343,246.769,404.740,239.694
306.660,247.199,401.772,239.114
307.273,248.246,401.889,239.823
310.942,244.167,398.639,238.923
315.478,233.727,398.835,238.912
315.296,227.398,399.716,239.907
315.528,223.275,402.696,238.106
320.734,217.625,404.274,239.036
321.173,216.391,410.668,240.979
327.910,212.371,404.317,240.267
330.681,210.548,406.282,240.743
340.751,204.323,401.463,238.311
344.564,199.046,401.076,235.365
350.871,192.260,402.753,232.663
353.037,187.424,409.322,231.149
362.612,180.382,405.233,229.578
370.177,176.240,405.561,228.445
378.097,171.596,404.428,226.661
383.319,167.722,405.302,225.129
388.808,165.429,405.931,223.458
396.832,163.019,408.065,222.745
403.165,160.580,413.341,223.470
411.708,157.159,416.605,223.533
424.550,154.707,418.085,223.128
433.163,152.809,424.139,222.823
443.653,155.112,434.513,222.557
454.762,155.768,435.802,221.027
465.560,157.363,442.745,221.464
478.934,160.548,445.298,221.944
487.676,162.274,447.520,225.808
500.176,163.304,449.900,228.082
507.860,167.737,449.744,225.845
520.750,176.428,447.452,226.502
534.003,189.929,455.801,230.226
545.625,200.745,466.645,234.245
559.795,208.367,473.777,238.990
573.978,219.568,490.229,249.430
586.683,231.320,502.615,257.576
604.187,243.576,519.617,262.591
616.419,251.372,528.180,269.945
633.325,251.769,535.916,277.319
644.716,258.628,531.513,296.775
658.440,272.478,545.023,308.358
685.547,280.266,544.292,320.739
708.124,290.330,546.018,332.233
724.890,301.089,537.671,346.859
755.402,313.327,517.007,357.005
772.302,316.505,496.708,378.512
803.850,310.506,476.089,391.552
842.257,304.064,445.470,398.484
877.892,300.492,422.037,395.383
915.752,287.962,383.889,404.370
950.980,292.830,334.348,382.154
974.248,289.852,299.551,363.808
998.210,278.000,269.856,348.354
1021.584,270.357,252.311,339.628
1040.129,259.763,239.231,327.709
1042.173,244.826,238.542,314.089
1035.397,238.463,236.516,299.487
1024.055,234.897,246.644,286.682
1013.672,229.070,253.084,267.742
1001.179,219.510,261.517,250.715
992.803,209.458,269.512,234.256
989.495,204.110,272.013,214.176
988.216,192.439,276.594,209.556
983.625,183.118,281.344,202.030
980.067,169.012,282.627,194.088
978.710,160.384,286.455,185.591
978.694,153.726,288.624,180.044
980.489,150.820,288.423,173.900
986.335,150.368,287.676,169.640
987.973,150.472,286.870,168.155
991.657,147.739,284.397,164.721
993.333,143.979,285.484,161.741
999.835,142.722,282.966,158.345
1003.805,139.796,276.776,155.686
1004.320,139.996,276.122,152.306
1008.234,135.961,272.118,149.392
1009.962,132.967,271.722,146.909
1012.387,131.020,268.842,146.240
1014.205,128.703,267.566,143.649
1011.727,125.054,270.514,142.906
1011.284,121.874,268.744,139.724
1011.463,119.834,272.243,135.906
1011.345,117.643,268.650,132.319
1006.885,116.296,269.335,129.551
1002.301,114.967,270.945,128.338
996.661,114.951,273.159,128.431
989.230,120.802,278.969,124.694
983.010,128.803,282.341,122.237
982.882,134.514,284.945,123.429
979.982,139.202,292.450,122.415
980.656,137.633,293.734,121.098
974.816,139.117,296.811,118.664
964.650,137.557,300.589,117.418
951.468,135.534,302.058,113.063
941.117,132.668,300.870,112.506
930.339,131.135,301.073,113.451
922.700,132.336,302.155,111.929
916.886,134.979,303.055,112.025
910.322,137.157,299.413,111.370
908.678,138.587,299.231,109.826
906.317,137.315,291.306,111.968
905.260,139.468,298.850,110.914
900.849,138.331,292.532,112.733
898.499,143.496,290.521,109.549
905.285,143.393,293.311,110.728
907.581,146.298,292.646,110.381
911.781,147.737,296.957,112.218
912.646,147.823,292.051,112.865
911.780,145.918,293.875,112.698
908.491,143.383,287.686,112.520
903.795,143.001,292.498,110.409
895.845,139.795,284.777,111.277
894.489,137.363,287.200,110.488
887.086,135.423,281.240,111.386
878.373,135.613,284.188,109.344
874.610,136.405,280.831,108.361
871.633,137.257,279.416,109.207
866.391,139.194,276.106,109.561
862.716,141.630,276.717,109.536
858.643,146.245,271.783,110.238
857.113,152.190,275.821,111.369
856.607,158.014,272.308,114.375
853.660,164.286,278.050,113.731
855.693,166.477,275.920,115.245
850.734,169.921,271.071,115.176
847.180,173.730,266.636,111.291
846.181,173.912,271.319,114.971
839.785,177.373,259.685,114.378
835.201,179.138,270.186,115.265
827.518,181.157,258.437,116.914
821.487,184.344,266.021,118.751
816.764,187.245,256.756,119.276
809.833,189.893,258.085,121.989
805.334,192.987,251.863,123.970
799.413,196.550,251.165,123.926
792.796,201.534,243.351,125.474
783.944,205.264,250.743,125.457
778.685,208.185,243.139,127.036
772.723,212.874,238.949,130.240
766.374,219.307,238.047,131.239
758.132,225.019,235.469,131.729
752.279,231.124,231.741,131.601
748.394,236.949,229.003,134.243
746.609,241.858,226.256,135.950
745.564,245.308,221.483,137.409
743.696,246.813,214.854,139.824
738.764,246.144,207.382,136.739
731.522,246.260,205.104,137.647
722.991,244.984,199.384,137.732
712.175,242.884,196.298,135.092
706.367,239.533,189.418,133.590
695.052,236.847,185.953,132.776
685.100,233.782,182.149,130.146
675.285,232.338,173.694,129.043
664.389,229.027,172.574,129.902
654.942,226.205,167.735,129.173
646.869,224.084,161.701,127.677
640.918,224.939,152.933,121.696
633.369,222.074,148.939,124.210
629.931,219.875,146.116,125.123
628.254,219.279,143.213,124.087
625.761,218.142,140.078,124.135
624.093,215.795,141.221,126.603
619.331,212.036,138.646,126.946
622.532,209.723,132.289,127.116
621.154,207.193,129.996,127.769
618.901,204.861,129.804,131.149
616.270,202.917,128.722,129.822
612.176,201.183,129.851,128.546
608.992,196.630,128.338,128.161
609.309,195.785,124.920,128.133
601.630,193.160,125.456,127.636
606.485,191.361,120.158,125.691
600.692,189.877,124.188,125.100
606.567,187.260,120.580,123.656
604.895,184.597,123.522,123.909
606.004,181.467,122.935,124.770
604.775,178.387,124.412,126.254
603.830,175.544,125.181,126.833
598.156,172.329,125.267,125.549
598.457,169.702,121.014,126.094
590.321,166.834,123.643,126.288
586.323,164.514,123.352,126.482
576.529,161.769,125.525,127.165
571.002,158.678,125.615,126.491
562.088,155.691,124.819,127.326
557.686,155.414,126.404,128.512
548.530,153.708,127.126,128.642
542.228,150.287,128.390,127.334
538.033,150.636,124.640,125.493
530.929,148.814,128.871,126.108
527.460,148.441,125.674,125.579
528.675,147.658,125.649,127.053
525.851,144.987,127.274,125.586
528.316,143.945,127.771,124.062
530.434,143.320,128.128,125.042
530.267,141.854,130.569,123.483
533.540,140.359,131.736,123.038
532.808,135.655,134.676,124.263
534.313,134.117,133.555,123.344
536.480,133.319,136.017,122.285
539.218,129.878,137.525,123.469
536.974,129.529,141.978,121.880
540.404,126.782,142.122,122.448
539.725,124.720,146.984,123.308
539.112,120.571,150.978,123.569
533.892,119.827,155.102,124.407
533.666,116.643,155.776,124.490
527.793,113.788,158.522,125.061
523.929,113.539,157.776,125.830
517.543,111.101,162.749,124.445
510.875,110.539,165.988,124.373
505.230,110.221,170.573,124.252
497.512,109.856,171.959,124.492
490.677,109.489,177.293,124.810
488.655,106.666,179.095,124.766
481.159,106.393,181.666,124.643
477.016,106.172,183.677,125.713
470.575,106.031,186.712,125.223
464.086,105.800,190.414,124.568
461.583,105.468,192.964,125.005
453.354,107.307,192.280,120.546
453.889,105.817,195.056,121.229
451.622,105.424,196.158,120.987
446.927,104.017,199.429,121.447
446.783,100.713,201.893,121.841
443.783,98.689,205.412,121.835
447.273,95.903,207.077,121.749
445.073,93.000,207.566,121.755
450.495,90.636,208.222,122.170
450.170,87.424,210.862,122.426
449.360,84.292,213.069,122.776
448.987,80.517,215.018,122.607
454.978,77.100,219.323,124.118
458.484,73.063,222.959,125.546
461.929,69.721,223.876,126.268
470.078,67.981,223.404,126.407
477.071,66.145,224.488,125.925
483.240,62.318,227.545,126.617
491.959,56.607,230.467,127.687
504.152,53.702,231.094,128.564
512.209,52.104,230.818,129.610
517.259,49.676,231.642,130.963
521.854,47.215,231.398,132.120
525.028,45.021,233.973,133.103
526.270,43.502,235.295,134.270
526.732,43.000,235.140,134.472
523.511,44.825,237.236,134.919
522.988,44.266,237.746,136.062
520.071,49.909,241.266,137.132
515.377,56.503,241.076,138.025
511.123,62.612,242.894,139.490
504.415,69.302,245.496,140.566
496.819,77.232,246.893,137.012
489.321,85.525,249.402,139.694
482.511,94.715,252.344,142.120
476.477,105.080,255.807,145.749
470.329,111.446,259.300,146.702
463.197,119.836,262.126,148.658
459.945,126.403,265.033,150.280
456.519,133.075,269.712,151.976
454.095,137.320,270.455,154.388
450.513,141.627,273.210,156.055
447.262,143.433,274.580,156.529
443.741,146.720,281.940,159.696
440.054,149.351,287.825,161.838
436.420,152.598,292.108,163.515
432.811,156.388,299.003,166.076
428.539,159.494,305.381,167.074
426.026,163.445,312.163,170.974
424.497,167.478,315.730,174.522
419.678,173.171,323.193,177.645
416.425,178.285,328.595,181.148
413.726,183.385,334.045,184.679
412.236,188.459,338.402,188.674
409.279,193.790,341.175,194.014
408.090,199.564,345.910,199.359
405.842,206.949,349.562,203.032
404.594,214.340,352.945,205.110
403.207,219.683,352.627,210.061
401.269,223.906,357.751,215.316
400.259,227.829,357.368,217.626
396.958,231.122,361.670,223.269
396.558,233.517,360.470,225.383
397.569,237.663,362.256,228.371
399.313,239.484,357.131,221.525
396.414,240.479,363.109,232.690
398.334,239.292,361.315,231.887
394.814,237.885,369.720,237.092
395.972,236.722,368.099,238.656
393.896,236.989,375.191,241.029
394.716,237.601,372.105,242.403
396.332,239.218,377.711,243.178
400.402,238.677,374.277,246.166
397.929,237.320,377.833,250.581
397.700,237.709,379.892,251.682
397.111,236.960,380.408,253.599
396.442,238.788,384.311,256.560
399.543,238.171,384.018,260.473
399.028,236.483,386.215,264.220
400.954,233.628,383.581,267.391
396.981,233.321,384.200,274.328
395.899,234.334,383.419,278.037
394.227,233.527,384.855,283.626
393.177,234.737,386.092,286.443
394.094,236.604,383.907,290.018
395.395,238.327,384.722,293.773
400.808,238.781,380.177,295.256
402.545,239.844,378.795,299.661
405.037,241.356,378.204,301.001
409.070,237.972,374.252,303.771
407.512,233.423,377.012,306.708
409.653,229.588,373.877,307.104
408.719,226.473,373.970,306.699
407.556,222.329,373.183,302.920
411.128,217.329,368.820,300.209
413.836,212.940,366.807,298.617
417.548,209.469,352.162,287.791
421.396,206.330,352.426,291.100
422.820,205.205,348.922,287.148
422.719,203.639,349.174,284.118
425.523,202.667,346.005,279.792
431.270,200.298,340.453,277.388
437.347,194.286,329.450,276.063
441.449,191.632,326.156,276.310
444.921,186.723,316.679,274.281
443.858,183.234,313.541,275.543
445.104,181.112,314.227,273.248
447.223,178.067,307.956,272.714
443.981,174.624,312.578,271.876
445.145,170.567,308.303,273.503
443.827,166.567,307.982,271.481
445.027,161.624,305.162,270.913
445.452,157.266,301.867,269.259
445.007,153.595,300.329,267.137
445.378,149.201,299.291,263.573
446.861,148.032,302.241,261.727
446.422,145.984,302.943,257.764
444.439,142.045,303.072,253.206
448.225,137.652,300.778,250.516
449.123,130.550,301.261,250.756
446.617,123.684,300.415,251.648
442.120,120.253,307.062,249.650
441.403,116.994,308.707,246.198
443.790,114.073,306.642,243.833
443.636,111.294,308.036,241.013
443.446,108.792,308.014,239.568
442.520,106.438,309.840,238.738
438.799,105.119,310.721,236.664
441.428,104.217,304.390,230.632
442.530,101.444,304.915,232.542
441.973,101.939,303.749,232.108
444.377,100.686,302.872,230.685
443.797,98.765,305.406,230.359
446.530,97.371,305.492,229.102
449.501,97.260,306.508,229.827
456.076,98.853,306.378,228.654
460.394,103.078,307.975,229.672
463.128,102.791,310.906,228.856
462.433,103.911,313.238,228.812
461.366,105.791,314.236,228.320
461.545,111.331,315.656,226.537
462.025,112.568,318.724,226.002
463.081,113.125,317.129,226.927
461.726,113.659,318.739,226.073
461.899,114.869,318.468,226.992
463.628,119.460,316.084,224.992
463.543,123.794,312.483,225.103
466.155,130.963,312.535,224.700
462.423,137.225,312.207,223.490
466.605,145.284,312.345,224.100
462.589,152.737,314.430,223.805
470.031,153.477,312.108,222.825
464.864,157.863,316.868,225.278
472.978,161.127,312.714,226.253
470.089,164.449,314.176,225.891
478.667,167.678,307.823,226.418
477.947,172.374,309.451,222.822
485.758,173.527,303.860,225.771
488.010,179.560,302.068,225.930
495.379,180.242,298.060,226.459
503.119,179.497,290.423,223.554
506.933,181.712,291.713,230.207
511.239,179.582,283.026,226.108
520.791,180.950,280.251,232.895
520.183,174.033,277.830,229.420
530.769,172.691,272.442,234.868
526.267,175.244,271.349,232.358
533.961,167.559,271.538,231.491
530.962,172.153,268.756,230.088
528.441,163.542,272.543,232.328
534.650,163.450,270.945,229.215
528.876,158.506,273.778,230.297
531.987,157.375,273.829,227.760
518.853,151.848,272.668,226.125
518.207,152.319,279.183,224.976
508.981,146.208,275.493,225.415
505.167,143.107,280.602,223.102
499.796,133.667,277.783,222.435
495.938,126.152,277.121,219.465
493.136,118.331,276.245,216.421
491.919,113.702,275.267,213.868
483.966,107.811,273.467,210.539
485.672,101.303,272.427,208.957
483.367,99.063,270.763,205.885
482.956,94.580,266.985,204.394
489.777,89.248,262.901,202.231
484.791,82.545,259.793,199.459
492.553,80.566,259.381,198.101
484.728,75.092,256.143,196.608
488.432,71.699,259.542,194.941
484.346,66.541,250.192,193.362
482.124,63.713,256.225,192.180
486.025,60.132,238.698,184.774
483.437,57.335,251.077,190.481
481.615,52.054,241.507,193.046
478.158,52.003,251.163,193.897
472.993,46.818,242.835,196.721
467.208,44.868,253.401,197.202
463.614,43.898,249.075,199.704
453.178,43.506,256.339,200.890
451.045,46.653,250.967,202.638
438.715,49.802,261.985,204.469
429.236,61.741,259.680,204.700
422.267,66.519,265.867,207.204
409.282,77.975,267.762,209.722
398.827,84.611,278.241,215.227
384.333,95.872,280.961,220.874
368.996,103.123,289.006,225.874
357.237,109.629,296.900,230.702
344.049,116.922,305.337,235.383
332.805,118.811,310.755,242.054
322.909,122.104,320.623,243.924
319.746,124.921,323.472,245.489
318.543,129.992,328.520,246.270
322.317,136.094,329.659,247.347
322.335,136.510,335.014,246.734
323.705,140.373,339.723,246.631
324.958,146.219,343.042,242.933
331.893,148.989,341.775,242.183
337.039,148.739,343.262,238.100
344.425,150.363,342.844,238.086
343.280,150.790,344.686,236.019
349.334,152.995,342.195,236.481
350.011,154.182,343.670,235.381
357.152,160.094,334.228,227.148
354.650,162.359,337.270,228.967
360.324,165.558,333.876,229.116
359.236,168.916,335.703,228.488
364.193,168.152,332.343,229.792
361.674,166.226,336.079,235.292
366.355,162.808,331.148,236.022
361.670,164.997,332.012,236.951
369.061,166.736,318.462,234.360
364.433,167.620,322.789,233.375
371.643,165.290,306.090,231.900
361.576,167.400,312.338,230.584
372.581,160.895,300.934,226.118
359.389,161.280,315.272,233.314
366.559,152.968,300.935,226.482
355.847,152.235,311.289,237.463
359.604,146.673,304.372,233.536
353.010,142.081,311.043,234.101
350.401,138.478,305.754,233.496
344.720,136.091,306.867,235.522
341.316,132.218,307.771,234.161
336.714,128.909,311.000,230.953
333.744,126.848,314.057,228.468
329.727,120.836,315.299,226.621
326.138,119.932,322.552,223.402
322.811,113.642,325.665,222.083
324.077,112.733,328.759,221.949
316.740,107.808,335.307,217.966
323.503,105.151,332.878,219.605
310.707,107.769,349.246,215.612
321.429,101.603,341.501,214.898
306.883,109.778,363.338,222.628
320.153,104.425,356.209,215.674
315.332,109.438,371.068,226.181
311.100,103.108,374.275,229.723
303.089,108.301,381.885,232.408
300.371,105.722,383.543,236.462
290.207,107.585,391.591,243.953
280.398,108.918,404.972,245.931
273.562,108.499,413.445,255.422
260.597,106.355,420.730,262.377
252.108,115.264,424.155,269.131
241.019,121.386,430.922,271.181
228.057,130.709,442.431,273.691
217.054,134.677,450.247,278.417
205.994,140.947,457.433,279.525
193.376,148.734,469.899,278.177
184.188,152.513,477.119,277.479
178.897,155.175,483.431,274.953
181.108,153.870,483.623,268.264
190.519,152.911,481.484,263.284
192.356,153.287,490.062,258.454
192.915,153.867,496.501,253.948
197.560,153.906,501.140,250.421
202.183,152.843,501.179,244.806
206.238,155.238,502.169,240.554
214.948,156.828,498.198,238.760
220.163,161.662,494.647,237.261
222.547,166.059,494.514,234.877
235.859,169.355,483.786,232.893
233.672,174.730,488.063,233.949
239.658,179.356,477.080,234.305
240.826,184.682,479.018,233.646
248.023,188.454,477.775,230.519
257.968,191.602,466.952,219.914
268.599,194.293,456.947,221.585
267.616,194.005,463.792,221.072
275.891,191.884,451.277,220.124
282.849,190.425,449.263,216.701
293.669,188.772,441.039,213.208
305.322,185.262,433.034,207.976
314.256,182.148,429.164,206.176
322.062,178.789,428.015,204.122
332.372,174.966,412.346,201.258
338.132,171.205,402.578,199.652
347.908,169.506,399.431,198.967
351.330,165.103,408.485,197.520
359.796,161.700,405.899,197.714
365.648,159.165,405.922,198.841
371.735,155.553,403.223,198.937
373.343,153.333,406.045,199.871
375.747,153.154,400.770,201.582
371.367,151.805,406.811,204.569
364.045,152.145,415.849,204.306
366.998,151.167,410.110,203.690
374.757,151.232,400.369,204.471
371.143,151.358,399.368,207.658
374.849,153.167,398.318,207.738
373.417,150.471,394.291,213.293
368.425,151.476,400.059,215.294
368.625,149.907,400.675,217.337
364.161,150.120,400.896,217.832
365.547,148.194,402.207,221.206
365.482,146.238,396.688,222.562
368.145,145.466,396.592,222.083
367.242,143.645,393.714,223.400
367.529,144.837,395.029,219.826
365.696,146.862,405.017,222.407
355.879,145.663,397.719,222.650
364.346,148.237,391.984,221.967
356.671,149.052,392.004,224.301
368.369,148.881,379.706,227.200
361.653,151.783,385.372,229.914
361.901,154.087,382.738,232.291
354.341,155.924,392.095,232.583
355.203,155.946,389.696,235.692
358.073,156.645,383.032,240.117
357.598,155.808,379.334,245.519
353.878,157.686,377.484,245.792
352.701,157.894,378.085,247.168
350.720,158.657,379.382,249.619
350.649,162.617,383.600,247.918
349.106,166.293,382.361,248.430
348.174,170.281,392.706,247.092
345.329,172.573,391.257,248.882
345.541,171.005,401.718,250.693
346.578,167.823,394.712,253.603
352.686,169.042,401.601,247.309
361.628,166.572,402.735,247.236
375.311,164.860,407.999,246.969
383.523,165.408,412.866,247.804
386.051,165.749,425.534,247.684
390.262,162.787,427.645,249.709
395.552,163.686,433.628,251.119
402.144,164.057,437.371,250.856
404.198,166.028,440.796,251.447
404.592,169.601,446.658,252.778
408.841,169.747,447.266,254.600
408.517,176.393,443.053,245.584
414.069,180.924,448.756,255.008
411.254,186.343,456.523,259.960
412.608,192.801,459.761,263.888
413.360,197.638,469.820,265.137
412.129,205.035,471.562,265.019
415.063,208.894,480.676,268.221
412.444,212.691,483.473,269.384
414.812,216.898,491.642,272.967
413.137,222.424,489.913,272.336
417.444,226.707,492.219,276.195
411.666,232.544,506.372,276.729
415.417,237.406,503.593,280.588
412.975,240.428,512.748,282.417
416.857,243.222,507.858,285.952
414.592,244.587,514.420,287.418
419.590,247.788,506.745,291.909
415.594,249.982,524.705,291.903
420.903,254.115,509.754,294.913
420.832,257.919,526.279,296.147
422.746,259.674,519.524,301.692
419.321,261.487,527.738,304.987
423.246,260.790,518.551,312.785
416.930,260.772,526.488,315.706
418.985,258.979,519.599,319.769
419.248,256.131,522.390,321.441
421.913,261.059,524.906,324.228
422.793,262.665,525.444,324.392
430.052,265.314,523.684,329.635
430.823,269.532,528.717,333.128
435.788,274.368,529.270,340.063
441.734,279.334,538.647,343.762
446.015,272.548,533.894,342.594
451.291,270.631,542.711,362.092
451.730,268.585,539.464,366.761
462.204,264.775,546.263,376.680
471.632,262.751,543.742,387.940
471.295,264.330,556.247,394.710
485.252,261.467,561.023,401.513
491.537,264.126,570.227,410.395
497.121,261.967,584.230,419.056
511.241,265.095,608.141,432.780
