236.000,45.000,318.000,638.000
240.366,51.613,317.148,645.120
242.357,57.162,311.634,639.615
242.510,52.514,314.480,641.958
242.088,52.204,311.088,639.206
244.478,49.508,316.170,640.173
245.270,51.980,308.513,639.615
245.467,49.680,316.242,638.597
246.171,52.973,307.058,638.045
246.577,51.100,315.463,636.301
245.545,52.921,307.174,636.944
246.536,50.932,315.042,637.070
247.674,54.555,306.298,637.796
248.179,54.819,311.858,631.751
249.249,53.574,306.464,632.858
250.356,52.983,311.379,631.694
250.852,54.252,303.497,632.809
252.266,52.428,311.104,632.298
253.841,55.688,300.998,632.198
253.220,54.678,308.597,625.200
255.272,55.918,301.823,628.568
254.986,56.719,306.665,623.176
257.019,55.096,302.584,626.792
257.861,58.403,303.062,622.130
258.293,56.034,301.245,624.123
258.683,57.770,302.021,622.734
259.572,57.792,300.725,621.949
260.470,58.254,301.047,620.125
261.270,57.460,298.213,620.805
261.191,58.461,300.265,617.092
262.770,57.857,296.196,618.685
261.551,57.964,300.336,616.537
264.874,61.877,293.933,612.834
263.628,58.649,299.106,610.709
265.761,58.282,293.494,613.350
266.718,56.810,296.409,611.082
266.085,58.940,295.466,609.756
267.187,56.839,295.718,611.420
267.330,59.229,294.468,609.699
268.022,57.219,295.286,609.764
268.672,58.954,293.817,608.902
269.577,57.706,292.840,608.721
269.959,59.106,292.310,606.480
269.395,59.839,294.056,606.008
270.462,59.797,291.501,606.629
270.634,59.297,292.452,604.956
271.374,60.524,291.744,605.773
272.367,59.374,290.160,602.890
272.226,60.779,292.679,603.569
273.432,60.062,289.671,603.288
273.070,61.271,290.456,601.759
274.326,59.991,290.191,602.092
274.762,62.243,289.494,599.523
275.646,61.367,287.441,598.767
275.585,61.848,289.157,596.881
276.732,61.856,287.079,599.742
277.146,63.039,286.139,594.654
277.356,63.238,288.298,595.637
279.408,63.979,284.683,592.726
279.834,64.783,286.381,589.688
280.710,66.533,283.899,590.481
280.174,65.795,284.174,585.596
281.494,65.107,284.784,590.753
282.668,68.058,282.501,584.301
283.312,70.872,280.830,578.824
283.592,64.218,283.457,585.148
284.801,69.862,278.142,580.484
285.144,61.562,283.208,583.780
284.080,64.216,280.408,585.998
285.190,68.269,280.326,579.379
286.453,65.996,279.844,582.716
287.106,68.911,279.027,578.393
287.870,63.476,279.753,580.492
285.971,66.991,280.211,581.067
287.646,66.666,279.709,579.026
288.170,67.840,279.222,579.071
289.313,67.591,277.536,575.799
289.392,66.408,279.693,578.402
290.802,69.574,276.565,576.872
289.982,65.395,277.404,574.036
289.435,69.041,279.182,577.032
290.972,65.270,276.284,575.294
290.973,69.179,280.085,576.768
292.772,67.653,273.179,575.432
292.817,68.351,279.180,568.828
292.977,67.172,275.325,576.911
293.653,72.238,275.500,569.034
295.222,65.220,274.458,570.088
293.961,69.599,277.716,574.382
296.161,70.292,270.942,570.311
296.559,68.759,275.195,564.089
295.632,67.826,273.189,571.976
296.902,70.889,274.565,565.423
298.767,70.785,272.794,567.644
297.446,71.361,272.282,564.291
299.726,72.290,271.427,563.514
301.676,79.644,268.303,552.754
299.881,67.061,270.937,565.448
301.217,73.095,267.702,562.285
302.597,74.853,266.490,551.830
301.677,70.122,268.933,557.155
302.534,70.934,268.656,560.335
303.494,73.084,267.533,556.718
302.766,73.481,267.997,553.170
302.748,72.980,268.123,554.974
303.615,74.145,267.582,553.115
304.081,73.292,267.527,551.725
304.389,71.751,269.120,555.228
305.064,73.853,265.846,553.500
304.321,73.865,269.451,550.031
304.945,73.710,266.939,554.894
305.870,74.823,266.388,551.009
306.485,73.383,266.261,552.234
306.488,73.758,267.132,550.984
306.959,74.101,266.658,552.700
307.779,76.666,264.193,548.758
307.378,73.185,266.598,548.996
307.583,73.874,265.789,551.983
308.510,76.029,263.597,547.779
308.605,72.305,266.342,548.274
309.655,73.449,264.480,550.831
309.279,75.917,265.141,548.861
310.428,74.757,261.912,547.869
310.074,74.171,264.852,547.277
310.997,74.982,264.005,548.967
311.251,76.860,261.630,545.318
312.113,73.541,263.157,544.190
311.875,74.372,263.681,547.867
314.121,81.787,258.757,538.122
314.891,76.885,257.023,537.179
315.280,74.392,260.183,540.731
315.528,77.016,256.427,539.926
315.942,72.146,260.340,539.658
314.597,77.545,259.008,536.606
315.626,73.722,260.301,541.895
315.105,76.274,257.815,538.644
315.727,70.292,260.702,539.245
315.584,80.742,259.114,531.092
317.992,76.498,258.174,536.129
316.775,73.409,257.176,538.348
316.897,76.817,259.778,533.938
317.782,75.339,256.046,538.521
316.600,74.949,258.353,534.682
319.847,76.446,256.116,534.812
318.575,76.003,256.932,535.492
319.569,77.315,255.311,535.553
318.999,77.142,255.932,532.885
320.935,77.622,255.147,532.022
320.930,78.211,254.231,531.679
321.568,79.710,253.924,530.565
322.169,79.397,253.143,529.715
321.677,79.053,253.515,529.809
322.861,79.465,253.146,530.207
322.696,80.399,253.604,527.598
323.613,81.010,252.467,527.664
324.381,81.791,252.902,524.531
323.877,82.781,253.279,526.360
324.974,84.829,251.136,521.147
325.925,84.173,250.936,521.573
325.591,84.464,250.698,521.402
326.853,90.247,248.471,512.668
326.800,83.927,247.817,512.561
327.742,82.126,249.285,520.204
327.426,83.543,248.433,517.707
327.814,82.146,248.697,516.727
327.872,82.037,248.024,517.728
328.296,81.812,248.668,517.312
328.876,82.224,248.101,516.607
328.611,81.687,247.877,515.634
329.016,81.578,249.509,517.340
328.853,82.004,247.460,516.802
330.034,81.622,248.511,515.369
329.533,81.590,246.529,515.932
330.735,80.713,248.401,514.626
330.687,82.734,247.272,515.065
330.157,81.604,246.879,515.035
333.267,81.937,246.528,515.820
331.121,82.943,247.172,512.897
332.797,82.869,245.731,515.167
332.012,83.273,245.962,513.453
331.453,81.907,247.551,513.888
331.708,83.726,245.572,514.802
332.135,83.573,245.451,511.317
331.489,81.150,247.608,516.089
331.522,83.158,246.394,513.968
332.622,81.655,246.460,514.805
331.903,82.384,247.137,514.778
332.769,82.433,245.739,514.945
331.900,82.121,246.822,514.467
332.298,82.214,247.215,515.369
332.964,83.396,246.393,515.645
333.670,83.325,244.917,514.786
334.644,88.394,243.079,506.631
334.414,89.781,243.735,509.269
334.942,91.387,240.761,504.498
331.656,87.276,246.360,507.098
326.780,84.452,254.346,516.156
314.278,81.677,259.890,496.278
290.268,78.742,278.880,505.198
279.636,74.672,299.601,507.720
278.380,78.936,298.198,499.529
291.875,82.098,307.129,516.776
274.357,63.068,320.054,517.213
286.987,61.358,319.239,537.373
287.856,73.228,308.835,515.286
291.317,64.516,307.633,530.078
286.229,70.012,308.369,513.253
290.705,70.695,307.092,520.894
288.936,75.244,305.083,517.596
282.655,66.233,308.019,525.344
284.945,68.670,308.155,518.136
288.533,67.207,307.157,526.752
288.871,66.309,306.242,516.697
294.309,67.612,304.446,528.634
287.488,68.558,307.564,509.289
293.962,71.968,310.356,526.893
284.824,66.814,316.000,498.650
297.051,69.615,313.099,532.639
283.509,63.646,316.778,491.593
290.619,67.456,315.313,536.806
271.111,65.025,323.714,496.917
275.919,71.571,327.985,515.366
257.611,43.516,351.208,502.670
255.358,73.841,352.671,508.177
228.614,38.566,382.832,522.333
211.194,18.298,434.749,530.678
205.606,20.835,478.481,532.247
214.612,15.566,531.735,526.565
209.017,11.857,588.756,519.755
205.849,15.438,631.990,534.034
205.385,33.026,657.304,528.433
206.358,46.794,653.497,511.769
216.906,53.556,632.309,501.148
226.527,69.942,610.738,506.445
239.974,87.236,601.037,504.638
235.766,86.362,623.422,515.647
244.718,88.900,623.670,526.391
262.574,111.531,626.561,526.927
230.260,145.071,694.235,483.862
196.943,130.445,754.315,506.494
176.387,153.814,825.679,498.519
159.552,142.240,833.125,511.140
173.164,143.547,846.422,513.445
166.092,138.190,861.853,514.478
165.044,146.500,873.825,497.988
172.033,146.265,865.085,478.586
182.436,140.634,850.087,459.083
193.073,147.190,837.053,477.028
168.965,146.316,862.125,445.653
167.848,146.876,837.533,466.238
147.753,166.197,858.917,427.567
135.853,166.394,845.665,423.616
148.899,161.630,856.228,419.158
135.486,162.387,876.180,383.036
123.999,155.826,854.084,388.264
148.614,158.803,844.469,386.767
163.344,148.169,828.834,418.344
163.183,147.524,810.779,403.036
184.791,146.311,807.171,385.772
194.234,138.028,793.042,364.584
208.296,140.979,779.814,333.677
232.360,143.654,760.816,320.325
247.228,154.566,740.910,316.350
244.545,166.329,736.970,307.800
243.862,156.460,734.735,326.846
238.917,157.254,735.769,321.037
239.337,144.415,726.050,333.910
246.630,132.414,712.024,344.033
249.668,126.529,695.607,355.241
233.178,126.064,689.248,358.613
225.344,124.515,675.725,373.416
224.791,128.892,664.447,372.972
223.277,133.900,650.048,369.030
228.586,147.024,633.118,374.682
219.248,173.576,641.033,360.659
215.974,161.449,622.401,372.869
206.254,170.758,618.529,356.623
217.320,155.816,604.239,361.322
213.455,168.050,621.494,350.249
210.022,132.983,593.627,386.596
221.540,126.440,591.365,389.672
218.012,110.123,583.478,400.678
228.004,120.814,573.230,381.394
220.741,106.330,555.000,387.307
229.415,108.082,559.657,376.848
221.714,91.017,552.277,378.384
196.016,89.936,519.922,367.715
219.071,89.208,497.985,370.491
246.090,110.036,476.739,375.753
262.504,109.657,456.507,368.310
280.056,113.813,437.964,363.351
301.663,118.813,425.352,356.762
316.287,118.591,419.871,349.765
323.315,130.250,424.909,346.134
334.772,115.539,428.954,357.602
335.770,141.258,434.994,349.797
341.307,122.537,432.177,362.944
366.305,132.596,428.380,356.240
374.172,145.034,409.680,356.491
368.457,151.134,410.831,349.593
372.871,155.671,417.492,346.308
379.979,159.782,416.296,344.971
380.105,163.766,412.442,339.975
394.341,167.881,408.105,333.233
398.668,167.008,411.863,323.690
414.958,152.166,417.081,320.362
426.285,141.908,415.412,310.307
442.098,135.324,424.390,304.284
489.116,141.510,416.134,295.665
532.113,138.478,395.434,278.894
556.943,162.803,385.317,264.424
590.512,167.497,401.274,248.697
641.335,140.994,404.259,259.362
669.791,168.118,420.000,260.313
668.275,154.952,468.620,255.224
730.276,112.551,487.887,260.357
757.151,63.622,428.446,304.838
793.299,11.851,394.035,349.216
803.310,15.107,396.542,343.212
810.008,12.355,390.329,344.869
815.585,16.792,394.903,334.171
821.918,7.143,386.779,326.770
827.066,4.113,374.089,314.972
826.268,7.770,372.742,313.046
827.769,5.170,368.990,313.642
827.626,7.486,363.748,316.490
827.937,6.066,359.983,309.640
830.765,4.877,355.813,319.886
821.357,5.867,362.586,309.765
835.144,10.925,350.111,318.961
813.674,7.365,365.376,308.205
837.682,12.427,349.797,313.218
810.891,7.827,371.105,311.582
841.129,11.652,350.121,317.166
807.993,8.381,373.462,311.487
842.109,9.448,348.893,316.424
805.865,8.315,377.110,313.135
842.669,9.138,349.334,317.048
806.575,7.762,376.103,311.970
838.725,9.248,353.247,317.418
808.125,6.307,377.206,313.155
835.932,8.344,356.208,316.916
810.093,6.128,378.169,314.771
833.727,10.453,356.029,315.329
810.282,5.639,374.475,314.173
832.105,10.165,356.034,313.291
813.532,7.332,371.911,314.310
834.084,10.039,353.296,313.956
811.182,7.927,373.546,315.074
840.792,10.374,350.003,316.091
806.720,7.324,378.831,314.135
840.723,10.061,351.940,317.339
815.182,9.915,370.110,309.994
842.124,10.953,347.293,315.284
817.033,9.402,368.941,305.897
834.943,8.866,348.909,315.103
818.134,9.609,369.782,306.947
831.542,10.469,352.789,310.885
817.981,8.717,365.930,307.041
829.006,10.921,357.256,307.736
815.668,9.346,370.580,306.389
829.773,10.121,358.151,310.302
815.623,9.523,374.575,305.950
827.948,10.327,361.035,311.103
813.553,8.490,377.265,308.283
829.418,12.792,364.481,310.828
813.987,7.578,378.783,309.591
829.831,11.949,365.884,311.290
813.814,6.661,380.654,309.095
827.043,8.442,366.708,316.303
817.486,6.752,375.121,307.840
825.645,8.267,364.763,315.657
818.899,2.695,367.870,307.704
824.995,12.998,366.425,312.599
821.400,2.933,370.069,310.294
828.662,8.020,364.410,310.022
824.591,4.077,373.007,308.551
833.504,15.025,374.666,314.578
815.323,9.953,375.393,315.382
836.690,9.642,366.366,317.390
810.430,12.272,379.032,314.042
831.463,0.000,369.238,320.915
832.789,3.765,378.606,313.186
813.823,4.462,374.915,299.418
836.630,14.255,364.264,310.977
816.580,10.898,374.360,308.497
832.431,9.874,360.732,313.861
820.801,12.158,370.354,306.936
831.655,10.062,357.333,311.113
814.043,8.157,373.153,306.121
833.803,9.616,366.345,311.767
819.687,9.644,377.634,305.120
843.512,2.348,365.918,313.963
807.225,13.075,378.024,308.476
837.451,0.000,365.194,325.574
839.007,4.047,365.983,313.946
829.019,0.167,370.921,311.849
835.233,0.000,357.497,306.314
817.421,8.225,363.766,304.135
822.855,6.047,369.869,308.379
821.466,7.962,373.642,312.072
821.397,5.263,375.740,310.417
824.552,8.821,377.457,319.315
819.140,9.630,383.226,305.508
846.352,0.716,373.653,310.833
826.073,6.825,380.246,303.959
853.028,0.000,368.505,310.802
841.917,0.000,347.008,314.025
846.053,2.751,357.867,314.526
851.825,0.000,351.193,330.297
845.618,6.763,351.912,320.950
793.997,8.288,370.840,305.813
825.495,7.486,381.555,323.639
820.004,4.542,378.844,316.804
818.043,5.225,379.045,311.755
822.784,8.372,378.841,312.029
822.899,4.817,378.959,310.002
827.576,13.026,380.088,314.231
820.825,9.882,376.593,308.771
828.310,9.953,371.014,314.983
820.439,10.850,375.202,306.148
830.293,10.245,370.127,310.082
823.848,10.455,378.437,306.471
832.106,9.383,370.081,313.389
823.028,12.006,377.303,307.738
834.539,6.321,366.920,313.891
816.229,8.318,382.096,311.437
837.542,6.445,371.148,309.713
807.247,10.350,384.542,310.517
836.922,4.961,375.666,313.912
826.639,7.022,376.466,307.575
843.991,0.000,378.996,316.776
814.714,5.930,378.930,302.296
828.287,0.777,378.511,307.885
812.817,11.655,380.798,303.208
831.858,3.571,370.808,319.962
806.800,8.989,390.448,309.146
834.707,4.845,371.503,313.500
802.179,7.958,389.563,313.009
830.406,5.806,370.227,312.683
812.626,4.276,385.545,313.453
833.124,8.463,371.862,316.492
812.663,5.545,384.962,307.947
837.308,0.661,371.078,316.689
803.009,11.252,386.381,313.091
833.120,0.333,368.467,327.398
811.543,8.611,387.605,320.415
835.256,6.008,373.212,312.457
809.438,9.988,385.190,313.981
839.146,11.770,368.822,316.719
813.557,11.021,388.123,308.372
832.613,11.685,365.126,314.693
817.126,9.486,382.549,306.666
825.341,11.862,367.694,317.871
823.315,8.045,373.090,314.894
827.341,6.973,371.592,311.075
823.198,7.888,374.200,309.448
819.707,6.321,375.684,312.574
826.635,8.683,370.866,314.054
818.470,7.082,377.311,311.034
825.273,5.866,372.782,315.632
823.148,3.960,375.602,315.207
825.738,5.864,372.935,312.321
825.370,2.117,373.513,313.679
824.368,9.616,372.790,311.068
822.968,0.528,376.305,314.655
824.412,9.294,375.819,316.806
821.143,2.145,377.830,310.550
823.412,11.332,374.514,315.237
822.583,0.000,374.137,313.011
822.822,10.919,375.415,312.957
823.185,0.000,373.470,312.965
821.843,11.806,375.534,311.422
825.686,0.000,373.079,314.130
822.720,10.234,378.692,308.217
823.163,0.000,376.587,310.506
818.177,11.183,377.320,314.712
823.956,2.676,376.285,316.121
835.462,12.704,376.697,306.784
823.598,3.799,378.344,304.120
841.081,4.555,364.851,309.395
829.612,6.242,371.803,296.405
853.628,0.000,361.792,311.410
828.306,0.000,361.063,335.052
843.052,4.195,367.326,353.420
817.666,9.840,376.252,327.295
818.110,2.142,372.236,312.098
823.255,7.265,368.708,303.843
827.300,6.182,362.850,310.488
822.476,0.000,367.566,311.267
829.690,3.998,365.931,308.390
850.025,0.000,364.935,312.859
828.631,1.657,369.544,288.021
843.355,0.000,354.286,302.424
854.511,0.000,347.900,303.036
845.691,6.495,325.349,321.868
820.045,26.699,348.556,326.137
817.180,0.000,348.909,338.668
810.967,14.777,386.013,327.684
810.130,5.759,384.184,321.446
801.731,6.438,396.393,313.522
818.635,4.022,387.820,316.871
824.737,11.849,372.412,320.520
824.079,7.244,366.042,312.327
819.706,7.531,362.909,312.042
822.190,10.303,365.714,312.678
819.772,8.866,366.547,308.508
825.118,10.870,364.815,307.904
820.315,6.813,369.998,312.635
828.677,8.680,363.671,309.262
826.154,8.096,368.356,313.197
835.133,6.533,367.140,315.982
814.893,8.326,378.907,310.519
822.230,2.513,373.417,313.768
819.378,9.648,374.249,305.551
828.804,2.926,364.047,300.582
820.430,10.585,368.595,287.790
827.419,4.559,359.327,292.746
822.246,11.950,366.119,287.735
820.920,4.029,355.851,294.376
821.217,14.903,362.938,294.719
818.088,3.094,365.596,311.160
826.208,13.361,366.780,313.636
819.519,2.932,370.543,320.753
826.781,9.019,374.917,319.985
804.386,4.775,377.002,316.304
807.229,8.082,373.590,320.515
810.785,14.552,362.772,313.531
836.191,4.331,356.701,318.414
809.361,11.837,380.624,310.635
842.188,7.490,355.167,313.207
801.143,9.430,379.134,304.681
840.829,13.184,359.247,311.163
806.791,11.772,376.951,303.693
836.341,7.409,359.879,310.023
816.905,13.775,371.486,307.412
839.784,10.062,353.218,310.372
809.377,13.206,373.651,302.135
844.967,7.972,346.864,312.104
805.463,12.678,377.259,301.678
841.231,11.135,346.820,308.071
808.488,12.571,377.751,303.035
840.530,10.774,349.046,313.764
809.367,12.744,382.292,308.838
840.846,10.871,363.553,313.107
810.983,12.096,382.901,305.066
843.690,12.093,357.721,310.101
811.251,12.049,376.460,304.859
840.759,11.860,356.473,311.642
812.672,9.104,378.188,302.683
834.203,12.732,358.383,310.292
814.525,7.741,375.304,307.996
834.292,10.422,357.764,310.010
813.855,8.597,379.993,308.934
835.366,10.595,362.084,308.089
814.031,10.041,380.926,306.780
832.761,12.241,364.317,306.415
815.859,8.716,380.198,310.081
832.041,10.551,365.781,309.805
818.050,10.270,380.887,308.214
834.060,12.345,358.034,311.473
808.268,5.241,374.771,324.056
814.522,6.020,385.186,349.022
804.448,0.000,380.118,367.879
818.536,0.000,382.562,345.637
823.512,0.518,371.243,339.923
831.522,2.812,367.431,329.682
834.628,0.000,366.728,321.540
832.668,4.977,363.327,312.326
823.352,2.528,369.901,318.673
832.208,5.753,365.877,315.040
821.543,3.560,372.640,315.847
831.339,3.854,364.777,314.038
816.425,5.879,373.572,316.019
841.318,0.000,359.606,324.211
810.495,9.612,381.855,314.833
841.861,2.867,369.000,326.141
807.050,9.928,386.398,313.730
842.108,1.881,369.227,323.902
800.862,8.169,390.062,307.190
835.370,1.542,371.384,322.116
808.384,10.702,388.757,306.104
841.871,1.203,374.652,324.340
796.871,9.691,396.528,306.236
838.669,0.897,374.985,320.849
804.683,14.443,391.597,313.730
837.187,0.000,371.204,328.230
812.299,4.526,376.455,314.298
822.919,3.670,371.773,312.246
821.711,7.035,378.676,307.018
829.364,8.950,371.272,300.406
821.376,11.371,376.788,297.451
831.072,4.760,366.926,309.951
817.631,11.049,382.972,311.333
831.948,9.468,367.243,311.433
819.765,11.736,382.780,309.615
830.251,5.393,365.813,314.934
817.274,10.716,383.390,315.263
830.742,11.036,368.799,313.235
815.957,9.678,378.682,310.538
829.865,10.310,368.738,313.783
817.384,11.125,379.379,311.279
829.410,12.621,362.677,308.986
825.403,7.651,367.350,315.503
834.908,0.000,370.052,328.576
837.061,0.000,381.406,320.456
829.172,6.746,378.911,312.411
844.266,0.000,371.895,318.593
828.630,12.614,380.071,304.021
832.206,0.000,372.870,317.281
841.768,12.230,368.789,306.278
813.584,11.113,377.905,304.444
830.765,7.142,364.479,312.241
816.701,6.921,386.523,310.557
828.770,10.929,374.517,313.097
816.402,6.823,378.925,314.522
832.235,5.828,368.198,320.217
818.136,9.891,378.712,325.015
825.440,7.680,373.121,321.802
822.479,9.342,374.698,319.416
829.972,7.332,369.681,317.794
818.997,8.494,375.618,321.605
833.275,7.917,366.742,321.805
813.432,6.229,376.188,321.062
836.977,4.537,365.546,319.747
815.481,5.245,380.716,322.504
835.295,2.892,369.533,324.481
811.347,9.315,384.909,316.877
835.822,5.241,374.189,323.440
813.588,9.262,388.467,320.571
843.219,1.749,376.687,320.319
803.379,10.057,391.812,316.609
832.037,0.000,383.042,324.921
819.136,12.627,379.346,315.290
829.273,3.341,371.796,315.741
823.593,7.370,373.459,308.611
829.853,3.490,364.722,308.558
823.493,6.639,363.971,305.971
832.596,3.976,356.331,309.318
818.822,6.287,365.435,307.752
835.001,8.141,357.410,308.023
822.507,8.034,371.676,301.669
841.612,5.740,353.408,305.017
820.928,10.620,372.306,301.825
840.216,8.554,352.442,303.959
819.614,11.717,371.049,305.394
833.877,2.915,365.164,314.816
830.295,9.212,369.674,299.168
828.698,2.669,370.515,296.846
827.008,5.785,368.589,288.173
829.616,0.000,356.192,287.729
833.499,7.283,349.585,275.060
833.207,0.000,347.519,280.970
821.987,7.939,366.287,293.256
832.666,0.000,351.919,295.556
811.067,4.971,369.489,291.749
828.883,4.047,358.715,299.279
820.823,5.023,366.543,296.648
826.960,0.000,357.753,306.318
817.349,6.804,373.727,301.202
836.679,1.640,364.301,315.501
823.297,10.335,376.930,304.521
842.675,0.000,364.475,316.415
827.598,9.709,373.543,307.112
852.904,0.000,360.849,325.996
813.126,12.163,368.366,311.210
835.921,1.782,346.718,318.883
804.256,10.832,373.103,312.481
822.506,0.719,363.374,321.511
816.460,11.337,367.284,308.111
810.465,5.559,356.470,313.832
813.297,6.769,363.696,312.279
820.579,4.587,365.792,326.937
806.795,7.428,362.220,348.202
800.590,3.034,378.244,359.734
781.211,6.879,386.459,374.044
730.956,14.500,402.332,380.824
655.504,25.299,422.143,392.833
517.295,71.459,421.555,435.501
425.243,124.766,441.991,372.829
415.523,154.815,475.536,353.237
399.080,172.443,506.059,359.745
376.058,178.524,516.549,350.879
340.656,184.471,532.585,342.518
332.721,188.459,552.789,340.596
326.574,181.817,563.353,351.490
297.948,169.670,576.622,357.468
255.831,143.326,608.411,373.237
197.931,102.685,636.351,423.782
168.765,102.952,684.408,410.952
187.249,79.107,668.735,426.025
209.189,81.763,688.386,436.722
194.368,87.201,693.638,414.670
224.293,87.191,648.529,403.988
199.643,109.861,701.257,373.429
243.055,105.309,668.061,359.509
209.212,112.487,679.123,354.423
227.593,113.517,665.283,351.909
218.530,140.527,677.916,343.857
189.138,148.530,679.243,354.193
191.354,157.654,671.357,354.106
211.397,171.162,666.681,345.703
214.048,167.300,662.891,370.345
213.298,165.196,655.146,386.478
196.137,159.574,655.986,422.424
182.112,163.092,671.850,414.831
189.740,160.234,699.474,415.078
174.667,126.386,698.777,428.592
160.615,125.657,716.510,419.320
169.440,131.269,721.315,407.156
164.810,133.205,718.895,404.001
150.149,128.348,735.143,406.096
130.514,138.633,754.729,407.162
131.046,139.451,766.540,403.937
148.850,148.482,759.013,399.984
146.918,146.554,738.758,408.802
140.949,148.769,725.266,414.708
98.751,140.814,688.554,436.742
66.090,129.041,673.104,436.640
95.913,113.703,700.087,423.532
122.476,102.071,703.825,425.123
131.867,112.065,703.242,409.544
117.142,116.078,731.785,384.988
119.964,137.104,704.565,360.891
139.334,143.627,693.713,355.173
141.605,144.125,687.252,361.013
154.930,147.603,683.241,362.330
164.962,153.784,671.062,362.995
164.633,154.668,670.823,360.756
183.691,153.636,688.048,357.632
190.056,148.709,718.419,356.577
188.416,148.134,716.518,358.724
181.130,144.331,711.037,361.793
179.106,145.852,715.186,358.032
176.663,148.568,722.771,362.584
160.017,150.775,717.910,369.542
159.328,142.909,726.524,385.142
167.462,143.156,719.660,381.949
165.723,142.756,705.957,382.603
167.642,145.109,700.804,373.312
173.905,148.027,711.185,371.529
187.500,153.706,724.244,374.925
171.903,151.517,724.140,380.566
170.205,150.787,734.371,386.341
169.440,146.680,739.610,392.498
162.431,156.551,746.661,387.112
158.608,134.509,738.077,408.419
148.230,155.413,751.089,390.768
144.438,133.196,731.311,430.310
144.081,164.403,735.441,406.780
160.201,150.010,731.076,426.249
163.323,167.070,737.023,415.018
151.891,164.784,736.847,420.434
157.252,167.212,736.206,416.651
165.212,161.961,741.947,423.137
168.991,163.925,711.823,422.721
171.646,156.180,701.600,428.731
173.683,162.843,702.533,425.698
161.407,165.518,708.335,428.225
172.892,173.070,710.882,422.554
171.456,175.969,714.082,422.190
175.488,179.191,723.794,420.974
173.596,174.890,721.926,430.323
174.764,174.829,722.777,430.073
180.206,172.783,722.764,433.020
176.796,175.323,730.506,420.769
172.329,169.799,724.246,426.283
165.023,174.013,731.990,422.867
155.326,166.671,742.108,450.027
162.583,174.135,748.542,450.109
153.613,171.427,750.730,458.985
157.121,168.493,757.640,458.269
154.691,164.286,752.257,464.134
160.585,157.400,752.294,463.087
164.580,149.686,752.633,462.532
156.475,150.667,752.991,461.316
152.337,146.703,756.196,455.542
156.204,143.964,738.964,458.660
159.623,146.656,727.610,458.435
169.610,147.691,713.216,453.864
172.702,145.212,703.053,448.185
165.800,144.244,707.444,441.661
165.667,130.294,705.939,452.618
174.958,111.219,706.091,464.782
204.412,133.151,723.522,441.553
217.082,127.887,687.144,425.927
241.573,128.186,667.012,413.389
270.837,127.712,655.297,400.701
273.361,122.889,623.213,393.293
274.576,123.493,600.225,394.769
271.587,129.851,583.868,393.214
268.234,138.523,588.447,385.252
277.036,141.311,581.070,375.408
283.437,142.129,562.908,368.689
268.261,133.828,572.417,358.439
272.981,112.661,584.672,362.420
277.826,112.559,586.860,374.317
286.128,123.640,584.294,377.005
285.460,127.190,576.738,376.387
288.583,129.699,573.440,374.083
294.161,125.155,562.187,397.975
278.100,135.640,572.365,391.338
281.108,155.992,576.462,375.926
271.607,154.753,587.761,369.669
253.041,150.100,600.783,365.609
255.457,150.598,605.064,364.992
241.939,143.816,610.091,364.454
252.347,127.584,615.396,370.823
255.004,114.725,608.228,378.090
263.568,122.434,609.058,372.463
261.100,117.029,606.855,381.788
260.952,119.745,608.619,383.258
251.385,114.100,613.025,389.961
253.106,112.999,617.674,395.156
250.902,114.495,617.249,401.180
250.951,114.765,624.595,409.593
254.543,112.919,631.212,416.817
244.096,109.745,638.237,412.402
256.682,119.694,635.893,410.673
279.100,138.421,621.782,399.048
257.080,147.195,622.600,381.713
266.240,148.781,611.863,375.523
264.145,154.043,610.414,371.010
266.878,154.284,605.607,368.610
253.651,150.360,605.088,363.600
244.501,146.984,616.256,364.207
236.140,135.708,627.514,373.644
225.052,141.139,643.818,371.834
223.915,140.263,657.537,378.523
213.011,140.996,665.128,381.322
209.839,140.610,674.687,386.217
207.238,140.731,670.276,393.234
202.723,145.513,661.691,412.070
208.163,144.885,658.032,425.365
200.625,149.797,660.740,427.133
200.305,141.672,661.849,433.907
226.357,146.598,661.564,430.893
258.258,161.175,644.554,421.099
253.018,169.286,627.388,412.168
278.241,199.035,608.950,393.170
253.705,203.658,605.197,382.843
281.082,209.643,585.660,373.735
268.134,216.361,578.330,355.408
264.525,212.945,588.786,342.405
276.132,201.647,590.163,345.837
287.245,194.301,588.184,349.980
288.664,191.520,591.573,352.586
286.289,188.720,587.738,357.082
286.664,187.983,591.303,361.286
296.822,183.396,574.906,368.415
298.614,179.764,558.802,373.548
300.012,173.811,553.682,375.826
328.167,194.135,539.523,361.599
307.550,203.623,528.902,343.616
314.270,206.381,525.492,324.445
312.416,199.146,528.903,322.745
310.735,188.808,541.714,335.880
301.751,179.695,554.884,352.953
289.103,176.935,574.691,362.197
279.865,177.347,585.843,371.015
281.196,178.966,603.905,373.859
276.211,180.685,611.192,376.653
274.559,175.378,615.938,376.394
257.114,169.943,615.908,379.098
255.972,164.830,639.516,410.942
256.819,164.502,644.915,409.952
248.432,163.185,642.015,404.948
234.414,164.840,647.136,401.037
231.844,167.822,651.286,399.579
237.595,161.046,646.343,400.235
240.563,161.256,650.091,395.886
235.372,163.238,652.366,388.858
239.184,163.175,649.980,389.794
240.931,165.279,647.614,387.084
242.765,167.621,648.034,387.779
240.186,169.060,650.770,386.499
240.630,169.215,647.505,385.350
240.975,168.913,648.024,385.171
241.148,167.499,651.785,384.798
230.720,162.799,646.873,382.150
224.078,155.984,655.557,386.200
216.613,151.605,655.236,381.493
219.876,159.151,658.849,373.092
219.080,150.377,659.966,374.699
220.138,158.784,663.889,358.902
227.653,150.874,661.819,358.199
245.316,159.669,657.337,345.815
249.217,141.965,651.349,359.581
261.450,148.331,650.325,353.108
249.908,137.910,652.952,355.845
257.219,151.317,650.865,350.818
243.528,135.672,652.165,357.788
253.125,150.231,654.179,355.227
238.886,139.073,651.848,365.746
239.158,164.331,648.813,360.007
221.946,146.208,641.949,369.567
235.391,161.888,650.871,382.292
210.318,157.817,647.403,389.980
213.772,164.297,663.444,387.773
204.693,155.546,648.376,391.657
215.617,163.815,678.610,386.731
192.540,157.297,660.530,385.321
217.754,160.763,682.588,383.962
195.777,161.680,667.476,382.799
210.868,169.328,684.562,383.010
196.752,162.485,665.152,382.930
211.904,165.692,674.215,381.511
210.431,164.421,663.566,378.498
213.075,158.194,655.986,382.526
220.061,162.617,657.058,377.294
225.945,161.744,646.956,376.632
230.370,162.233,643.860,376.101
237.502,168.790,650.280,375.499
224.693,166.329,643.771,374.047
233.163,169.694,652.777,374.631
236.176,155.917,647.022,379.781
261.190,138.613,637.253,381.858
284.769,125.341,602.410,374.477
317.057,125.153,561.422,372.208
333.525,125.386,533.560,382.689
324.598,109.007,548.823,396.670
318.352,85.267,575.978,425.452
284.714,52.934,559.295,478.712
295.516,64.830,557.815,516.009
300.587,51.972,560.491,550.036
305.101,39.933,579.237,537.171
302.427,40.332,584.721,578.794
305.977,39.814,563.574,546.395
320.712,47.421,548.101,558.249
328.425,38.466,532.320,575.160
345.418,50.672,518.292,580.395
354.950,39.403,500.497,604.110
339.388,63.621,493.073,604.345
359.484,54.444,473.479,595.432
349.320,36.034,478.605,579.313
347.049,14.793,503.743,609.674
344.724,1.674,519.848,615.554
350.425,21.768,555.129,618.913
357.525,0.000,563.056,603.312
400.458,0.000,588.583,590.506
440.997,0.000,582.852,579.803
427.786,8.199,603.486,574.833
412.534,10.209,616.853,530.754
412.298,25.414,599.582,548.258
398.097,28.464,597.834,534.274
371.332,19.929,595.194,535.316
364.499,17.984,593.999,547.479
349.357,20.225,594.457,550.349
343.164,22.383,600.488,559.842
333.154,23.657,611.696,567.978
321.262,21.798,624.421,560.668
322.255,22.316,643.970,574.164
331.110,24.092,635.320,564.685
318.989,38.668,643.698,570.811
309.694,49.877,642.806,551.127
298.417,50.546,640.405,549.250
301.803,58.074,642.782,538.295
305.003,61.807,637.206,534.061
287.219,67.941,652.392,520.207
270.725,73.420,651.452,494.705
274.224,57.941,683.779,497.363
258.023,60.150,712.870,491.931
226.960,59.154,766.636,489.676
175.629,82.463,837.460,473.915
112.933,123.261,888.583,426.830
84.668,143.346,919.923,405.378
74.626,163.251,910.856,376.011
95.572,171.579,889.521,368.142
83.946,171.505,860.353,360.461
97.410,144.697,872.400,365.673
112.374,134.529,866.747,350.045
135.496,136.940,826.821,338.927
156.291,133.097,789.550,344.684
180.336,138.806,762.454,339.988
177.886,137.684,742.835,345.481
168.127,118.898,749.534,371.582
146.405,112.540,768.433,398.926
117.707,95.754,792.626,435.174
112.237,69.487,817.230,485.214
119.173,51.354,875.099,530.294
110.783,48.081,913.927,553.502
85.510,35.681,940.552,581.867
107.060,31.059,927.553,606.909
92.421,43.589,927.772,576.890
107.248,32.845,907.657,595.424
102.477,36.961,898.646,578.365
113.453,44.280,890.225,591.415
105.445,44.830,864.399,583.552
119.031,46.836,832.454,580.138
136.564,41.840,792.554,588.067
163.862,37.259,742.357,585.409
178.395,44.790,703.064,583.159
202.144,42.160,657.768,579.277
230.784,36.570,616.156,575.577
254.363,20.437,595.118,592.093
282.165,7.691,595.961,604.568
280.309,0.507,627.008,606.837
262.939,0.668,642.576,589.939
250.057,1.063,648.062,583.519
249.690,13.750,666.488,572.294
245.103,3.839,654.946,572.941
233.221,15.599,653.520,554.753
237.110,2.797,658.684,562.024
232.213,16.146,671.620,542.850
211.777,8.017,679.678,535.876
194.889,29.397,746.619,485.098
150.189,59.792,801.134,444.426
154.612,78.714,801.861,435.866
124.323,100.642,826.333,433.795
142.055,104.063,804.562,428.792
133.992,110.883,799.578,424.662
132.932,110.608,781.804,424.890
131.923,118.719,753.243,413.709
131.095,118.573,744.772,413.720
130.008,111.920,752.762,416.497
135.421,107.801,750.122,417.552
107.524,97.511,738.932,418.846
123.852,89.083,725.326,425.963
122.954,97.611,722.193,425.435
118.737,101.078,723.197,420.143
105.961,95.453,703.830,414.006
119.624,101.945,691.809,399.218
108.926,103.171,706.263,384.701
133.526,97.292,732.992,382.745
86.997,105.944,760.968,385.771
113.039,97.391,759.685,390.520
106.257,94.550,764.311,392.169
109.223,96.910,753.668,394.942
100.482,92.967,757.214,395.217
118.796,91.189,743.906,398.817
107.283,97.057,772.190,407.671
69.304,93.908,781.080,396.266
109.822,83.915,754.674,398.167
95.250,76.467,782.459,419.608
95.623,52.696,770.396,442.509
85.212,47.172,740.314,453.410
96.450,51.896,730.402,455.364
86.505,53.760,753.034,445.515
95.861,71.900,768.641,452.744
108.091,75.684,774.577,464.121
115.980,94.815,748.775,458.304
114.338,115.892,743.477,441.942
110.486,123.623,747.836,421.147
108.959,117.030,742.097,410.756
98.343,102.656,755.372,410.455
95.160,97.815,758.458,420.112
93.849,93.905,767.987,424.792
81.686,81.277,757.492,425.353
104.748,51.899,752.216,431.635
66.973,38.461,773.706,441.479
91.583,44.531,807.572,443.783
38.421,52.314,833.066,443.632
79.823,58.598,776.342,442.156
38.217,65.805,750.047,446.868
75.749,55.645,723.339,468.626
60.188,58.193,726.615,481.259
72.342,62.281,732.636,485.060
70.325,65.546,718.247,481.561
84.658,75.165,709.434,471.894
73.734,72.748,721.693,463.553
93.308,86.570,724.270,459.786
63.699,105.777,742.516,451.606
73.118,98.474,735.054,450.947
78.556,104.741,724.603,439.737
64.321,102.913,750.625,431.853
54.812,95.488,774.102,429.239
36.119,84.303,795.483,423.116
37.262,72.304,810.373,427.270
22.292,68.849,835.815,433.290
25.105,68.628,837.434,433.337
37.009,68.826,835.026,434.132
31.515,70.015,838.400,444.043
38.609,78.295,820.693,444.880
53.373,78.942,782.871,465.869
62.039,92.177,731.984,471.636
45.316,91.860,706.283,472.521
68.342,90.329,652.118,461.517
70.550,98.811,679.756,448.941
68.050,92.126,667.882,448.592
66.879,88.699,700.640,443.139
58.062,91.357,785.542,431.839
7.419,90.715,801.552,444.711
26.798,82.026,839.660,464.047
7.307,84.461,849.764,467.087
10.301,75.421,874.156,465.733
7.286,69.473,873.242,471.645
9.604,67.802,877.144,467.736
11.690,67.971,870.627,458.212
14.946,70.583,885.466,462.650
3.677,70.572,889.776,460.193
37.950,71.787,858.339,468.532
14.348,80.747,864.622,457.418
36.790,69.868,823.485,463.234
11.521,69.680,852.670,470.867
44.944,63.895,831.942,477.968
10.713,74.886,844.544,462.533
40.835,67.002,820.051,457.453
1.003,71.531,851.056,447.661
56.540,76.716,822.039,438.227
23.430,77.855,825.073,427.368
40.655,74.766,814.674,416.769
21.123,74.734,855.323,418.513
47.294,75.264,851.691,419.876
26.428,74.202,847.375,415.568
43.621,71.595,852.076,423.138
20.213,69.119,861.715,429.015
55.535,71.239,837.373,434.197
18.979,70.179,858.270,432.513
73.432,73.788,828.647,425.469
79.384,72.308,819.290,410.080
87.340,78.625,815.815,404.200
74.796,79.470,820.181,394.804
92.057,76.535,817.606,395.945
81.176,76.392,799.231,382.915
98.853,84.966,780.434,403.719
95.510,92.877,754.903,421.122
107.387,102.692,731.174,433.727
96.423,108.228,715.964,436.886
106.962,120.301,702.241,436.720
88.415,121.070,650.279,416.658
103.433,119.757,648.751,423.855
121.001,119.829,672.108,427.944
98.614,105.008,699.600,432.196
107.336,100.172,725.643,421.036
91.756,93.502,716.705,431.550
98.536,98.420,694.324,454.753
138.689,105.070,683.581,477.218
93.896,107.872,720.417,465.061
137.020,111.188,673.055,460.767
91.971,114.972,686.625,449.241
115.150,94.246,707.179,451.203
99.681,102.355,719.458,434.836
114.714,95.937,686.260,449.709
120.196,100.053,662.498,471.245
122.054,97.553,674.988,468.559
110.833,102.879,702.860,454.268
117.514,95.301,733.301,432.224
116.778,88.628,734.864,411.033
115.823,85.922,731.322,403.105
126.755,93.241,734.429,400.053
127.494,97.213,735.213,411.052
128.473,98.665,728.118,414.056
149.457,106.471,702.715,430.316
125.337,91.382,701.209,438.883
152.198,95.400,718.697,434.684
157.551,86.897,721.265,430.021
162.062,85.339,714.235,441.256
155.495,84.053,730.211,441.792
157.649,108.543,719.301,442.932
145.675,119.018,714.909,435.841
139.955,114.800,700.564,448.253
138.476,113.754,692.891,461.554
155.495,117.489,692.100,484.900
155.851,123.698,690.075,478.522
147.864,120.211,675.833,471.415
147.078,116.301,656.587,468.999
152.741,105.208,672.889,464.209
152.271,96.507,684.030,467.843
162.940,101.759,716.574,461.421
159.167,112.549,721.258,443.634
163.903,115.375,725.500,434.621
160.288,118.305,731.694,422.592
165.700,114.784,739.130,416.200
152.642,125.897,746.132,407.865
165.825,127.023,742.944,413.678
159.415,133.025,731.818,411.390
166.947,124.530,725.953,431.518
170.114,126.249,706.198,428.356
175.043,125.265,695.679,419.990
170.058,120.894,688.289,419.760
183.982,117.896,685.303,421.551
174.801,134.795,677.280,412.376
181.953,112.658,679.324,434.306
193.926,132.044,679.399,429.594
185.848,130.575,674.292,438.858
168.486,127.714,686.563,431.679
157.444,114.276,725.840,424.169
159.856,125.947,740.151,403.157
137.081,109.136,710.921,421.733
146.876,118.993,696.594,449.978
179.067,110.115,691.665,502.330
167.544,114.566,740.221,508.900
169.361,102.509,746.489,524.680
143.097,111.385,763.206,502.133
166.299,110.304,755.822,481.655
127.354,130.514,758.420,452.366
141.352,128.656,702.342,465.675
152.399,122.801,689.089,485.459
164.196,128.313,694.756,477.466
151.993,128.302,683.164,464.654
172.950,128.500,688.471,479.949
163.473,136.953,661.697,455.784
173.101,127.053,647.157,466.815
190.358,139.802,638.159,463.404
211.001,137.763,642.541,452.801
197.707,142.581,626.123,443.709
229.721,143.006,624.951,446.263
223.461,161.493,613.263,427.086
210.329,149.303,583.845,435.503
220.462,170.683,566.785,419.419
233.642,164.813,537.604,421.552
245.136,170.780,530.438,420.990
254.919,162.441,513.753,430.636
249.819,179.952,515.408,408.459
225.057,168.284,522.342,409.586
233.165,171.901,565.994,399.081
184.746,161.000,613.547,403.178
175.010,166.084,642.697,398.628
166.515,178.973,663.129,391.904
160.412,167.604,658.449,409.435
162.210,179.008,684.726,436.537
174.813,167.715,718.358,489.313
168.071,169.411,744.209,500.617
174.706,172.505,732.304,497.210
137.459,160.972,724.117,459.635
126.598,170.893,684.948,419.941
119.054,160.487,667.397,450.032
129.136,164.844,664.811,442.676
141.357,169.286,656.103,423.135
158.814,166.768,633.627,410.839
159.143,162.496,669.348,380.313
139.041,145.348,685.279,377.605
138.861,143.367,704.130,374.528
140.246,140.870,711.074,379.478
150.011,140.409,708.420,387.620
144.200,143.019,712.874,389.277
157.065,148.320,715.356,385.158
151.870,154.959,723.322,376.439
157.370,152.275,717.316,374.762
158.213,153.431,681.873,373.435
166.158,146.236,636.078,396.812
176.792,151.311,606.559,399.559
188.710,153.498,600.388,403.287
201.580,162.542,573.957,397.549
267.687,164.964,560.379,397.268
238.708,169.051,534.063,387.243
261.833,171.404,526.037,387.430
255.473,186.411,529.439,373.027
275.988,187.518,529.948,374.948
272.529,198.722,548.971,364.042
284.668,199.242,545.252,357.019
287.598,219.242,540.976,340.034
265.684,225.667,540.475,332.723
249.677,227.293,567.526,313.690
288.659,224.341,593.210,324.720
265.726,239.064,606.646,351.802
283.690,234.755,660.180,402.891
213.620,207.927,661.482,399.206
229.881,242.803,654.413,390.833
239.873,236.190,598.071,402.221
238.322,232.545,581.402,403.017
238.541,223.003,563.676,411.448
256.153,228.011,555.039,401.676
264.460,229.535,541.821,387.856
277.855,231.778,523.535,373.013
288.408,229.700,511.890,362.871
294.398,230.501,508.167,348.905
294.583,226.202,519.604,338.543
293.316,237.390,529.065,321.089
287.812,235.306,530.745,318.517
284.945,238.233,538.927,313.187
286.187,237.797,537.284,313.202
290.283,246.121,526.896,311.554
290.877,243.136,506.259,320.525
295.488,242.249,491.027,329.621
296.597,249.041,469.475,325.246
307.875,248.762,454.395,322.411
313.104,246.901,446.255,323.270
320.125,235.728,439.747,327.011
315.710,218.130,419.881,345.730
311.664,210.011,432.101,371.303
318.821,238.920,445.465,369.869
340.607,244.829,421.969,360.524
340.838,251.840,408.167,351.490
339.288,271.363,395.826,334.468
339.775,274.470,418.396,316.483
344.538,274.243,441.471,298.863
352.059,267.130,458.781,286.111
357.997,263.727,475.378,271.970
364.252,262.113,475.009,263.190
357.737,251.946,469.858,267.733
361.711,245.445,456.498,278.143
382.647,257.951,434.547,293.348
384.665,265.422,417.685,294.500
379.342,267.220,419.415,289.553
368.819,266.616,418.403,285.192
362.504,261.796,428.619,279.472
359.917,256.096,446.307,268.577
369.474,250.938,456.545,258.604
361.288,250.021,462.441,263.282
350.243,243.676,462.363,261.895
344.042,241.220,465.805,252.413
346.477,228.940,467.041,248.459
353.031,219.563,473.708,250.409
365.156,213.133,478.712,264.225
355.575,209.427,488.460,281.857
339.019,212.439,495.505,274.896
324.350,209.253,510.016,278.818
308.684,205.493,524.498,280.585
295.221,203.553,544.269,279.441
279.418,199.388,555.651,278.323
257.202,195.407,576.632,281.616
247.920,195.203,598.497,290.131
228.592,199.363,617.937,282.628
217.097,200.518,627.219,285.037
213.766,207.005,648.390,283.487
208.272,209.599,649.351,283.702
197.274,207.430,657.572,287.620
194.194,204.353,665.813,283.464
193.629,207.558,677.591,283.254
181.324,191.422,660.870,292.514
217.081,190.107,676.345,284.502
288.341,145.977,636.888,328.709
384.802,93.771,603.933,342.542
464.221,59.215,530.525,359.981
476.170,41.756,505.655,378.300
486.851,41.721,480.936,406.733
467.597,49.038,488.198,419.414
465.348,66.399,466.605,416.507
442.033,74.720,461.853,416.934
454.950,57.472,434.634,438.068
446.915,69.641,424.236,437.324
444.336,54.783,402.468,492.919
418.366,55.526,390.118,499.182
407.930,37.466,377.619,508.582
410.205,62.307,373.553,486.778
393.501,35.805,364.771,512.977
390.439,59.408,369.377,486.243
393.954,38.405,357.048,507.720
389.217,69.686,373.032,474.157
391.851,39.469,377.618,503.804
396.139,79.571,387.963,480.395
411.030,58.729,387.711,515.159
402.353,90.527,389.061,497.249
418.752,70.582,391.068,552.680
420.831,97.827,409.534,518.537
407.853,81.092,410.167,540.806
391.563,94.922,419.584,525.538
401.538,88.988,423.770,544.106
390.925,92.964,424.946,546.606
390.094,91.745,421.556,560.850
388.606,93.479,425.176,551.954
385.409,97.476,419.996,556.686
391.358,97.672,424.325,546.254
378.148,97.378,428.112,591.675
388.134,89.743,478.034,571.755
360.039,87.669,466.555,579.180
358.191,105.102,486.310,573.542
350.404,91.809,504.822,582.689
342.438,103.892,505.887,573.585
339.952,93.430,524.988,568.111
329.893,97.139,527.458,571.610
319.757,87.146,536.487,555.796
324.844,76.107,554.737,563.848
304.158,83.172,550.844,564.678
318.608,84.337,559.346,551.729
308.507,79.015,543.580,563.664
333.689,85.641,572.858,543.579
340.384,71.204,584.625,560.332
322.160,78.023,572.733,553.987
304.345,68.783,562.201,563.628
303.750,80.249,575.829,553.540
302.916,63.654,555.516,558.463
326.600,78.543,582.830,525.758
310.843,60.544,573.149,523.174
311.941,57.334,574.688,549.179
314.319,63.766,583.487,540.741
322.008,76.593,591.003,537.157
299.151,61.934,589.057,538.612
315.015,53.802,593.804,567.726
298.304,49.600,582.549,565.646
304.464,49.300,563.322,581.167
309.866,55.291,522.319,591.130
329.316,46.961,499.629,634.368
324.806,54.083,479.120,619.916
331.694,45.781,466.381,619.136
323.620,46.783,468.722,620.637
318.105,50.867,473.354,586.627
332.261,33.704,460.532,591.887
341.975,12.716,470.760,607.471
341.051,38.207,474.391,580.383
329.947,28.537,468.888,581.658
339.131,45.715,486.891,579.660
359.728,47.188,493.423,573.181
356.114,37.445,485.368,561.243
368.960,48.478,494.086,559.838
363.273,40.212,510.120,533.864
347.993,48.905,512.355,563.638
364.394,53.012,526.353,541.047
340.079,51.925,526.651,542.915
341.695,59.242,552.521,535.501
342.106,54.005,533.142,528.995
335.209,36.267,531.073,548.374
331.542,51.153,519.285,529.340
292.310,46.566,512.371,530.636
297.957,62.742,506.058,526.760
308.992,41.681,493.948,569.139
297.036,63.884,512.268,541.300
290.899,38.482,524.975,573.191
293.067,66.585,534.253,543.977
273.992,33.890,542.399,569.386
292.693,57.805,541.186,547.613
279.366,37.186,540.593,567.510
279.724,54.732,546.413,548.858
247.741,32.454,548.457,549.727
275.896,44.321,540.337,529.293
211.994,24.997,553.757,520.179
194.357,28.169,579.598,471.783
190.872,95.184,629.894,419.345
148.303,97.374,651.734,411.281
176.680,120.476,642.247,374.423
158.743,112.934,631.066,365.881
170.664,121.543,606.434,343.266
166.588,139.635,595.145,312.245
170.591,167.161,574.095,287.892
166.131,180.336,569.024,276.966
163.531,170.784,551.241,272.007
176.795,182.314,535.599,263.906
169.010,176.558,518.920,263.496
173.711,180.737,509.479,262.253
172.281,178.080,492.560,262.470
177.128,184.596,484.842,259.078
165.910,174.922,476.218,266.740
179.393,182.723,480.642,261.521
165.975,166.379,478.905,264.713
177.673,167.991,477.169,264.240
170.772,153.162,474.697,268.144
179.652,167.030,485.719,252.176
175.346,142.861,485.850,264.204
177.962,132.408,489.010,265.288
188.642,106.512,493.471,291.453
189.452,77.031,520.460,329.201
195.449,72.754,536.169,365.883
212.341,73.170,530.118,386.108
199.098,95.140,548.781,388.789
209.306,100.688,557.695,388.439
192.941,141.790,589.185,362.104
190.573,164.653,595.911,331.000
164.144,117.291,577.628,347.633
215.439,61.270,546.409,405.354
202.015,48.658,589.101,432.577
209.588,65.092,608.406,444.919
193.741,64.613,609.897,476.636
193.194,48.051,604.295,506.062
194.926,41.765,608.602,510.466
202.995,43.735,624.999,510.061
205.271,44.727,639.034,503.861
215.293,35.275,652.666,508.296
204.646,47.770,665.996,501.091
191.531,46.488,674.956,498.887
198.489,55.816,683.071,503.259
195.958,51.468,680.515,503.709
202.674,54.351,671.203,508.883
192.262,55.268,677.585,506.442
200.572,55.717,673.546,512.189
186.011,52.486,678.131,506.563
200.602,60.785,671.869,509.113
195.427,54.083,674.214,515.256
215.265,61.124,668.552,514.334
204.677,52.118,671.508,519.407
217.385,58.052,664.212,524.886
230.277,56.295,671.018,520.123
244.809,56.586,658.723,502.673
235.578,50.678,668.005,484.345
221.814,48.251,708.430,485.499
235.319,51.700,724.426,484.967
231.081,51.494,734.973,493.580
231.732,54.359,754.790,486.589
238.666,58.655,760.254,467.665
251.292,60.671,760.344,453.390
264.427,65.801,784.648,462.087
272.868,71.888,789.126,456.851
287.731,59.507,803.157,471.269
332.422,42.979,771.109,486.136
334.352,40.111,753.528,489.596
358.498,46.262,737.440,492.242
390.459,38.781,715.064,505.831
412.714,31.082,702.727,507.828
432.050,42.682,678.228,504.560
379.609,32.568,675.459,511.232
343.326,46.014,652.833,506.987
289.199,69.705,648.694,514.251
278.952,72.830,649.243,532.614
302.441,70.825,633.969,512.069
285.129,68.924,635.924,528.007
307.992,67.653,630.220,510.298
298.335,72.124,606.945,534.327
290.072,68.363,607.393,512.046
310.244,86.938,625.245,537.070
305.827,83.910,622.096,523.660
328.716,85.050,620.626,513.780
365.582,80.245,625.515,512.726
387.896,71.060,616.489,557.369
420.168,52.173,602.842,544.326
509.369,49.117,589.385,576.061
569.604,34.466,571.187,544.241
621.312,51.830,593.243,575.170
675.532,4.439,573.743,587.813
678.625,7.842,575.302,584.256
701.303,2.772,561.319,584.557
699.075,2.100,553.547,585.227
719.790,0.000,545.394,564.532
678.990,17.803,545.997,577.273
667.413,4.243,568.815,547.581
617.183,0.280,584.037,553.804
558.783,23.527,622.435,508.368
509.182,19.187,625.547,479.819
491.479,17.420,626.080,439.450
467.343,22.013,620.567,419.593
434.889,26.275,605.167,405.636
352.018,35.499,611.648,388.535
283.377,34.593,600.953,372.364
301.475,24.690,562.745,363.036
301.765,33.576,546.789,347.583
305.273,17.978,532.542,363.332
300.183,44.577,535.631,347.760
301.716,22.532,519.069,368.695
304.911,33.499,537.551,358.866
288.119,21.207,583.265,397.090
275.086,34.158,615.619,410.969
271.377,39.493,577.158,447.868
259.616,43.597,552.052,483.866
289.076,43.995,503.198,505.539
283.321,55.079,498.565,508.852
306.760,55.969,475.418,508.889
302.727,61.426,473.310,503.525
309.976,50.863,460.560,507.305
312.287,49.691,465.091,507.939
310.017,48.327,467.105,506.964
302.202,38.245,468.808,511.401
300.202,44.829,472.776,509.406
301.357,35.919,472.947,508.861
298.026,39.792,477.912,506.263
295.464,28.056,478.686,511.190
289.895,37.906,499.062,490.328
284.196,30.376,538.787,472.292
313.406,41.086,569.359,430.718
326.048,37.346,532.926,424.892
343.151,24.896,530.969,416.467
358.238,14.587,535.361,398.096
348.513,13.128,546.566,391.841
316.559,30.475,572.224,398.582
297.187,24.711,566.273,411.019
280.458,21.509,573.721,411.152
281.285,23.900,575.953,410.287
272.040,28.470,592.747,406.213
275.012,39.048,590.029,408.075
270.998,49.253,584.600,412.813
279.183,51.842,583.218,422.538
274.053,50.824,568.151,434.319
266.662,53.966,563.998,438.996
255.501,46.990,561.205,443.587
243.276,45.404,559.715,445.260
250.145,42.288,557.868,452.100
238.094,42.458,557.539,450.491
240.732,41.603,564.142,449.003
240.454,42.360,563.699,453.042
240.684,44.679,562.781,452.562
229.249,43.717,561.975,454.100
231.612,44.856,565.195,453.049
228.748,47.016,565.002,452.200
233.088,47.433,563.802,454.213
230.936,50.068,563.504,455.560
239.413,58.458,567.727,450.170
243.331,68.361,572.473,449.977
256.224,67.775,566.508,448.649
250.503,65.147,562.445,444.304
254.414,69.435,563.959,441.795
253.179,68.702,574.283,452.861
251.115,67.212,569.782,459.745
247.629,70.306,563.194,462.046
247.547,58.372,565.535,472.243
242.637,46.001,579.812,473.169
241.150,41.294,588.490,454.093
246.774,35.855,606.997,442.053
260.072,21.330,625.564,438.126
269.716,32.130,632.518,418.630
284.730,61.010,619.587,402.611
288.844,74.296,640.987,391.766
264.787,65.581,668.534,403.776
276.429,70.871,670.710,399.722
270.261,60.315,685.628,408.836
264.640,55.427,698.462,412.806
261.401,52.400,700.714,420.396
254.839,51.064,698.998,429.756
251.646,45.582,694.994,438.575
252.141,44.415,699.558,441.008
261.955,46.425,692.280,450.895
273.316,49.658,680.423,451.003
287.328,43.774,665.689,464.974
297.672,45.129,657.170,510.603
308.674,34.697,652.234,529.648
308.795,17.701,624.529,526.202
312.515,13.842,593.975,508.178
326.493,60.654,593.838,506.689
328.753,84.148,607.624,476.113
306.259,97.563,635.708,446.863
322.475,94.635,634.853,443.956
318.411,93.644,663.580,436.865
302.982,89.303,661.951,439.611
308.763,68.988,684.508,479.913
295.628,72.026,669.613,465.984
297.331,73.903,665.180,467.112
300.638,81.683,660.495,462.040
300.925,80.648,656.962,452.545
308.279,57.121,651.613,461.723
314.610,56.609,646.226,470.641
310.212,60.247,643.683,478.174
314.513,60.974,633.377,485.761
322.989,56.890,619.395,492.932
322.724,44.257,607.062,506.648
343.037,47.143,575.216,499.523
356.747,32.534,549.805,511.022
346.024,57.035,536.518,501.215
352.858,39.071,521.456,510.789
361.492,50.770,527.278,506.654
360.114,40.414,507.182,512.585
375.439,55.938,510.528,508.947
386.606,38.733,483.453,515.475
401.227,45.788,482.403,516.793
398.109,29.601,468.983,512.068
410.808,43.441,461.225,493.475
395.707,27.068,453.567,501.529
414.125,45.408,446.470,470.663
407.574,22.107,433.945,478.339
406.892,14.032,435.953,484.782
402.901,6.710,428.076,488.685
408.728,11.179,418.420,484.447
411.397,7.903,409.399,477.846
404.899,0.796,400.983,479.994
410.028,5.841,395.026,476.979
408.686,0.000,393.478,481.934
397.667,9.207,411.739,500.033
387.887,0.946,410.606,504.245
372.440,14.231,417.866,486.914
369.777,0.000,424.338,485.830
382.207,24.440,446.222,459.743
383.533,14.304,441.202,470.741
393.361,15.410,441.055,469.751
386.687,7.518,435.916,481.346
399.533,24.817,424.779,473.042
407.316,27.582,422.305,485.678
405.380,39.200,421.512,498.705
407.938,41.832,425.395,504.825
405.867,40.227,426.698,514.932
399.493,40.727,433.758,513.825
419.023,41.349,432.248,512.523
424.055,41.144,433.760,528.039
418.608,31.915,428.061,547.668
402.766,43.093,434.817,540.659
409.040,38.474,444.845,537.110
406.197,40.077,448.857,539.989
400.226,44.367,451.407,541.660
416.999,62.185,451.882,523.158
429.264,53.781,435.419,568.723
416.214,88.630,455.712,530.081
419.338,112.641,479.580,514.263
407.194,112.714,480.002,498.929
406.352,119.277,480.373,484.240
371.093,119.203,476.572,488.729
336.351,120.264,489.619,495.206
314.278,144.702,507.351,484.031
306.860,149.414,524.809,489.431
302.587,157.661,543.226,493.075
261.868,141.790,583.217,525.342
244.849,128.335,610.035,532.976
217.359,115.897,619.460,523.496
194.732,111.695,625.552,511.203
190.688,101.342,631.506,506.698
199.230,101.425,642.599,498.175
205.365,103.169,663.705,500.870
200.492,86.147,667.526,499.681
193.738,80.083,663.005,493.062
187.738,70.503,649.004,494.647
190.263,62.088,634.669,491.442
193.666,61.016,619.010,493.667
202.282,54.568,608.952,498.408
211.518,54.071,598.442,504.684
203.615,47.704,608.226,511.417
211.672,41.613,609.975,510.373
211.166,39.943,616.770,512.275
210.173,40.766,625.439,517.053
217.408,35.585,625.081,530.926
230.156,31.076,618.837,541.059
226.536,40.199,609.998,540.338
219.083,32.314,591.081,546.500
215.019,31.111,577.773,555.750
215.655,28.600,594.828,531.757
190.585,32.409,587.543,539.190
169.622,25.663,598.851,544.656
154.297,49.444,629.825,515.556
141.572,33.376,660.133,501.550
168.801,31.153,672.227,479.742
160.842,45.151,684.960,463.860
157.131,15.460,679.051,469.017
136.746,33.031,680.467,471.870
146.817,14.729,683.103,500.926
158.110,12.137,697.793,507.274
158.226,33.175,731.270,508.573
157.270,16.766,709.876,520.610
157.083,24.784,720.435,524.577
163.535,9.453,702.912,539.306
171.540,27.097,718.001,523.960
174.828,17.658,716.536,522.304
163.081,33.767,710.047,499.068
169.837,23.726,688.620,496.108
159.936,23.171,693.734,478.968
173.781,21.630,673.248,433.959
195.491,20.061,662.274,414.604
214.686,45.591,655.775,383.777
216.756,49.268,638.519,403.078
208.326,36.213,640.016,416.986
211.693,49.842,647.032,419.208
170.121,64.583,678.944,414.121
180.739,47.259,674.651,441.374
173.553,69.941,680.002,459.344
167.282,56.653,692.931,493.585
168.976,85.021,728.650,505.033
171.326,78.322,721.352,542.497
173.724,74.389,720.191,528.176
191.325,77.624,732.538,533.042
222.807,87.519,707.324,523.414
211.479,75.832,698.140,525.308
224.898,81.803,690.020,514.064
209.966,84.784,690.468,514.159
205.854,83.007,694.830,490.094
206.580,77.293,668.892,481.150
219.645,71.073,625.518,472.958
240.638,29.159,605.195,488.120
249.408,53.335,597.887,472.648
253.310,42.279,585.268,477.022
254.460,55.213,594.667,493.732
238.735,49.456,596.518,504.007
225.478,46.289,609.267,516.469
212.564,56.319,618.312,521.647
212.329,57.739,634.828,524.989
210.545,46.656,637.002,543.023
226.622,42.630,644.611,537.266
236.274,33.022,641.215,548.307
238.854,39.100,646.878,537.239
232.177,39.729,643.596,529.312
228.594,27.288,639.869,531.291
230.181,35.382,638.660,524.108
228.094,35.644,638.891,513.254
218.755,34.821,630.837,506.886
219.516,30.109,659.007,493.530
235.198,60.074,630.229,489.593
223.874,46.364,657.684,482.517
239.104,52.173,656.373,485.996
252.457,61.744,649.766,495.303
253.593,57.416,642.082,505.466
251.320,57.632,639.104,497.676
240.094,48.176,634.436,488.070
223.440,43.303,638.838,483.489
221.363,42.203,637.200,463.938
232.278,36.256,642.770,461.143
228.386,60.287,610.057,467.429
210.428,53.311,616.101,480.539
261.230,73.221,621.576,504.812
293.888,67.192,607.227,530.665
343.482,62.349,605.731,552.513
376.287,62.125,609.195,537.785
383.423,54.653,599.478,518.812
365.334,52.401,599.150,485.762
349.102,43.855,579.317,485.833
335.017,46.311,565.266,481.283
344.032,34.114,556.044,484.765
342.663,54.330,555.297,456.557
334.123,30.977,555.671,484.838
332.761,11.141,570.083,491.450
286.302,18.186,542.291,455.319
289.410,29.989,523.644,438.056
300.645,24.025,519.511,438.351
281.736,70.030,522.038,408.872
282.361,54.309,525.673,422.575
297.410,80.181,560.074,394.956
324.024,90.797,578.454,379.253
324.504,104.123,580.130,362.640
320.283,80.769,587.245,359.639
335.311,85.194,578.567,345.186
324.808,77.138,567.599,353.720
333.688,88.485,564.289,356.507
337.695,93.704,580.095,353.870
309.432,90.794,590.195,345.083
321.037,88.240,598.932,349.206
333.704,94.101,631.380,341.784
315.420,101.622,662.786,320.115
339.070,107.099,680.445,298.536
319.797,103.956,678.866,286.692
328.585,110.531,683.043,270.438
350.037,105.864,687.430,259.159
342.234,95.322,682.014,259.322
320.034,105.614,688.378,291.937
379.013,116.886,704.799,291.837
381.437,93.184,698.870,309.809
368.987,79.197,707.409,303.638
382.189,60.221,708.027,342.821
376.163,45.006,707.963,388.154
363.141,32.637,673.208,447.766
329.173,52.049,634.292,537.629
319.557,53.117,645.071,503.120
311.615,32.445,615.797,518.411
296.181,29.482,599.984,486.400
264.709,43.221,598.806,496.617
220.634,56.190,596.510,506.721
201.100,41.095,611.741,515.700
216.005,54.595,609.643,514.423
224.409,36.991,615.697,554.547
208.171,50.147,622.200,537.150
231.993,32.588,600.153,559.059
228.333,46.440,600.164,540.970
224.237,42.566,579.225,546.068
226.405,41.720,580.826,546.374
230.448,45.476,585.884,539.267
238.759,52.470,580.453,549.925
243.236,33.454,565.578,547.254
256.757,48.956,586.352,547.952
259.075,45.470,586.465,557.628
241.093,51.048,594.386,539.233
254.904,53.056,578.441,538.354
241.218,40.066,570.513,551.887
268.929,33.905,551.678,546.749
277.103,40.127,562.281,533.222
267.579,30.067,587.655,533.505
255.831,22.638,629.402,562.152
248.133,45.895,683.126,536.498
256.388,47.922,665.504,535.780
