422.000,501.000,101.000,53.000
423.010,499.942,100.321,52.319
425.162,497.661,104.416,53.287
434.011,481.284,110.622,54.646
444.698,466.587,116.189,57.075
463.176,458.365,116.096,58.557
491.719,437.709,122.095,57.800
515.656,419.801,118.222,59.879
547.464,411.504,120.596,59.840
576.797,408.830,121.580,60.582
596.447,400.160,123.842,58.006
606.467,405.549,128.584,58.233
607.000,407.409,119.155,55.115
619.286,381.049,126.901,55.865
668.317,354.489,131.532,55.057
677.806,353.947,129.025,55.691
654.731,366.741,122.650,59.481
651.358,384.560,120.946,61.077
693.279,391.940,121.234,64.309
768.150,377.206,126.375,71.126
776.392,363.231,129.569,70.745
722.181,390.205,130.813,79.115
653.819,410.779,132.040,76.242
578.609,412.618,135.500,76.477
567.499,431.654,132.890,83.606
577.884,441.819,137.080,81.419
612.629,427.684,139.539,84.719
641.136,431.119,137.186,85.624
654.667,441.129,129.124,86.013
674.058,436.393,126.486,79.953
699.444,420.878,127.739,76.510
732.643,408.070,124.629,68.661
742.293,403.868,125.933,62.119
746.984,394.076,130.815,59.249
762.347,397.977,133.654,57.084
778.025,398.012,135.124,56.697
763.388,383.811,146.416,60.441
761.968,380.870,140.733,62.959
771.056,381.235,142.455,63.719
768.753,375.339,138.108,66.098
768.124,378.564,129.026,68.162
764.397,377.189,126.141,65.585
760.656,377.089,118.512,63.948
757.392,372.859,116.757,63.711
752.179,381.269,114.333,71.885
745.231,394.984,120.851,71.881
739.572,409.327,126.230,74.039
734.411,420.106,128.059,75.682
732.254,427.199,131.460,75.706
735.618,432.527,131.438,71.373
736.647,432.304,129.517,67.039
740.246,431.705,128.867,65.613
738.264,436.824,125.573,68.649
733.226,438.502,120.136,64.224
729.545,441.954,120.873,63.604
732.111,446.017,121.658,61.286
731.504,452.924,122.028,60.174
724.200,457.712,124.243,61.093
715.900,470.816,125.165,60.333
719.342,482.210,131.132,57.627
717.016,499.661,131.691,55.528
701.026,515.016,133.151,53.135
681.878,526.660,133.480,52.901
667.882,532.911,135.542,52.362
659.629,541.763,137.382,53.992
661.976,545.808,141.416,54.255
661.579,545.979,140.345,54.990
662.519,548.525,137.481,58.536
668.326,551.416,133.465,61.820
672.908,545.725,130.622,60.118
666.694,541.224,118.724,60.600
669.373,542.887,120.235,61.402
676.391,535.982,118.988,59.880
682.757,534.877,119.792,59.277
682.667,543.198,115.149,63.188
678.664,553.676,115.406,61.681
676.265,564.050,112.833,61.746
664.231,580.298,109.468,61.031
644.805,606.532,109.669,60.168
599.074,615.214,109.230,57.705
596.725,619.953,109.036,59.292
591.570,625.209,110.487,60.748
571.466,630.371,114.814,62.511
564.810,629.634,119.349,59.532
560.537,629.200,122.905,60.767
552.479,626.981,126.970,61.588
544.233,618.442,130.392,59.310
550.074,604.835,132.069,57.712
553.391,592.738,136.551,55.357
536.397,581.893,139.829,52.248
513.606,568.294,142.584,51.003
509.510,560.226,139.410,51.905
507.473,553.379,138.520,52.748
491.373,540.415,143.732,53.787
477.987,537.153,140.160,53.967
468.740,533.591,138.996,57.040
454.177,523.931,141.134,63.351
448.853,517.867,147.177,66.454
447.372,511.659,147.443,68.680
452.755,505.790,142.417,67.915
465.929,501.130,136.213,68.803
471.610,497.698,138.253,69.911
481.010,494.193,140.130,73.284
495.802,495.358,137.710,75.933
515.469,490.369,135.062,76.879
531.592,477.671,130.813,78.003
537.386,474.611,124.485,85.453
551.152,472.888,120.706,85.565
562.656,484.012,123.691,92.926
598.536,492.969,126.071,96.796
614.643,503.606,125.895,92.018
634.615,523.952,126.462,98.633
641.616,539.260,119.274,97.045
651.607,545.853,113.112,93.491
661.878,547.308,113.869,94.538
667.461,549.049,113.818,90.531
676.160,542.813,118.502,90.898
688.508,537.267,123.500,89.221
701.958,530.155,127.455,86.897
714.394,532.674,131.415,86.731
726.484,539.772,135.946,85.559
741.003,530.049,128.035,84.601
752.643,530.161,120.308,82.839
763.523,543.525,112.716,79.799
770.544,553.468,104.365,75.195
771.530,561.209,102.325,69.697
773.207,568.349,102.722,63.969
775.913,571.202,104.761,61.187
773.711,568.885,107.163,60.427
770.048,570.532,111.299,62.040
777.398,568.712,112.316,61.376
774.930,565.960,110.681,61.090
773.231,561.173,113.985,61.480
774.066,559.453,114.906,62.934
777.310,558.566,108.992,61.760
777.002,556.591,105.089,60.995
778.215,553.671,103.795,60.081
773.116,547.802,104.593,60.178
767.528,546.426,106.015,61.268
759.670,541.426,108.634,62.907
750.413,538.592,110.598,63.409
735.592,534.522,111.872,65.942
724.018,527.182,118.635,64.937
711.694,529.344,119.025,66.273
696.198,530.652,121.903,63.398
681.983,535.986,125.343,60.807
671.088,536.183,129.739,57.272
658.751,535.717,134.567,54.172
647.454,535.297,135.000,52.048
632.536,530.786,137.605,49.911
619.464,524.697,143.230,46.906
600.440,515.076,147.009,46.381
588.653,505.712,141.094,48.963
583.395,491.831,141.996,50.513
580.825,478.370,133.346,58.761
578.021,451.658,126.534,68.127
580.915,447.128,117.850,76.574
589.916,429.416,111.787,72.712
598.259,423.601,100.291,82.905
592.659,410.977,98.134,81.501
587.915,408.363,101.458,83.271
580.866,404.839,110.376,80.965
567.824,404.539,121.618,81.163
554.765,402.546,140.425,80.127
551.148,400.323,149.595,81.597
557.423,403.275,158.397,83.017
552.900,408.611,167.667,82.146
551.303,409.624,176.398,83.367
555.175,406.830,179.880,86.055
570.170,404.182,170.332,91.011
595.590,405.163,145.116,92.112
604.098,405.737,130.934,88.329
603.577,427.956,121.680,100.495
609.222,430.226,116.119,88.633
609.489,444.794,111.021,79.031
616.104,454.646,108.766,73.620
631.355,460.768,93.978,77.449
646.787,477.262,85.048,80.291
645.635,490.640,84.792,78.057
657.148,502.881,85.023,81.704
676.820,516.730,87.582,76.682
683.821,530.362,89.877,74.687
690.877,537.378,91.021,73.110
695.841,542.822,92.590,75.907
708.314,548.464,102.333,74.844
704.084,544.196,111.974,76.344
708.001,540.702,121.858,80.974
714.543,539.740,122.325,87.240
717.947,538.952,121.958,89.473
719.741,548.277,122.642,84.689
725.373,558.472,124.025,81.720
734.636,569.761,115.298,78.388
740.000,583.910,112.004,77.523
744.504,593.662,109.297,77.679
748.444,609.404,106.840,79.988
742.058,620.847,103.757,82.440
729.368,629.289,101.669,87.397
719.534,638.267,97.798,85.619
712.217,640.620,95.789,79.646
693.515,646.839,99.460,74.824
670.032,648.643,102.450,68.708
637.254,652.551,108.318,68.556
619.709,644.741,112.141,65.169
589.532,632.909,113.753,67.454
563.967,632.078,114.412,69.624
558.589,617.340,109.517,72.479
538.896,611.641,107.084,69.902
524.822,595.288,105.166,74.588
502.723,581.240,103.944,81.391
498.052,556.303,112.143,82.830
493.069,546.759,110.890,80.160
482.714,543.388,115.358,76.080
480.945,542.012,122.163,72.219
479.127,544.192,120.867,70.444
460.367,553.308,124.045,67.740
456.148,554.208,132.386,68.099
459.088,557.567,140.212,65.331
455.472,560.925,150.533,64.553
464.072,561.169,158.635,69.830
476.124,561.949,166.969,71.686
478.060,551.840,168.458,75.090
472.050,549.584,174.633,72.992
463.694,545.626,186.790,72.052
451.600,543.482,199.205,70.420
432.905,540.998,211.512,69.988
429.329,537.087,220.022,73.628
424.687,540.320,235.911,75.618
437.435,545.815,230.165,74.962
463.631,555.266,206.314,75.917
488.536,560.703,182.622,80.798
521.371,565.042,155.532,98.962
545.100,568.243,138.039,98.028
555.646,567.483,136.132,106.149
570.772,567.751,141.162,112.393
587.741,571.595,151.839,114.735
600.674,581.760,156.651,116.791
615.699,581.563,166.231,113.784
629.518,591.999,168.242,111.138
646.077,597.145,172.971,106.787
665.483,607.563,178.411,101.930
678.579,613.572,183.571,96.992
692.256,616.056,187.450,93.971
713.515,620.310,195.592,91.203
739.022,626.805,203.739,90.493
761.057,629.153,194.711,87.868
772.348,633.167,198.078,85.322
784.652,634.800,200.926,84.058
791.725,638.530,208.900,83.390
815.897,640.401,202.230,80.640
829.456,644.667,191.496,77.464
850.287,645.862,182.596,76.952
867.865,649.551,176.252,75.249
889.978,653.943,163.311,72.917
920.273,655.605,150.708,69.884
928.349,655.274,140.327,67.853
934.893,658.015,136.346,64.177
938.913,661.288,128.063,62.097
934.440,667.124,128.474,58.379
938.999,671.971,133.353,55.172
934.397,673.915,128.855,50.929
934.471,676.578,132.877,48.373
925.479,676.431,129.735,45.717
918.710,677.970,132.192,44.141
910.846,678.504,129.610,42.690
898.791,676.533,129.300,43.094
882.746,676.267,125.428,45.574
870.040,676.903,124.218,46.485
853.773,674.992,116.262,45.698
831.730,673.796,112.462,44.518
823.575,672.334,111.231,46.374
820.661,670.245,106.500,44.899
760.210,664.948,103.698,49.590
752.988,668.234,92.053,52.304
742.827,663.581,87.576,49.944
706.518,662.789,87.087,49.438
638.640,667.754,86.263,52.668
607.862,664.037,85.748,50.786
565.722,665.775,84.692,52.432
520.875,657.203,90.939,54.029
496.375,654.934,97.697,51.824
488.069,651.318,100.824,51.909
489.420,641.805,100.455,52.861
490.561,630.252,103.059,53.725
514.532,622.848,101.943,55.028
516.770,620.569,97.004,53.741
512.730,619.840,100.309,50.362
520.373,618.267,104.907,49.170
533.831,614.446,108.561,47.982
542.300,612.597,113.292,47.121
550.784,620.216,117.286,48.038
567.361,626.694,130.299,45.697
569.675,627.372,149.812,47.034
575.143,632.084,153.532,54.246
571.535,630.378,155.396,67.040
570.394,631.269,148.695,70.546
571.688,628.935,148.565,78.720
569.402,629.303,144.024,78.952
585.842,617.116,131.615,91.010
588.396,606.371,125.586,96.301
591.641,620.924,119.302,98.293
597.768,622.819,115.876,90.096
598.219,631.043,110.506,85.778
599.845,629.930,110.207,83.027
594.719,630.598,108.874,80.158
592.303,629.552,113.556,77.959
595.749,628.286,119.170,76.304
594.535,625.454,122.697,74.304
592.019,619.868,126.693,74.180
593.678,622.460,130.314,74.121
594.291,622.750,131.776,73.981
600.630,625.757,134.839,73.148
605.157,627.051,134.165,70.418
609.411,629.146,135.370,69.088
613.114,627.918,136.319,66.733
614.305,626.832,136.234,64.238
613.066,623.661,138.469,62.351
608.059,618.540,141.451,61.695
602.354,615.114,149.622,60.666
601.927,610.985,151.842,61.090
600.397,608.826,151.582,60.530
596.586,606.770,155.535,57.466
593.960,606.500,149.934,55.209
590.686,608.329,150.475,51.376
587.924,609.455,150.984,46.790
591.587,613.720,139.292,44.796
585.809,613.577,132.027,43.979
579.010,614.013,125.937,46.671
579.904,614.748,123.257,51.825
577.308,612.815,118.765,54.182
576.699,616.380,119.148,54.532
573.056,613.250,117.532,58.108
568.402,608.023,116.668,59.306
564.540,607.051,116.937,59.878
563.954,602.841,118.853,57.867
558.975,601.961,119.964,57.388
555.539,598.501,122.578,56.101
550.296,595.411,124.069,54.207
550.620,592.532,124.484,52.749
546.251,591.435,123.879,49.629
543.921,589.475,129.273,48.850
544.229,589.744,128.617,46.518
551.651,586.613,127.298,43.690
553.884,585.184,127.992,41.887
554.341,583.212,133.688,39.779
557.659,582.007,135.589,39.088
559.477,584.045,139.802,39.299
553.822,578.846,146.758,37.918
565.267,578.778,138.932,38.021
566.060,577.430,141.507,37.865
569.911,574.694,138.025,37.738
573.718,573.283,133.679,37.564
574.456,570.081,135.234,38.507
575.739,566.856,133.361,40.137
575.123,565.848,134.734,39.372
580.610,564.422,125.892,39.327
584.615,562.240,118.854,39.844
585.914,559.306,117.306,41.272
590.499,558.595,112.495,45.449
592.376,560.982,110.667,44.797
595.072,560.074,105.224,45.589
596.676,559.610,105.349,46.920
602.561,560.496,103.252,47.482
601.061,556.798,102.244,46.853
605.329,557.259,94.792,50.741
607.384,557.729,97.880,49.433
610.437,557.760,97.280,49.165
611.851,554.073,97.841,52.335
620.673,554.917,98.754,52.660
621.631,549.154,99.158,50.591
630.102,550.980,97.351,53.255
629.613,541.074,100.892,52.497
636.918,539.613,105.137,58.198
641.919,534.181,104.265,58.813
649.713,534.266,101.880,57.767
658.115,533.690,101.876,59.091
660.595,526.930,101.443,60.409
667.290,526.786,103.289,62.546
674.705,525.135,99.915,60.821
674.944,525.058,101.278,60.364
676.011,521.477,102.247,60.542
681.263,522.784,101.133,62.062
681.984,522.213,99.786,61.673
686.603,522.835,94.371,60.816
688.386,522.582,90.044,59.013
686.033,524.650,88.902,57.488
683.297,524.085,85.736,55.805
681.240,522.800,85.472,55.296
678.509,520.169,84.001,54.017
671.478,515.555,83.817,52.721
659.202,517.345,83.986,51.826
657.937,512.249,82.028,51.574
657.613,510.631,82.908,50.390
654.976,506.650,85.745,49.340
655.099,506.734,87.807,48.219
653.959,505.422,90.840,46.837
653.905,504.355,92.335,46.840
653.697,503.819,92.319,47.176
657.072,503.218,90.035,46.298
654.012,499.755,89.276,46.631
654.606,498.526,91.223,51.824
652.758,494.318,91.734,53.067
654.410,496.200,91.448,53.694
652.537,496.821,94.533,53.820
653.365,491.659,99.183,55.088
655.644,488.686,101.460,57.282
659.221,485.245,105.973,59.464
661.801,480.529,105.874,59.571
667.491,482.951,106.281,60.821
668.261,477.078,103.283,58.119
668.760,476.600,104.524,59.870
671.476,476.818,104.522,57.057
678.461,475.741,99.615,53.722
681.553,476.664,98.993,54.084
686.252,469.476,95.678,51.813
689.833,467.417,95.254,53.618
686.825,467.668,97.830,53.074
680.097,464.153,103.602,56.366
684.131,466.008,103.877,57.798
688.193,467.598,103.678,59.986
696.125,465.605,97.920,61.000
698.598,465.203,96.042,65.161
695.923,466.331,97.367,64.908
694.284,468.931,97.970,67.404
698.338,474.946,95.361,67.256
693.151,476.257,90.354,65.277
671.549,472.718,93.643,62.588
654.039,470.283,99.783,59.860
631.026,466.238,101.083,56.252
614.057,452.129,104.733,55.282
588.893,435.754,110.953,58.896
581.309,431.372,107.609,64.024
571.839,420.951,113.375,66.703
560.949,409.690,114.534,67.799
550.336,399.715,111.944,66.118
541.693,396.596,120.283,63.082
540.967,390.991,121.129,61.922
541.352,387.729,121.528,60.542
535.188,385.804,124.942,61.051
528.731,385.287,131.148,61.202
523.309,386.819,129.217,64.814
522.391,392.239,124.593,73.355
519.704,398.922,124.701,82.034
526.259,404.390,123.201,102.891
540.589,414.326,119.821,104.488
553.465,418.977,120.262,112.438
564.583,422.863,122.250,118.970
574.693,433.504,118.292,128.338
585.159,438.183,119.406,133.375
594.133,442.073,122.792,141.856
598.214,441.554,129.850,148.339
603.707,439.469,138.970,154.604
611.857,439.663,152.273,157.131
626.321,453.798,163.564,154.884
629.895,465.642,179.688,153.120
639.693,474.869,175.040,149.721
648.418,484.553,177.809,143.684
660.321,494.180,179.097,143.086
670.156,496.407,185.499,147.663
684.543,510.386,175.132,144.353
690.059,515.129,177.670,142.934
692.150,534.927,169.087,138.530
699.025,542.426,161.422,133.446
692.433,554.149,149.207,131.952
678.365,555.999,149.554,139.530
651.318,553.444,152.580,142.306
623.525,548.457,158.754,142.264
586.955,540.645,173.757,146.085
554.518,518.169,170.546,142.533
533.851,502.720,158.427,151.568
504.453,498.118,152.919,156.553
476.105,481.981,147.673,158.736
455.132,466.561,135.329,173.925
423.299,424.511,131.659,181.422
395.331,388.822,125.110,191.473
373.832,352.234,117.550,211.529
341.331,327.828,114.584,226.017
336.877,295.839,133.059,219.728
350.972,301.667,189.019,208.887
343.752,262.728,245.673,184.757
326.755,234.323,262.217,177.347
308.931,181.361,278.005,188.407
299.606,147.162,284.912,205.275
311.619,89.926,316.363,241.638
303.519,54.037,356.102,269.849
301.174,22.740,406.718,302.692
258.575,32.057,423.652,306.323
258.449,32.232,399.725,325.509
276.593,45.757,354.455,321.238
280.916,62.356,305.317,313.671
298.368,84.627,271.256,306.477
310.555,113.578,266.831,286.338
304.673,131.588,264.077,289.161
296.863,161.362,268.963,291.101
280.605,176.354,289.594,299.342
269.250,207.365,298.013,303.673
271.008,212.966,323.740,350.078
274.467,241.817,302.552,336.345
294.955,227.055,289.004,349.435
318.850,243.092,284.849,334.523
325.561,218.990,284.450,357.815
330.615,224.207,293.437,355.263
338.348,210.763,297.622,379.789
345.534,204.982,301.431,392.754
359.321,195.881,306.563,408.082
362.419,189.947,305.868,430.883
366.684,184.267,301.216,440.676
382.055,175.487,292.031,451.096
387.628,169.367,287.884,475.651
385.043,171.813,292.527,476.226
373.978,170.391,302.566,493.558
355.721,170.972,326.237,497.931
349.431,162.126,333.451,506.704
337.974,158.646,341.757,513.592
346.111,153.511,348.575,523.045
348.278,149.457,343.457,530.219
362.558,145.732,333.268,530.403
377.220,146.301,322.866,535.924
389.003,144.251,312.043,538.355
401.055,145.431,304.222,533.851
412.012,142.136,295.825,535.099
411.475,141.917,275.765,545.772
419.637,136.400,272.402,535.300
410.458,129.099,256.727,545.437
411.871,125.847,246.942,552.525
406.510,120.690,245.018,543.594
399.657,112.773,242.149,539.350
391.714,107.237,236.022,543.482
398.542,99.775,225.003,531.834
396.137,90.796,225.735,525.873
387.218,86.441,230.603,532.031
389.107,87.971,225.217,514.796
381.818,81.012,224.366,517.923
379.830,80.403,223.936,524.556
369.110,82.228,228.493,525.933
365.502,80.276,226.789,516.739
357.101,78.933,241.551,516.821
354.565,82.979,243.314,514.347
351.383,85.199,248.314,517.174
349.922,85.143,248.558,511.700
358.513,93.183,242.552,514.125
365.726,80.149,240.655,510.118
377.412,93.640,223.821,521.055
390.179,77.993,223.976,506.617
409.942,88.915,208.069,517.280
431.282,87.379,190.455,512.575
452.903,82.086,177.448,520.358
469.419,91.171,174.660,525.944
484.149,100.016,176.714,525.462
492.752,104.613,177.993,532.583
501.268,115.974,181.093,533.961
509.209,129.055,181.835,530.323
513.799,137.289,175.994,523.004
523.936,149.990,178.439,507.381
532.856,157.788,178.909,496.414
537.774,167.293,183.619,486.472
540.627,166.743,196.108,482.174
542.072,167.713,206.851,476.951
548.651,169.902,216.961,479.045
550.661,169.997,226.250,480.571
550.772,169.260,238.748,481.687
550.036,169.649,247.544,487.850
556.760,169.950,256.217,494.512
550.542,169.444,265.709,501.437
542.198,161.612,269.754,507.135
532.327,160.754,266.922,503.602
512.888,155.148,265.250,506.788
504.996,161.107,258.025,520.229
488.824,155.294,252.165,529.674
474.897,148.603,239.224,524.156
468.556,149.758,237.818,511.357
456.386,143.127,225.277,522.024
448.132,136.823,218.408,521.641
446.543,118.769,206.566,528.038
443.801,106.074,197.148,537.408
440.988,87.771,193.980,546.861
448.153,80.534,183.498,553.485
446.868,76.049,181.805,545.592
449.836,60.638,176.245,533.048
447.223,53.547,171.450,531.934
456.086,50.470,164.603,534.762
457.598,47.023,163.228,537.703
457.721,51.749,160.553,532.127
464.380,52.332,153.460,524.728
468.360,57.709,149.566,504.551
470.707,65.352,146.386,487.168
463.765,66.838,146.708,497.853
458.024,73.777,156.613,498.701
457.047,69.104,151.896,508.963
455.658,75.803,157.279,512.001
458.908,76.588,158.950,521.261
463.431,82.040,157.804,521.227
470.783,85.940,156.091,511.217
476.441,87.697,156.500,520.278
485.754,96.217,151.860,505.946
492.050,102.488,153.017,497.022
498.725,105.506,156.997,493.780
504.659,107.923,159.402,497.398
509.019,115.468,164.724,481.764
514.221,112.817,164.564,493.371
520.851,128.356,170.202,468.296
524.109,133.268,169.555,467.272
528.637,138.414,174.530,465.357
533.094,147.149,178.939,470.592
536.496,145.097,184.428,475.553
536.440,150.977,181.761,482.448
537.304,153.355,182.872,489.828
534.258,151.813,187.576,486.525
523.297,149.905,188.974,488.636
510.268,147.491,193.088,485.174
503.393,157.629,203.708,484.965
489.618,160.389,208.412,469.598
483.373,156.734,214.013,462.666
475.795,149.951,209.753,451.324
473.512,140.931,203.292,445.284
474.127,134.250,192.610,440.930
475.684,126.442,183.557,448.383
478.172,120.366,176.661,456.456
482.292,115.862,167.303,459.912
486.938,107.613,157.424,458.271
486.338,100.366,149.560,481.415
482.191,97.876,149.688,487.129
483.216,98.332,145.954,492.172
480.720,97.065,142.768,498.186
487.925,96.823,139.921,489.130
478.835,97.893,139.993,500.096
486.608,92.728,140.162,486.987
480.680,95.830,142.252,500.957
488.365,91.890,141.638,492.352
489.624,90.309,140.096,489.952
494.093,87.882,137.671,481.300
499.405,86.234,136.099,470.061
501.222,85.521,135.733,473.270
507.888,86.018,136.937,464.575
514.633,82.106,136.836,461.950
522.639,81.923,136.159,463.938
528.957,82.324,138.587,464.543
533.850,81.410,139.111,463.904
534.590,83.474,145.148,471.212
537.084,84.081,145.043,472.548
534.669,87.370,149.163,480.627
532.485,95.505,154.454,483.531
530.649,95.559,162.540,491.013
524.672,98.244,172.439,492.445
519.652,109.648,186.174,497.135
515.391,115.240,192.666,491.506
517.818,118.787,197.500,492.159
516.478,122.610,201.639,486.885
514.018,127.350,203.970,475.324
514.453,128.558,205.919,468.596
513.053,127.766,204.624,458.821
519.538,128.778,208.019,452.321
524.619,124.326,200.619,449.924
528.457,120.787,194.327,444.872
537.830,118.101,190.580,441.476
539.375,113.879,186.006,439.049
545.432,113.385,178.448,438.114
551.018,106.425,168.365,432.425
555.674,106.697,159.782,432.286
560.501,107.513,149.580,433.156
568.493,105.228,142.578,430.906
572.572,104.651,137.541,436.163
576.425,106.600,135.230,436.859
577.047,109.395,134.950,447.905
576.544,112.358,135.616,455.871
573.247,114.801,137.539,464.835
572.142,112.159,136.504,474.484
571.235,111.486,141.070,477.873
564.531,112.707,143.064,473.062
564.427,114.400,145.444,467.103
561.567,114.162,145.728,461.320
559.568,113.556,144.230,458.855
556.824,111.396,145.282,452.515
557.345,110.886,144.394,448.326
558.401,107.901,140.442,436.838
554.124,101.696,139.708,431.061
550.646,98.695,146.766,429.153
549.282,93.284,145.176,425.556
548.434,86.932,146.390,416.053
549.201,81.593,148.595,410.856
551.835,75.298,145.477,407.686
555.657,73.720,146.514,405.786
559.765,72.944,143.575,399.813
560.051,72.169,143.834,394.786
559.651,76.875,148.040,384.793
558.297,76.931,152.960,376.851
556.157,75.266,158.977,363.492
550.346,78.029,160.056,351.675
549.723,83.982,165.222,340.071
547.780,86.728,165.000,338.171
548.606,94.972,169.521,334.150
550.987,97.650,174.633,336.308
552.527,103.040,175.414,333.268
558.518,100.315,175.388,337.760
566.268,100.538,175.996,332.117
572.430,94.530,179.377,337.797
574.558,89.203,177.908,341.564
581.886,81.444,179.392,340.349
583.849,71.395,179.416,350.150
590.225,71.950,178.470,347.059
591.051,74.443,179.423,352.085
596.260,77.788,179.184,357.711
600.138,84.982,181.250,362.404
601.573,91.243,180.818,365.068
605.295,91.862,185.019,369.990
604.628,91.665,188.984,376.273
610.046,87.463,184.819,374.361
614.226,92.673,184.373,376.342
620.215,97.403,177.822,374.008
624.576,108.152,175.735,371.291
628.433,109.560,173.881,373.849
630.661,115.687,171.871,372.569
630.563,114.716,171.525,375.770
633.595,127.377,172.076,370.180
633.047,121.492,176.119,366.598
635.371,136.552,177.889,361.814
638.047,135.461,181.534,363.669
641.080,149.805,185.435,359.580
647.591,151.231,192.424,364.391
650.270,163.209,192.743,358.284
649.450,163.806,200.739,368.729
654.529,170.477,195.616,367.282
652.613,174.103,193.729,375.739
645.207,172.865,199.676,386.191
631.419,170.287,202.822,388.817
631.271,162.816,193.720,386.136
629.210,160.955,181.566,385.574
610.687,155.030,177.531,377.192
596.204,141.763,180.182,379.346
586.340,124.460,186.593,376.915
584.217,102.057,181.139,381.338
581.050,88.303,175.817,391.035
580.355,68.242,175.385,402.464
583.197,53.607,170.243,407.142
584.959,41.666,163.563,404.433
583.145,35.352,162.002,412.602
577.302,28.875,160.017,413.269
580.562,23.729,158.032,401.276
579.815,15.424,157.092,401.266
582.042,21.804,152.547,399.418
580.790,13.543,149.978,402.768
579.093,24.635,150.321,393.836
582.066,16.066,146.823,394.612
582.217,30.039,149.058,383.566
588.863,27.918,149.902,387.835
590.754,37.226,145.455,376.980
593.376,42.993,144.175,367.142
593.196,53.849,148.091,355.921
588.052,64.148,150.262,353.646
584.176,79.103,151.271,344.980
582.857,90.071,153.432,344.134
582.494,105.191,157.491,342.450
583.041,116.145,163.854,349.058
585.653,125.968,166.013,348.724
589.430,133.068,172.108,361.006
592.480,144.213,181.166,372.219
592.214,150.649,189.826,382.791
594.902,162.447,199.248,383.618
594.639,166.122,210.255,383.437
591.728,180.218,220.077,377.738
596.368,185.025,230.567,378.383
592.334,192.157,231.999,376.183
592.128,198.218,239.556,371.024
592.402,205.579,235.127,368.801
596.415,208.460,247.259,373.632
590.735,214.862,250.990,379.168
588.630,218.081,251.749,377.254
582.537,218.402,260.686,385.752
575.185,222.409,259.740,386.440
569.965,221.418,260.950,390.268
560.705,232.384,261.344,392.062
558.194,222.009,257.473,399.438
571.509,218.284,248.557,422.575
575.086,212.700,224.976,425.657
549.046,197.208,235.624,438.659
518.934,179.072,240.196,443.519
507.169,173.413,230.525,452.298
514.729,151.473,234.753,461.513
503.745,138.788,255.498,464.112
478.464,111.846,261.347,490.784
475.310,83.654,278.367,501.836
475.831,69.311,280.245,484.980
467.962,41.580,281.525,464.839
470.295,32.576,288.484,452.561
466.079,1.384,273.483,439.903
451.297,14.504,314.693,442.958
446.063,0.000,362.250,436.365
432.352,0.000,373.218,413.822
396.991,0.000,408.258,389.656
381.282,0.000,430.127,383.796
371.590,0.000,441.474,380.745
357.160,0.000,450.688,378.178
344.935,0.000,455.661,372.006
334.645,0.000,452.327,363.903
335.266,0.322,446.428,365.149
319.403,11.334,436.804,370.549
318.629,22.667,441.391,377.739
293.956,45.358,419.153,397.384
317.372,69.860,418.406,397.238
302.127,81.660,410.392,419.307
321.981,107.525,393.352,407.708
342.905,122.253,380.844,402.734
361.587,133.011,354.368,421.256
381.431,136.475,308.179,416.366
390.841,143.837,281.736,403.477
393.737,145.720,265.790,394.079
397.384,153.418,261.233,388.173
398.383,150.545,276.721,402.430
405.514,151.383,291.189,407.911
416.008,147.323,319.074,419.597
418.118,152.191,329.529,431.138
423.728,150.755,332.837,442.793
428.452,147.064,337.775,456.011
432.817,152.529,345.994,458.198
411.477,150.465,373.043,462.521
392.174,160.672,389.465,462.141
379.961,160.888,397.346,461.003
380.537,161.721,387.931,469.266
382.413,164.976,374.177,458.856
373.982,166.335,375.859,463.921
363.265,165.851,381.458,468.849
352.541,169.428,395.443,469.980
369.595,170.943,378.563,465.675
392.924,172.177,367.165,468.896
413.741,176.556,346.024,466.843
428.823,184.101,333.903,466.019
443.898,187.662,324.841,465.425
454.749,193.044,326.723,465.023
444.909,189.878,345.917,463.226
448.902,202.318,367.005,461.608
440.661,202.696,378.032,456.687
446.730,208.676,381.330,453.919
447.488,215.174,375.052,448.055
474.479,234.136,364.668,451.319
489.858,229.302,350.201,452.395
497.916,230.564,352.142,443.382
514.408,242.964,355.468,429.353
525.074,248.008,362.373,419.391
534.642,255.797,368.551,409.731
552.441,258.514,368.952,408.969
576.539,262.064,370.232,409.326
609.345,261.085,372.486,416.362
630.687,251.782,349.636,427.839
643.858,233.306,321.304,436.881
624.113,233.089,307.743,439.741
602.861,231.608,316.668,441.263
566.606,223.930,331.729,435.328
557.606,210.129,351.529,443.598
547.777,201.498,364.248,453.192
543.335,188.469,370.040,460.611
551.312,183.542,369.290,464.823
571.445,171.955,350.104,463.259
587.811,158.834,320.561,471.172
603.073,153.395,301.470,493.146
621.723,142.266,282.728,504.990
621.786,128.419,253.782,517.249
621.204,116.761,231.227,531.165
625.906,104.907,215.771,538.918
627.097,105.950,208.089,549.709
621.930,100.858,206.637,554.318
620.498,101.735,202.665,546.157
622.102,100.598,191.731,534.834
611.487,105.354,190.102,526.380
609.153,101.815,180.482,535.197
599.286,106.990,177.005,524.461
595.248,102.919,171.625,520.185
594.731,98.915,171.161,515.227
587.863,96.852,173.676,503.387
585.408,95.301,174.505,506.667
580.848,92.505,172.251,509.014
580.156,86.528,172.033,509.775
577.473,86.662,169.164,502.427
576.752,83.595,172.865,502.821
569.363,84.395,171.017,498.809
573.749,82.124,174.979,493.957
569.571,82.576,169.356,490.595
576.063,79.686,172.232,488.371
574.733,86.004,162.065,482.090
580.571,81.841,160.187,484.078
579.390,86.670,154.014,480.418
584.288,83.357,153.501,487.690
587.413,85.231,146.932,479.766
587.779,86.808,142.455,474.527
590.015,85.582,141.919,475.065
592.401,89.721,141.106,470.753
591.611,94.431,142.161,469.008
588.108,97.220,151.082,472.784
589.833,105.863,146.890,467.899
591.927,102.369,149.613,469.189
594.289,111.467,143.995,464.373
596.054,111.192,142.760,465.530
599.262,112.460,139.225,458.462
597.054,117.179,139.833,452.207
597.804,121.324,135.557,444.458
597.262,116.121,139.418,448.586
597.607,117.677,139.261,441.350
595.369,117.749,138.368,439.733
599.438,108.732,137.222,444.665
601.450,113.967,135.870,449.923
598.740,116.215,139.525,448.250
597.029,110.120,138.065,456.592
598.685,106.534,140.560,462.777
595.579,108.633,142.537,466.925
598.213,105.163,142.327,466.243
596.608,103.727,142.482,470.657
594.452,102.645,147.823,469.836
592.522,99.134,151.540,467.333
588.794,94.703,159.992,466.119
586.575,94.207,165.557,461.634
588.009,90.466,168.233,460.493
583.873,89.337,172.482,453.139
588.916,88.831,174.049,447.375
584.086,93.167,178.021,439.536
586.930,96.883,178.163,437.420
584.918,94.382,183.544,442.035
588.747,95.728,180.992,437.251
595.290,95.797,172.490,433.009
604.494,89.556,166.514,434.759
613.581,92.731,157.786,428.635
621.802,90.099,155.163,432.078
628.466,88.801,145.107,423.537
631.139,91.264,138.109,414.670
631.719,94.413,136.430,413.712
632.132,92.559,137.175,421.457
630.998,93.585,136.707,422.022
629.689,91.380,138.540,436.463
629.416,93.605,141.754,440.952
630.297,92.170,138.913,440.457
626.776,95.772,136.881,437.769
626.116,95.712,141.749,439.099
627.645,99.771,141.148,434.790
626.947,100.386,140.923,430.353
625.576,99.950,145.671,430.524
623.641,100.582,144.079,430.150
620.936,101.269,143.049,425.955
624.322,98.510,141.351,417.458
626.057,91.787,136.553,416.705
629.785,91.736,133.562,412.614
637.510,86.257,126.558,407.531
638.247,80.071,123.110,402.480
643.206,82.079,122.994,397.797
646.423,82.044,117.848,398.688
647.521,82.531,116.899,396.565
649.397,80.473,118.396,393.681
649.492,85.771,117.566,394.390
650.882,82.396,120.420,399.848
651.501,87.175,122.492,411.147
651.372,83.912,121.136,405.845
652.303,93.696,125.042,421.109
654.783,93.891,131.143,417.999
656.706,99.820,131.357,421.323
655.417,95.940,128.177,423.144
657.245,107.305,127.800,415.763
658.893,102.826,126.021,408.846
658.883,111.639,122.103,413.128
659.953,107.374,121.018,402.179
661.856,114.573,119.881,399.033
664.186,113.282,119.969,391.004
665.324,115.910,115.796,388.137
667.146,122.255,114.546,375.117
668.858,123.805,114.313,370.501
668.581,123.712,118.606,363.836
667.975,123.547,118.744,363.628
667.776,123.455,120.510,370.636
668.391,122.295,120.503,373.838
667.854,121.845,123.076,381.701
666.482,124.470,123.196,375.948
666.061,122.148,124.140,375.740
664.387,131.823,124.796,379.909
665.233,125.192,125.605,392.940
663.822,137.017,126.867,383.212
665.325,134.015,128.668,387.706
663.706,147.689,126.691,386.587
661.675,144.822,128.120,393.154
657.452,149.269,127.826,392.085
658.857,151.663,129.144,383.542
653.775,152.026,134.124,397.934
651.950,157.108,134.817,392.078
654.823,157.613,135.164,386.751
656.835,160.458,133.761,385.279
662.062,157.503,133.434,386.537
664.879,155.987,127.892,395.777
668.017,153.959,127.572,392.102
671.381,150.419,121.800,391.425
672.468,152.472,118.505,385.567
673.962,151.211,115.166,387.456
675.930,153.052,112.421,385.995
676.434,151.923,113.896,397.820
675.234,154.941,110.534,398.784
675.387,151.820,114.365,393.116
673.187,150.787,113.463,385.895
671.580,150.332,115.846,390.729
670.470,152.924,116.636,376.908
670.358,153.181,120.227,383.092
670.488,154.407,117.672,364.058
670.672,158.188,126.485,376.853
667.531,167.457,126.000,358.831
666.945,166.272,134.983,363.360
662.138,182.278,141.848,354.603
660.154,179.020,146.709,355.107
658.085,201.037,149.332,355.232
659.699,196.343,157.716,358.424
659.417,210.216,160.023,342.999
661.253,215.848,169.870,339.946
661.099,219.322,172.552,342.466
662.202,225.150,180.519,342.304
664.788,226.195,183.354,348.633
665.721,226.008,184.667,351.611
664.090,227.250,182.434,353.981
667.462,222.932,168.553,360.418
663.702,218.549,156.499,363.907
660.375,206.047,148.126,375.206
652.102,197.704,145.580,373.015
642.759,185.660,142.424,364.447
635.976,167.314,142.671,366.539
628.682,157.726,138.974,375.168
629.936,145.599,141.817,374.245
626.816,131.528,140.632,393.690
618.907,123.672,141.832,392.448
604.490,117.392,145.099,393.890
585.684,115.045,154.654,391.444
577.765,101.605,165.073,391.515
574.188,99.243,161.874,387.909
569.219,97.499,163.768,385.023
574.343,92.299,156.505,385.069
574.503,86.325,152.601,388.871
577.959,82.630,146.161,395.182
581.642,77.087,138.907,398.876
585.598,77.560,139.368,405.322
591.488,74.248,134.306,405.766
598.602,75.480,132.386,405.574
599.971,81.014,133.655,399.679
599.213,84.946,137.153,388.637
598.559,91.774,143.768,374.420
593.961,107.648,151.833,355.510
593.467,123.557,153.781,346.646
590.810,137.256,157.085,352.181
591.448,149.273,157.494,356.987
589.233,157.127,161.957,367.504
593.715,167.392,165.191,368.179
596.108,176.661,166.144,376.229
597.764,188.783,164.325,380.160
599.167,193.986,164.686,378.424
600.236,201.596,174.403,371.823
599.616,213.975,183.708,365.031
605.096,221.217,188.660,369.768
607.810,232.164,188.925,371.422
608.967,239.112,200.832,380.571
609.937,248.061,202.270,372.745
614.453,247.279,214.311,377.924
609.929,262.287,218.655,375.375
614.003,264.720,238.760,381.809
610.586,270.587,242.471,386.926
606.589,271.638,256.601,391.709
595.688,275.256,265.816,393.417
590.640,283.064,277.844,390.964
584.884,287.158,290.950,390.981
581.180,292.645,298.705,385.542
581.101,307.380,294.954,379.658
582.820,308.541,294.167,383.171
578.114,305.561,277.573,389.511
583.220,303.659,251.491,396.096
579.590,301.766,234.466,403.132
569.087,297.874,225.423,400.594
556.607,290.729,217.737,401.378
545.984,272.690,205.685,397.625
537.690,263.279,196.193,424.006
516.069,234.736,203.973,451.623
479.231,205.601,226.418,474.980
446.468,178.139,257.816,505.618
445.779,164.004,258.224,505.165
426.828,137.563,271.439,496.050
410.041,128.671,278.499,459.022
403.483,124.338,288.436,430.797
401.453,115.484,317.749,417.086
390.663,101.256,355.709,425.588
385.771,91.882,375.117,447.548
380.767,95.091,377.017,439.604
377.367,93.433,380.168,445.070
365.573,96.702,380.286,448.030
366.144,98.067,381.376,457.978
366.949,89.379,353.039,475.221
376.775,82.028,333.677,505.119
384.402,87.930,331.662,506.095
394.306,86.656,327.434,528.004
402.817,74.134,322.633,537.391
403.768,68.601,320.557,554.132
387.459,95.696,337.436,566.168
381.928,127.265,367.368,582.730
414.220,165.612,341.975,568.448
445.583,210.191,298.790,517.459
460.300,250.101,312.124,472.850
470.640,302.321,312.631,425.129
469.763,316.043,324.644,409.388
475.724,331.802,329.234,393.706
481.714,345.779,350.542,377.613
490.095,361.299,358.834,361.782
493.596,363.049,349.048,357.567
499.185,362.165,331.961,359.235
507.020,357.787,315.228,362.776
516.060,346.033,296.948,376.655
529.274,344.610,297.093,385.650
541.010,338.794,300.565,384.561
544.951,328.806,322.860,393.267
556.655,311.029,342.338,398.699
557.818,315.815,352.135,401.384
573.110,319.422,353.822,392.577
572.279,311.586,350.676,392.412
569.811,297.094,349.501,400.134
578.060,280.381,349.216,405.171
568.400,265.702,344.198,410.414
566.852,258.147,359.982,424.949
552.209,243.661,365.524,452.960
543.460,233.518,360.443,490.551
531.103,221.676,354.738,499.831
518.389,205.758,350.335,515.454
508.451,196.234,345.316,521.982
498.878,183.486,339.883,535.869
488.924,181.452,324.373,540.539
476.225,173.040,311.515,541.181
469.430,175.122,292.665,545.579
463.520,179.481,276.350,544.124
455.225,178.018,272.977,553.858
445.068,172.451,261.941,560.887
437.208,176.228,260.837,566.017
422.599,161.956,256.258,568.103
414.083,150.294,250.336,570.013
407.986,143.277,250.236,582.952
403.552,130.847,238.364,578.665
395.915,125.806,233.466,594.172
401.605,123.460,222.726,588.103
403.741,116.375,213.833,590.979
410.275,108.065,207.439,598.146
415.440,101.197,200.839,612.663
423.176,99.033,193.885,609.382
433.713,87.176,184.157,609.241
444.099,80.769,175.831,610.092
452.689,81.554,168.438,597.411
461.801,85.698,163.741,593.029
470.407,87.568,159.913,588.153
476.424,87.898,157.176,585.346
479.283,88.384,158.036,582.080
486.291,91.980,155.793,567.691
490.793,93.074,160.131,565.135
490.949,101.425,167.927,580.437
494.754,105.458,172.744,578.104
497.214,109.023,173.225,582.972
497.614,113.780,175.990,577.279
494.997,113.019,178.348,583.930
488.674,111.147,187.082,585.493
484.391,104.340,199.702,579.204
491.071,100.296,191.038,562.392
497.717,98.852,187.653,553.490
506.399,103.070,186.502,544.677
522.631,94.071,177.898,537.074
526.682,100.440,178.887,538.585
531.694,96.914,181.859,531.006
533.149,98.024,187.644,516.861
534.468,99.212,194.905,511.558
534.239,97.302,194.632,511.981
535.027,100.006,194.388,518.941
537.437,100.556,194.340,525.087
538.636,102.934,193.589,523.907
542.705,106.492,195.751,527.574
545.587,113.205,199.545,528.962
551.188,119.211,194.015,535.985
556.449,118.678,188.833,535.798
561.799,119.284,181.574,540.863
563.971,121.937,175.886,537.281
564.433,123.695,174.301,534.256
567.204,122.468,176.628,537.104
565.876,125.562,171.489,525.065
567.704,124.027,175.169,515.173
570.368,125.066,172.260,503.939
573.419,127.536,169.242,493.988
572.520,131.014,168.359,484.051
577.101,125.349,165.951,482.378
573.042,131.050,164.739,475.638
579.455,123.578,164.744,477.707
578.251,120.577,160.885,465.165
578.230,113.288,162.412,486.258
580.333,105.901,157.782,480.679
581.316,99.250,156.767,490.486
582.334,100.653,155.405,483.745
583.521,97.369,159.202,492.632
582.453,98.987,154.706,487.986
581.861,101.210,160.972,494.814
583.691,100.135,161.074,505.556
583.112,103.638,160.441,510.112
586.921,110.799,156.527,510.315
590.281,112.610,153.378,510.035
591.852,116.297,150.446,510.429
590.149,120.182,149.062,510.633
591.361,116.339,145.260,508.897
593.585,114.402,144.541,504.016
598.406,116.048,139.830,496.227
601.967,117.907,135.567,487.972
604.455,121.082,136.225,477.699
606.504,120.771,136.262,467.658
606.158,121.226,135.515,466.233
608.318,121.483,137.928,461.657
609.576,120.880,135.497,458.777
614.781,118.339,132.993,455.602
614.792,114.071,129.378,461.525
618.264,107.968,126.576,460.359
619.929,103.301,126.359,458.888
619.896,100.944,125.743,449.017
619.564,101.011,128.234,454.759
618.461,101.589,130.020,454.767
619.144,102.895,132.316,452.592
620.498,103.518,133.490,451.243
619.623,108.867,136.186,462.560
621.495,105.221,136.399,477.511
622.791,109.789,138.951,478.200
621.640,111.789,140.808,482.315
623.367,116.078,140.027,482.586
624.081,117.804,141.130,477.982
622.925,126.272,141.654,465.942
622.156,123.473,139.622,481.571
622.593,132.554,137.171,464.192
620.964,125.530,134.447,472.358
620.014,139.085,132.243,446.711
616.323,135.074,135.831,455.601
617.433,135.074,136.179,449.699
609.326,134.118,140.130,447.122
605.976,131.972,145.358,442.182
602.432,129.215,150.384,438.495
605.710,124.393,149.438,429.154
608.058,111.719,147.122,422.150
609.603,109.203,143.331,416.377
611.754,105.591,142.245,417.426
613.252,107.498,138.148,410.076
617.312,108.511,136.037,397.907
617.659,110.139,131.095,399.416
617.433,116.210,133.415,408.927
622.465,116.135,133.179,417.635
624.532,119.471,130.049,414.318
628.155,122.959,128.712,413.922
631.839,126.381,132.563,423.299
637.219,123.253,130.949,433.454
640.536,125.158,134.972,428.475
640.899,123.324,130.561,429.809
644.636,126.238,135.731,427.507
646.575,125.142,132.951,427.883
650.332,128.748,132.204,419.280
653.304,127.660,127.197,413.736
651.300,134.686,127.033,411.934
651.653,132.696,126.603,421.040
653.811,137.185,125.290,408.162
655.394,138.379,128.826,404.496
657.127,137.864,125.481,408.331
656.519,136.867,127.330,400.054
656.823,140.361,129.672,406.178
655.542,142.803,131.175,419.657
656.527,141.026,132.882,422.845
660.866,139.439,133.904,427.618
660.066,136.468,131.145,429.217
653.950,141.837,136.891,427.657
649.750,138.346,142.436,424.485
647.146,137.331,143.325,423.253
647.852,134.603,147.849,424.565
643.713,133.658,148.852,423.266
645.093,127.991,148.772,419.970
644.959,128.799,151.822,412.231
646.146,128.148,151.511,411.332
647.723,127.051,147.587,409.231
650.604,125.881,148.672,404.670
649.624,127.255,144.738,406.882
651.970,126.343,139.507,399.864
652.881,128.390,137.071,396.794
655.405,126.955,136.247,393.766
655.090,126.779,132.868,394.120
653.091,132.080,132.993,402.600
655.312,129.626,132.315,398.645
655.765,129.373,129.839,398.916
653.690,131.432,132.430,405.783
655.889,132.097,127.735,402.842
653.452,133.362,125.652,399.054
654.185,134.385,123.680,405.266
654.426,129.566,122.248,408.510
654.409,135.201,120.618,395.609
655.391,134.263,119.955,389.062
653.728,135.343,119.213,387.064
653.818,131.578,120.424,385.557
652.893,135.714,121.897,387.729
651.609,134.643,120.992,381.880
650.895,132.651,120.220,378.163
651.637,133.700,121.250,377.299
653.674,134.704,119.639,375.366
651.856,134.576,120.135,378.337
653.228,136.825,121.380,381.955
652.653,137.099,125.093,382.239
652.312,140.232,126.173,378.080
653.547,140.268,129.683,377.196
651.735,140.908,131.400,371.546
652.435,147.343,132.497,371.526
651.823,144.064,138.133,371.659
655.006,151.498,139.430,366.175
649.646,142.887,147.629,371.860
652.014,153.466,148.173,367.397
649.471,148.125,153.910,375.842
651.473,155.184,155.429,373.216
644.797,146.722,157.546,382.034
648.375,158.969,155.408,367.087
641.490,149.886,156.767,374.098
643.758,166.565,156.556,358.526
635.365,153.693,167.057,362.081
637.758,176.166,171.861,348.235
630.122,165.637,180.549,345.230
633.609,187.415,176.675,329.710
624.632,176.890,183.656,334.337
628.351,199.961,177.219,332.254
623.838,188.627,179.007,350.026
628.296,195.126,176.533,356.740
624.425,190.001,172.402,366.038
627.606,184.892,165.311,380.272
624.118,180.489,163.330,382.848
621.453,167.537,154.592,381.652
614.361,160.199,147.416,379.779
612.605,149.710,140.994,385.180
609.935,133.966,134.170,390.674
609.524,123.545,129.395,392.054
610.206,110.560,129.446,397.832
610.347,101.825,126.097,396.958
600.313,91.448,127.623,401.019
594.345,84.607,130.290,399.880
585.833,80.761,134.130,396.094
569.819,78.093,146.815,396.128
554.810,71.483,155.907,398.147
557.523,68.345,151.751,393.388
557.572,67.422,149.693,399.623
558.325,72.050,146.167,397.881
562.037,69.591,141.474,396.374
561.540,71.907,145.151,397.665
568.772,75.748,140.407,384.014
571.767,75.599,144.371,387.721
573.225,80.274,146.808,385.288
570.498,94.285,150.466,366.930
568.682,114.164,159.616,335.480
570.601,124.739,162.784,316.779
569.685,139.714,168.168,308.893
571.940,152.597,167.617,297.858
570.326,165.427,171.297,302.653
577.096,181.071,168.497,312.075
580.017,191.933,171.404,326.132
579.497,209.633,174.067,334.472
582.620,215.903,178.450,339.808
585.392,229.440,173.804,335.243
592.058,241.549,175.693,323.552
594.399,251.416,178.882,327.447
590.580,260.765,195.330,336.841
583.261,268.013,215.162,344.961
575.591,271.139,232.743,342.575
567.437,274.561,250.250,343.444
557.788,278.435,270.812,345.742
550.678,281.750,280.797,346.281
544.654,287.087,299.319,353.853
538.185,294.224,307.323,361.330
533.151,296.657,321.607,361.737
529.506,298.990,327.625,365.191
519.616,301.224,330.796,377.299
521.839,302.058,327.057,380.823
523.172,294.917,319.162,392.298
536.229,289.672,287.400,404.563
547.239,280.123,257.903,416.745
536.147,262.259,253.704,428.840
510.640,244.248,262.297,434.996
468.553,223.504,262.165,442.831
464.264,210.320,277.829,447.602
460.912,193.066,281.166,442.804
445.650,174.347,280.228,449.553
417.342,149.799,299.930,463.471
418.067,97.373,315.669,469.042
403.980,74.050,306.178,499.625
396.780,36.956,304.470,491.784
364.644,28.367,341.630,470.920
336.835,9.306,370.606,458.103
324.393,0.000,399.845,445.942
315.513,0.000,386.526,450.668
295.485,0.000,364.238,434.939
297.272,0.000,340.889,402.076
283.479,0.000,333.911,383.801
290.524,0.000,311.572,380.398
303.224,0.000,299.139,369.081
312.928,0.000,291.210,366.354
335.534,0.000,268.945,354.746
343.404,0.000,241.998,341.160
334.654,0.000,246.479,338.991
323.993,0.851,244.999,351.529
294.183,21.624,276.712,368.905
270.393,48.722,290.257,384.092
276.541,63.051,294.959,394.871
281.444,89.368,287.896,419.292
287.586,122.143,275.243,459.978
297.020,144.957,261.314,479.072
298.689,171.763,263.748,456.728
303.130,196.599,271.090,447.680
319.928,215.891,261.248,427.273
343.674,229.762,252.872,404.774
359.480,248.604,240.051,386.425
383.248,259.328,228.275,368.200
395.158,265.187,221.994,358.833
394.875,278.905,228.854,354.031
398.527,276.219,228.750,358.189
410.432,285.596,227.617,363.603
416.799,286.713,224.312,367.663
418.810,284.927,230.013,371.930
422.669,283.736,233.407,369.616
431.483,282.830,236.107,368.186
438.235,276.254,236.441,364.036
446.773,277.968,236.568,357.022
450.759,268.587,239.929,352.259
443.792,268.703,242.383,343.454
446.590,259.082,252.444,349.197
458.753,260.295,244.992,348.239
470.873,248.521,235.552,361.596
482.443,242.246,228.791,366.485
494.077,237.128,229.259,378.148
500.497,230.490,223.039,386.054
506.433,229.324,223.459,403.128
516.984,224.203,220.187,430.932
523.891,219.908,219.339,474.149
531.415,212.747,220.089,500.589
540.138,208.479,216.333,501.765
546.516,203.004,218.517,515.396
555.580,199.602,215.439,514.717
561.979,197.033,216.788,531.480
572.752,195.537,213.461,521.554
573.638,188.882,211.959,537.221
585.072,185.477,215.932,540.468
587.873,183.342,219.209,544.460
593.970,176.191,218.411,549.101
599.978,176.725,219.380,546.631
605.407,173.658,220.826,550.070
612.322,169.788,225.952,553.089
616.949,163.981,234.860,546.369
624.216,161.490,234.027,549.958
630.525,160.486,245.599,550.610
629.197,155.508,243.928,555.627
635.543,151.132,248.989,559.097
635.413,153.440,248.724,567.918
640.499,150.564,255.647,561.958
636.202,146.856,243.811,563.314
642.584,135.268,230.600,576.250
642.474,134.528,219.137,582.341
641.816,139.717,214.744,581.953
641.608,136.167,205.656,585.178
642.406,141.451,201.028,583.435
636.975,144.674,197.222,573.498
633.248,149.944,191.103,578.483
633.544,155.867,195.325,562.919
617.749,143.926,194.370,571.936
622.930,161.033,199.059,561.714
612.436,150.503,193.737,566.881
611.776,160.340,195.144,572.923
606.115,160.455,192.526,569.508
601.149,162.220,190.153,576.320
596.557,166.812,189.202,561.692
589.474,165.712,182.980,562.002
588.125,165.919,188.065,561.069
577.007,164.320,184.776,550.418
575.772,156.867,194.654,569.451
568.687,161.690,189.636,543.439
567.365,154.173,186.888,573.378
565.645,157.830,181.833,549.371
559.420,154.082,177.755,566.372
563.732,156.799,183.331,544.977
555.251,151.881,175.468,556.659
558.597,153.913,173.534,542.866
556.387,150.240,168.089,550.829
553.347,157.469,169.687,534.367
553.369,148.080,163.303,551.342
548.191,159.279,164.416,532.672
550.867,151.822,158.148,541.156
548.531,159.931,158.211,540.257
544.749,153.091,153.597,524.086
546.032,148.235,157.214,532.845
540.480,146.539,160.700,532.995
545.902,140.904,157.159,521.235
539.566,139.968,160.809,531.769
548.393,138.023,154.373,510.282
543.709,141.715,157.818,528.077
550.504,141.483,156.278,499.925
547.054,135.971,157.300,516.128
552.007,139.236,159.178,504.182
555.657,138.376,157.512,508.536
561.188,140.529,152.878,501.908
565.413,142.276,154.233,500.176
567.548,143.149,154.334,499.841
567.572,144.858,155.415,492.374
569.456,140.339,156.839,506.086
571.931,145.217,157.252,489.827
574.548,145.705,156.078,487.246
575.784,150.077,153.338,479.604
582.213,153.292,150.572,474.840
580.906,151.791,155.423,474.839
581.488,158.423,157.175,469.723
580.044,156.300,161.345,471.560
577.596,156.415,170.993,466.119
571.408,155.074,181.154,464.848
564.093,151.923,189.586,461.777
558.757,153.997,202.190,465.322
554.012,150.826,210.451,465.778
549.650,145.604,211.226,463.822
545.326,141.660,213.092,459.040
548.398,139.773,211.405,449.939
550.367,124.083,205.548,444.813
550.039,130.876,202.319,449.225
558.662,123.520,191.621,435.119
565.829,125.605,185.106,443.581
569.605,128.183,176.930,435.975
574.841,136.389,169.125,428.425
585.774,145.217,160.160,416.295
584.462,157.077,161.573,424.841
589.739,166.591,162.327,417.925
592.559,171.766,160.163,426.967
595.771,177.686,161.149,425.496
601.381,179.672,160.366,421.628
603.063,176.605,160.628,414.559
602.505,180.698,168.959,414.064
599.754,176.315,178.847,415.511
593.971,176.805,190.291,413.228
588.103,183.285,197.386,423.605
583.219,183.297,193.494,416.785
573.303,175.895,193.956,416.819
559.963,154.505,200.845,420.292
538.034,147.219,210.349,411.527
539.928,126.799,209.060,411.823
542.559,107.542,201.216,404.559
544.787,96.601,193.795,408.838
545.816,79.902,190.226,407.694
546.845,70.925,185.363,414.892
544.580,69.238,189.291,416.051
542.910,66.711,196.127,412.738
535.578,66.527,198.193,408.644
531.496,69.436,204.089,397.759
538.117,76.168,199.271,378.280
545.195,93.372,197.872,352.411
553.453,103.768,189.452,335.273
560.991,113.984,176.993,330.537
564.462,132.119,173.644,330.557
565.113,144.657,172.096,349.781
566.721,157.297,169.568,356.211
573.000,173.004,165.483,361.732
577.270,177.769,159.814,358.482
581.872,190.646,161.185,341.980
581.137,194.946,162.594,341.627
584.233,205.336,165.120,334.962
583.699,213.333,173.037,347.265
587.042,219.432,174.076,354.646
589.204,228.251,184.055,361.841
593.830,231.052,186.401,354.780
596.540,239.206,190.439,351.892
601.969,245.311,194.340,342.262
600.694,246.164,189.579,338.089
607.628,249.631,195.035,329.132
604.537,253.095,196.616,329.925
608.987,251.211,205.504,336.960
608.055,257.022,205.954,341.558
610.860,254.817,216.512,349.424
611.471,260.637,217.488,354.825
610.113,259.527,225.690,370.446
605.913,263.319,234.345,368.657
604.583,263.410,240.957,373.442
596.075,266.708,251.416,380.917
591.354,269.293,262.034,390.538
583.799,271.932,272.633,392.570
578.222,268.220,266.977,400.458
585.123,265.677,253.344,408.158
594.143,257.201,231.413,417.943
569.307,258.300,239.806,419.546
527.115,252.075,257.080,424.885
511.991,241.050,263.146,444.225
492.499,224.401,261.246,435.954
469.976,206.532,272.216,434.070
469.624,196.498,275.357,425.513
470.628,179.043,283.291,423.454
459.880,143.441,315.044,435.338
457.892,129.700,328.726,429.586
445.179,86.005,343.208,437.303
437.882,56.282,329.816,439.626
428.980,54.874,331.603,412.672
411.887,23.522,342.057,409.374
397.196,22.036,379.246,389.787
380.806,0.000,389.233,397.316
353.404,0.000,375.194,399.543
312.752,1.254,377.467,400.734
266.603,0.000,392.446,398.275
241.432,0.000,397.388,394.282
247.970,0.000,400.239,374.572
256.438,0.000,380.729,356.219
253.563,0.000,367.435,350.381
264.396,0.000,358.273,359.408
265.731,0.000,348.754,368.025
267.797,0.000,330.660,390.038
292.712,34.874,323.625,388.917
328.843,51.414,277.547,416.133
327.840,79.124,272.632,409.944
342.664,93.885,259.505,416.102
345.174,114.740,259.976,405.768
343.314,136.036,260.691,378.757
378.449,169.986,236.174,346.888
395.483,194.393,228.989,335.999
417.161,213.327,217.873,323.240
425.351,225.345,213.653,306.866
432.414,229.807,217.087,296.359
437.197,240.373,216.799,292.167
444.971,245.885,219.926,307.461
452.040,250.669,221.876,315.502
460.838,250.281,226.187,312.970
470.992,251.329,226.496,310.367
480.646,254.309,228.938,311.754
492.653,256.392,238.912,327.384
508.067,256.834,244.012,331.996
521.760,256.470,242.908,336.694
531.275,255.756,240.634,343.307
541.072,243.285,238.086,347.793
554.832,248.215,235.062,340.110
563.004,231.674,220.750,333.247
579.126,240.369,199.851,297.291
585.823,236.171,181.246,278.419
598.093,236.910,184.757,282.515
607.650,235.362,181.966,283.938
617.341,237.117,185.392,286.725
630.700,230.906,181.966,284.369
639.532,233.399,187.333,294.385
649.036,227.148,185.010,304.598
652.847,228.267,190.158,313.723
660.903,223.326,190.081,322.530
668.930,215.855,185.163,324.074
674.138,214.983,181.032,323.885
676.291,209.079,179.448,332.174
677.949,201.484,175.132,336.533
678.590,200.260,173.004,340.911
673.353,187.711,175.996,360.983
675.784,171.621,180.183,388.041
664.441,163.517,185.581,406.661
667.832,152.477,179.097,422.435
664.010,150.774,176.281,433.307
664.249,142.224,168.187,436.069
658.199,140.805,167.004,457.243
660.906,132.127,157.257,444.941
655.093,145.975,162.431,478.479
655.359,135.107,151.580,472.456
645.776,137.206,153.987,486.911
637.577,140.783,156.376,481.289
630.019,142.840,156.600,490.509
623.259,135.361,154.804,488.339
611.576,140.491,160.505,478.408
616.084,132.709,166.091,482.921
601.625,138.142,162.906,478.236
599.338,134.936,168.022,478.942
598.443,127.735,160.915,482.289
598.048,124.732,163.707,481.095
590.635,127.414,165.983,481.110
594.042,124.395,166.120,478.104
584.788,123.620,164.080,489.585
589.671,121.557,170.288,486.185
583.882,122.598,159.730,479.588
586.577,113.224,170.731,478.615
583.822,112.876,154.197,478.369
589.566,109.417,159.666,476.417
585.512,112.979,151.502,477.244
587.984,104.087,158.818,476.415
586.319,111.585,144.628,473.513
590.280,104.521,147.780,484.246
588.751,106.130,142.312,484.474
592.527,98.409,143.056,488.668
590.993,103.980,142.820,489.464
594.088,101.379,145.443,493.096
591.348,106.660,142.438,485.520
591.980,103.971,149.245,490.212
591.166,112.203,144.814,480.427
591.742,108.579,147.315,473.389
590.657,112.035,146.604,466.868
593.856,107.973,148.937,460.930
591.774,112.357,148.899,464.152
594.555,112.280,153.455,460.997
595.881,116.107,153.968,459.436
596.445,118.875,154.658,458.886
596.055,120.390,151.951,465.145
599.699,119.539,153.918,461.573
603.149,122.438,149.525,456.658
605.598,124.491,150.013,453.992
605.200,125.995,149.056,456.056
604.201,127.773,150.887,457.736
605.466,127.678,149.654,456.685
603.188,124.832,151.683,456.153
600.148,124.090,149.667,457.636
598.333,125.375,155.211,457.535
600.091,121.318,148.737,459.424
597.458,121.356,151.214,454.658
594.996,118.002,147.712,456.415
595.134,116.900,154.185,458.489
588.360,115.953,149.748,457.853
592.155,115.190,151.878,446.726
593.554,109.768,146.315,448.846
599.707,109.816,144.235,450.211
599.144,107.655,140.011,446.605
604.882,104.872,140.634,447.870
608.325,112.480,136.146,450.067
613.555,111.715,133.372,455.765
622.635,116.401,131.722,459.441
623.704,119.414,127.944,457.946
627.382,118.260,131.255,462.502
630.341,125.676,130.730,460.628
634.176,129.404,132.100,468.383
636.382,136.012,131.830,456.516
636.844,135.916,134.829,448.904
639.691,138.524,134.828,453.540
636.984,146.753,138.519,456.786
635.794,141.414,143.848,464.510
630.572,146.502,146.445,445.408
625.394,146.462,149.764,449.317
619.232,145.793,158.453,445.110
615.831,143.525,166.187,449.378
614.009,144.054,163.799,448.742
615.207,137.380,168.639,446.763
608.551,137.633,163.030,439.402
616.381,131.381,161.611,432.037
611.090,125.619,155.112,423.929
614.925,121.846,152.129,423.582
618.695,118.831,147.241,419.111
616.791,120.630,146.274,422.239
617.006,120.227,146.608,428.537
615.891,122.963,144.161,436.986
613.389,126.081,145.530,445.229
614.359,129.661,143.181,444.006
608.558,131.671,145.019,445.058
609.660,136.628,147.406,457.934
607.916,132.880,141.048,463.635
613.187,131.728,137.342,471.209
610.090,133.953,134.393,466.210
607.973,132.058,136.770,462.357
603.784,136.543,140.235,456.739
603.978,134.964,138.560,459.472
597.704,135.824,139.904,454.904
599.344,134.359,139.582,449.581
597.285,132.885,141.520,449.953
595.594,131.905,140.950,440.655
594.545,128.088,137.411,433.763
600.659,124.319,135.091,429.326
599.310,121.021,133.503,434.259
604.822,122.447,134.313,428.408
608.934,118.050,127.587,437.701
611.772,117.338,129.053,433.835
613.808,117.968,125.249,434.858
614.521,116.712,130.344,433.467
611.498,119.162,130.129,439.266
611.771,118.116,132.166,449.295
610.406,118.020,132.025,445.581
609.218,122.195,135.327,441.728
607.127,129.416,138.761,443.915
604.889,132.679,138.827,442.416
601.768,130.169,144.642,438.288
596.004,135.015,148.770,432.832
594.886,137.662,151.384,438.988
588.784,141.150,161.163,438.476
587.727,141.092,162.176,444.117
586.061,143.141,165.496,443.445
584.377,145.166,168.237,441.420
583.393,145.377,170.078,444.323
582.838,144.974,168.199,439.050
579.776,139.971,167.585,432.913
579.654,138.016,167.379,423.961
579.636,134.439,164.163,422.296
579.525,130.256,158.173,419.587
585.989,121.726,151.872,415.599
577.209,116.502,151.145,416.823
582.671,113.636,153.081,408.901
583.840,108.706,142.400,408.385
588.481,109.744,142.323,405.418
591.500,106.583,138.948,409.712
594.591,105.141,132.100,406.890
597.302,105.459,128.222,403.508
596.742,109.242,129.158,407.901
598.495,114.666,129.264,409.021
598.657,115.572,128.942,413.456
596.904,121.580,130.213,416.913
597.792,117.102,130.184,421.103
598.929,130.787,131.007,412.199
599.838,124.436,133.676,419.546
600.734,130.437,134.884,420.823
600.896,126.565,134.536,415.628
600.474,132.264,136.365,409.410
601.179,130.064,131.425,410.873
602.329,134.269,132.094,414.569
602.027,132.439,133.487,422.149
599.236,130.573,130.476,419.335
596.127,130.924,125.647,414.600
592.685,132.039,127.871,417.910
584.642,131.070,131.525,413.623
583.823,129.293,134.029,405.855
579.417,125.178,141.581,395.897
571.751,121.162,139.962,399.125
567.527,113.117,148.061,398.395
559.397,108.100,147.720,399.680
560.433,101.110,157.161,407.392
558.418,97.415,150.771,404.175
559.491,87.208,156.753,407.816
562.580,82.559,149.608,404.441
564.565,78.978,147.937,398.083
564.767,74.524,146.566,397.159
568.395,76.375,142.266,397.062
573.561,84.990,140.944,390.855
578.598,93.583,140.300,384.807
582.302,99.904,140.045,378.829
586.097,121.882,140.237,368.759
588.401,117.859,134.884,365.548
585.741,138.585,141.956,368.502
590.072,145.511,138.984,361.437
590.581,157.193,144.718,367.797
593.694,167.754,146.159,379.902
597.410,173.292,148.994,385.573
601.035,184.697,150.357,381.505
601.957,192.968,158.789,375.490
604.588,198.340,165.200,375.947
606.449,204.741,170.264,368.915
609.522,205.308,175.135,361.943
610.293,213.989,178.017,345.642
611.603,215.934,177.556,343.149
611.241,218.721,178.811,338.930
607.622,218.468,175.232,344.797
607.290,214.759,175.148,352.283
601.710,215.114,178.649,368.480
602.169,215.797,185.988,389.273
583.172,211.945,196.068,402.615
560.556,199.029,192.437,410.098
550.099,188.686,181.490,407.587
540.224,180.742,176.740,408.045
529.615,168.254,175.184,411.382
524.859,154.948,168.054,420.405
512.324,143.743,168.184,428.237
507.756,131.823,162.509,427.594
503.248,119.382,159.328,427.735
497.656,112.015,157.698,427.713
493.154,103.241,155.840,423.074
485.274,91.753,156.489,431.763
480.536,83.015,153.993,437.571
475.297,76.627,150.070,436.935
469.003,66.349,150.059,440.814
460.169,64.615,150.351,439.353
455.423,59.152,150.234,441.133
448.425,57.714,151.261,438.822
438.823,55.762,156.862,434.837
430.907,54.908,163.378,429.496
422.618,53.080,169.790,428.366
414.527,56.669,175.469,428.832
411.714,57.394,180.669,424.155
410.741,55.785,181.035,416.201
411.613,58.224,184.449,406.836
412.281,53.502,183.879,409.402
415.642,60.644,184.835,398.564
416.441,54.277,183.797,397.160
420.892,62.188,183.829,387.500
424.601,55.548,182.878,396.117
432.076,58.506,180.172,397.599
439.681,62.465,179.863,394.036
453.622,63.344,175.159,388.670
466.387,73.941,167.990,379.837
477.723,78.471,164.184,372.844
488.767,87.292,159.221,362.748
498.592,95.660,157.980,348.403
506.578,111.994,157.509,344.901
517.030,119.526,154.509,341.016
525.558,131.499,152.907,339.477
534.710,134.866,147.472,335.541
540.332,148.226,149.353,313.638
545.114,147.924,152.188,307.154
550.601,157.179,156.416,300.343
558.392,156.665,153.919,303.237
562.065,162.803,157.138,306.013
567.017,162.702,158.957,331.516
572.608,162.514,166.574,361.348
579.894,172.109,167.607,372.402
585.981,167.404,173.708,383.907
589.165,170.430,176.550,375.228
592.236,170.366,177.569,373.184
596.128,173.467,183.373,372.569
602.087,178.129,185.495,373.751
605.423,179.869,198.584,385.709
608.446,179.060,206.137,405.112
608.165,184.190,210.702,416.397
605.877,180.008,209.171,411.189
606.848,182.101,205.781,417.988
605.319,175.735,195.149,413.273
606.865,175.539,183.904,417.683
605.481,169.175,173.324,420.123
603.249,160.702,160.580,424.984
602.351,157.490,154.264,427.492
599.108,145.386,143.791,437.066
592.925,136.401,138.041,439.934
584.404,133.926,135.484,437.002
577.478,125.440,130.215,434.115
570.158,118.964,130.828,436.505
563.404,111.086,127.771,431.341
554.523,102.669,128.426,432.091
547.466,88.210,132.900,434.424
542.487,80.098,134.064,428.951
540.190,70.806,134.557,432.658
537.775,64.900,133.375,428.831
539.130,62.637,132.158,429.094
538.146,57.569,132.878,432.208
539.576,54.170,127.501,428.708
539.818,56.753,125.650,429.564
541.303,56.872,124.982,429.765
542.958,54.060,121.970,430.476
544.653,59.980,122.657,431.224
550.764,57.046,117.552,436.757
548.438,65.021,119.745,431.799
550.784,67.664,121.205,430.528
553.844,71.830,118.745,427.505
556.545,82.528,119.244,432.226
561.952,84.021,117.628,435.353
565.401,88.680,121.406,440.787
567.197,95.946,130.318,448.732
567.245,101.378,134.873,446.771
571.133,109.089,138.941,445.440
576.654,118.114,141.685,440.331
582.193,120.362,143.517,436.631
584.290,120.424,147.295,444.507
588.109,126.527,144.400,433.459
588.516,127.685,144.786,443.587
590.079,133.286,136.671,431.612
591.271,135.399,132.341,428.173
594.188,140.094,130.292,419.121
594.060,141.667,132.589,412.384
593.089,140.459,133.617,403.683
594.922,141.292,134.433,406.620
599.860,139.222,132.880,410.539
602.511,134.131,130.907,410.870
605.237,129.740,128.586,407.267
607.520,131.607,127.710,410.082
606.213,128.797,134.481,412.623
606.111,126.602,135.895,420.055
607.174,130.046,138.529,430.601
606.560,130.286,139.418,438.212
605.776,128.726,143.377,443.534
601.981,128.517,144.594,451.354
600.720,127.394,145.444,455.695
603.623,128.152,148.129,457.205
597.846,127.558,149.283,458.345
592.729,130.432,149.609,454.971
589.466,131.474,147.683,447.859
589.484,131.466,144.862,448.640
585.245,131.632,142.648,448.630
585.145,134.318,143.052,442.904
584.473,130.395,140.264,441.028
578.535,128.801,142.071,434.624
580.628,120.915,140.284,430.267
576.450,117.453,141.807,425.683
581.581,113.301,144.240,417.036
579.907,116.634,143.070,423.119
584.600,107.735,142.013,418.357
586.385,111.959,143.304,422.580
591.048,106.684,139.582,422.207
599.815,107.114,140.786,426.292
604.430,101.831,133.898,425.468
609.368,101.081,132.174,428.604
614.687,98.958,127.609,432.603
616.594,97.138,126.875,438.043
619.566,94.149,128.032,439.787
620.379,93.140,126.774,439.679
625.125,91.956,125.518,437.757
627.663,89.771,124.584,442.908
629.336,88.380,124.916,444.957
632.945,83.664,125.627,445.627
635.196,82.330,127.227,447.132
636.969,82.069,131.915,456.969
634.682,78.814,132.828,457.304
631.733,80.457,133.257,463.172
633.727,79.163,134.270,468.034
632.947,79.702,139.725,465.848
636.930,74.982,139.405,465.513
637.493,68.649,143.626,467.884
636.571,67.021,145.888,467.543
634.843,66.957,148.037,470.909
632.567,69.730,148.804,468.680
632.082,69.311,146.791,463.956
636.369,73.479,142.389,453.936
633.424,79.414,138.208,445.038
629.182,82.071,136.709,443.490
628.914,82.922,135.257,444.382
629.265,83.059,132.854,437.256
627.911,80.603,132.801,435.780
627.566,82.270,129.670,434.019
625.367,82.818,125.474,437.603
622.075,86.943,124.908,438.251
619.526,91.137,123.606,441.709
617.335,94.810,124.115,439.517
613.638,96.466,127.441,443.013
605.912,97.881,132.751,447.936
595.934,102.361,137.675,452.417
584.549,108.936,139.940,458.624
580.207,109.911,138.625,464.549
567.076,116.251,147.358,467.133
557.853,125.264,154.029,463.221
554.758,124.257,157.180,461.158
554.468,119.334,156.195,461.091
555.066,119.976,154.626,453.348
557.277,118.193,152.116,443.116
557.098,110.950,147.622,437.619
559.214,108.509,146.180,433.155
556.687,101.138,142.247,425.357
561.500,94.852,139.585,419.825
559.083,89.265,138.370,416.694
566.059,86.755,133.581,409.031
570.843,80.740,128.017,404.710
569.932,79.892,127.563,400.722
569.808,77.569,126.040,393.688
571.793,85.250,127.228,390.817
570.562,91.327,123.535,395.864
569.506,101.380,121.022,405.016
573.604,109.267,118.744,402.686
568.252,117.620,118.631,424.747
561.888,128.472,123.576,421.871
559.950,134.420,126.393,429.008
555.056,139.613,127.201,432.548
557.051,147.348,125.871,417.177
555.778,149.703,122.862,415.707
555.825,158.913,122.089,412.792
560.359,156.803,120.814,412.851
561.838,162.940,118.313,408.090
566.188,158.613,118.138,405.581
567.122,153.767,116.982,406.010
566.585,153.306,116.175,401.273
566.892,149.786,115.737,399.428
565.651,145.163,117.788,398.593
565.490,139.526,120.241,393.915
567.147,137.338,121.492,378.496
563.342,133.227,121.186,368.544
561.850,142.108,129.039,366.589
560.697,138.733,129.608,357.167
557.980,145.455,131.217,363.240
559.365,144.098,131.599,364.887
560.675,152.581,131.086,374.565
561.232,155.226,133.373,389.590
561.846,154.523,134.056,391.608
562.710,165.698,133.979,402.236
563.509,160.359,131.251,403.186
564.415,170.640,132.401,398.281
568.063,170.177,134.918,395.369
570.354,175.752,139.567,393.913
571.309,175.894,147.214,406.984
572.428,176.560,150.014,405.937
570.520,176.405,151.649,408.405
564.406,174.436,153.830,403.614
559.333,175.413,151.704,409.481
550.072,174.127,149.659,403.514
547.675,175.017,150.477,396.733
545.718,167.949,144.533,397.544
543.357,165.660,138.646,390.247
537.513,164.530,138.061,386.373
531.999,155.478,141.477,387.091
527.192,148.322,140.651,386.794
524.464,143.608,142.994,385.180
521.954,134.938,139.343,383.436
521.182,129.744,142.178,384.149
520.619,121.723,140.199,389.885
521.074,122.281,140.910,393.263
524.749,119.478,139.163,388.931
527.905,123.359,136.001,379.377
532.330,122.005,136.400,375.691
532.998,129.032,136.548,374.900
535.779,136.904,136.293,361.114
536.352,139.618,136.565,355.338
536.250,151.295,137.266,346.168
538.061,154.282,136.325,339.249
538.764,164.438,138.731,341.247
541.078,161.880,142.889,330.098
542.604,173.042,141.223,338.787
546.309,173.162,144.464,329.371
547.610,180.121,147.553,340.914
549.137,183.524,151.027,341.867
554.067,187.145,151.703,348.508
559.285,190.753,153.148,353.431
565.333,195.686,154.455,360.676
568.367,198.140,158.166,368.428
570.445,202.995,162.370,369.668
572.575,203.704,165.758,376.261
577.699,206.821,170.036,375.672
580.934,211.901,172.305,374.823
584.809,213.462,176.780,374.971
587.218,217.360,177.015,378.801
591.162,223.011,183.106,383.337
594.648,227.095,183.105,389.198
596.713,224.496,178.675,394.765
598.125,236.773,179.525,396.618
596.274,230.259,172.138,403.333
594.304,236.602,171.533,399.805
582.807,229.524,172.870,403.774
568.091,229.969,172.121,394.691
557.493,236.891,175.929,408.593
560.981,232.100,164.338,408.214
552.068,229.013,158.363,405.518
546.912,217.543,162.819,399.831
544.884,204.465,154.049,392.549
540.584,200.324,153.548,398.457
535.755,184.475,148.747,400.091
531.797,180.137,145.808,400.029
528.205,171.909,150.469,396.964
521.440,159.743,151.714,397.394
521.583,155.429,153.672,396.159
516.646,149.960,156.027,397.534
513.184,146.573,158.010,396.211
514.034,150.540,158.298,390.652
512.051,157.028,161.262,385.489
514.530,165.082,157.811,379.267
518.728,175.268,155.004,372.101
521.531,177.046,153.308,374.716
521.996,187.364,153.360,373.173
519.920,194.390,153.149,384.212
521.465,200.958,150.884,381.537
523.925,206.825,152.032,370.141
525.071,212.506,151.604,368.070
527.227,217.333,152.229,366.586
529.587,220.742,152.870,375.856
531.584,225.493,153.765,383.497
533.485,234.351,155.144,389.438
535.177,242.651,162.010,393.566
530.002,248.598,174.055,401.603
529.924,257.227,184.314,408.306
529.875,261.869,195.002,417.726
527.717,270.693,206.020,419.347
527.320,277.794,218.151,421.376
523.041,281.130,227.085,428.086
524.891,286.465,233.118,426.045
525.003,292.032,241.908,422.375
524.527,301.038,249.995,417.055
522.518,305.499,247.846,406.656
519.601,309.459,246.242,401.278
523.584,316.086,248.826,396.829
520.753,317.802,249.853,396.341
518.114,321.171,247.235,394.325
520.341,320.434,240.559,394.270
514.371,319.885,230.508,399.156
510.816,318.136,222.792,398.959
503.922,313.432,212.103,402.642
481.550,306.766,211.457,405.362
443.573,306.701,225.561,413.847
416.153,301.994,246.221,411.752
397.532,286.684,263.934,430.085
388.447,274.591,255.791,439.336
374.209,237.526,277.727,460.871
348.417,222.370,297.474,481.810
345.069,202.551,306.365,501.338
340.334,165.197,307.783,511.408
331.883,133.914,312.426,526.058
324.310,99.323,317.683,540.073
320.645,80.162,329.293,551.576
306.544,49.628,336.864,554.298
290.828,48.065,334.318,554.942
273.764,47.963,324.171,546.097
258.792,44.058,316.770,539.387
259.454,31.266,311.010,523.353
255.686,20.166,300.634,526.180
254.692,22.063,284.487,517.997
257.567,22.374,277.714,523.488
265.288,35.531,266.815,520.165
270.986,46.460,264.476,516.676
275.471,62.530,262.853,512.393
281.070,79.251,264.154,514.839
290.536,95.160,279.453,527.684
303.220,127.911,297.209,530.342
320.659,163.961,303.568,496.362
315.216,187.166,279.074,488.058
313.530,183.045,240.911,478.536
298.539,202.388,224.276,474.339
304.199,201.080,229.645,453.828
300.296,215.385,233.254,445.863
303.537,209.432,248.124,435.758
297.817,216.393,255.845,438.533
305.600,217.136,266.090,438.682
308.927,217.139,266.213,432.140
324.821,218.767,260.917,441.564
328.910,205.080,267.214,467.671
339.805,202.565,273.327,471.182
348.334,224.240,276.964,461.307
360.715,230.887,273.807,465.172
385.954,239.834,261.085,464.566
397.829,238.182,255.549,471.016
419.400,257.222,245.954,456.760
426.957,261.425,243.788,457.845
440.120,274.865,238.601,443.740
447.349,284.940,238.508,439.334
444.449,299.427,249.054,420.710
461.866,305.291,251.464,417.892
469.715,316.218,250.387,409.780
480.773,324.226,255.406,402.335
487.512,336.434,254.534,382.946
493.070,337.238,260.499,374.604
499.923,344.152,256.934,368.456
498.718,340.187,245.624,372.079
507.627,338.424,240.117,381.345
513.758,335.305,226.772,397.195
524.317,328.857,222.104,384.890
537.689,327.234,217.599,397.671
540.983,312.452,219.711,407.638
531.542,309.216,233.964,416.501
522.111,304.717,247.558,412.269
509.342,297.914,263.769,421.131
497.164,293.407,277.170,420.967
481.858,284.496,294.898,417.241
466.452,281.545,314.322,424.730
447.674,276.869,324.071,426.689
452.105,274.142,312.616,423.956
457.279,276.750,305.793,422.315
472.345,281.202,295.577,418.217
466.931,281.163,294.522,417.735
481.680,286.123,278.088,418.923
506.969,285.565,251.464,416.979
527.815,282.169,225.418,408.780
544.722,281.742,213.633,413.637
542.992,283.169,203.914,420.366
550.050,276.623,201.662,428.072
547.792,283.320,192.602,420.823
