529.000,55.000,49.000,134.000
524.136,69.275,53.166,140.030
522.182,84.372,52.310,140.651
521.242,92.125,52.627,139.049
516.918,100.439,53.353,137.264
513.404,108.390,52.001,136.326
509.508,114.283,53.700,136.791
506.380,121.739,51.834,136.021
504.255,126.792,50.573,135.123
503.198,130.738,49.171,134.172
500.308,133.819,48.548,134.359
498.244,137.004,48.548,132.129
497.086,138.212,47.915,131.842
495.613,137.457,48.498,133.031
495.080,136.216,48.533,133.447
493.357,135.247,49.386,135.116
491.401,133.586,51.043,138.306
491.419,132.535,51.337,139.063
489.441,134.508,51.078,138.129
489.519,134.754,52.827,138.833
489.566,137.411,52.134,137.556
490.705,137.441,52.750,137.646
491.645,137.827,53.162,136.530
493.001,138.189,54.402,135.254
493.231,140.959,53.373,132.345
494.962,143.616,53.295,129.806
499.099,146.542,54.034,127.606
499.323,144.633,54.033,127.206
501.026,143.596,53.173,129.333
504.630,143.321,53.022,130.034
508.808,141.617,51.548,132.251
510.732,141.909,52.494,132.204
513.355,141.002,51.698,131.717
518.412,140.627,52.064,133.428
522.756,138.876,51.502,135.022
525.328,136.826,50.871,134.666
528.378,135.268,51.240,135.746
528.816,135.130,51.558,135.141
531.669,136.626,51.033,133.129
533.005,138.159,50.960,129.273
533.683,137.685,50.634,126.746
534.167,136.358,50.365,126.147
532.434,134.258,50.139,123.852
536.726,122.649,50.953,127.233
537.700,121.202,49.238,124.152
540.753,124.156,49.079,122.787
544.077,124.050,49.063,123.761
545.631,122.398,48.185,121.462
545.464,124.801,48.079,118.209
544.352,127.347,48.289,115.676
544.614,126.855,48.306,115.278
545.341,125.610,48.533,115.219
549.129,126.354,46.706,114.583
542.004,128.323,48.184,113.333
547.508,127.628,49.329,117.535
544.513,130.347,49.185,112.655
541.624,132.499,48.266,111.575
546.314,134.156,47.038,110.507
550.190,138.513,47.208,108.546
547.109,146.331,47.452,108.959
550.937,148.712,44.278,106.407
550.449,149.096,43.499,106.040
550.375,148.558,43.352,105.724
546.073,147.912,43.981,104.671
547.347,150.647,42.196,104.337
544.945,149.714,44.180,103.750
547.204,153.503,43.692,102.266
551.031,153.392,44.969,102.832
546.557,156.699,45.393,100.510
545.940,161.249,43.980,99.597
544.395,161.759,44.188,97.760
544.965,162.946,42.392,96.996
546.488,165.613,41.441,99.890
545.900,168.670,41.803,101.107
547.228,174.651,40.349,101.113
546.909,176.835,41.730,103.174
546.025,178.107,41.982,104.058
542.582,181.981,42.994,106.328
543.311,184.430,42.030,104.253
547.360,188.243,41.239,103.291
547.312,192.154,41.130,99.260
545.511,199.226,40.650,98.237
545.989,203.270,41.027,96.005
545.370,205.227,42.064,94.223
545.945,204.159,43.112,95.937
541.449,205.318,44.489,96.375
542.489,204.915,45.749,94.859
542.281,209.404,45.839,93.188
543.006,203.610,46.204,95.856
541.661,203.046,48.664,95.307
535.693,208.066,50.400,93.988
536.532,203.748,50.137,94.984
536.403,203.568,51.613,96.782
535.384,200.875,51.706,96.417
535.541,202.124,50.395,95.887
531.619,200.942,49.834,95.702
537.919,202.645,45.526,95.550
535.423,202.658,45.310,96.170
537.423,205.853,43.662,97.007
536.284,204.784,43.579,97.195
534.608,210.334,43.009,98.297
537.262,210.238,42.094,98.074
537.553,210.393,42.420,97.940
538.197,213.693,42.627,97.656
537.536,213.552,43.136,98.693
537.850,215.810,43.987,98.878
536.043,217.540,43.638,98.991
537.774,218.438,45.089,96.869
541.609,216.395,45.253,96.407
537.831,222.097,45.675,95.470
539.595,226.645,45.653,97.272
541.855,228.198,45.225,96.194
541.659,227.651,45.671,95.771
543.362,228.359,45.063,96.332
543.698,228.959,45.135,95.876
544.711,230.042,44.477,96.604
542.740,231.733,45.140,96.457
543.903,233.637,45.635,97.165
543.576,235.437,46.396,96.640
543.150,237.803,46.621,95.671
543.869,237.334,47.301,96.306
545.664,238.174,47.211,95.901
545.258,240.499,46.918,94.677
546.304,241.909,46.980,94.075
549.437,243.569,45.196,94.336
551.522,244.972,43.531,94.070
549.491,245.272,44.167,92.606
549.636,243.968,44.400,92.632
549.660,246.152,42.949,90.109
549.818,245.146,43.329,91.592
552.368,246.055,42.939,92.772
553.933,246.447,43.887,93.056
553.352,247.417,45.093,93.432
553.270,246.873,45.208,93.381
553.399,246.575,44.809,93.447
553.337,247.280,44.580,93.011
554.352,247.277,45.162,92.416
551.865,246.736,45.158,93.419
553.125,247.259,45.620,94.585
552.008,246.201,46.625,95.916
551.838,246.304,46.088,96.796
549.079,247.568,47.256,96.416
546.635,246.385,46.586,97.000
547.331,246.202,45.918,97.349
549.351,244.897,44.844,97.448
549.482,246.187,44.794,96.750
550.182,247.997,45.150,96.440
551.012,249.026,45.756,94.367
550.409,249.662,46.292,93.451
551.161,249.919,46.043,94.009
550.719,249.406,46.143,94.194
551.115,249.791,45.709,95.351
549.258,248.100,46.103,95.672
549.849,249.095,45.739,96.928
551.369,248.784,45.368,99.072
551.398,249.952,44.807,100.215
553.430,251.616,42.656,101.115
553.440,253.341,42.564,99.640
554.708,250.578,42.501,100.845
555.561,250.796,41.818,101.279
554.505,252.628,41.951,99.561
554.707,250.429,43.069,99.843
553.823,254.177,45.030,100.153
555.042,256.139,44.372,97.448
554.691,253.453,44.887,96.963
555.369,254.409,44.301,96.458
555.628,256.221,44.808,95.565
553.075,253.101,47.138,96.638
552.352,251.427,47.081,94.668
552.042,250.674,48.187,94.971
553.270,250.803,47.355,96.397
552.523,250.140,47.193,96.188
551.729,249.219,46.551,97.871
552.286,248.055,47.260,98.817
553.015,247.838,46.744,99.965
554.058,244.941,46.305,100.264
553.564,244.580,45.572,101.086
553.964,242.419,45.169,101.878
553.151,239.385,45.951,101.614
552.063,237.551,45.910,102.127
551.664,234.772,47.010,103.500
550.785,233.644,48.440,104.569
550.173,232.256,48.809,103.961
549.815,229.750,49.430,105.192
551.132,227.690,49.384,105.275
551.361,224.083,50.317,105.754
550.586,221.938,51.240,105.454
551.008,219.227,51.817,104.862
551.363,217.348,52.282,104.324
553.286,213.506,52.070,103.521
554.038,211.492,52.201,104.243
555.001,208.200,52.301,104.940
556.587,208.252,51.482,103.340
555.644,204.818,51.965,103.740
555.355,203.592,52.687,104.626
557.335,202.793,52.747,106.033
557.348,199.089,52.588,106.300
558.584,198.362,51.481,105.489
558.652,196.229,50.731,106.175
560.832,194.933,51.296,106.152
560.314,193.961,50.812,105.328
560.264,189.869,51.410,107.448
559.616,189.554,52.143,107.294
560.153,190.685,52.142,107.686
560.336,190.287,51.626,106.796
559.996,189.813,51.167,105.475
560.199,189.813,52.524,104.752
559.537,188.353,52.057,104.475
558.471,189.094,52.913,103.061
558.724,188.620,53.295,102.219
559.960,188.215,52.375,101.721
559.462,188.457,51.666,101.243
557.962,188.599,50.278,102.459
558.044,187.556,49.106,105.483
557.542,188.577,48.961,105.126
557.346,188.716,48.236,104.513
556.579,188.832,47.989,104.853
555.250,188.266,48.590,105.210
555.150,185.861,49.287,107.067
553.344,188.175,48.274,104.071
551.968,187.943,49.479,106.435
549.887,188.517,49.793,105.770
549.767,189.377,48.857,105.163
548.433,189.193,47.786,105.379
550.254,191.369,44.711,102.019
548.045,191.789,44.193,101.998
546.850,193.476,42.671,101.182
547.762,195.122,42.348,97.436
546.194,195.636,42.208,96.343
545.976,196.130,42.304,94.796
546.429,196.774,42.076,94.326
545.789,196.599,41.832,94.218
546.181,195.399,41.637,95.521
545.465,194.677,41.315,96.231
544.934,193.076,41.471,97.688
544.386,193.231,40.956,98.685
544.263,192.243,41.972,99.780
544.193,193.010,42.197,101.514
544.128,193.523,42.446,100.304
544.782,195.308,42.711,99.834
547.087,193.364,44.336,99.384
545.480,192.016,44.885,99.719
546.451,190.227,46.355,103.358
546.032,189.115,47.640,104.175
546.647,186.434,48.973,106.309
547.858,181.809,51.038,111.110
547.216,182.109,51.325,110.368
546.543,180.654,51.539,110.897
544.810,180.382,52.334,111.377
544.860,181.472,53.225,110.098
544.631,182.572,51.565,109.379
544.398,181.495,51.685,109.351
546.554,181.757,50.177,110.405
547.833,180.958,49.830,109.889
546.934,180.153,49.289,111.927
547.600,177.815,49.516,113.358
548.668,179.306,48.296,111.237
547.293,176.796,49.229,114.907
548.080,172.776,50.551,117.832
549.135,178.135,49.518,112.868
548.167,173.951,51.531,115.570
547.787,174.537,50.618,113.301
547.170,174.175,52.198,114.161
546.532,172.887,53.056,114.089
546.832,174.742,53.485,113.313
547.082,173.688,54.565,115.444
547.753,171.448,54.580,114.864
548.775,172.403,54.669,113.256
548.584,172.130,56.053,113.670
547.317,170.963,56.523,113.698
547.991,171.068,56.619,112.929
547.629,169.830,56.420,114.358
547.457,169.219,57.896,115.569
548.462,169.598,58.134,114.981
548.447,168.934,56.588,116.170
549.386,169.171,58.725,117.554
549.258,168.358,57.344,116.684
549.560,168.364,59.156,117.534
549.974,166.731,55.823,119.757
551.995,167.003,55.461,118.335
552.966,168.184,56.179,118.262
553.009,165.723,54.354,120.808
557.398,166.899,53.270,118.533
556.661,166.978,51.045,120.299
558.017,166.958,51.568,120.393
558.603,165.977,50.244,120.169
559.099,165.772,48.731,119.025
558.694,166.100,49.195,117.379
559.481,167.143,47.332,114.637
558.025,167.163,48.207,115.324
557.397,167.314,49.502,117.007
556.580,167.412,51.573,116.821
553.933,168.038,51.944,115.682
553.034,166.792,55.290,116.373
551.291,166.262,55.177,116.883
553.062,166.873,53.610,116.261
552.029,166.459,54.391,116.327
553.539,165.318,51.550,116.944
553.356,163.598,50.192,117.562
553.255,161.995,51.385,117.144
553.351,159.962,51.110,119.607
552.560,161.967,49.584,118.654
554.312,161.745,47.004,117.563
552.774,164.695,46.332,116.963
552.404,165.929,46.029,116.068
552.506,166.444,46.235,113.846
551.462,167.729,47.022,112.651
550.396,167.985,46.038,110.165
549.558,169.026,46.118,110.539
549.057,170.487,45.976,110.126
547.387,171.880,46.008,108.453
547.388,174.753,45.618,106.975
548.716,175.152,45.693,107.233
547.644,176.044,45.690,107.724
547.619,177.083,44.929,107.603
545.106,179.217,44.425,107.574
544.405,180.952,43.792,108.178
546.241,180.247,43.480,106.696
545.863,181.000,43.590,107.110
545.215,182.797,43.921,107.611
545.419,185.634,42.473,104.957
543.990,188.607,42.121,103.457
546.581,190.563,41.581,103.001
546.053,194.099,41.175,101.253
545.991,193.668,42.283,99.789
546.285,192.738,43.186,99.707
546.791,193.429,43.599,99.759
546.357,194.079,43.977,99.457
546.515,192.667,44.023,99.765
546.339,192.785,44.400,99.839
546.353,193.279,44.588,101.510
546.143,192.156,45.689,103.172
545.697,191.400,46.699,104.673
544.356,191.005,47.785,106.452
542.431,191.639,49.380,107.646
542.337,190.699,49.923,108.860
541.485,189.987,50.779,111.279
542.095,190.217,50.732,113.723
541.738,191.430,50.596,115.275
542.108,190.206,49.871,115.309
540.836,189.948,50.886,117.521
542.085,191.807,49.898,116.910
542.086,194.291,49.920,114.960
542.254,196.739,49.354,114.622
543.544,199.021,47.653,113.127
542.406,200.649,47.897,113.125
542.897,202.741,47.105,112.930
545.152,204.116,45.768,112.941
544.927,205.660,46.316,112.481
545.218,205.289,45.153,110.978
544.858,207.547,45.738,109.958
546.657,208.902,46.994,108.773
546.519,211.133,46.448,105.998
547.499,214.728,44.885,103.911
549.042,220.009,45.196,101.259
548.013,221.959,45.940,98.801
548.835,223.511,45.974,97.354
551.252,224.936,45.662,97.088
550.914,226.075,45.909,97.741
551.732,227.906,46.835,98.230
551.828,229.328,47.038,97.872
552.641,228.366,47.168,99.032
553.708,229.099,46.851,99.803
554.413,230.534,47.067,99.993
555.326,233.861,46.716,98.683
557.764,235.658,46.557,97.440
558.478,236.645,45.998,96.380
560.436,236.708,45.035,96.936
561.907,237.586,45.052,97.023
562.998,237.839,44.569,95.647
562.932,239.108,44.534,96.216
563.714,239.047,45.292,95.325
565.546,236.374,45.754,95.922
564.067,235.079,45.072,95.827
564.088,235.778,45.099,96.959
565.559,237.583,45.369,96.660
565.512,238.960,45.793,95.882
566.132,238.609,44.641,96.150
568.706,238.182,42.501,96.380
570.351,240.044,41.331,94.485
570.336,241.544,41.233,93.886
570.899,241.579,40.205,93.952
570.471,242.236,40.316,93.878
571.659,241.538,40.017,93.684
571.279,243.344,38.431,91.755
570.534,241.864,39.407,92.215
570.772,240.143,40.431,94.763
570.589,241.014,41.516,95.749
569.634,238.753,42.453,96.956
569.729,238.865,42.712,98.180
570.066,239.312,42.369,98.490
569.937,239.520,42.787,99.826
570.894,240.604,44.749,100.667
569.534,242.246,43.725,99.433
571.787,242.910,45.939,99.620
572.478,245.845,44.638,97.770
573.406,248.211,45.741,97.364
573.833,247.523,45.567,96.948
574.274,252.683,45.782,94.586
576.037,254.195,45.846,94.162
579.250,254.892,44.374,94.120
578.934,255.656,44.423,93.372
579.463,260.214,44.593,92.909
582.511,260.764,42.537,91.996
581.960,261.605,42.297,91.325
582.523,265.201,42.842,90.645
580.834,266.650,43.150,89.477
582.415,264.675,43.721,92.470
580.731,261.467,44.857,91.902
581.761,258.507,43.851,92.184
583.473,251.549,44.231,92.420
583.478,245.562,44.534,92.885
585.296,239.781,43.816,92.892
585.406,232.312,44.848,94.402
586.354,227.315,45.027,95.061
587.256,219.919,45.291,96.972
589.560,215.666,42.972,96.246
591.689,208.424,43.427,97.753
592.389,202.097,44.358,98.969
592.987,200.736,44.935,97.804
593.039,196.620,45.100,98.267
595.226,191.586,44.571,100.328
595.911,188.043,44.586,100.981
597.270,185.721,44.866,100.434
599.601,182.788,45.064,99.846
601.198,176.556,44.235,99.910
600.824,177.204,46.373,97.248
599.089,174.392,48.961,97.589
598.596,172.768,50.164,97.365
599.071,169.313,51.234,97.505
599.362,166.584,52.723,97.853
598.680,167.520,54.582,98.584
598.579,166.085,55.208,100.291
598.271,164.583,55.689,100.147
601.834,164.494,54.547,98.875
601.328,163.671,54.269,98.855
600.684,165.470,55.609,97.247
601.067,164.700,56.723,98.140
601.014,164.694,56.273,98.477
603.019,163.921,56.121,99.031
603.434,162.902,56.308,99.482
602.550,165.254,56.730,100.262
602.338,168.759,56.805,100.173
603.645,173.169,56.256,104.723
606.197,181.511,55.367,104.652
607.735,190.537,55.326,104.978
608.513,200.375,53.836,104.512
610.785,207.380,54.036,103.833
612.051,213.895,54.337,102.169
611.160,218.027,55.515,103.167
612.703,219.871,57.556,105.548
612.065,222.890,57.563,106.541
610.573,227.949,58.612,107.279
607.869,229.164,62.195,108.526
608.545,230.562,62.683,108.135
605.092,233.567,63.307,107.720
604.434,235.101,63.166,107.845
600.975,236.628,64.046,107.134
597.838,239.537,64.276,105.583
596.184,240.578,67.775,107.631
594.683,241.231,70.499,109.612
594.162,240.971,72.567,111.624
592.186,240.484,74.492,112.600
592.687,241.778,74.848,112.003
592.902,239.589,76.199,113.187
591.951,241.194,77.910,112.677
591.940,242.906,79.918,113.059
591.865,243.348,83.356,114.126
591.638,245.263,86.861,113.601
592.154,247.295,89.528,113.820
591.586,248.069,92.032,113.348
590.122,247.867,92.488,112.962
589.007,248.439,94.217,113.033
592.045,249.182,93.548,112.537
591.666,250.423,94.709,111.851
592.533,250.490,94.925,111.818
593.130,250.832,93.113,112.413
594.972,252.534,91.476,111.736
595.940,251.505,91.283,111.814
596.389,252.699,90.635,110.659
598.780,254.484,88.839,108.150
599.260,252.419,88.855,109.366
599.386,253.825,91.203,110.571
598.087,253.779,92.602,112.150
598.484,253.065,92.358,112.619
600.244,254.578,92.037,110.850
601.457,253.874,90.731,111.273
603.622,256.646,89.121,111.518
604.526,254.790,87.964,111.264
607.075,256.460,86.415,111.866
609.438,255.776,85.039,112.678
610.128,255.461,83.361,112.072
610.902,256.177,85.359,112.527
609.385,253.683,86.857,112.260
608.954,254.527,89.480,114.206
608.397,256.423,92.535,112.899
609.168,255.706,92.399,111.413
613.696,257.234,90.493,110.957
613.740,257.727,91.255,111.537
615.803,257.160,89.375,111.760
618.220,255.363,87.901,113.133
616.259,255.994,89.407,112.669
615.812,257.150,91.905,113.191
614.629,257.052,90.063,113.715
615.877,255.969,95.112,115.345
617.014,256.490,90.867,114.096
616.619,256.627,91.807,115.411
617.755,255.527,94.701,117.624
619.421,255.918,92.193,116.966
623.934,254.613,89.464,118.035
624.719,255.902,88.835,115.389
627.587,257.038,87.180,114.163
632.567,257.650,80.225,111.705
633.095,255.628,81.333,112.563
633.573,254.667,81.413,113.042
635.781,255.451,80.582,112.178
636.582,253.779,77.878,111.954
639.605,253.264,76.870,112.039
641.203,253.617,75.400,112.706
641.816,253.798,76.615,113.175
640.799,251.771,77.535,113.921
641.617,251.012,78.681,114.187
641.148,250.573,81.382,113.912
642.622,251.348,82.071,113.279
644.347,251.660,80.873,112.820
646.920,251.902,80.655,112.358
645.921,250.060,82.224,112.367
648.985,250.009,81.248,110.127
646.875,250.378,81.878,109.816
649.103,248.243,81.505,110.819
650.307,250.245,79.085,110.953
651.334,249.202,78.793,111.408
653.234,248.638,77.837,111.514
654.839,244.668,76.568,112.217
651.085,242.963,78.308,110.813
650.122,241.854,80.786,112.635
652.775,239.431,82.721,113.277
650.685,238.689,83.592,113.581
652.431,235.555,85.285,113.494
652.832,236.948,85.453,111.106
651.774,238.619,86.113,110.729
652.048,238.103,87.012,111.527
651.868,235.236,87.844,112.790
652.681,235.874,88.432,111.485
655.096,233.542,85.927,111.369
655.442,234.001,87.628,112.397
654.211,233.107,88.525,114.960
653.350,231.981,89.915,117.798
654.721,230.589,89.490,118.911
655.712,228.088,87.129,118.755
656.767,225.153,84.056,117.004
654.709,220.456,87.259,117.971
658.914,216.820,82.044,117.156
659.115,211.108,82.427,118.674
660.905,212.921,80.027,113.289
661.008,205.700,78.076,111.631
661.626,201.733,76.071,111.644
662.326,193.965,73.259,114.168
665.390,191.337,70.998,112.940
665.896,185.129,69.373,112.369
665.088,182.969,69.430,112.204
663.675,181.203,70.002,112.199
665.284,180.759,69.792,111.356
661.262,180.294,69.973,110.148
661.075,178.626,71.958,111.182
658.492,180.248,73.220,110.846
656.388,181.723,74.931,110.425
654.699,184.769,76.253,109.391
655.703,187.169,75.341,108.262
655.431,189.531,74.924,107.482
654.874,193.487,73.599,107.955
658.722,201.455,71.300,108.751
659.748,215.411,71.259,110.610
660.957,226.452,69.406,112.038
662.661,239.939,68.116,112.996
661.054,251.480,70.163,111.705
658.328,264.053,69.127,106.941
658.694,270.229,71.403,108.984
658.204,277.822,72.414,110.503
655.318,283.634,72.044,108.821
656.537,286.871,72.936,109.859
656.382,290.861,72.936,109.757
654.909,293.314,73.615,109.475
652.068,295.024,75.514,110.697
651.571,296.534,76.968,111.164
649.679,297.102,77.732,111.542
647.280,297.234,77.754,112.747
647.529,297.501,79.431,114.123
644.883,297.919,80.204,113.896
646.859,300.562,79.409,112.765
646.818,301.648,77.902,112.339
646.655,301.544,80.017,111.912
646.646,303.013,77.407,109.554
648.974,303.864,77.353,110.698
650.017,304.001,72.345,109.383
653.869,303.576,70.610,110.331
653.093,300.739,67.054,109.105
653.463,301.179,65.381,109.322
653.625,301.361,64.544,108.394
651.974,301.167,64.106,108.256
652.000,301.168,64.050,108.996
650.893,300.293,63.945,109.644
652.158,299.131,63.083,109.790
652.780,297.111,62.668,109.697
651.715,295.100,63.919,110.826
650.725,293.483,64.721,110.546
651.412,288.198,66.720,112.875
652.524,289.263,66.990,111.016
653.214,284.977,64.650,110.135
654.298,285.130,65.471,109.460
656.895,281.600,66.095,108.680
656.368,280.021,64.510,108.107
656.606,274.283,64.494,108.864
656.871,271.235,64.805,111.913
656.702,267.876,63.165,111.114
656.900,264.897,62.031,109.575
655.162,258.735,64.274,110.317
652.500,258.546,64.644,108.935
654.144,256.836,68.128,109.824
652.208,256.644,68.508,107.681
650.681,250.783,70.080,107.913
651.135,247.977,70.362,108.174
655.084,249.380,67.703,107.235
659.219,245.039,64.387,108.492
660.253,244.788,63.362,107.666
659.513,242.797,65.520,108.959
661.613,240.899,61.672,107.347
660.196,239.147,62.859,109.168
661.220,235.751,63.231,111.319
661.514,237.194,63.812,110.910
662.577,234.306,61.497,112.376
664.029,232.774,61.249,112.938
665.037,231.485,58.494,112.870
665.709,231.068,58.364,111.626
665.349,230.019,58.235,110.966
667.039,230.401,57.425,109.298
667.526,229.168,55.975,108.726
667.260,227.790,56.107,108.568
665.874,228.059,56.535,108.736
663.180,230.514,56.294,107.952
660.749,229.989,56.394,106.597
661.926,225.764,57.017,107.614
664.357,223.902,54.841,108.600
665.213,221.882,52.303,109.090
665.809,222.379,51.847,109.461
665.466,222.503,52.375,108.788
669.756,222.078,52.139,107.665
670.746,223.206,52.345,105.538
667.928,222.185,52.125,104.323
665.773,212.924,51.221,105.305
662.679,213.681,49.663,104.318
666.863,207.789,48.465,108.416
667.456,209.198,48.596,109.163
668.661,206.369,47.189,111.417
676.172,199.022,47.491,114.430
676.381,198.749,47.725,114.336
678.268,199.599,48.082,117.354
680.927,200.368,48.750,119.808
682.208,197.603,49.854,120.589
693.695,194.718,51.006,123.732
686.975,196.413,55.046,124.309
683.818,196.679,58.655,127.826
684.718,193.034,62.566,132.817
684.875,193.787,66.616,135.108
685.762,190.710,69.126,135.939
689.817,190.427,70.604,137.516
693.764,188.284,71.980,139.870
695.361,189.059,69.150,138.854
695.819,184.385,69.573,139.854
695.839,183.098,70.445,141.551
699.022,179.653,68.745,146.544
698.601,179.005,70.925,150.680
705.747,174.757,69.952,153.963
702.955,172.229,70.431,158.552
702.567,164.340,71.863,160.845
697.287,165.170,74.014,162.646
705.291,148.746,77.025,170.786
702.035,145.736,76.069,166.286
697.297,137.018,81.317,172.762
693.389,130.892,86.059,175.654
692.077,122.076,85.631,182.529
697.000,106.820,86.490,189.882
692.142,96.547,88.320,194.328
689.975,88.219,88.296,195.937
689.592,82.329,90.459,197.208
679.797,83.238,93.911,196.239
681.959,72.533,94.560,199.984
679.217,72.607,92.104,195.708
678.013,74.021,91.440,195.141
676.949,73.882,89.863,192.465
677.733,71.772,88.432,192.742
674.910,72.363,89.855,193.046
671.858,72.628,87.861,193.800
677.216,69.738,88.371,194.737
667.418,66.682,87.386,197.301
666.279,70.345,87.451,198.241
668.186,68.665,85.700,196.695
667.716,69.341,86.944,197.147
659.281,69.833,89.401,198.471
661.961,70.723,88.135,199.557
659.825,72.094,87.614,199.205
659.626,75.337,87.523,200.588
655.823,74.891,85.735,200.325
651.285,77.618,84.123,200.392
650.496,91.109,81.285,197.677
646.375,96.725,81.068,196.810
647.387,102.168,82.209,192.853
645.332,105.807,81.265,192.058
640.392,110.590,80.336,192.241
638.373,114.124,81.330,193.746
638.787,116.394,80.221,190.905
637.359,113.438,80.285,190.931
638.258,111.912,79.764,190.340
631.930,117.799,80.842,188.091
635.812,110.555,80.575,194.642
629.643,109.383,79.099,190.226
633.261,105.258,79.921,193.993
626.679,108.097,81.249,193.942
624.463,113.724,80.489,194.208
624.031,111.090,80.766,192.513
622.931,111.241,81.660,190.542
613.683,108.243,83.483,190.196
610.296,105.681,85.809,193.281
606.229,105.417,85.660,193.134
603.114,101.171,86.226,194.936
600.931,102.839,86.469,194.456
604.593,95.280,84.367,196.029
601.463,98.270,84.679,196.303
600.380,98.991,82.436,194.068
601.269,97.124,83.706,193.613
597.343,99.013,84.128,192.832
604.033,91.558,85.569,198.336
598.748,96.944,84.481,195.846
605.374,90.142,88.394,201.943
598.694,92.750,83.073,196.353
603.296,92.474,85.457,200.703
604.111,96.179,83.150,195.403
604.992,92.395,86.015,196.901
602.887,94.393,84.820,195.417
601.021,94.933,87.273,195.407
603.234,89.805,86.020,200.719
601.018,90.424,84.366,200.149
599.878,94.319,88.519,200.368
599.456,90.307,87.733,201.679
595.071,92.905,93.050,202.044
594.497,86.380,96.059,205.713
590.267,88.738,97.410,201.896
590.102,89.091,101.369,201.715
588.709,87.615,100.342,194.780
588.031,87.403,104.701,192.976
584.152,81.298,105.952,192.216
582.759,81.822,106.309,193.130
581.501,78.408,106.393,197.485
582.777,73.624,105.713,201.942
582.351,78.620,104.565,198.400
581.367,75.946,108.199,200.868
578.931,76.156,108.760,198.145
580.208,73.805,111.191,200.107
573.472,72.688,112.802,198.122
570.701,77.825,116.335,195.856
567.509,76.136,116.188,195.591
571.713,71.185,116.149,197.397
579.074,66.866,109.847,196.138
580.912,64.142,107.209,197.204
586.715,62.174,101.161,198.003
588.388,60.175,97.155,196.327
590.443,59.174,94.343,195.045
589.075,58.855,93.884,196.687
591.349,58.179,90.016,195.769
590.527,59.605,91.433,199.146
591.161,57.637,91.199,198.553
592.462,58.387,92.273,198.720
594.045,57.913,93.179,198.137
593.819,58.889,94.673,196.315
596.615,57.607,97.843,196.236
596.189,58.975,94.614,195.409
600.140,59.647,95.155,194.691
603.227,59.268,93.392,191.688
603.228,61.309,95.385,189.977
603.048,61.200,97.602,192.772
602.612,61.911,99.105,193.373
607.781,60.680,97.684,194.883
609.840,59.592,95.131,193.616
611.632,58.980,96.816,196.809
614.496,60.539,95.222,196.652
615.395,60.057,94.699,198.311
614.336,63.105,96.273,197.452
613.909,69.233,97.954,194.266
617.792,70.467,97.212,194.189
622.297,68.013,95.412,192.686
625.124,65.356,92.453,192.418
627.239,68.452,92.964,190.951
625.622,64.647,92.619,192.900
631.107,65.010,93.860,195.549
632.521,64.331,90.683,193.837
637.714,61.704,91.294,198.982
638.481,61.715,89.621,198.356
641.112,62.420,87.625,196.177
642.984,64.738,86.066,194.504
650.793,57.409,86.004,199.820
650.128,66.357,81.823,191.671
650.448,64.923,83.122,190.371
652.530,65.541,83.110,191.993
654.551,67.939,81.557,186.269
656.127,70.348,82.980,186.083
656.677,67.950,82.095,184.975
657.578,65.140,82.002,183.575
658.091,66.265,81.754,182.397
658.874,66.002,84.230,185.136
656.713,63.668,86.421,187.375
660.105,57.177,83.603,193.016
663.929,55.718,79.922,191.390
662.554,53.932,80.072,193.120
665.458,51.957,82.536,193.008
668.274,51.260,79.278,189.592
670.880,50.738,82.365,188.807
671.122,47.330,82.863,189.392
671.155,43.779,83.242,189.876
671.272,36.551,85.477,196.801
671.600,35.274,83.758,196.810
667.584,34.464,86.532,197.303
671.801,35.178,84.957,196.137
668.671,34.145,85.520,191.510
673.669,27.794,87.059,196.118
668.824,27.755,89.365,189.509
669.565,27.542,90.644,191.746
670.061,25.571,90.763,190.416
671.413,21.400,90.754,193.426
668.747,23.935,91.959,192.163
671.757,20.187,92.024,193.516
671.135,22.777,91.350,192.440
674.284,15.964,91.274,193.332
670.032,20.338,90.135,192.540
672.504,13.898,90.012,193.806
670.251,19.946,90.807,190.200
670.097,13.275,91.765,187.341
665.595,15.474,94.396,187.562
666.817,12.529,95.398,189.247
664.542,14.219,96.723,191.689
662.538,11.335,96.276,190.929
660.657,12.244,95.945,191.013
655.907,12.239,96.386,197.182
657.235,7.976,97.067,194.841
653.698,9.359,98.845,197.989
654.924,7.250,99.288,197.700
654.659,8.481,99.593,197.030
652.710,8.532,101.177,196.020
651.167,5.246,103.863,200.263
648.639,7.581,103.140,198.608
648.205,8.376,105.271,199.227
645.180,10.113,105.098,196.717
646.555,10.255,106.525,196.471
643.877,13.790,107.032,193.541
646.406,13.755,105.949,193.495
643.310,15.827,109.297,194.845
646.265,16.381,109.550,194.538
641.343,19.147,111.988,192.498
645.858,18.895,113.280,196.127
638.247,21.494,116.219,195.868
642.903,23.951,116.301,199.101
639.935,26.497,118.387,200.781
639.792,27.044,116.117,202.316
639.056,29.911,115.489,203.470
640.532,35.482,112.481,201.066
640.778,39.626,111.904,197.782
643.125,44.166,112.230,200.119
643.961,47.016,110.940,199.195
644.752,50.839,109.593,200.429
644.398,51.392,107.751,200.419
648.360,58.689,107.001,195.357
647.583,54.887,105.852,198.057
648.795,56.853,105.553,201.675
648.281,58.037,103.929,202.551
649.276,62.679,104.577,202.809
647.778,63.724,104.365,199.930
646.532,65.230,105.520,197.216
647.971,62.337,108.341,197.183
644.437,65.094,107.827,192.046
642.476,68.210,108.950,191.815
641.919,69.023,110.280,190.386
640.515,71.082,110.647,188.266
638.714,73.391,110.418,188.670
638.842,75.833,110.411,190.329
636.928,74.804,110.995,192.988
639.046,71.871,107.995,194.990
639.220,74.624,107.488,194.246
635.687,71.126,107.852,200.017
631.970,70.640,107.554,201.182
634.606,70.625,105.165,198.400
633.313,67.354,104.909,199.422
630.037,65.079,103.514,202.184
631.873,65.397,102.943,202.941
628.795,61.689,101.898,205.926
625.321,67.372,101.664,202.109
627.100,65.212,100.468,198.631
626.594,65.961,101.189,201.201
626.485,69.879,100.264,197.307
624.003,69.768,100.024,197.455
626.934,71.348,100.394,196.609
623.584,73.776,99.586,196.580
625.339,69.531,101.152,199.539
620.245,71.774,100.832,199.755
621.882,69.322,103.306,204.604
620.803,66.922,103.569,207.152
619.519,63.704,103.613,210.333
618.140,62.558,103.442,211.995
617.582,57.715,102.448,214.268
613.748,60.114,102.815,212.262
614.857,61.598,101.851,213.598
614.139,60.710,99.247,210.713
618.320,65.771,98.776,210.689
615.580,58.166,96.584,213.067
617.721,60.200,98.547,215.639
613.622,62.427,95.902,211.119
617.696,65.511,97.051,207.334
609.503,62.195,95.924,206.443
614.255,64.945,94.576,202.028
610.057,63.720,94.247,202.997
610.048,65.137,97.286,203.178
606.620,65.830,94.370,203.861
609.107,65.173,95.296,203.506
608.172,65.574,94.545,201.996
605.916,63.592,96.462,203.945
608.440,61.368,95.535,206.096
608.269,62.460,93.101,204.594
608.942,60.502,92.317,205.949
609.777,59.048,91.200,206.466
608.843,58.714,90.507,207.494
610.514,57.902,87.779,204.520
606.583,57.938,90.167,204.369
609.614,56.161,87.221,204.920
607.532,54.840,88.037,204.563
612.638,53.840,87.007,206.145
610.548,55.473,89.505,206.111
609.396,56.704,88.837,206.442
612.608,54.921,87.281,204.677
610.400,54.375,87.524,203.899
612.075,56.121,87.099,203.291
609.706,52.755,87.343,203.727
608.526,54.851,86.932,201.620
610.298,55.763,85.619,202.258
608.440,53.395,87.204,204.409
611.026,53.141,86.492,208.320
609.634,50.834,87.399,209.667
608.541,49.425,87.539,209.474
610.191,48.879,87.443,208.794
613.054,47.464,87.925,208.311
611.448,48.751,90.892,204.544
614.341,51.081,91.374,206.402
617.971,51.895,90.878,205.399
619.545,50.147,91.634,205.529
620.142,49.348,94.694,206.645
624.697,49.125,91.445,202.592
626.983,51.079,91.319,202.021
630.785,48.508,90.182,200.578
632.074,48.124,91.760,201.037
631.842,49.667,93.094,205.884
630.967,50.330,95.574,204.097
631.305,51.240,98.942,204.158
631.104,51.827,98.727,203.448
631.450,54.585,97.300,199.618
631.614,51.105,99.941,202.639
631.726,51.118,100.567,202.121
631.458,55.413,98.056,205.851
631.140,54.189,98.151,208.982
632.367,53.814,99.312,208.935
634.852,51.104,96.403,208.248
640.440,50.881,95.844,210.416
640.087,50.745,93.496,209.575
639.070,48.046,94.258,210.872
635.722,48.484,97.513,211.057
637.550,45.533,98.105,212.385
641.528,43.417,95.843,211.990
640.050,45.861,96.846,211.329
638.194,45.042,99.195,210.585
638.712,45.616,98.883,210.481
638.031,47.571,98.966,209.956
638.620,46.723,98.563,208.605
640.527,45.970,96.423,207.648
641.463,45.680,97.378,206.892
639.739,46.483,97.296,205.281
639.373,50.649,97.225,206.108
638.573,51.669,96.318,202.012
641.047,54.443,96.539,203.676
640.132,50.655,95.667,206.514
639.797,53.433,96.217,208.833
637.608,50.879,96.633,208.081
636.949,49.417,96.995,208.119
632.880,47.918,100.027,208.633
634.645,44.997,101.784,212.149
634.025,50.401,100.925,206.895
633.023,49.362,101.528,207.552
635.094,51.676,101.138,205.566
634.982,52.595,100.585,205.195
634.644,52.441,101.346,207.694
638.530,53.370,100.067,208.985
634.608,55.366,99.685,206.834
636.980,58.225,100.373,208.838
634.844,58.849,100.160,206.697
633.540,59.681,100.902,205.817
633.260,60.896,101.708,204.377
628.056,62.031,104.802,207.800
623.975,63.401,107.753,207.038
624.651,64.256,108.621,206.802
624.040,65.906,107.535,205.544
622.711,65.027,106.480,208.240
620.316,68.330,105.563,210.810
618.356,69.080,105.716,214.419
618.826,69.795,105.565,219.166
620.174,67.374,105.793,224.309
621.376,68.899,104.957,222.826
620.982,71.200,104.564,225.104
620.755,69.073,104.289,226.873
619.289,70.706,105.542,231.033
620.881,69.376,103.974,229.175
619.331,74.255,103.587,229.976
620.854,74.056,102.922,227.849
617.848,77.515,103.992,228.903
614.779,81.000,106.629,226.434
616.437,83.218,105.835,225.305
616.797,82.839,104.904,224.131
612.937,83.170,107.293,225.076
616.302,82.561,106.581,223.448
613.084,87.556,106.971,223.098
615.018,89.760,107.510,219.317
613.883,89.987,108.433,220.092
614.404,88.755,108.540,221.167
613.926,88.135,109.135,222.096
612.576,83.523,109.561,223.536
613.135,85.326,109.530,225.708
612.956,81.192,108.415,229.184
613.035,82.962,107.706,230.734
612.503,80.997,106.347,233.401
615.731,79.140,105.582,237.114
616.869,79.489,104.176,235.339
616.770,77.681,103.260,236.030
617.701,76.195,102.705,236.674
617.588,76.309,102.445,234.147
620.197,69.001,102.121,234.616
618.073,68.165,102.880,234.176
613.870,68.419,107.011,235.832
609.475,70.766,109.324,233.099
606.934,71.359,111.961,232.299
602.149,73.224,114.834,231.918
605.284,69.250,111.629,234.772
604.896,69.170,107.750,230.080
606.031,68.379,105.656,229.347
605.304,65.620,104.156,231.304
606.701,60.329,103.721,238.826
604.195,59.256,102.062,239.462
605.380,54.060,100.458,244.522
606.291,51.460,99.478,243.648
606.514,50.379,98.357,241.865
602.635,51.069,99.090,239.150
601.435,49.681,99.979,239.580
600.319,50.730,98.102,238.773
599.201,51.122,96.458,236.360
597.198,51.265,95.739,237.547
594.520,49.515,94.688,237.368
594.145,51.297,95.363,235.826
591.697,54.306,95.183,234.937
591.690,53.542,96.421,230.368
590.212,54.254,96.837,226.594
587.941,56.083,98.026,229.321
590.736,55.093,98.069,230.206
584.575,55.164,97.013,229.832
585.935,57.269,98.124,230.413
585.957,52.066,96.136,230.311
583.320,48.535,97.500,231.936
585.019,51.180,97.156,230.496
586.959,48.046,97.056,231.920
586.868,46.516,98.021,231.042
586.865,45.364,98.133,230.104
587.229,44.345,97.473,228.376
586.753,45.180,98.707,226.435
587.166,44.270,97.935,226.279
586.658,42.764,98.239,225.770
587.557,43.377,99.184,228.119
589.965,43.847,96.982,224.381
590.488,41.440,98.395,227.114
590.617,41.944,96.998,225.925
588.633,43.650,95.118,221.515
586.540,41.645,98.147,224.208
585.311,41.716,99.217,223.912
585.979,41.924,99.103,223.512
584.894,43.088,98.336,223.957
585.597,43.525,95.610,223.097
585.232,44.694,94.885,223.979
587.639,46.887,91.054,219.612
588.345,47.241,91.459,223.914
589.501,45.982,89.019,223.658
591.171,44.823,86.671,226.865
591.914,43.282,86.064,230.296
593.223,42.484,85.858,232.837
592.083,41.504,84.298,236.803
591.850,45.142,86.985,231.352
590.079,45.767,84.957,233.889
591.123,46.020,85.860,231.827
591.211,45.771,85.698,229.503
589.398,45.428,84.815,231.779
591.087,46.970,86.067,231.228
589.286,46.104,84.604,233.872
590.724,46.004,86.258,235.469
591.330,52.306,84.587,235.845
593.383,55.837,85.163,229.334
592.499,57.751,84.935,228.460
594.148,60.831,85.755,226.217
595.639,63.273,85.913,224.920
597.386,64.820,84.832,225.856
601.310,64.997,86.644,224.562
602.375,64.986,87.482,230.913
604.083,67.295,89.063,232.350
604.536,69.373,88.808,229.696
608.498,71.307,88.099,230.380
611.762,70.059,86.679,228.904
612.474,70.990,87.257,230.664
614.059,72.259,84.797,227.117
614.325,74.610,88.612,231.729
613.933,76.181,87.515,230.526
612.990,78.221,89.733,230.094
612.031,82.962,88.794,220.336
611.808,78.715,90.487,220.698
611.765,73.652,92.961,220.845
607.609,72.158,98.736,221.485
608.509,57.051,99.719,221.331
601.768,56.272,103.373,226.349
604.414,39.466,106.484,236.912
603.093,32.344,105.751,239.002
603.128,29.251,111.085,247.185
602.094,28.226,112.249,250.557
596.898,27.798,115.605,260.397
599.873,21.576,112.494,261.851
590.307,29.150,117.189,264.282
585.924,26.012,115.310,263.643
589.821,25.071,111.763,262.923
587.959,28.680,112.772,264.643
579.285,29.087,114.887,266.699
576.985,24.962,114.548,270.087
583.551,22.139,107.460,270.905
577.722,26.280,108.743,270.801
579.926,19.101,104.529,276.099
582.893,17.741,106.091,277.753
581.632,23.162,107.192,272.946
577.749,28.674,108.544,265.757
579.370,33.251,109.652,261.758
578.623,34.719,106.645,256.063
579.693,36.193,106.377,255.462
579.581,36.640,105.857,253.869
579.443,38.981,105.130,253.121
579.118,41.640,103.622,253.593
581.257,43.961,100.931,253.132
584.217,46.904,99.469,258.567
586.427,54.287,93.920,256.505
587.330,55.399,93.588,260.893
590.719,55.658,92.128,265.924
589.114,62.748,93.369,266.156
596.800,63.878,93.168,269.354
592.638,65.963,96.634,271.045
593.336,69.277,96.784,270.389
597.394,64.332,96.040,271.526
598.453,67.942,98.179,273.598
597.565,72.176,97.745,274.065
598.610,74.149,97.085,270.450
600.440,82.077,97.599,267.243
597.845,81.294,100.116,267.355
599.010,83.145,101.373,265.297
596.167,89.533,98.885,263.486
595.775,91.716,104.133,262.265
597.769,91.334,105.378,257.175
601.367,91.468,105.901,263.699
599.419,95.656,107.812,270.854
600.987,98.582,108.922,273.271
601.252,97.540,109.172,273.226
606.758,97.105,107.088,273.151
606.620,98.282,107.317,271.242
610.913,99.341,105.901,271.265
612.177,96.312,106.209,275.273
611.940,95.364,105.356,280.693
612.367,94.703,104.210,271.443
616.010,90.626,105.525,284.361
614.302,92.544,107.105,286.865
616.226,91.510,107.137,284.148
617.505,96.489,110.145,282.307
614.303,94.193,110.346,281.781
618.746,99.576,108.105,276.464
616.590,105.818,111.955,275.362
623.048,103.192,110.534,275.322
621.710,104.655,109.580,275.522
622.911,104.197,108.601,269.905
625.343,106.877,110.045,262.900
625.802,109.965,111.770,257.597
628.027,112.926,111.328,258.004
628.269,116.285,113.234,258.008
629.263,118.173,113.769,253.437
629.018,121.752,115.332,250.491
630.783,118.953,117.430,251.104
629.851,119.204,116.742,248.643
632.842,116.772,119.926,253.174
636.348,115.546,117.417,250.035
637.324,116.746,117.094,248.355
638.967,114.301,116.946,246.232
646.345,116.656,114.501,243.281
647.755,117.503,113.033,238.237
647.399,116.694,113.969,237.371
646.566,115.950,116.441,240.540
647.704,111.654,117.421,249.409
649.107,106.810,118.520,257.343
649.632,102.441,116.525,257.873
653.663,103.796,113.981,252.858
657.563,105.753,110.518,250.255
658.354,102.719,109.686,252.553
658.611,103.850,112.488,254.991
658.126,100.651,111.705,256.190
658.011,100.401,112.993,260.764
657.323,95.985,111.656,259.257
660.472,100.855,112.408,257.910
658.006,98.993,109.663,249.052
656.985,97.676,112.585,256.145
657.274,89.565,110.437,257.416
658.414,86.742,109.340,263.387
663.431,85.530,104.865,265.736
662.393,83.876,103.482,266.152
663.016,80.796,103.726,264.871
662.753,83.435,105.077,267.148
668.241,85.588,107.027,262.999
666.227,91.053,106.558,262.048
669.865,94.439,108.519,256.586
671.794,95.254,108.474,256.152
674.456,96.113,108.955,255.034
674.277,98.520,109.738,253.789
673.409,100.967,113.143,253.478
674.530,105.045,115.799,255.278
674.148,106.221,117.132,253.964
674.385,107.889,116.050,254.268
675.787,106.946,116.288,255.793
675.689,110.830,116.323,256.029
676.568,115.407,116.365,257.736
677.340,119.694,117.383,255.475
674.085,125.404,119.855,252.822
674.925,129.128,120.820,250.178
675.209,132.553,121.844,249.535
675.017,135.451,123.349,248.755
674.476,136.692,126.164,249.075
680.555,135.678,125.929,249.991
678.416,132.520,122.770,251.161
674.939,137.423,123.355,253.992
673.460,131.296,123.044,261.102
673.427,130.686,121.563,264.866
677.064,132.806,115.582,256.767
675.358,137.266,116.733,252.741
673.540,139.375,115.124,253.665
669.593,139.686,115.901,261.531
667.545,140.834,115.556,260.238
666.047,139.097,116.091,260.005
664.779,139.503,115.605,257.854
661.341,133.911,116.972,260.009
657.196,132.678,117.806,262.469
653.531,132.135,117.766,263.261
648.054,132.905,115.587,265.674
647.820,134.623,112.740,265.149
652.350,124.722,109.811,272.275
649.248,127.980,108.667,269.187
651.452,128.261,108.996,267.724
649.940,127.217,108.820,264.482
648.039,128.059,108.922,260.448
649.191,132.374,107.944,254.156
648.732,135.987,104.058,248.791
648.643,140.087,102.498,241.593
650.101,137.931,101.822,238.848
648.314,135.333,100.743,237.222
648.686,132.292,99.436,236.123
646.458,128.182,99.677,238.305
645.834,120.343,102.045,245.957
646.032,118.245,100.686,245.420
646.389,112.557,102.352,248.440
644.146,108.442,102.435,246.703
643.592,104.550,103.514,250.361
641.776,104.020,103.042,248.809
641.653,105.555,102.483,247.244
640.411,104.674,101.769,248.229
640.909,102.075,98.408,236.768
638.218,103.623,101.478,241.931
635.646,103.263,105.087,238.424
631.956,100.066,105.999,239.183
633.198,99.679,107.988,238.185
629.660,99.358,107.707,234.136
629.113,97.448,108.359,238.448
627.171,93.265,109.398,241.479
626.604,87.794,109.449,242.392
624.533,83.749,112.514,251.647
622.835,86.725,112.232,256.483
628.336,79.861,109.204,265.317
634.074,78.738,104.363,262.790
634.433,75.569,101.327,263.419
636.037,74.705,100.946,262.179
634.868,70.858,103.047,266.792
633.928,71.054,103.881,268.198
633.006,68.528,106.157,272.438
630.586,65.591,111.098,276.385
632.425,57.189,110.532,278.817
630.698,56.262,107.027,283.251
636.082,46.331,108.669,288.011
633.212,39.014,103.693,280.459
635.351,34.867,106.794,279.709
636.459,27.816,104.594,277.794
637.734,22.025,106.534,277.022
634.394,22.527,106.719,278.261
639.142,16.175,108.659,276.031
639.880,13.554,110.745,272.412
641.263,9.108,112.114,272.007
643.718,10.084,111.510,270.430
645.807,12.431,112.780,265.561
648.017,14.715,108.979,252.388
650.842,16.770,111.228,249.386
648.718,18.422,110.049,250.644
649.532,19.761,111.934,253.630
648.759,16.892,113.838,255.928
645.886,15.164,113.725,256.443
645.949,15.914,117.580,262.561
646.479,14.058,119.475,268.462
641.260,21.556,121.782,269.813
641.252,33.259,125.784,268.073
646.535,36.942,120.856,264.072
648.769,46.138,118.778,260.040
649.074,57.339,117.505,261.338
647.777,71.553,115.709,260.212
649.115,83.887,114.574,251.989
648.746,87.772,110.454,249.393
640.836,93.855,109.272,253.019
637.337,98.098,110.757,256.504
634.952,98.938,110.768,258.439
633.137,104.727,109.857,255.831
628.825,111.036,111.319,255.024
623.558,113.784,111.882,253.499
619.933,117.659,113.763,255.094
617.912,118.519,115.463,257.185
612.470,123.287,119.431,260.719
611.143,125.818,121.554,262.365
608.244,128.519,123.261,262.652
606.066,129.319,123.959,260.409
604.435,133.558,125.261,259.207
602.142,136.870,124.015,255.209
600.854,138.139,125.228,256.690
601.947,136.660,124.797,259.038
603.364,140.334,119.683,257.353
605.310,142.941,124.427,257.631
605.568,145.810,124.801,255.811
604.793,149.100,127.572,253.604
602.976,153.170,131.343,254.189
599.972,152.472,135.070,252.006
605.698,151.911,136.513,250.883
604.041,150.038,134.807,250.342
603.075,152.766,135.668,250.579
606.332,149.957,138.751,252.357
604.823,149.535,139.368,258.133
608.984,145.675,139.864,259.246
608.310,146.491,134.849,255.039
610.845,145.710,138.186,261.056
611.207,141.809,136.079,259.840
610.690,140.135,137.705,263.899
608.833,142.603,137.830,259.995
612.408,141.791,138.138,261.523
620.231,136.424,132.611,260.746
622.480,142.581,132.799,257.136
626.941,139.823,128.007,256.102
624.979,136.292,127.708,254.348
624.491,134.602,127.795,255.401
625.774,130.826,126.279,253.739
627.809,124.390,125.129,254.550
626.562,124.616,125.751,256.660
624.836,123.518,126.902,258.702
627.340,118.082,127.506,259.691
626.028,113.604,128.810,262.244
626.380,113.874,127.210,263.381
627.110,113.052,127.745,266.921
628.422,109.148,127.503,266.310
628.239,114.543,124.004,259.563
631.431,105.651,127.428,263.079
630.556,106.778,130.716,259.701
630.521,105.647,131.925,259.611
625.949,102.071,130.674,258.376
628.493,96.198,127.359,265.579
629.293,97.518,130.602,262.237
627.819,98.446,131.761,263.884
634.251,100.824,130.024,258.630
632.800,99.344,127.230,260.211
633.269,93.513,130.476,264.739
634.483,94.163,131.065,265.808
634.530,96.263,130.155,266.964
636.571,92.920,133.078,267.703
634.582,97.279,132.989,266.305
636.610,93.466,134.862,269.552
637.293,94.226,134.088,269.873
637.347,97.603,136.255,268.386
637.660,95.885,137.873,270.047
635.082,96.375,139.226,269.029
638.639,93.880,140.614,265.631
636.977,91.603,140.499,268.872
635.737,88.083,142.915,274.292
636.860,84.355,145.924,276.521
638.584,82.512,146.219,280.287
643.224,83.739,139.938,279.032
651.523,82.492,131.545,272.607
652.655,87.369,130.543,270.090
657.548,85.368,126.020,271.590
659.146,90.920,123.274,265.895
661.130,93.133,120.338,265.015
660.649,95.367,117.795,263.756
654.001,99.599,111.894,255.663
652.168,98.108,113.472,263.326
650.184,93.982,112.612,265.165
643.803,93.597,113.049,267.166
651.761,87.740,114.928,273.850
650.241,87.609,112.286,276.991
648.602,86.316,113.518,282.648
649.146,88.335,114.422,283.309
648.423,83.966,114.672,286.805
645.364,85.120,117.305,288.830
647.130,79.303,118.216,293.398
644.935,73.296,119.761,296.489
639.595,69.582,120.576,302.686
638.104,71.575,120.817,307.171
637.019,71.430,120.947,304.143
631.777,70.150,125.099,307.241
629.346,64.006,131.976,310.375
631.283,68.047,131.204,303.131
630.926,75.443,126.610,305.408
634.880,72.221,125.116,302.785
636.298,65.107,121.348,303.365
634.795,74.643,117.699,319.553
640.865,73.944,117.166,308.648
638.107,70.776,116.129,306.718
635.300,70.729,117.026,306.929
632.050,75.682,118.048,309.553
629.804,77.163,121.150,311.666
640.234,73.501,120.805,322.572
632.543,70.456,121.452,331.263
629.277,73.026,122.658,341.279
636.428,75.499,120.340,348.836
640.396,67.841,120.243,353.054
641.845,65.013,116.117,350.640
640.881,67.636,116.910,354.460
640.121,66.850,116.106,357.560
644.199,73.423,118.810,349.581
633.727,71.494,118.125,342.198
634.231,71.002,124.672,326.784
631.546,64.641,121.272,323.816
627.082,65.291,123.391,320.881
626.133,66.253,123.502,313.803
625.249,62.000,123.089,309.128
624.539,57.522,122.914,304.445
630.689,61.083,121.156,308.890
626.560,60.276,121.628,317.085
629.992,59.034,117.551,329.045
623.531,67.105,116.696,339.006
628.093,61.966,115.265,341.273
630.895,57.911,114.497,339.670
627.703,58.988,117.107,338.603
623.391,62.146,117.457,342.575
621.417,61.517,116.221,347.517
626.309,59.805,113.599,348.967
623.815,63.855,115.927,352.033
621.063,62.908,115.737,363.021
625.169,60.580,116.277,361.833
620.742,67.036,116.856,361.929
623.623,66.150,116.824,368.866
625.162,70.088,119.590,365.568
626.878,66.487,118.542,363.795
628.071,72.828,119.135,359.465
628.568,76.847,119.999,356.213
630.049,77.049,119.420,352.911
633.177,78.581,119.007,346.842
636.513,90.299,117.204,341.626
637.774,97.881,116.096,334.635
636.904,99.681,117.234,330.926
634.402,104.296,118.938,329.177
636.300,104.107,120.668,325.591
634.175,104.797,123.459,318.492
631.527,106.375,123.627,310.049
631.798,103.652,126.546,311.549
633.004,105.206,127.530,311.635
634.268,105.325,127.855,309.155
635.207,105.243,128.034,310.631
635.649,107.427,129.015,311.791
636.053,104.708,130.672,311.815
635.949,103.494,131.141,309.413
636.681,103.419,131.081,313.532
639.259,102.934,132.715,308.488
639.113,102.333,134.367,306.866
637.053,104.121,136.082,303.204
639.512,105.579,135.351,308.428
639.400,100.850,134.413,320.207
638.623,99.330,134.823,324.779
639.964,102.668,132.836,323.806
641.153,105.391,131.706,320.741
641.108,104.962,132.509,318.879
642.417,105.243,135.200,318.759
644.432,96.301,134.549,318.736
638.789,103.077,137.235,311.177
635.473,103.958,143.374,311.434
633.748,96.465,144.902,306.990
634.559,98.253,143.556,309.690
638.718,98.189,141.694,308.940
641.546,100.539,139.269,305.594
643.851,97.684,133.510,302.610
645.475,98.323,132.036,304.723
647.002,97.333,131.294,303.973
647.671,93.442,133.540,307.089
649.477,90.735,134.938,315.215
650.187,86.778,134.080,322.946
649.261,85.795,134.159,327.486
647.546,85.043,134.690,329.364
649.994,82.673,136.532,331.639
647.347,81.475,136.841,335.545
648.633,80.229,139.497,334.594
650.880,78.946,138.405,338.153
652.091,77.891,135.918,337.799
653.381,78.235,133.828,337.462
656.045,81.335,132.766,334.425
659.519,89.628,131.838,330.884
657.839,91.875,131.536,323.618
658.141,91.540,130.427,325.060
658.576,87.166,129.404,324.472
658.021,85.830,130.303,326.936
657.396,84.431,131.087,326.562
657.922,78.958,132.445,332.669
659.673,75.371,132.030,333.247
658.815,79.504,129.738,330.633
657.632,77.667,130.727,331.681
653.411,76.117,131.104,337.750
655.631,76.277,129.920,338.071
654.311,77.472,128.352,334.244
651.147,81.148,129.889,330.682
649.940,84.700,129.639,326.939
648.308,83.219,128.689,323.728
645.783,81.966,129.276,325.732
646.265,81.797,121.712,315.693
643.418,84.118,124.896,316.050
640.066,88.513,126.636,315.212
635.652,87.092,128.092,314.960
631.596,88.640,128.831,319.159
631.308,82.155,125.577,316.092
628.903,85.970,126.435,314.590
626.654,87.958,125.758,313.807
624.462,86.516,126.511,312.951
623.283,90.158,125.992,307.908
623.804,93.295,126.841,304.495
624.844,92.626,123.751,305.359
625.490,95.109,121.426,304.421
626.015,94.924,120.196,300.688
626.398,92.127,121.190,299.892
625.844,93.519,122.503,300.416
625.331,93.875,122.390,297.940
625.902,97.806,122.810,299.871
626.053,98.742,120.084,298.165
629.837,100.921,122.080,297.698
627.858,98.884,126.132,292.695
625.500,98.095,128.234,294.349
621.399,96.313,127.841,295.321
619.367,98.127,131.770,300.333
617.447,96.475,133.817,302.350
614.739,95.527,135.912,302.671
616.403,96.319,134.658,302.236
618.983,96.701,132.369,299.444
616.945,101.842,133.434,294.526
617.836,100.996,133.467,295.114
620.716,99.674,133.821,294.230
619.333,98.842,134.726,296.536
620.013,94.072,131.410,294.893
620.352,93.308,132.519,293.025
618.590,93.745,135.319,298.838
613.785,92.352,137.107,309.277
613.443,89.681,143.657,311.719
609.761,88.015,146.897,309.223
610.453,91.867,150.168,308.443
607.526,88.738,154.082,310.322
610.458,88.267,156.122,319.247
610.000,85.667,158.818,323.950
610.665,86.913,158.847,325.001
611.368,86.812,160.538,325.406
608.804,87.237,165.424,325.413
609.300,85.383,164.678,327.800
605.949,86.441,168.615,328.201
606.095,85.489,165.485,326.736
604.317,85.954,163.013,326.774
605.868,86.369,159.611,323.117
607.368,87.415,155.662,327.421
609.385,86.680,151.935,322.895
611.940,87.775,147.891,319.807
611.501,88.014,149.147,316.058
613.285,84.807,148.333,316.254
614.881,84.237,146.303,316.372
618.118,86.292,142.269,317.025
623.137,88.822,139.943,315.950
622.397,87.332,136.428,316.853
625.309,87.246,136.063,314.508
629.052,83.002,133.684,313.708
626.774,76.999,132.660,319.695
626.596,73.736,132.376,319.878
630.453,69.855,129.405,319.345
634.821,69.168,119.831,312.678
635.843,64.629,121.968,316.546
635.316,57.244,124.910,316.701
631.414,49.500,126.803,319.986
631.403,47.820,127.076,322.806
628.309,44.815,126.161,321.394
637.582,40.711,127.789,323.776
634.190,37.351,127.657,316.098
636.308,30.571,131.578,320.776
635.725,27.812,129.430,319.856
635.522,23.034,133.155,326.639
632.731,26.120,132.089,323.041
634.890,25.011,132.522,327.051
633.018,24.788,132.031,323.777
637.300,22.255,133.885,324.110
637.596,19.471,135.590,323.054
640.785,17.215,135.097,322.412
640.863,20.184,132.121,322.965
643.377,22.699,128.945,325.979
646.648,22.371,128.423,320.755
649.568,27.338,127.070,318.320
653.249,32.784,127.177,315.047
655.198,39.304,127.436,310.460
656.221,42.354,126.660,307.533
656.846,44.852,124.794,306.250
656.265,47.987,127.507,307.700
656.471,47.782,127.676,308.022
658.599,50.188,128.428,307.402
661.042,54.631,129.561,310.595
663.509,57.471,132.040,310.878
664.258,58.959,133.922,314.584
665.440,64.296,136.503,314.412
668.553,70.773,132.027,308.038
673.061,74.770,134.212,309.303
676.551,78.683,130.707,306.741
683.148,85.563,130.176,300.267
683.969,90.997,127.623,296.398
687.107,94.449,128.767,297.478
685.583,98.232,126.174,293.154
688.483,98.788,127.967,295.752
688.310,101.659,129.850,298.021
686.764,106.482,131.575,295.242
684.240,106.108,137.862,297.223
687.081,101.497,137.014,304.938
683.590,101.806,140.848,309.018
687.476,102.873,141.671,305.223
690.141,101.826,140.942,307.260
693.635,99.081,139.873,309.101
703.565,101.264,135.648,308.717
705.397,104.375,131.380,305.086
705.186,106.788,130.009,305.908
706.842,108.258,130.322,308.934
706.350,105.058,132.363,311.625
707.303,102.222,132.362,314.555
708.376,102.137,133.721,315.440
710.952,102.182,130.329,312.785
716.177,103.400,125.865,303.073
716.147,107.888,126.021,297.754
719.212,112.116,124.480,295.782
722.754,116.221,121.488,292.628
724.477,117.069,119.701,294.380
726.199,116.586,119.477,297.655
726.586,118.575,118.819,297.437
726.917,119.411,119.346,297.558
728.292,124.304,114.290,287.557
725.262,119.931,116.006,289.677
722.696,122.940,118.727,287.765
720.314,123.999,119.382,286.343
719.927,120.987,118.841,289.939
722.571,114.939,120.328,293.449
722.773,113.432,120.533,298.221
724.639,110.698,119.780,303.124
728.517,112.127,118.750,297.928
728.155,114.138,121.021,295.692
730.116,115.679,121.295,293.442
732.226,120.306,121.985,298.579
735.045,122.422,119.356,296.898
736.966,122.470,119.941,299.583
738.685,122.195,120.439,302.397
740.066,120.606,119.490,296.976
740.982,122.566,119.825,299.671
741.414,122.903,118.877,300.278
742.726,123.135,120.120,303.138
743.396,122.769,120.565,305.722
742.856,122.389,123.619,307.906
740.424,119.445,127.732,307.927
742.656,115.693,129.070,308.736
743.502,115.753,131.022,312.701
741.709,111.271,136.022,318.541
741.068,114.071,135.256,316.406
744.070,114.042,138.540,316.847
749.494,109.497,133.630,313.684
751.363,116.722,132.260,314.708
752.517,118.692,132.187,314.503
752.883,116.033,130.837,309.198
753.166,117.601,130.253,314.118
754.807,119.220,126.874,308.859
754.923,116.636,129.509,316.038
755.202,112.350,128.493,327.791
753.946,111.452,129.147,335.914
755.668,115.220,129.094,340.420
757.836,115.809,128.082,344.842
759.815,117.139,127.198,341.760
760.784,119.265,125.997,335.510
760.982,120.956,127.072,335.813
763.203,122.678,127.728,334.469
766.035,122.889,128.198,331.546
766.616,124.850,126.948,327.739
765.026,126.461,129.065,327.046
766.305,127.234,130.339,330.661
767.188,124.293,130.035,337.692
770.930,121.909,128.465,341.129
769.678,121.836,130.496,335.575
769.965,123.169,134.186,340.691
770.822,125.934,132.235,337.003
772.091,127.819,132.851,335.947
774.418,130.705,128.903,335.025
774.105,132.738,129.241,332.891
777.279,135.941,129.226,335.697
781.645,137.324,127.543,334.936
784.670,133.481,128.290,336.199
787.035,131.010,130.181,340.887
790.172,130.816,128.367,337.162
790.840,130.308,130.985,337.874
792.499,129.937,132.709,340.384
792.268,129.358,136.249,343.798
791.022,127.026,136.754,350.039
791.980,127.270,138.113,352.166
794.997,130.114,132.442,347.261
795.324,127.381,134.866,345.307
795.702,124.782,134.140,342.952
796.174,129.170,134.015,342.048
795.869,128.047,132.753,338.222
792.813,128.068,135.884,337.607
791.483,126.386,138.317,334.670
790.718,124.595,138.698,336.199
787.637,125.453,140.462,340.617
784.797,126.657,144.668,348.215
781.340,129.119,142.891,354.689
784.529,132.023,139.660,360.969
787.336,128.175,134.798,368.556
787.710,128.314,133.661,366.631
791.038,126.181,130.731,369.636
791.782,123.980,128.520,367.791
790.365,123.081,126.006,366.542
789.938,124.236,125.085,367.743
788.998,121.578,125.201,369.795
787.779,119.516,126.360,366.071
785.756,120.064,128.327,368.140
784.299,117.641,130.668,370.882
783.134,117.214,133.117,371.541
780.441,113.933,133.755,370.717
778.658,114.714,135.689,372.931
777.698,112.072,139.750,371.766
776.416,113.293,137.188,368.835
777.817,115.547,137.385,365.134
779.813,117.959,136.677,365.064
779.651,117.342,134.544,359.634
779.141,118.981,139.289,358.741
781.034,119.018,139.249,360.460
782.423,121.389,135.322,353.520
786.091,121.877,136.122,355.725
787.178,114.696,134.052,352.534
788.444,119.236,134.267,348.928
790.154,119.420,134.428,348.997
791.917,112.538,134.432,354.904
794.002,106.595,132.053,358.643
796.470,107.809,130.280,354.090
797.408,109.039,129.541,348.196
796.722,109.818,129.142,346.315
796.094,109.715,129.480,342.257
793.762,111.649,131.147,333.342
791.223,113.437,131.941,327.826
791.432,117.461,132.995,322.527
793.276,113.824,131.217,320.086
792.927,116.666,131.950,315.888
795.692,122.510,131.724,313.336
796.130,122.030,132.561,318.104
799.186,123.180,129.738,318.608
801.922,128.496,128.897,312.918
804.363,124.876,125.153,314.603
803.400,127.595,124.729,314.202
802.831,128.060,128.257,312.467
802.962,125.462,129.651,311.347
797.425,129.636,134.449,314.012
797.964,127.921,134.700,314.385
796.726,132.112,135.820,312.849
799.185,130.657,133.925,317.533
797.556,129.692,133.186,321.105
796.359,127.494,132.217,323.750
795.831,123.695,129.756,325.533
793.202,124.214,131.044,326.900
796.367,121.533,126.879,323.390
793.869,121.984,130.680,324.792
800.597,120.082,132.746,325.755
799.354,130.271,134.541,316.462
803.308,130.257,134.272,313.679
804.698,131.976,135.629,311.702
805.517,127.513,134.346,314.332
806.013,129.880,136.167,312.210
804.838,127.578,134.878,312.994
802.731,129.702,138.139,315.543
804.691,126.626,134.643,323.986
804.293,126.474,133.991,326.353
806.029,126.987,133.359,321.148
805.792,124.332,133.205,319.771
804.814,123.740,135.366,320.909
802.972,120.093,139.379,321.679
804.169,111.388,142.435,332.069
798.977,110.481,147.105,339.377
797.178,105.683,150.366,340.303
798.178,104.884,151.776,338.163
800.442,104.510,151.854,334.079
803.052,105.012,150.745,330.594
801.064,107.965,151.118,327.296
800.873,110.617,150.207,324.564
799.243,112.034,151.386,322.335
798.871,113.004,155.341,321.308
796.456,111.536,154.862,322.157
797.969,108.185,154.936,322.338
795.526,108.884,157.659,325.464
795.594,110.316,155.707,320.741
793.245,110.304,155.844,320.401
792.288,111.151,153.544,323.351
795.979,118.622,147.542,317.663
795.240,120.974,149.682,318.201
792.104,120.525,150.173,317.358
793.848,118.379,148.142,316.611
792.161,117.287,150.682,318.636
790.158,114.795,150.668,318.863
789.944,112.250,153.085,322.780
789.368,110.257,151.216,323.201
789.671,107.086,151.360,321.695
783.237,104.633,157.903,322.853
783.560,107.253,158.059,321.564
777.116,106.639,162.382,324.096
772.810,107.149,163.074,332.330
771.875,105.839,166.061,329.213
766.957,106.284,174.222,334.006
761.360,109.007,174.840,331.243
754.496,110.817,182.280,332.735
749.097,110.452,187.651,334.570
740.211,110.208,193.853,338.921
742.342,107.709,194.213,339.475
744.495,108.005,192.900,337.835
749.163,107.976,187.956,335.658
747.373,111.109,190.411,337.308
746.765,110.983,190.299,336.920
747.662,110.965,191.498,338.764
744.701,112.971,197.195,341.152
744.688,114.049,196.099,340.886
743.382,118.255,197.500,340.970
743.771,119.340,195.794,343.224
745.837,121.761,192.447,344.430
748.493,124.172,194.418,343.384
743.565,127.481,197.440,346.239
747.650,131.138,187.496,333.811
745.803,131.813,194.248,336.910
747.612,130.542,188.220,337.196
749.389,129.810,190.122,339.295
748.207,132.559,188.194,339.732
746.205,134.143,191.965,340.983
748.300,132.196,191.398,340.703
749.644,133.873,187.137,338.682
750.402,135.190,186.507,337.868
751.914,134.431,186.371,338.253
750.078,134.013,187.114,338.742
752.560,131.668,186.519,339.158
753.141,131.404,184.961,341.539
748.820,133.823,188.336,340.647
746.386,135.472,191.077,338.958
748.820,135.521,191.642,335.076
747.932,132.709,188.414,337.452
747.738,132.713,190.946,337.238
748.495,130.529,190.125,337.933
749.144,129.525,187.738,338.961
748.606,129.473,189.718,340.949
749.241,127.298,189.362,339.944
748.348,125.286,188.912,340.725
748.915,125.406,189.094,340.116
749.037,124.508,190.341,340.656
749.508,123.622,190.859,340.862
746.422,124.464,190.555,340.312
749.078,121.658,188.505,336.854
748.765,123.863,189.077,334.799
751.586,119.787,188.671,336.662
744.346,122.493,193.163,337.343
747.667,119.305,191.474,336.293
746.785,123.528,184.523,328.340
755.725,117.688,180.073,329.810
754.189,120.293,181.320,330.596
753.109,119.054,182.325,330.853
751.958,118.393,184.604,332.416
753.216,116.896,185.219,334.619
750.089,118.801,187.388,338.098
750.360,116.892,190.507,338.128
749.571,114.965,191.536,338.929
743.918,114.318,198.554,342.081
740.679,112.846,199.837,341.882
744.243,114.068,197.124,344.178
744.312,115.531,194.780,343.665
743.712,116.232,194.034,344.230
743.044,116.240,192.532,343.724
741.035,117.664,193.922,345.859
742.287,120.614,192.006,341.726
737.426,125.407,192.784,341.144
738.160,128.772,193.835,336.707
739.031,126.508,192.224,336.644
733.335,125.486,200.304,339.985
725.910,124.247,202.301,343.609
729.191,123.558,200.023,346.300
732.533,121.676,199.867,348.104
726.794,123.938,203.823,348.282
725.683,125.955,201.237,348.620
724.370,127.701,204.890,349.648
730.373,128.696,197.825,345.146
725.823,128.834,201.826,347.825
734.675,128.267,197.454,347.497
732.492,130.667,197.354,351.249
731.719,135.730,198.067,348.532
740.838,140.543,186.697,337.432
738.872,140.402,193.126,339.093
737.928,141.719,193.180,341.102
738.819,142.257,196.860,344.354
740.251,142.459,193.860,345.390
742.819,145.085,195.881,347.510
748.323,148.107,193.825,343.479
749.998,151.116,195.134,341.299
754.908,152.082,195.709,340.635
769.081,154.510,187.264,338.376
781.687,155.818,178.077,339.495
794.208,155.821,173.555,339.010
803.362,159.689,170.467,329.943
811.652,165.139,165.555,335.406
815.450,168.212,161.813,339.763
823.318,171.095,156.603,333.142
827.752,173.415,151.657,334.816
834.920,173.207,148.456,337.351
837.921,172.248,146.853,338.017
837.984,178.180,146.450,336.505
839.784,176.233,145.272,338.638
842.609,177.205,144.649,338.606
843.852,179.554,147.278,339.082
842.901,183.046,149.855,337.132
847.030,193.585,150.641,329.932
851.122,199.144,151.736,326.825
860.650,202.476,142.820,316.635
862.655,202.998,144.145,313.301
867.255,202.545,143.264,311.399
864.736,201.229,144.164,309.947
867.684,203.533,148.109,311.960
865.657,204.463,147.419,312.741
870.512,211.542,144.811,307.498
867.802,210.466,146.237,307.960
871.838,212.311,151.058,309.405
872.158,208.016,148.759,308.351
871.142,207.106,151.854,307.896
872.598,204.975,153.414,309.363
874.351,199.574,155.224,313.431
871.545,199.978,164.546,317.929
873.261,200.286,162.323,325.195
873.416,200.609,164.968,323.363
873.984,200.106,164.487,327.007
872.932,201.302,168.290,327.515
874.897,201.759,168.386,330.943
875.599,200.837,168.280,333.076
875.938,200.414,168.155,332.484
876.140,203.334,168.982,329.327
874.580,206.689,170.482,326.783
873.543,206.946,169.087,331.553
876.802,204.667,170.448,333.839
873.530,203.190,171.915,339.068
872.656,203.077,175.515,343.126
870.567,203.346,177.513,341.571
872.343,207.769,177.509,338.236
877.811,204.669,173.627,336.766
886.208,204.506,168.365,331.911
886.965,204.908,166.876,322.405
887.643,207.024,163.915,319.260
877.912,207.706,164.609,317.054
878.116,207.121,162.460,322.744
876.822,207.092,156.319,324.644
874.917,208.738,153.776,327.685
872.332,207.624,151.677,323.230
873.963,212.787,145.319,313.478
870.934,214.410,147.561,313.326
867.260,211.992,149.088,319.335
865.806,211.452,150.003,324.263
867.759,209.050,151.543,325.367
867.420,207.704,152.320,323.348
865.578,205.560,152.109,323.588
863.243,205.360,151.922,323.823
862.858,201.903,151.420,321.723
859.139,199.465,152.263,322.326
856.475,197.093,152.723,321.160
854.787,197.092,154.585,324.926
857.068,198.258,156.721,321.886
856.519,198.463,155.130,318.282
857.804,201.392,155.142,323.273
858.149,204.971,154.706,318.292
858.199,202.489,155.584,323.467
858.436,200.380,155.313,328.911
860.296,205.865,155.361,332.926
862.835,205.400,154.570,336.807
861.180,206.669,155.862,336.378
860.901,204.945,157.191,338.022
862.040,203.460,159.397,336.027
862.153,201.497,159.066,338.903
862.181,200.359,160.785,338.968
861.905,202.465,160.429,333.152
860.138,200.992,162.476,334.495
860.315,200.288,163.582,332.920
861.109,199.781,161.832,333.460
860.521,202.980,163.572,331.379
863.088,204.121,162.727,329.839
863.759,204.134,161.816,331.324
863.076,205.831,155.923,325.502
866.362,205.398,160.433,325.759
866.974,198.768,161.229,327.444
868.114,201.784,163.385,322.973
869.918,202.278,169.270,323.777
866.970,197.632,172.009,323.288
867.329,198.295,174.785,322.771
864.152,197.545,180.661,325.294
865.148,198.374,180.883,326.083
866.490,198.062,176.565,324.762
866.248,190.147,175.776,327.226
867.898,189.312,177.287,331.702
869.686,182.722,169.941,334.614
875.751,183.007,166.173,333.504
873.424,177.835,169.457,333.472
869.988,174.385,170.391,344.786
869.813,169.441,168.986,340.529
865.946,163.612,170.848,338.756
869.000,162.763,168.538,335.195
863.875,154.406,167.889,331.978
870.207,149.218,171.960,329.277
865.949,139.014,171.747,323.204
862.220,139.093,171.694,322.975
860.150,139.487,169.135,325.309
858.384,140.793,165.377,323.116
857.403,141.212,165.675,318.927
857.820,140.101,160.840,313.868
855.507,142.243,161.995,315.072
856.152,143.055,160.275,315.826
857.679,139.900,158.603,314.539
853.209,137.816,155.377,313.667
852.266,136.022,154.682,317.977
854.270,134.033,145.939,314.530
857.185,133.596,149.606,315.399
856.838,128.320,147.695,320.559
858.689,129.891,149.812,324.314
859.314,129.312,150.189,326.918
858.412,131.680,152.322,322.622
859.490,134.534,156.544,321.739
863.774,138.122,153.388,316.128
865.579,136.285,154.370,317.215
867.826,139.524,154.106,313.299
869.830,142.783,153.499,312.575
873.062,143.005,151.916,314.930
869.889,144.021,149.998,323.179
878.107,144.163,149.142,325.343
874.230,139.693,146.114,333.290
875.850,137.938,148.086,340.688
876.896,134.233,144.510,338.250
877.699,129.550,144.976,348.982
879.386,126.474,146.997,355.868
881.248,127.089,147.848,352.171
880.240,133.037,150.050,355.139
881.970,128.020,149.351,360.428
882.357,128.292,154.092,356.600
880.645,130.598,155.294,354.601
879.880,130.539,154.534,357.009
879.279,131.544,156.605,358.352
875.254,131.976,159.416,360.076
878.017,129.382,158.028,363.614
871.441,134.918,164.288,362.963
876.867,141.827,162.698,356.810
877.107,143.952,161.768,362.934
879.392,145.479,163.353,369.393
880.779,154.690,153.121,356.450
882.186,158.729,148.168,350.144
880.996,157.812,148.609,352.324
877.986,158.693,147.406,354.223
877.150,161.176,146.866,355.751
877.921,161.393,145.635,360.985
876.647,160.916,143.933,360.344
879.254,159.262,143.272,360.131
879.113,157.490,143.152,362.259
876.762,154.432,144.114,366.530
874.538,151.587,148.010,368.091
873.832,148.907,148.943,366.915
874.228,144.487,150.402,365.950
871.407,145.236,154.253,367.646
872.323,148.909,153.928,362.127
870.316,156.938,152.678,356.638
872.925,160.885,149.269,358.427
875.082,161.504,146.263,354.526
869.391,160.964,150.202,355.602
870.505,160.894,145.519,357.050
873.910,162.418,145.406,353.177
873.715,159.833,145.545,350.601
874.718,161.504,147.221,357.159
876.873,163.861,147.873,355.854
877.235,162.906,145.430,357.734
879.041,163.162,148.131,361.302
879.627,158.540,149.015,363.358
877.439,161.221,148.325,368.466
877.149,161.371,150.308,357.945
876.203,159.351,150.053,361.508
875.769,158.663,150.694,358.645
872.710,155.923,148.967,360.257
877.067,158.959,142.574,345.841
876.022,157.842,143.946,341.327
868.030,153.103,145.076,342.895
856.978,154.321,152.385,341.431
856.594,150.255,156.285,341.645
849.319,148.191,160.221,349.282
845.164,145.727,163.691,351.174
836.715,145.655,167.201,352.274
835.426,144.902,167.108,353.089
830.649,143.283,170.071,354.926
828.442,138.281,172.723,357.909
821.628,138.037,174.261,365.558
822.870,129.956,174.372,374.180
823.042,128.436,171.624,374.657
821.743,128.914,170.696,375.902
818.468,124.817,171.477,375.923
812.747,119.941,171.698,382.146
807.086,119.263,171.954,383.807
801.507,115.484,168.626,381.257
797.746,111.038,170.510,383.144
792.610,110.892,169.543,383.891
788.256,111.635,168.571,383.412
786.665,110.614,168.785,379.026
786.285,111.322,167.195,374.595
785.647,110.771,166.806,368.580
783.734,114.527,167.253,368.179
785.092,117.870,165.421,361.424
783.245,116.535,165.046,355.142
782.396,122.093,162.143,356.518
785.067,119.188,160.159,353.385
784.071,114.904,160.882,357.652
783.921,115.014,159.545,362.628
786.427,124.003,151.894,353.237
792.125,125.153,151.808,358.223
793.725,126.162,152.769,362.095
791.656,127.204,155.454,362.597
793.417,128.438,155.592,361.480
793.818,130.558,155.973,358.960
796.316,129.963,157.238,363.511
794.115,132.556,162.040,362.393
796.338,128.088,161.572,363.891
801.509,129.040,159.933,362.528
803.947,129.863,159.131,366.378
805.375,127.926,153.328,354.676
806.767,126.422,154.313,352.045
808.678,128.634,156.287,349.815
809.669,131.144,158.468,351.241
812.385,129.428,159.689,351.373
817.735,127.712,157.950,345.503
818.924,127.884,155.847,339.335
815.504,124.946,155.717,334.885
812.747,129.906,158.580,333.213
818.406,131.541,155.799,335.594
820.475,133.469,153.108,339.374
821.758,134.894,152.710,347.206
822.202,136.008,154.524,346.726
820.483,133.120,155.821,346.871
820.308,132.320,155.881,341.719
819.676,134.593,155.180,342.371
821.089,134.789,155.683,343.548
821.346,140.081,157.354,342.570
821.767,139.097,154.748,343.197
822.840,141.290,154.102,339.726
825.447,139.479,155.134,341.900
825.139,140.011,152.333,334.661
825.951,141.187,153.040,334.648
828.113,138.478,154.570,338.401
829.337,140.412,157.739,340.988
831.441,142.782,160.001,343.405
832.578,148.712,162.140,335.602
833.587,157.497,162.239,329.652
836.325,152.176,159.889,331.664
840.473,152.680,160.778,334.731
840.826,150.752,161.105,333.580
838.887,151.683,159.953,333.428
838.862,150.937,162.990,332.877
842.185,150.324,158.262,326.844
841.780,150.298,160.539,332.318
840.396,148.691,159.471,334.988
843.208,145.095,160.534,335.952
845.422,137.596,157.964,340.399
851.084,138.199,153.794,345.760
851.161,136.684,152.117,349.857
854.582,135.164,149.587,351.552
854.341,135.825,149.856,353.315
857.009,132.318,149.042,355.735
857.812,130.680,147.916,355.848
857.767,128.825,147.659,353.938
855.567,126.044,150.500,356.350
854.049,123.503,153.631,359.295
853.247,121.743,152.219,353.495
851.305,120.699,152.964,350.763
847.116,120.745,155.023,345.132
846.838,129.278,158.603,340.649
847.999,130.762,154.954,339.709
852.168,131.545,151.148,345.655
855.754,131.736,142.200,344.010
852.717,136.438,142.461,350.608
853.649,137.014,145.085,343.309
851.205,135.205,145.207,344.096
851.456,135.205,146.987,344.125
849.193,138.523,146.550,344.447
848.812,144.588,146.626,340.312
849.469,134.461,146.374,347.785
846.356,134.397,148.432,347.060
845.034,137.873,146.489,344.104
845.270,135.938,148.654,344.670
844.796,137.381,150.011,339.960
843.812,140.246,150.313,340.438
841.451,144.033,153.252,341.451
845.607,144.715,157.346,343.484
848.882,148.150,159.166,338.558
850.190,150.969,160.218,331.530
855.183,154.368,160.089,324.322
855.315,157.527,159.280,312.251
855.561,158.449,157.975,314.883
853.711,160.798,158.130,319.415
853.767,160.160,158.114,318.964
856.750,157.673,156.099,326.053
855.039,159.343,154.437,343.750
860.502,157.471,153.191,346.775
859.095,149.274,151.762,351.940
858.018,144.898,152.501,354.894
857.258,141.413,152.472,359.192
858.282,134.358,151.822,367.489
856.591,130.306,152.514,372.673
857.891,133.338,152.982,372.432
851.972,133.640,156.834,371.124
858.947,134.562,152.794,373.079
857.575,135.123,152.898,370.198
858.566,134.807,154.982,367.417
856.446,130.451,155.776,365.261
854.828,128.453,154.974,361.769
850.102,129.316,155.937,365.613
850.408,131.758,162.747,366.229
840.932,134.814,164.476,359.594
847.536,127.949,171.021,364.748
844.537,127.423,168.040,366.921
838.428,123.978,168.652,368.756
836.556,128.212,168.817,362.627
837.518,125.835,165.554,366.488
837.419,122.793,164.215,371.578
837.844,121.459,163.257,376.188
841.669,123.666,159.058,372.190
836.461,127.886,155.646,368.854
833.890,131.461,153.532,365.651
831.207,130.977,153.067,365.859
832.653,126.240,153.207,369.611
831.236,118.451,153.961,375.295
825.615,115.558,156.457,379.213
823.945,109.685,158.037,384.681
821.601,107.439,159.798,385.496
815.762,107.033,163.641,385.278
816.605,99.057,163.861,385.308
813.837,99.720,167.439,378.979
812.283,99.201,166.862,375.691
810.614,96.394,171.265,378.388
807.851,97.243,175.439,377.094
806.681,96.508,176.661,377.942
803.840,97.518,174.943,377.667
804.174,104.958,167.538,363.042
805.020,101.148,170.327,364.804
807.797,93.155,171.782,366.458
799.186,99.951,167.459,361.013
801.901,100.165,165.341,364.965
802.385,96.656,166.178,372.199
804.423,94.038,160.513,371.038
806.852,94.058,158.510,366.868
809.181,88.823,158.565,366.874
806.646,85.585,157.763,368.397
809.874,81.436,157.456,373.468
805.746,78.703,159.064,378.597
805.334,78.110,161.597,383.920
804.562,74.521,161.080,384.306
804.093,70.440,163.824,385.268
802.769,72.818,165.063,384.537
797.918,71.607,168.392,384.957
797.060,70.750,170.101,380.244
798.327,70.786,170.186,377.182
802.599,70.986,168.948,377.500
806.106,66.640,166.067,381.039
805.164,69.664,162.087,381.612
801.788,75.494,163.669,378.352
803.709,70.909,165.929,381.832
804.072,76.500,164.265,368.282
802.739,74.612,161.211,366.820
803.095,77.772,159.626,364.989
802.622,84.961,160.209,357.737
802.996,90.327,159.234,349.307
799.828,95.166,161.313,343.602
800.209,92.560,162.861,344.210
800.112,92.973,162.521,342.784
798.027,97.605,158.402,335.946
801.685,100.604,162.891,334.530
801.084,99.127,161.039,335.552
800.226,97.007,165.617,335.230
790.141,97.461,171.224,342.396
798.267,98.015,175.623,343.586
800.814,100.106,172.749,340.812
800.002,101.635,173.262,341.158
801.850,102.914,177.617,340.995
803.737,101.083,179.160,341.040
799.154,104.349,183.655,340.281
807.531,109.974,184.414,334.351
809.924,111.889,184.116,330.555
809.542,114.089,186.483,336.646
812.098,122.356,186.593,335.801
813.873,120.111,188.535,339.231
813.466,124.049,186.957,337.649
816.950,131.906,183.301,343.638
820.331,137.605,177.240,344.833
819.145,144.170,178.820,345.527
815.235,143.614,178.895,346.274
816.395,144.531,179.944,347.763
815.853,147.290,181.842,346.429
817.063,151.509,185.038,349.457
814.642,155.760,188.711,347.923
809.639,154.215,195.095,353.926
808.583,153.802,201.403,362.410
810.605,154.832,204.683,373.555
806.042,153.798,205.708,378.933
808.150,157.661,210.595,373.295
804.870,157.134,214.871,372.326
799.158,162.397,223.282,373.134
800.620,161.594,216.704,359.460
799.942,163.587,224.855,355.550
791.630,172.660,233.121,359.961
789.842,166.163,230.103,359.835
780.807,182.627,247.218,363.389
768.234,173.782,249.241,365.648
754.885,181.148,269.186,366.146
744.552,173.734,271.513,365.718
737.465,181.166,281.793,365.412
732.832,178.440,279.801,367.522
727.784,179.751,286.359,372.994
726.511,173.951,285.233,372.967
718.143,178.324,289.798,376.141
716.586,170.253,291.054,380.459
699.957,170.910,299.720,388.485
686.593,174.457,315.841,384.753
673.985,171.230,329.252,389.090
665.845,168.370,339.614,394.451
661.788,165.324,343.156,397.383
654.973,164.312,348.575,400.650
646.877,168.292,359.051,398.395
639.555,168.120,366.572,395.346
632.487,168.632,371.926,388.612
626.854,167.161,385.211,394.028
613.277,169.634,394.757,394.773
613.582,161.520,402.090,403.894
606.404,166.669,405.461,404.979
610.191,166.464,415.824,405.505
597.885,174.268,421.051,404.072
596.876,168.174,432.415,404.957
591.840,174.134,441.455,411.829
583.069,180.807,448.354,405.234
589.429,192.281,444.435,393.137
599.678,190.873,456.514,390.277
606.039,204.022,475.009,385.082
607.575,204.644,488.665,386.667
619.469,211.278,494.289,382.391
623.290,211.890,513.554,384.377
627.372,218.156,517.508,392.739
646.058,219.315,510.312,386.253
655.112,223.690,523.948,377.525
664.918,227.684,535.437,378.741
672.319,235.887,536.293,373.340
686.527,233.109,534.581,369.161
685.106,242.302,547.080,366.893
699.265,235.659,543.575,361.500
709.982,242.433,555.208,362.395
711.016,248.202,564.153,352.026
703.960,248.320,569.977,358.757
712.922,240.598,567.773,358.677
715.988,247.056,569.541,350.277
721.836,251.011,558.891,344.358
722.298,248.295,558.029,339.845
721.296,249.920,560.119,331.520
726.173,250.187,551.257,329.236
716.487,250.412,556.432,329.028
712.404,252.765,558.392,332.667
706.000,248.233,555.600,339.867
696.100,255.015,564.651,332.397
687.368,246.468,569.436,331.085
674.979,256.132,578.025,321.769
657.580,241.869,581.038,333.371
642.881,250.867,605.489,323.604
629.736,244.341,617.697,326.057
619.663,248.632,614.264,329.724
614.564,241.178,629.301,327.005
618.862,246.633,634.541,330.652
614.278,239.087,638.386,339.834
618.502,247.515,640.062,337.135
615.905,234.866,639.418,349.988
621.098,252.010,635.310,341.827
616.659,235.103,635.524,350.433
613.354,238.906,632.281,348.942
612.450,231.192,627.906,347.648
624.918,238.526,622.124,341.266
609.796,224.578,631.190,345.703
617.225,231.410,627.457,341.593
614.349,229.381,623.944,338.515
618.655,232.672,628.589,332.983
612.896,225.202,633.496,344.644
609.952,233.086,628.707,336.385
604.046,226.721,636.347,333.522
609.728,232.740,624.144,334.072
588.669,219.758,625.077,332.468
607.745,230.004,607.919,338.737
601.812,221.869,610.774,336.374
607.908,233.436,611.971,335.569
608.391,221.302,612.996,336.010
613.225,234.922,620.639,330.253
604.814,222.843,631.936,330.191
602.482,235.177,644.070,328.066
597.951,230.288,661.581,331.984
582.625,228.481,663.573,340.618
590.636,231.638,648.838,334.465
586.824,225.547,652.250,335.567
583.123,230.115,641.107,336.658
589.132,230.888,608.132,333.608
590.864,234.612,611.919,334.910
584.402,227.812,613.202,335.234
579.748,236.088,625.518,332.476
583.185,228.402,619.735,337.433
577.017,232.413,632.888,335.526
561.098,226.105,630.815,342.686
560.194,236.594,638.570,337.112
567.786,227.393,628.265,342.672
560.772,230.853,635.830,338.086
545.871,233.209,640.710,341.078
530.529,227.087,653.481,343.518
528.438,235.004,667.227,345.195
512.664,221.550,659.725,354.933
499.454,233.989,677.992,351.747
480.337,227.287,690.114,355.684
465.151,228.615,719.777,360.389
464.804,220.864,729.226,365.897
477.724,228.646,744.704,368.399
486.034,225.908,747.881,368.532
492.792,224.056,757.861,368.717
504.082,223.120,740.562,373.663
504.079,224.039,744.229,369.597
510.762,221.901,734.234,370.657
521.207,221.857,732.357,373.498
523.595,219.125,730.213,373.147
526.897,216.526,732.043,373.845
529.769,214.166,734.838,369.167
525.373,203.634,721.399,370.363
524.384,199.520,730.162,377.286
533.324,192.705,722.443,380.404
512.989,187.817,712.016,377.037
522.109,195.701,691.225,365.138
506.537,179.931,687.397,364.751
495.023,183.431,690.848,361.361
485.632,182.661,696.311,358.549
459.244,179.550,698.438,355.695
440.104,179.270,694.393,354.300
422.426,181.799,706.084,354.317
398.671,179.860,709.691,359.118
383.751,183.129,712.796,358.046
365.517,183.407,727.125,360.475
356.905,182.564,716.382,364.328
360.507,191.281,735.700,366.553
348.204,186.078,728.158,360.285
346.730,189.370,730.341,362.401
342.212,187.498,721.350,363.446
336.108,190.798,723.382,361.128
336.744,188.148,727.121,361.901
321.820,189.842,721.562,368.828
317.877,190.669,711.258,362.888
314.777,192.869,705.813,363.004
309.511,198.850,702.460,362.406
308.591,194.791,690.364,361.212
299.820,200.766,677.509,356.282
304.355,199.731,645.203,366.434
296.797,199.743,634.979,363.099
296.041,203.897,621.321,363.881
288.793,202.034,622.056,366.234
300.337,203.684,611.985,366.785
289.162,205.117,606.002,360.018
295.683,206.773,609.331,362.048
280.888,208.630,600.258,356.160
291.101,195.136,615.474,366.586
279.005,209.734,607.356,350.518
283.194,200.069,609.479,363.760
266.552,205.105,600.260,355.070
273.586,207.153,606.677,370.021
267.458,204.688,601.090,360.975
260.995,211.179,603.056,362.167
264.909,208.585,594.112,378.902
259.823,215.372,584.548,375.474
268.428,212.716,567.919,373.736
265.533,223.862,575.150,368.148
277.934,218.479,546.137,372.836
265.454,228.659,557.190,358.093
286.153,223.888,550.310,363.893
286.127,229.202,568.544,369.982
301.157,223.509,555.726,375.046
295.030,229.949,562.946,373.509
305.492,223.034,560.504,383.102
293.813,231.927,569.122,376.334
309.412,224.732,562.181,381.206
292.818,232.465,576.792,378.818
308.904,224.725,559.116,381.645
302.507,230.031,562.877,383.925
306.772,228.356,559.322,385.380
305.230,233.980,565.892,381.818
302.927,234.761,560.550,376.987
307.862,234.665,570.314,375.160
298.977,235.830,568.586,373.516
315.048,233.535,564.883,375.108
297.874,240.638,577.860,370.947
317.190,233.400,555.489,374.306
308.023,237.438,575.023,374.634
311.364,234.169,555.705,377.426
323.707,243.276,545.993,363.651
320.359,232.425,549.862,370.238
319.840,236.429,553.822,369.085
322.932,232.141,555.407,375.757
317.748,236.698,576.316,368.492
320.408,224.854,553.072,377.898
311.471,231.911,564.065,374.312
320.009,233.596,574.884,373.353
314.770,228.710,567.957,371.405
308.308,231.898,577.308,373.461
309.378,229.084,576.028,372.622
307.241,233.055,599.685,370.120
302.387,228.605,588.831,367.509
299.498,228.722,581.997,365.845
297.382,232.925,588.097,358.570
296.748,228.154,591.692,359.629
291.845,230.666,600.048,358.156
294.878,221.586,579.879,362.022
289.964,218.845,586.351,356.383
289.912,217.011,575.629,355.881
282.703,212.239,576.013,359.721
287.723,207.750,581.835,364.032
283.923,211.183,589.922,365.935
276.427,208.144,587.247,367.547
269.195,204.504,589.960,372.304
274.652,206.652,590.099,366.604
268.402,204.897,593.679,361.123
266.937,192.483,592.319,360.639
268.045,183.690,603.448,360.028
254.670,178.335,590.192,356.964
248.117,168.377,600.974,360.102
235.267,160.563,610.112,376.096
223.545,151.361,595.319,376.424
212.647,145.329,605.784,381.893
194.241,139.524,610.164,391.105
169.009,139.062,610.955,394.227
139.247,137.099,629.567,395.091
118.522,141.254,674.598,394.835
84.985,146.253,681.154,392.602
52.642,159.723,698.636,381.456
43.029,173.898,728.267,373.901
26.313,182.692,731.856,365.648
0.000,188.648,765.372,360.552
16.073,188.060,735.488,357.431
0.000,184.629,756.469,356.076
4.583,177.334,751.862,358.850
20.888,163.585,746.379,369.752
7.940,160.915,747.288,368.793
37.456,138.185,693.295,365.052
170.595,63.308,657.497,386.744
444.918,0.000,605.901,395.174
623.058,0.000,548.713,384.697
771.698,0.000,508.302,383.322
881.470,19.503,451.611,386.892
958.245,36.867,376.226,449.242
961.497,58.572,347.842,528.666
947.004,139.772,441.979,526.588
921.224,111.307,537.952,498.887
817.098,151.707,548.640,544.733
827.659,131.671,581.030,559.126
880.083,97.702,524.233,606.506
933.046,9.940,436.235,638.833
992.519,9.746,386.431,596.055
969.121,54.473,361.276,513.502
931.009,87.699,328.075,461.079
905.999,115.150,362.837,417.201
866.587,133.803,415.633,395.109
798.137,168.138,470.685,375.508
730.296,185.835,537.338,367.516
665.177,196.292,606.237,357.982
621.020,201.278,657.415,346.771
573.406,202.333,687.412,348.668
554.207,205.162,713.523,343.620
532.192,200.981,729.148,354.438
504.973,203.170,724.738,352.792
498.468,196.036,732.324,349.317
468.859,200.625,747.474,357.672
467.272,200.058,731.189,352.133
447.322,190.536,753.249,356.281
431.224,196.274,766.300,351.947
417.373,193.997,774.172,360.975
396.449,196.330,788.604,357.861
398.099,191.978,784.197,360.809
383.932,188.265,805.329,368.439
367.664,187.167,820.628,373.762
351.304,188.675,816.662,372.220
349.388,195.618,794.887,362.621
349.548,202.253,781.712,348.990
360.474,208.250,775.217,340.596
339.652,213.190,766.329,333.061
352.132,210.797,754.782,333.657
318.417,211.104,749.178,334.118
325.261,212.716,719.774,317.878
321.647,216.814,709.225,313.607
324.241,210.695,685.307,310.663
327.205,214.580,670.856,307.815
331.664,220.014,635.657,296.156
323.274,213.187,642.930,298.216
323.585,217.231,630.518,296.745
326.269,209.821,617.963,294.638
315.586,216.416,601.533,283.461
327.735,218.197,596.500,285.258
328.982,221.938,578.991,280.328
337.016,220.863,581.152,275.485
322.341,224.409,564.670,267.008
337.979,227.174,555.326,266.339
340.889,228.700,542.458,260.599
351.474,226.873,534.960,259.982
332.757,229.725,528.013,255.771
348.484,229.608,507.648,246.956
340.774,229.999,513.894,241.231
351.126,231.627,505.918,236.131
336.285,236.516,502.928,226.068
352.180,233.206,489.141,222.516
346.642,239.913,486.016,217.850
355.403,239.177,477.237,213.986
357.023,241.789,471.716,207.538
351.302,243.894,462.239,205.900
359.111,241.965,454.736,205.920
357.909,241.349,443.430,202.587
362.395,243.870,433.584,197.071
360.675,243.710,432.065,193.520
360.419,244.845,419.186,190.078
371.962,245.990,409.893,188.328
358.059,249.840,405.201,185.153
370.444,250.192,386.045,184.332
367.181,253.257,382.780,181.942
373.904,258.600,367.660,181.610
382.376,261.946,348.042,175.389
372.578,265.581,359.562,173.174
381.623,270.101,341.934,171.653
383.433,272.198,347.527,171.867
386.564,272.296,350.372,170.037
375.215,277.297,364.860,167.677
382.149,279.284,361.376,165.134
375.114,279.399,370.904,163.004
383.672,276.638,368.739,162.189
369.869,285.477,382.071,160.843
364.415,281.386,383.741,164.611
366.813,276.715,384.269,163.623
360.227,276.403,379.746,162.923
366.928,278.579,383.317,160.613
354.326,277.540,375.114,158.388
362.567,275.546,376.436,162.320
358.247,275.194,371.532,163.110
363.295,273.047,372.716,164.709
367.598,272.247,376.482,165.847
369.963,271.651,375.536,164.027
383.680,270.299,380.196,161.605
388.248,267.077,372.981,161.398
396.326,268.349,379.563,162.265
393.781,266.701,375.466,160.975
402.679,267.433,377.670,161.254
407.888,264.461,377.575,164.105
417.348,265.304,377.190,167.629
417.268,267.304,373.414,169.203
421.822,266.424,381.693,169.334
430.082,263.676,380.083,170.238
432.273,262.764,374.559,169.966
439.253,265.878,378.306,168.769
439.365,261.171,363.793,167.657
444.628,265.664,367.130,166.935
450.165,261.091,374.913,170.207
448.063,256.070,374.008,170.966
446.639,259.108,370.639,170.453
450.503,261.726,374.586,169.481
453.298,260.305,367.148,169.805
453.283,257.086,373.390,169.438
450.218,257.955,372.073,167.807
452.430,257.150,374.446,168.285
454.133,255.758,377.242,168.808
449.582,254.768,380.734,169.591
451.379,255.847,374.688,167.109
454.551,255.248,373.775,168.511
458.711,255.335,367.765,167.959
452.787,255.611,370.425,169.847
459.936,256.356,369.184,168.953
461.415,255.912,367.806,170.024
462.636,257.556,365.627,172.917
464.573,257.950,358.503,174.240
464.195,255.632,364.956,174.835
468.357,257.143,359.967,176.933
466.029,254.709,363.029,175.894
472.072,254.798,360.199,176.462
474.268,255.624,358.899,179.700
469.997,255.638,357.377,179.927
473.764,255.291,353.443,178.169
472.115,254.554,350.378,179.352
475.262,253.599,357.690,179.602
478.861,254.584,351.358,177.378
479.587,254.396,349.325,175.508
485.262,254.821,344.500,176.023
488.653,256.374,329.043,174.533
487.687,257.310,339.401,173.988
488.512,256.157,340.012,176.629
488.593,256.846,331.348,176.837
494.804,258.594,326.739,176.865
497.262,259.218,323.934,180.407
502.577,257.553,324.794,184.859
504.137,251.357,325.968,193.159
507.757,244.094,322.497,204.943
505.726,238.490,311.292,204.963
510.754,232.654,296.314,213.379
511.230,229.774,288.252,222.674
513.761,232.076,275.121,227.584
516.392,234.126,268.381,224.730
523.516,231.252,255.042,226.292
524.360,230.529,253.484,226.305
527.604,230.755,245.665,224.509
530.723,230.874,241.059,225.876
536.006,234.400,235.723,221.599
537.776,233.780,231.034,222.833
540.153,230.651,227.005,222.777
543.823,231.092,225.683,222.209
547.262,233.133,217.313,217.386
549.076,235.435,211.176,213.329
553.846,240.662,203.897,208.938
553.704,243.822,198.590,203.889
556.586,247.477,191.706,199.355
556.247,249.167,187.274,197.066
559.157,251.651,180.151,192.658
558.814,251.637,178.511,190.889
558.813,251.308,174.629,188.868
559.469,248.261,170.009,188.293
564.385,249.539,157.524,185.072
563.305,241.509,155.619,185.188
565.281,238.642,157.585,185.062
564.905,238.867,158.052,185.711
561.504,234.462,158.276,186.576
564.334,230.207,155.866,186.574
559.035,227.281,158.149,183.985
558.883,224.931,160.525,182.064
555.861,226.667,163.548,177.054
555.484,222.965,161.876,173.073
552.377,224.702,164.243,168.102
549.454,222.450,162.034,165.061
546.029,223.021,158.776,163.119
544.909,223.067,149.767,161.181
545.358,221.085,148.002,159.606
541.494,217.739,147.427,159.079
536.496,213.816,147.860,159.543
535.067,209.177,146.419,160.884
532.805,210.205,141.282,158.022
530.329,208.326,136.544,158.209
528.907,205.732,132.766,157.653
526.956,205.032,129.753,156.632
527.030,203.206,126.428,157.055
524.989,201.466,123.220,158.698
524.987,201.113,121.978,158.113
524.064,201.675,120.735,156.529
521.509,201.884,119.575,156.187
520.240,200.781,119.216,155.685
519.407,199.470,120.413,155.921
516.564,198.881,117.729,154.977
518.541,197.687,119.205,155.433
514.087,196.598,116.909,155.036
516.886,198.432,116.685,155.025
511.645,194.877,120.245,155.083
512.268,196.515,119.025,155.609
508.861,193.236,120.528,157.222
509.291,195.564,119.310,155.550
510.033,192.218,120.272,156.818
507.228,192.577,119.809,157.269
508.265,189.949,120.986,157.760
506.142,189.506,120.633,156.952
505.223,190.137,121.079,155.028
505.233,187.737,121.264,154.396
505.134,187.005,121.776,154.974
504.817,185.842,121.781,154.373
505.843,186.427,120.074,154.853
505.525,185.062,120.072,154.323
504.879,186.944,119.723,154.235
505.671,185.302,118.684,153.876
506.587,184.547,118.658,153.094
506.313,183.316,116.986,153.256
506.394,183.946,115.875,151.959
507.137,185.054,117.490,150.857
506.519,183.517,114.486,150.376
509.086,184.899,114.848,151.847
509.605,179.671,111.774,151.343
511.920,182.922,111.344,152.550
512.334,181.360,108.358,151.417
516.176,181.384,107.138,152.222
519.431,180.428,102.683,151.506
521.396,181.173,98.940,150.238
525.256,178.461,96.225,151.212
526.555,177.975,92.031,151.993
527.769,177.119,92.888,153.171
531.044,178.013,86.528,150.811
532.405,175.465,87.696,153.010
532.738,175.909,86.702,154.310
534.478,174.511,85.150,155.661
535.641,171.748,83.643,157.079
535.883,173.253,82.668,157.352
536.903,170.345,80.892,157.924
537.788,171.096,79.979,157.821
538.294,169.000,78.295,159.148
538.444,169.299,80.253,162.273
541.065,166.245,77.598,164.188
539.862,168.122,77.257,163.336
540.452,165.099,77.166,164.185
540.782,163.834,75.898,163.965
539.586,163.547,74.507,162.819
539.205,161.972,73.386,163.422
539.414,160.290,72.431,162.051
540.852,158.908,72.439,161.591
540.845,158.378,71.600,161.018
541.263,158.971,70.881,159.768
540.740,157.096,70.774,159.854
541.789,156.076,71.236,160.312
542.105,154.570,70.592,159.617
542.061,153.968,71.105,161.082
541.800,154.052,71.677,161.213
542.208,152.176,71.478,160.365
541.221,153.127,70.795,159.922
540.589,152.465,71.161,160.929
541.697,150.956,71.379,162.573
542.060,152.907,72.141,164.743
542.242,150.166,72.513,165.092
542.779,151.645,71.434,164.355
545.487,157.297,68.861,161.563
546.628,154.375,68.777,161.738
546.700,155.616,66.720,158.159
547.178,155.657,69.044,158.258
546.820,158.169,67.900,156.293
546.589,158.567,68.201,153.732
544.475,160.681,69.190,150.924
543.753,162.527,70.478,151.737
544.139,165.826,72.273,152.554
543.315,170.332,72.358,152.168
546.202,174.441,71.803,153.380
546.346,175.118,73.070,156.043
538.662,175.775,72.579,153.846
537.989,178.058,72.665,154.109
539.471,177.348,74.917,155.301
532.417,181.675,76.033,151.338
534.627,181.129,79.491,154.592
532.657,178.520,77.217,155.364
533.120,178.152,81.974,157.249
530.678,176.209,80.599,158.749
527.175,174.952,86.006,161.192
530.420,173.749,89.017,167.720
526.160,172.654,89.164,167.436
523.716,173.204,94.436,169.063
523.306,170.901,96.519,170.989
518.209,168.392,100.215,174.001
522.749,169.815,100.884,184.884
521.436,164.967,103.588,190.090
516.872,168.485,106.032,195.096
516.414,163.244,110.509,202.388
516.615,161.595,112.151,209.752
516.282,160.941,113.951,215.309
515.107,163.717,111.860,218.262
522.975,161.684,121.945,227.773
525.217,170.155,117.183,232.824
520.948,176.159,123.247,237.234
522.626,173.598,130.673,244.181
521.420,175.666,127.278,246.284
515.695,175.826,131.037,249.366
517.764,178.310,133.433,259.460
515.848,179.094,136.062,260.226
520.165,177.073,142.296,267.758
511.732,175.537,140.708,266.489
509.715,178.092,143.073,271.399
509.666,169.447,147.887,277.168
506.748,170.754,147.034,277.029
504.289,168.307,149.687,282.663
505.514,170.474,150.438,288.299
506.227,165.104,154.592,292.517
509.964,162.533,154.304,296.536
511.052,158.339,154.488,295.567
509.642,161.172,153.715,295.310
508.643,154.430,158.572,301.712
507.897,148.557,159.123,305.587
508.127,146.180,160.035,308.323
506.319,143.419,161.872,314.481
503.645,142.548,163.252,317.296
494.098,140.447,164.282,323.907
499.833,135.950,170.012,331.427
499.409,128.238,170.492,338.769
487.600,132.418,173.751,335.910
492.069,126.169,180.015,347.199
491.690,123.586,179.769,350.568
488.719,122.996,182.449,352.138
489.629,117.048,182.473,354.592
480.336,115.283,187.507,363.547
482.374,105.862,195.085,370.329
479.601,98.142,205.069,377.935
477.827,92.893,208.356,386.793
475.292,87.974,212.121,396.928
474.340,80.493,219.586,411.882
468.394,79.727,226.343,428.082
466.415,70.044,230.830,438.074
465.394,63.588,236.542,447.395
456.304,61.892,243.637,457.116
455.609,52.784,244.840,467.842
452.267,45.290,251.356,481.516
451.109,35.568,254.747,492.005
449.553,41.092,255.337,494.599
450.926,38.008,256.474,498.285
445.613,39.971,260.253,496.962
448.147,34.232,258.417,499.669
446.937,39.950,256.928,496.841
440.233,45.474,263.252,494.899
448.071,35.795,265.713,499.897
445.783,40.831,261.828,502.304
450.634,43.433,262.011,500.607
446.248,45.319,258.290,502.183
448.293,36.473,257.044,509.512
448.448,36.299,257.420,514.589
456.384,38.094,255.123,516.167
443.605,35.781,257.497,517.078
444.081,39.949,260.963,519.405
454.511,32.899,262.336,518.302
441.512,27.766,260.364,519.867
447.741,38.649,268.552,513.074
456.771,31.800,250.694,496.237
452.336,27.600,253.032,503.324
453.782,44.224,257.162,497.868
466.439,43.810,257.780,497.581
455.004,36.663,254.120,501.682
448.861,37.350,259.243,496.677
460.536,40.206,261.154,491.688
453.500,41.013,257.935,497.367
452.736,46.366,261.030,487.828
451.310,44.200,261.094,488.075
452.104,45.566,260.882,484.974
449.351,47.881,259.109,484.369
446.974,57.127,260.666,483.934
447.396,55.776,257.910,485.878
452.342,60.496,257.602,482.987
448.925,65.859,256.048,478.838
455.882,68.141,254.649,474.212
451.814,72.489,252.530,466.238
455.533,78.937,254.017,459.548
458.926,83.975,253.867,453.943
460.015,87.837,249.735,445.864
459.295,91.041,246.515,439.648
456.701,94.129,247.287,431.472
458.674,96.178,253.741,427.560
459.950,97.712,253.206,422.790
457.133,102.904,253.888,419.346
460.723,96.440,257.704,419.554
456.395,103.812,250.760,421.564
464.455,100.603,254.244,418.668
464.608,101.831,249.699,418.062
460.903,119.107,252.881,416.384
463.030,110.569,254.623,407.400
467.788,119.794,253.175,409.325
469.347,118.241,243.154,404.082
472.155,121.107,251.453,401.199
467.796,129.994,249.321,399.871
472.744,127.635,250.439,396.450
472.497,134.718,248.927,394.741
470.587,138.835,241.505,387.449
473.612,136.596,247.914,387.604
473.590,144.169,249.259,388.426
476.432,143.846,246.641,386.399
475.873,148.075,251.776,382.839
473.146,147.217,248.422,382.685
473.146,147.746,254.101,384.731
478.175,147.365,251.473,384.812
478.939,149.760,248.961,382.115
478.891,155.626,251.351,381.227
477.809,156.075,245.941,378.626
480.250,159.380,247.389,377.929
479.286,156.572,249.530,380.217
478.183,159.598,250.814,378.188
478.745,165.199,249.061,373.900
480.214,161.774,246.177,369.895
481.512,162.863,245.873,368.122
482.884,168.682,243.899,362.615
484.147,172.383,243.817,359.363
483.857,172.483,240.527,356.235
486.385,174.753,236.201,350.103
488.089,179.335,232.035,344.313
491.702,184.171,229.325,336.162
494.231,186.380,230.845,333.193
492.645,185.583,232.565,336.124
493.057,186.114,236.416,336.585
494.811,188.288,235.508,339.157
496.685,185.692,236.742,342.354
500.318,181.351,237.816,345.823
501.390,182.376,240.970,350.348
499.485,186.111,241.506,349.012
505.059,188.284,235.757,349.279
505.328,185.782,236.744,347.998
508.215,185.902,236.140,346.453
510.839,187.020,237.047,344.215
510.200,191.147,241.378,345.286
512.446,188.101,243.044,344.668
512.461,184.999,237.109,342.960
513.646,185.813,236.056,346.302
517.754,185.290,234.869,345.382
519.535,181.161,234.468,345.244
519.736,179.809,235.762,342.884
521.665,185.537,232.746,341.748
519.869,179.371,230.156,346.590
521.231,179.711,227.137,343.870
526.328,178.485,229.320,342.518
525.910,177.028,224.065,344.614
529.808,174.497,220.441,343.219
528.502,174.371,219.575,337.609
532.889,173.035,211.924,328.634
533.794,175.484,207.899,320.006
531.262,182.171,216.126,318.674
535.301,178.883,223.576,321.692
532.094,181.390,225.226,322.037
535.654,184.900,224.813,320.871
533.712,184.576,225.605,321.638
531.629,184.399,221.856,319.831
529.582,183.797,228.933,326.314
532.407,183.662,220.827,325.134
533.229,182.956,220.377,328.083
531.523,181.546,222.128,329.180
538.103,178.764,225.460,337.778
535.935,171.756,222.920,338.021
531.312,165.459,222.065,340.471
531.053,160.445,226.081,348.915
532.710,157.736,221.162,353.291
536.704,162.213,216.182,344.577
543.315,167.958,213.791,339.233
537.435,177.898,212.407,337.487
545.200,181.459,203.821,333.848
537.913,186.788,205.789,330.357
544.326,191.352,204.879,322.223
534.635,198.120,203.732,320.568
536.842,204.964,202.985,314.126
531.676,209.898,202.654,308.633
529.942,212.626,199.650,303.275
523.301,212.922,197.777,299.991
527.384,211.745,195.072,295.702
514.557,205.929,199.934,293.609
517.119,204.950,206.347,294.094
504.817,210.140,206.987,291.909
505.570,236.056,211.404,276.254
509.043,257.420,208.479,270.734
510.867,253.655,204.149,284.111
521.449,253.487,202.518,291.339
504.038,255.497,209.419,298.893
514.746,242.074,203.565,300.510
518.032,251.171,203.733,292.879
513.378,252.696,200.842,289.603
514.983,258.294,198.251,284.925
519.026,246.351,186.472,284.813
522.494,256.547,186.246,275.412
525.455,255.432,182.096,277.098
526.956,249.256,178.463,275.615
524.679,257.972,175.919,267.546
532.473,256.056,170.806,267.221
523.315,257.100,165.928,261.586
532.166,259.743,165.688,256.717
527.849,258.795,157.324,254.015
535.254,258.021,156.011,249.300
537.446,252.342,146.451,245.246
538.126,258.370,148.036,236.744
541.248,256.290,142.939,234.168
542.292,258.233,141.116,228.737
538.047,263.537,140.566,223.773
547.551,260.704,135.577,224.450
540.557,267.987,134.202,217.409
537.972,269.220,133.741,215.780
532.510,270.966,132.386,210.473
528.150,273.103,131.260,206.219
516.085,273.696,126.332,204.055
489.300,277.066,130.223,201.236
455.920,283.380,131.929,192.613
420.781,284.989,129.381,186.885
396.674,289.952,124.710,184.858
377.530,297.480,119.884,180.620
351.497,298.155,118.616,180.417
330.515,300.636,116.340,178.372
308.458,302.933,116.386,175.539
284.412,307.059,115.113,172.766
262.329,311.902,118.617,173.264
232.292,314.062,118.878,173.645
206.701,310.089,119.319,175.713
182.408,314.432,115.246,174.797
148.812,317.866,113.949,172.908
