133.000,328.000,188.000,100.000
129.141,325.545,191.449,107.386
123.664,324.326,199.432,110.870
115.633,318.777,203.723,115.268
115.959,318.554,206.594,116.345
112.956,314.815,210.807,119.815
106.497,307.587,210.588,122.066
110.743,300.946,209.990,124.990
101.956,293.101,211.388,123.352
101.953,290.261,209.919,125.190
103.556,289.873,208.883,125.245
99.455,288.013,214.049,124.674
94.580,288.526,219.220,121.914
87.408,289.939,222.215,121.655
89.391,291.908,222.556,120.635
88.931,293.689,225.824,117.572
90.597,295.710,224.649,115.556
92.045,296.824,223.464,113.565
92.839,297.142,222.882,111.491
97.254,295.710,219.732,108.570
96.637,294.726,218.529,109.434
96.699,294.365,218.529,107.275
98.811,293.688,218.498,104.571
97.267,292.075,218.506,103.940
114.026,288.610,217.456,100.971
126.024,291.078,217.143,97.910
137.027,290.227,217.949,96.344
148.006,289.963,217.765,95.906
148.875,289.167,212.995,99.055
161.776,289.917,212.115,100.183
169.820,290.562,208.208,100.964
167.257,290.624,212.401,101.630
180.731,292.735,204.317,102.560
189.135,291.602,200.689,104.209
190.043,290.837,199.258,105.155
189.812,293.076,199.731,106.908
196.159,293.047,194.334,107.587
199.070,292.263,189.789,107.049
205.254,291.956,186.642,109.605
205.610,293.771,187.205,110.901
202.231,293.992,190.845,112.257
200.937,292.606,189.916,110.058
199.520,290.971,191.743,108.577
196.985,289.194,193.930,106.503
191.304,287.551,195.629,106.796
192.709,285.087,196.933,106.043
193.737,285.062,195.702,105.599
187.404,282.371,198.516,107.650
186.976,280.252,200.137,106.447
191.243,278.199,200.344,105.767
195.589,274.342,206.099,105.569
201.256,268.807,208.977,104.906
201.793,265.876,210.395,104.656
207.154,261.141,208.817,107.145
207.333,255.898,210.787,108.955
206.928,254.244,210.828,107.156
225.240,251.900,204.647,108.009
243.650,250.075,193.006,104.113
253.133,251.538,183.107,107.296
263.621,247.142,171.123,106.954
263.355,245.782,169.634,108.935
266.462,243.194,164.317,113.391
262.022,240.271,167.008,115.766
260.774,239.920,167.684,117.376
261.715,240.395,163.485,116.239
260.567,237.579,165.880,115.294
256.311,237.068,167.736,117.029
252.319,237.516,169.710,118.568
251.878,237.003,169.406,119.357
245.596,241.008,169.403,118.134
246.764,242.882,169.941,114.967
250.029,245.759,167.663,113.107
247.714,253.747,167.098,113.320
251.486,256.387,163.453,113.687
252.874,260.853,163.258,115.971
257.765,263.282,159.845,114.731
258.953,262.604,157.777,114.068
255.459,267.073,161.135,111.306
256.256,270.693,160.344,107.216
253.934,272.893,161.996,107.714
251.543,276.822,168.035,108.017
244.289,277.537,173.805,107.760
235.340,277.268,181.859,106.869
234.804,277.676,184.278,106.015
231.029,279.463,188.180,106.089
234.878,278.801,193.808,103.770
239.793,279.870,197.563,101.938
238.788,283.055,199.668,100.601
235.253,281.509,201.882,100.887
236.690,285.556,203.906,97.011
237.751,288.059,205.948,98.809
238.793,289.890,202.819,100.610
242.782,296.513,195.726,109.352
250.492,316.659,184.721,117.705
253.670,323.997,182.873,113.356
251.552,323.726,180.601,108.450
257.072,315.945,176.094,104.812
249.938,317.451,179.326,106.565
248.845,324.518,182.443,106.900
243.608,330.679,178.559,108.951
250.450,332.675,173.920,106.324
243.303,334.902,175.097,106.599
240.174,338.764,178.558,109.153
238.498,343.482,176.265,108.738
237.455,347.247,174.999,108.017
238.836,352.271,177.422,112.541
240.894,351.062,172.854,114.121
241.286,355.682,170.011,114.822
250.020,359.997,163.589,114.496
248.699,364.024,159.317,112.175
250.445,367.770,158.185,111.795
253.216,368.805,155.603,109.482
254.268,369.658,151.293,109.422
258.204,372.652,153.501,107.929
255.279,369.518,149.793,106.456
261.744,374.010,148.070,103.626
263.256,372.260,146.063,104.604
261.518,374.681,148.213,102.085
263.294,373.853,146.088,101.499
265.754,372.979,145.542,101.813
268.385,371.449,144.433,101.791
270.024,372.744,142.986,104.156
270.135,371.679,142.211,107.306
267.771,372.676,142.849,106.293
268.710,371.449,146.179,106.548
277.417,372.861,145.465,104.209
286.467,369.978,144.806,102.216
288.192,371.131,145.678,99.280
296.272,372.897,145.235,96.046
310.746,371.642,140.325,95.404
309.212,370.596,141.640,96.313
314.280,370.473,141.849,93.425
317.335,371.013,141.887,92.454
324.824,369.952,145.116,93.959
332.563,369.274,145.178,93.684
339.569,367.447,144.017,95.150
346.526,366.164,139.075,94.842
349.666,363.934,140.426,95.296
354.705,358.855,139.251,97.046
358.783,353.444,140.461,99.341
361.781,351.096,137.551,100.007
361.408,347.144,134.745,102.196
360.964,347.329,133.934,103.918
360.851,344.448,133.974,105.216
362.574,341.732,132.588,107.695
361.907,335.977,132.721,110.967
352.885,334.584,136.747,111.405
351.463,328.577,136.332,113.567
352.384,332.596,136.354,112.493
350.293,325.259,140.118,116.056
342.503,324.601,147.958,115.495
339.398,321.764,149.665,117.096
336.547,319.610,148.695,118.387
331.058,315.408,151.908,121.917
331.367,315.363,152.494,125.334
330.224,313.499,152.728,125.949
314.832,311.424,153.010,117.530
296.442,311.979,152.747,115.879
295.854,311.725,162.253,114.972
292.798,313.257,167.578,111.899
289.687,315.076,167.577,110.055
287.538,313.108,169.110,107.002
276.205,314.865,170.804,105.765
268.999,315.878,175.546,105.071
262.264,314.623,182.313,106.357
251.611,316.200,186.550,105.409
248.362,316.634,190.100,105.811
243.690,317.563,192.502,104.955
238.863,317.107,196.090,104.012
236.772,316.673,192.621,102.944
236.924,317.874,194.623,103.236
238.412,318.950,195.078,100.240
239.352,318.550,191.881,97.481
235.602,318.418,193.261,96.724
228.701,319.725,193.508,98.900
223.814,321.103,195.954,101.432
221.520,322.854,197.247,100.543
213.444,321.684,198.892,100.537
213.768,321.357,199.852,101.354
210.058,322.691,197.957,101.017
207.445,324.425,198.654,101.066
208.209,325.966,195.565,100.629
205.804,328.082,196.009,100.870
204.670,330.692,197.854,102.694
202.067,329.817,201.247,106.268
201.882,332.207,205.613,107.134
200.495,332.573,205.236,110.493
198.618,333.188,207.660,110.019
199.039,333.544,206.989,109.382
193.800,333.911,205.426,110.672
194.750,334.224,208.079,112.074
191.858,332.871,207.191,112.113
190.841,335.917,204.747,110.933
185.873,332.223,206.661,111.481
183.422,335.159,212.177,110.867
182.209,334.712,211.219,110.450
181.693,334.987,211.278,110.589
175.994,335.076,212.263,110.241
175.503,333.522,216.385,108.884
169.168,335.771,218.944,107.704
175.971,333.819,216.517,107.768
176.738,334.782,217.864,104.620
177.168,335.034,216.930,102.412
171.291,335.772,219.077,101.505
174.845,337.012,219.758,101.122
186.137,337.220,213.876,100.652
185.536,336.409,215.292,101.186
186.397,335.921,212.929,101.749
185.767,336.359,213.301,102.143
188.818,334.822,216.971,103.714
190.753,334.530,210.923,104.855
196.934,335.085,212.401,106.525
195.425,334.363,213.137,110.720
188.199,334.282,218.425,112.869
184.464,335.484,221.977,115.438
180.982,332.297,228.492,118.446
180.434,334.476,229.992,120.130
182.948,333.962,231.547,123.800
190.584,335.396,224.920,123.623
185.272,337.147,224.406,124.910
183.746,334.704,228.611,128.304
187.056,335.333,225.221,128.240
185.012,338.066,222.818,132.636
196.065,333.635,212.262,135.574
189.143,337.044,206.067,128.274
182.151,334.328,204.120,128.675
185.040,333.140,203.802,126.864
176.268,332.479,204.418,128.866
176.698,332.768,202.694,130.235
169.254,335.227,203.560,130.667
170.444,334.046,200.924,129.745
170.043,335.028,195.846,128.795
168.565,334.909,195.212,128.305
168.033,336.206,193.900,125.222
160.886,334.605,193.071,126.069
148.842,334.389,194.257,126.589
137.810,334.112,196.608,128.696
134.938,333.165,188.599,126.896
133.244,333.214,185.464,128.385
128.050,334.093,185.472,124.234
123.190,332.525,178.834,126.731
125.289,329.822,167.863,128.421
132.539,330.266,159.076,126.938
146.023,327.728,152.977,126.158
149.541,328.099,150.025,127.221
162.780,328.509,145.274,124.322
176.487,329.114,145.106,116.899
183.423,329.334,142.878,115.451
187.508,330.042,143.497,118.455
191.149,330.950,144.567,119.879
190.748,330.709,145.540,123.403
192.697,330.001,144.993,125.376
193.980,330.276,141.622,129.144
195.913,331.432,139.151,130.604
195.339,330.639,136.736,133.597
196.233,332.425,134.673,132.724
196.103,335.444,130.620,129.099
195.883,334.690,132.872,129.395
193.866,337.255,130.174,130.751
195.579,339.922,130.273,130.138
194.910,343.083,128.574,129.801
192.588,345.961,127.939,128.298
191.401,345.993,128.806,129.581
193.167,347.383,128.413,131.282
196.855,352.751,129.253,129.109
202.498,355.411,132.502,127.155
206.400,361.325,132.538,128.818
206.164,366.779,133.033,128.321
208.002,365.385,129.441,127.009
207.234,369.965,131.769,127.061
210.200,373.556,129.749,125.783
212.728,375.975,128.572,125.528
214.289,377.622,128.601,124.783
216.565,381.071,126.724,123.689
218.432,381.995,125.622,120.992
223.370,382.336,123.651,120.815
225.890,386.313,121.944,118.559
224.703,387.290,121.891,117.656
224.820,388.990,120.818,115.070
226.181,388.615,118.916,114.314
228.135,388.091,117.546,114.799
228.433,388.114,114.497,113.609
230.260,386.318,112.788,114.764
233.062,385.049,110.580,114.156
232.454,383.492,110.198,116.216
229.078,384.887,111.869,117.318
225.886,382.689,111.595,120.440
226.092,383.230,114.884,120.167
229.828,384.266,110.007,117.122
230.517,384.460,111.089,116.258
229.732,384.230,108.304,118.359
233.365,385.029,103.653,117.522
234.672,384.594,99.415,115.966
241.630,384.743,91.702,113.089
245.070,382.394,83.230,110.684
242.243,376.463,77.429,107.894
235.363,373.855,74.021,105.956
231.321,368.181,71.086,106.409
231.654,365.557,67.388,105.944
226.790,364.392,65.484,102.852
220.310,360.714,63.363,102.970
215.134,355.425,62.267,102.757
208.123,350.592,60.613,102.295
190.400,350.965,63.673,98.985
191.866,352.694,68.578,97.387
182.809,356.108,69.053,93.825
172.571,358.053,68.357,90.633
168.094,364.186,69.360,85.831
158.577,367.115,68.713,85.879
154.694,370.853,70.286,85.209
154.211,372.954,70.258,86.872
152.206,379.099,68.976,83.881
151.646,384.563,66.802,80.976
149.396,392.706,62.492,77.847
149.946,400.092,58.126,72.977
150.703,404.260,51.922,70.273
152.156,406.201,46.551,67.101
149.446,413.024,46.006,62.826
133.910,424.103,44.724,60.294
131.924,430.795,39.487,60.390
133.506,437.940,36.686,60.056
136.997,442.266,39.309,66.158
140.154,440.536,45.849,77.978
138.885,423.903,53.556,85.580
123.648,419.799,59.947,91.557
124.850,406.496,64.638,92.119
111.925,411.362,66.688,90.066
96.278,414.369,71.430,90.513
76.680,418.534,77.850,96.998
51.590,422.454,82.938,109.147
32.806,429.677,89.238,121.398
1.961,446.655,95.441,138.402
0.000,455.780,111.558,155.828
17.097,431.971,132.638,182.016
5.905,409.186,152.755,188.760
31.083,428.607,185.203,195.905
34.671,432.201,213.413,204.096
18.127,417.173,230.750,207.846
7.257,401.795,252.232,210.321
28.560,367.653,262.073,214.768
119.703,261.909,299.055,224.916
194.076,280.034,287.843,201.856
227.245,312.019,232.647,177.190
257.282,326.406,190.288,147.226
285.337,328.929,173.301,139.379
306.224,329.586,161.160,128.319
311.250,330.440,155.678,121.010
320.156,331.190,147.338,115.185
326.280,331.270,144.970,112.053
334.067,331.808,143.582,109.987
340.959,330.927,139.645,106.323
345.450,332.164,137.843,105.286
346.245,332.514,133.924,103.333
349.608,329.545,132.987,103.866
351.611,330.694,130.730,105.239
351.452,328.972,128.795,105.929
343.008,322.571,128.463,108.454
341.189,311.956,127.363,112.841
339.871,312.230,128.896,115.364
332.090,300.364,126.544,116.795
334.262,286.558,123.081,118.215
322.078,278.949,126.168,118.824
320.192,272.314,125.477,120.600
311.247,271.945,129.237,115.984
310.590,271.309,130.309,115.595
306.890,268.103,127.525,112.567
303.897,271.600,123.694,113.134
300.087,272.966,119.289,112.663
295.226,272.125,119.793,112.114
290.633,275.229,120.623,111.606
291.114,274.139,120.776,113.734
287.624,276.080,120.750,112.775
282.442,276.570,119.929,110.972
278.314,278.405,120.772,110.284
272.304,278.519,120.909,113.387
267.850,281.733,122.825,113.035
269.127,279.578,123.880,115.159
263.968,282.694,122.472,115.104
261.546,286.707,121.199,114.490
259.473,290.611,121.176,113.777
257.415,292.210,121.942,115.184
254.464,295.157,121.086,114.430
254.244,292.664,121.441,115.528
267.076,294.459,127.212,113.232
331.790,304.712,150.682,110.814
362.585,299.174,145.984,114.159
394.667,298.743,148.849,111.828
419.490,301.846,149.513,109.095
426.644,300.892,149.347,109.829
429.299,303.866,147.245,112.482
429.274,306.499,141.220,113.938
430.793,307.664,136.435,113.832
430.855,309.363,136.572,112.550
430.520,310.816,131.132,112.221
430.986,309.358,130.954,114.743
427.155,310.840,129.080,115.879
420.713,312.523,127.511,118.796
417.965,311.330,126.919,124.054
411.869,312.595,125.738,123.295
405.215,315.279,124.440,127.226
404.909,315.689,122.600,130.451
401.565,318.539,121.748,131.091
398.558,322.315,120.476,132.243
392.598,327.585,118.698,129.462
381.829,333.038,119.421,130.276
376.058,335.373,120.061,132.065
376.479,336.040,119.981,134.996
371.280,337.677,120.604,130.992
365.589,340.637,120.223,130.366
361.988,343.522,119.291,127.434
359.275,344.602,119.225,126.852
351.287,348.272,121.281,126.442
353.587,346.724,118.518,127.440
347.463,349.403,119.004,130.692
344.446,347.089,119.520,133.932
339.141,348.966,120.485,130.418
335.023,351.127,120.474,130.522
331.249,349.076,120.844,132.887
333.064,350.331,122.089,132.932
324.326,350.658,122.931,138.370
319.015,352.434,127.284,141.644
311.784,351.919,129.057,145.022
296.046,352.306,136.764,146.578
305.177,353.643,139.170,140.179
303.557,352.354,142.472,135.930
306.281,356.051,142.820,131.185
310.499,356.496,148.367,131.465
311.069,357.151,152.375,135.839
311.137,360.581,154.253,142.157
313.264,358.449,156.675,153.371
312.212,360.816,158.959,157.954
323.325,359.485,160.942,156.295
330.138,360.945,166.961,156.111
337.784,361.986,169.691,159.176
346.622,362.441,170.647,161.031
350.659,363.226,173.453,160.626
354.106,361.438,170.123,160.991
352.581,364.166,171.985,163.894
353.810,365.519,171.208,172.406
357.073,368.149,172.448,173.606
361.732,369.264,168.630,174.213
362.221,372.334,167.577,176.939
363.802,371.464,165.582,179.024
362.225,374.448,167.192,184.946
356.416,375.822,169.509,188.306
349.779,379.150,173.144,189.584
341.908,377.117,178.854,198.211
341.007,382.485,180.834,203.100
341.430,381.843,179.803,203.389
334.726,380.891,187.532,206.487
330.644,383.279,195.869,212.885
323.748,380.438,206.015,223.992
322.972,385.942,210.055,227.755
322.226,383.160,212.549,228.453
320.657,384.875,214.186,226.477
318.877,388.595,220.290,230.220
312.965,392.724,225.360,234.378
307.554,397.383,234.377,231.832
303.567,401.521,242.539,222.941
299.720,402.577,251.760,216.780
293.956,404.749,260.813,212.646
294.790,404.571,270.669,210.758
308.353,407.425,269.874,204.509
322.179,407.829,264.681,201.241
331.572,410.094,248.619,199.558
336.364,409.042,241.962,199.310
339.209,408.844,231.743,199.794
336.828,409.198,230.330,201.687
337.780,411.063,230.353,203.251
334.062,412.014,230.256,209.364
327.592,413.167,231.736,213.270
329.240,414.194,231.746,209.354
330.871,414.802,230.711,208.061
335.303,416.231,227.066,206.200
333.789,416.581,220.799,205.411
332.083,417.585,221.603,207.835
326.917,417.841,219.896,209.826
322.617,422.237,226.559,209.103
320.778,419.867,222.280,205.018
317.202,421.132,229.436,201.857
313.590,422.274,231.693,195.577
300.006,419.386,232.381,192.241
286.010,420.595,239.184,190.811
276.316,418.966,248.168,192.181
270.800,420.509,252.343,192.227
264.074,419.991,259.469,193.898
254.934,415.904,263.002,198.925
245.283,416.324,263.463,201.595
234.181,416.565,269.268,202.815
224.309,415.909,272.353,206.211
225.426,419.108,276.789,203.354
216.653,411.859,275.751,207.644
202.335,411.035,283.367,208.204
187.386,407.884,295.029,209.880
173.536,404.655,304.154,208.792
159.313,404.740,318.583,205.582
156.875,403.928,325.479,203.524
176.303,401.481,335.182,201.817
190.381,402.890,337.604,200.072
213.337,400.647,343.943,202.665
223.211,403.150,344.439,196.401
233.122,400.139,355.107,195.256
235.200,398.556,352.529,196.106
263.215,396.836,370.501,197.404
247.375,396.291,371.322,196.439
252.122,402.024,378.638,195.233
272.125,401.397,392.168,195.225
307.572,396.256,387.493,200.474
309.013,399.864,372.980,201.324
330.327,386.661,377.419,201.453
344.488,385.852,350.299,204.375
375.873,372.212,347.126,201.824
403.747,361.447,319.390,211.497
430.112,341.273,311.345,215.261
436.073,342.879,290.352,213.588
463.560,330.825,278.786,205.884
489.190,319.934,253.681,199.981
513.166,307.339,224.745,198.094
525.950,297.766,212.669,201.776
525.637,288.844,211.405,209.918
532.048,286.337,210.972,215.735
536.095,283.229,212.154,215.572
530.912,266.634,221.190,216.653
539.856,260.858,223.359,212.108
539.702,255.286,253.179,202.394
564.664,245.443,258.891,205.166
576.513,236.260,269.963,211.592
564.968,230.844,292.245,216.138
555.638,232.424,290.626,218.844
543.950,236.240,300.066,223.005
540.714,235.410,303.009,224.837
533.605,235.338,306.044,230.715
529.065,236.140,305.689,236.538
519.155,229.045,303.163,238.850
518.450,226.026,306.787,246.298
502.941,233.842,315.545,246.488
484.522,236.984,329.222,245.984
464.634,237.756,328.668,247.981
458.655,235.760,331.218,253.671
432.413,237.601,338.792,253.166
411.286,249.492,364.605,252.350
423.647,254.284,372.838,257.959
435.514,248.987,380.223,273.581
445.198,253.114,389.953,283.527
446.942,254.546,395.822,290.582
461.732,265.585,407.322,286.644
472.679,271.369,398.490,278.349
494.294,276.431,395.496,279.191
512.368,273.769,386.316,280.796
535.850,276.058,379.785,277.225
551.456,279.375,363.510,267.840
571.420,284.336,358.779,266.298
583.258,291.989,347.317,255.942
589.483,284.772,352.372,244.854
598.019,280.811,343.067,242.362
591.509,281.220,349.330,236.851
583.766,283.739,344.583,235.442
600.972,282.439,333.265,238.717
615.673,284.336,312.916,249.712
635.537,290.913,291.082,245.227
604.942,297.776,290.756,248.080
607.765,308.694,273.413,242.584
603.416,316.428,276.543,230.712
599.256,327.014,274.146,231.221
599.423,350.259,286.298,212.614
588.181,365.964,291.043,214.987
588.655,387.038,285.702,216.203
590.720,399.885,282.454,212.082
592.473,408.798,280.080,204.878
585.696,413.533,285.920,204.968
586.754,419.266,282.861,195.738
584.059,418.761,294.338,189.153
583.698,419.985,301.003,189.836
586.588,416.415,297.673,190.857
584.882,416.226,298.218,193.006
592.298,416.282,294.102,189.393
596.015,415.407,290.173,183.691
603.696,407.605,294.177,188.219
604.054,409.478,295.781,193.389
610.301,398.465,296.757,201.720
614.629,402.029,288.863,203.091
614.964,395.641,300.477,208.246
618.560,384.377,295.454,209.844
633.339,369.418,286.695,204.931
609.051,355.777,274.595,202.410
563.318,346.171,281.533,201.764
540.875,343.631,281.216,205.217
541.161,339.257,296.579,204.526
544.303,327.142,310.589,208.858
557.406,314.022,308.316,218.128
575.915,298.305,306.596,222.138
585.675,284.084,304.704,222.275
593.601,288.332,303.418,213.730
603.270,284.733,301.063,213.991
615.756,286.505,298.068,220.819
626.581,285.896,302.105,222.676
630.415,292.341,306.513,211.508
622.292,296.429,316.707,206.340
618.589,302.406,327.720,205.120
628.449,306.373,323.104,210.205
634.558,304.424,319.698,211.550
634.795,307.840,319.078,207.571
641.762,304.847,312.283,212.741
638.196,307.061,308.882,218.591
637.617,303.769,307.866,217.949
646.085,303.260,304.152,216.920
662.756,294.679,303.613,217.349
679.766,296.835,313.134,219.119
692.623,293.384,327.702,219.926
650.869,285.185,333.135,217.768
647.131,294.599,339.152,211.875
613.414,280.847,339.630,228.900
581.338,281.306,322.761,241.934
567.461,272.209,323.924,247.621
546.453,271.018,334.643,256.278
526.340,277.483,350.575,259.673
486.804,279.070,377.234,265.643
472.072,285.384,403.024,265.733
522.093,290.886,387.610,266.839
566.303,300.472,373.896,258.434
582.886,299.295,357.716,252.202
598.659,315.703,363.410,238.665
604.390,318.543,369.362,235.249
603.894,324.867,386.409,228.689
576.057,331.796,398.799,228.237
549.890,348.899,410.779,224.334
508.236,380.775,441.095,222.177
503.395,414.997,424.095,201.479
505.317,421.329,427.111,195.452
517.755,427.318,417.191,192.833
573.365,425.044,334.783,180.333
567.478,419.490,308.450,173.420
540.603,415.587,312.154,180.372
517.527,400.424,294.586,191.363
510.250,396.702,303.499,198.710
515.581,399.072,322.005,201.298
521.023,395.650,332.778,203.951
535.688,388.462,338.941,210.907
548.522,384.620,340.013,210.391
548.715,389.867,349.981,215.302
558.160,390.418,337.442,215.681
561.776,385.466,339.974,219.240
571.547,377.152,349.528,227.378
591.186,375.195,341.702,226.307
584.593,363.182,338.937,233.787
591.383,358.868,340.300,242.030
594.844,357.575,338.503,243.751
583.335,354.202,338.281,253.236
559.954,349.509,342.896,252.381
553.661,353.334,342.847,253.343
533.793,354.634,345.519,247.903
533.567,359.301,336.365,239.663
528.577,361.079,328.100,235.377
515.978,368.180,323.082,224.648
502.334,382.452,321.933,202.628
488.384,385.249,334.588,200.061
476.367,388.488,346.292,198.519
484.011,386.757,342.666,201.658
490.906,386.210,350.282,198.016
494.539,379.900,361.567,202.256
499.871,366.758,377.504,208.870
492.064,349.903,386.793,229.582
488.052,338.244,405.792,250.152
489.938,330.111,392.519,265.671
491.115,336.771,400.542,269.135
488.662,328.712,395.754,274.824
480.940,335.086,406.440,273.048
476.201,337.285,411.720,265.119
465.691,347.836,409.510,257.894
460.872,351.839,403.136,249.268
460.804,351.470,400.997,250.847
458.571,354.518,402.567,245.973
459.437,360.934,391.769,236.493
455.553,356.777,391.668,229.081
453.581,363.836,397.868,221.425
437.853,369.796,393.046,211.051
438.174,368.772,383.284,204.915
424.268,377.548,371.170,196.653
400.047,385.320,365.889,187.914
387.893,382.148,341.424,185.672
368.670,377.881,313.678,186.900
358.594,368.150,294.585,197.720
371.092,368.948,274.539,199.666
386.002,360.328,265.450,204.379
386.290,351.246,261.020,206.415
394.058,351.469,264.531,200.592
404.275,351.822,273.720,197.138
416.821,355.536,267.680,195.297
418.708,358.267,269.167,197.592
431.269,369.603,267.642,187.039
437.968,387.555,265.258,179.012
448.627,393.179,265.295,174.805
450.839,367.270,270.161,194.112
453.931,364.807,260.726,203.413
447.671,366.667,264.110,207.387
431.165,375.625,279.914,207.860
432.133,364.059,277.078,215.611
442.381,358.559,272.737,224.887
447.739,374.275,280.493,219.921
470.526,387.915,259.534,205.419
484.397,386.423,244.796,197.945
486.067,381.257,243.998,198.013
479.311,382.828,247.385,191.824
469.521,380.387,260.172,185.850
469.905,382.790,265.327,181.072
475.487,372.942,270.407,184.146
481.409,375.403,277.630,184.642
472.142,376.819,297.552,193.923
466.956,380.539,323.721,202.060
471.564,377.536,343.430,206.583
441.432,364.299,375.170,216.199
424.670,344.424,392.422,235.671
423.278,343.531,411.992,247.446
426.206,361.430,425.843,236.273
451.998,370.573,440.943,231.166
476.409,361.418,441.033,235.162
490.019,359.307,414.105,231.473
484.031,360.984,400.865,229.951
479.693,362.433,398.478,228.009
495.663,355.415,393.068,225.839
499.301,358.837,390.114,219.693
500.854,360.645,375.894,218.186
509.622,364.767,370.298,218.413
500.104,373.077,365.031,213.102
505.573,372.468,369.530,210.703
497.887,375.237,378.272,207.817
483.643,362.347,389.264,214.157
483.925,367.663,401.206,208.012
486.312,369.878,388.006,200.665
469.086,370.425,375.235,198.524
458.753,369.791,355.109,203.050
439.855,364.506,340.271,208.502
437.486,366.255,324.627,210.198
411.093,363.679,343.250,214.720
399.067,360.083,346.536,227.072
391.061,351.388,355.122,242.850
388.630,351.245,354.332,244.809
383.587,359.351,355.386,242.882
375.806,366.128,361.623,239.131
384.182,372.637,343.510,236.997
388.172,382.180,308.189,235.097
396.351,389.305,276.774,228.247
397.614,395.830,270.309,223.179
407.036,404.034,258.403,218.156
403.239,404.865,248.105,218.802
400.708,403.615,245.554,215.986
408.767,410.648,244.018,210.801
426.406,411.921,245.241,206.819
429.933,416.353,244.693,199.294
441.412,411.185,241.498,202.802
464.683,403.504,241.005,216.802
483.207,397.702,241.932,225.254
491.040,394.940,248.868,227.116
499.634,399.977,252.674,225.097
494.949,402.345,266.855,229.570
503.288,409.026,271.837,223.911
524.948,416.259,272.297,223.067
534.795,422.950,283.664,212.496
558.997,431.062,292.295,208.074
583.959,441.576,293.045,196.804
595.423,440.820,284.069,189.100
601.899,444.505,291.812,183.408
629.585,451.941,286.952,174.679
647.044,459.928,288.704,183.581
655.292,462.873,297.892,193.879
649.256,456.415,288.081,199.635
653.494,455.967,291.977,201.656
664.470,440.778,285.470,211.387
663.475,430.819,283.077,214.806
655.957,415.152,293.603,222.639
652.745,402.227,298.696,228.859
657.890,394.089,309.986,235.864
650.822,396.694,339.379,235.669
639.820,390.580,352.190,244.557
626.131,387.882,346.712,240.562
620.340,384.659,328.486,246.532
616.991,385.209,323.898,244.046
618.401,383.048,334.331,249.217
617.711,380.935,333.472,254.389
601.649,386.092,350.364,251.062
587.495,383.875,349.843,252.571
576.185,382.095,357.265,253.522
566.244,383.309,371.775,245.393
562.581,388.348,358.664,244.214
565.845,386.668,360.161,247.123
573.692,390.550,350.392,246.976
571.861,399.263,343.186,248.469
573.597,405.027,345.977,253.678
569.774,415.475,351.725,246.305
563.211,417.622,356.565,236.473
557.506,420.590,365.629,232.419
543.762,418.914,378.275,232.333
520.921,415.516,392.616,236.008
506.786,412.379,404.220,243.007
502.604,414.970,414.278,241.748
495.604,417.698,417.344,240.623
500.740,419.520,420.487,235.026
487.266,416.310,423.425,235.292
505.487,423.687,424.127,235.524
503.489,419.916,427.459,238.761
518.936,419.566,413.978,235.821
519.136,401.523,404.482,244.167
524.333,404.122,399.617,248.668
528.780,392.275,389.432,259.245
523.857,379.096,385.764,279.556
528.799,380.225,390.496,281.596
535.085,369.058,387.034,283.128
531.089,371.990,388.275,284.880
522.496,362.636,384.199,288.551
520.255,367.016,388.929,291.041
514.670,363.586,387.428,289.045
514.316,358.958,379.825,293.547
508.288,359.266,378.529,294.892
508.552,365.148,375.265,294.378
503.257,367.484,370.432,285.288
496.630,369.248,373.618,289.377
489.407,372.118,376.450,292.641
481.476,368.599,368.673,295.504
468.934,374.693,370.496,301.622
449.108,377.241,363.523,301.838
451.383,383.648,342.606,293.342
446.179,394.811,322.406,284.979
425.104,399.994,281.369,273.609
425.017,427.347,218.365,254.977
424.731,449.834,208.273,221.577
412.899,465.517,215.116,211.574
410.457,465.745,212.151,204.746
405.211,471.611,224.935,207.626
398.352,477.931,225.193,203.084
396.400,473.449,229.032,202.333
390.783,472.383,235.854,203.118
391.922,469.536,243.221,202.689
388.894,473.346,242.479,205.876
394.213,464.708,242.541,202.580
392.218,465.870,242.515,215.054
399.006,461.822,237.242,213.631
394.572,460.468,241.261,217.845
391.213,456.555,246.850,218.415
391.599,456.390,244.616,217.191
399.180,452.071,244.563,215.380
394.445,449.976,248.402,222.245
405.972,442.851,234.231,220.000
413.972,436.427,229.416,226.520
423.351,427.729,214.557,229.590
428.665,428.392,213.461,228.831
432.635,418.590,207.089,228.720
432.024,410.119,205.670,233.585
432.040,399.799,205.086,235.985
435.540,389.258,200.108,238.067
438.935,383.291,198.914,243.343
440.844,383.426,198.881,242.030
441.565,374.091,193.567,242.047
447.967,369.608,194.293,242.568
452.910,362.401,190.646,244.374
461.893,360.837,187.186,242.143
463.265,354.287,185.875,242.641
466.687,354.814,186.333,245.169
470.544,349.576,184.210,244.797
473.781,349.544,183.958,239.702
478.588,347.351,179.707,234.782
484.185,352.777,176.364,235.811
484.586,351.359,173.356,239.704
484.081,353.172,174.842,239.388
486.757,353.041,171.787,236.539
486.814,356.217,165.721,235.883
484.822,355.206,162.333,234.288
483.127,355.460,160.604,236.592
482.492,357.018,159.975,237.304
482.410,356.195,160.205,235.987
482.226,355.960,159.153,236.290
483.059,358.309,160.519,234.537
478.571,360.256,161.139,232.174
476.349,361.163,155.771,229.915
476.132,359.522,151.482,230.465
476.206,362.042,145.666,223.614
471.895,361.083,145.452,220.792
461.350,367.874,148.006,216.416
450.186,367.464,148.855,213.102
440.879,373.369,150.680,213.070
426.166,371.854,158.870,210.750
414.194,375.709,162.516,213.228
401.509,372.460,168.418,215.547
396.194,365.309,174.128,215.588
389.193,371.067,181.716,219.530
388.707,359.381,187.073,218.291
384.094,370.238,215.410,219.532
390.325,362.273,244.083,228.666
395.302,367.534,260.878,231.039
412.125,364.907,272.467,235.727
414.402,367.942,297.395,229.633
416.377,365.980,309.752,231.755
398.239,366.456,314.202,239.584
398.813,371.854,336.559,236.407
397.403,369.854,340.561,240.687
411.133,372.020,345.302,243.560
415.972,379.185,349.414,236.717
421.503,376.921,351.405,229.340
420.874,376.228,346.380,226.512
427.342,376.612,350.975,228.485
433.012,380.800,355.687,229.932
434.680,378.268,354.777,230.389
444.879,380.396,354.367,231.941
443.556,380.665,355.091,236.042
448.487,379.992,358.853,236.622
451.276,383.017,360.034,237.466
455.441,380.210,358.379,239.517
458.663,378.668,357.088,241.427
464.144,379.053,359.848,241.946
465.337,374.506,365.532,247.128
471.199,375.470,364.388,246.898
467.859,372.361,363.074,246.663
475.184,370.824,369.406,250.747
478.897,367.636,372.504,253.821
487.632,362.756,369.686,254.917
498.754,357.211,370.832,256.168
511.453,355.469,370.816,257.733
512.960,356.687,375.041,256.349
512.307,354.591,376.794,258.387
510.706,353.120,376.989,261.895
527.401,353.323,377.860,264.266
530.983,355.633,392.118,267.842
536.358,357.582,409.170,267.728
535.920,356.311,429.207,266.685
528.163,360.679,455.104,268.404
524.594,362.512,472.458,265.761
528.351,364.871,493.824,265.361
518.828,365.120,510.556,261.589
515.040,372.684,534.378,260.580
504.321,375.377,550.703,250.364
498.618,369.968,557.685,250.402
501.495,374.591,576.791,262.581
501.229,370.956,570.793,262.117
503.712,371.270,559.964,257.972
501.284,371.376,560.191,258.831
500.339,369.138,559.688,261.478
507.145,369.832,567.999,264.336
498.374,373.212,573.935,257.754
499.962,370.885,569.364,248.838
493.174,372.368,559.017,250.254
487.700,369.455,562.447,251.417
475.358,372.253,566.440,251.931
471.501,369.306,559.636,256.242
466.784,369.217,557.411,251.602
460.360,363.858,554.937,246.830
448.141,362.378,550.606,246.191
443.875,362.884,559.335,245.223
439.462,366.255,555.896,241.021
431.999,364.565,567.978,238.058
425.275,366.131,576.647,239.618
427.585,366.541,593.781,237.388
428.453,366.701,610.799,239.454
421.886,365.307,616.433,237.291
415.695,363.597,610.976,234.675
404.827,362.139,618.535,236.448
394.056,361.241,614.087,238.424
389.224,363.137,612.727,239.822
386.761,363.607,621.461,242.692
395.419,365.479,625.823,241.281
396.531,364.376,627.503,242.190
405.506,371.549,625.604,237.259
425.334,381.779,617.308,232.459
440.880,384.790,620.030,227.999
459.351,383.133,626.199,227.326
480.355,384.654,639.345,226.010
485.028,379.201,646.354,225.473
496.164,380.051,647.512,231.641
514.032,383.458,667.589,230.236
519.105,379.995,679.127,238.658
529.581,379.636,691.440,239.874
534.400,378.358,670.414,240.819
539.370,378.489,684.856,239.099
544.316,376.682,669.440,240.590
545.619,376.278,647.757,239.023
544.992,371.063,618.922,235.964
551.604,374.543,613.922,233.359
562.450,374.333,601.385,229.441
564.654,372.056,600.006,229.258
567.500,371.573,588.466,226.832
573.638,371.344,574.082,223.662
573.962,370.308,560.573,226.386
585.721,376.666,579.495,227.078
578.781,368.783,578.536,232.880
580.366,367.501,571.325,233.573
578.027,367.759,570.056,232.813
573.829,364.372,568.506,231.258
576.500,361.605,565.917,232.133
569.847,352.827,568.598,233.675
578.072,349.525,575.575,237.985
576.789,343.671,559.951,236.323
575.468,343.441,571.373,241.662
573.204,333.838,561.175,236.678
581.929,333.090,578.326,237.108
592.030,333.286,566.305,229.357
573.561,328.773,569.687,232.596
570.496,329.704,570.665,233.370
566.584,328.300,571.403,234.826
563.887,327.525,556.216,239.720
565.228,322.700,559.120,240.856
560.479,324.376,558.478,243.893
542.309,316.416,541.586,246.695
538.948,318.351,538.711,249.985
529.949,313.248,535.399,248.356
526.233,311.029,526.017,253.648
517.189,308.498,526.650,256.704
512.248,306.507,530.407,257.842
498.417,303.104,525.710,261.773
487.970,304.934,537.116,260.430
478.901,303.057,538.555,263.233
465.250,301.825,540.775,266.340
450.818,305.064,544.049,270.758
454.664,305.433,549.306,273.107
446.426,306.974,547.014,272.801
433.877,306.056,545.710,271.206
428.966,309.174,552.910,273.462
423.976,310.896,547.829,273.329
410.814,312.133,546.537,273.035
405.365,316.808,550.507,272.633
400.279,314.922,551.138,267.719
399.333,316.786,554.789,268.076
382.495,322.699,570.498,267.306
390.302,323.744,588.180,263.001
394.152,323.929,588.515,258.832
399.122,332.970,594.658,255.245
405.666,331.508,617.774,254.687
405.980,332.508,595.163,248.160
414.215,337.955,604.379,249.992
428.071,339.732,610.831,248.033
441.772,340.023,612.675,248.263
457.443,344.229,607.847,246.320
468.070,345.945,606.953,245.951
474.896,345.867,598.874,242.265
493.578,350.186,589.598,245.726
501.443,349.541,602.009,241.539
515.661,352.123,596.487,243.626
526.405,356.687,606.746,236.576
521.468,351.291,584.261,244.315
545.280,362.852,593.796,241.324
533.988,351.970,584.136,230.406
559.919,361.524,584.208,242.486
557.636,359.826,578.976,230.386
566.955,362.536,591.807,240.725
548.459,359.323,598.822,235.751
537.062,365.499,596.772,238.803
542.299,363.993,604.129,233.301
535.077,360.958,597.309,231.383
531.947,365.142,585.377,241.137
538.005,370.078,588.167,229.127
535.770,360.881,572.867,227.847
543.861,363.459,573.642,241.468
554.980,370.687,582.066,230.902
540.232,357.821,579.727,226.005
549.099,369.199,575.245,237.079
540.951,364.148,593.100,228.031
540.305,360.170,593.280,237.815
541.264,364.068,598.356,237.810
533.331,361.467,590.499,229.750
533.498,370.033,599.245,238.412
512.930,363.240,604.653,229.291
498.618,365.365,596.710,240.689
493.501,367.675,604.812,235.383
498.164,364.521,615.492,232.907
494.193,361.916,635.716,240.096
486.778,364.771,641.604,243.464
481.620,364.724,646.638,238.217
483.530,366.276,653.327,240.829
477.695,365.622,671.875,242.800
480.809,365.489,701.826,249.541
477.420,367.168,709.378,250.312
460.331,365.589,714.503,258.526
456.789,367.527,704.226,251.563
450.592,367.212,707.050,247.377
441.647,368.590,715.650,249.952
440.388,368.702,714.672,247.405
445.053,369.818,720.992,254.446
455.288,371.493,697.228,247.134
466.698,371.988,698.889,248.931
481.588,375.057,678.833,245.064
471.611,375.696,685.924,247.220
474.550,376.053,671.716,239.324
479.518,378.475,655.749,235.367
484.686,376.418,651.055,232.880
470.761,375.000,641.860,231.834
485.279,382.611,636.414,228.597
480.952,385.543,650.702,222.906
476.699,382.466,642.884,222.498
484.226,384.946,645.247,226.784
468.241,384.903,641.006,226.223
489.772,390.587,637.496,227.951
470.861,395.369,622.051,219.774
474.876,396.167,597.420,219.468
465.424,394.995,583.268,217.903
471.311,391.801,554.196,221.511
477.037,398.329,539.178,220.080
466.176,396.845,522.931,215.889
467.124,396.107,504.899,219.088
459.386,400.161,494.307,220.597
469.642,396.674,472.673,213.904
461.295,395.027,457.761,212.369
463.288,390.870,434.765,213.958
458.180,391.411,413.482,222.883
452.902,391.583,397.872,217.209
449.597,389.867,383.828,216.483
448.732,382.171,365.461,219.776
447.071,387.603,357.666,215.252
446.047,383.291,351.124,216.594
437.069,382.873,343.208,221.368
432.381,377.567,322.163,217.212
423.396,380.311,322.561,221.071
424.925,376.815,315.668,221.343
417.551,378.313,321.447,220.197
414.346,376.146,315.046,215.530
386.847,381.111,339.839,213.808
370.173,378.079,340.004,213.958
365.082,375.288,330.960,215.248
373.082,375.178,323.706,214.010
363.654,374.628,324.396,215.251
357.799,376.285,326.233,214.935
355.776,373.316,329.019,218.054
348.728,375.544,335.079,220.499
350.716,372.778,329.658,219.109
348.387,377.342,331.639,217.234
345.396,372.019,333.028,218.398
340.310,371.491,337.799,219.189
333.760,368.209,339.644,221.675
333.670,368.231,338.263,221.362
328.472,366.869,339.581,217.254
324.962,368.850,337.755,221.443
313.700,367.849,347.918,220.500
305.045,366.487,353.003,222.585
298.796,368.644,356.386,223.120
290.797,370.139,357.168,223.685
286.360,369.999,352.352,219.911
287.696,369.964,351.514,219.423
271.703,372.830,360.016,219.604
262.076,376.004,362.434,220.057
250.537,379.315,360.208,217.292
236.257,379.621,359.811,218.292
226.368,379.451,354.074,218.859
226.051,378.081,347.382,216.883
220.355,382.457,347.835,217.390
212.963,380.656,342.151,217.644
209.668,380.470,333.537,215.314
200.299,382.589,328.728,214.006
200.414,384.047,322.160,214.267
200.124,381.893,318.747,217.887
194.477,386.523,320.341,215.708
195.611,385.325,309.133,214.535
193.004,386.981,309.190,212.400
193.145,390.178,301.909,211.632
203.437,393.582,310.423,209.240
210.666,393.499,302.805,211.417
216.951,395.263,307.726,210.843
236.734,403.974,306.419,205.326
256.066,399.388,301.714,207.063
272.700,405.429,304.472,206.560
294.090,404.697,296.877,208.217
298.353,407.989,291.928,207.385
310.707,409.675,285.681,206.960
326.800,410.984,280.426,206.627
339.410,412.152,277.927,204.822
349.156,411.280,274.728,204.594
352.020,411.076,272.207,205.640
353.674,409.479,273.452,205.604
356.487,410.603,273.794,204.826
355.253,407.996,271.119,208.271
363.796,407.774,270.423,207.793
363.727,404.653,266.751,209.115
370.241,403.382,264.760,208.339
371.478,403.633,264.728,205.849
371.110,403.085,262.178,208.438
376.235,401.312,259.778,207.583
378.790,399.260,256.778,207.892
377.787,399.909,253.476,205.293
379.444,397.941,257.571,207.470
377.459,399.273,259.302,208.520
378.139,398.214,259.589,208.080
377.457,397.852,259.455,207.677
374.510,395.769,263.267,210.083
361.998,395.533,269.348,211.408
351.360,393.827,274.268,211.102
357.346,394.100,269.092,206.789
337.776,390.872,280.295,213.842
333.704,383.344,280.576,220.112
316.617,372.550,289.843,226.104
297.802,372.012,294.734,214.955
291.751,363.087,284.133,224.045
292.110,360.705,282.186,219.416
292.029,358.783,280.540,217.274
286.306,353.657,280.630,221.138
275.851,352.280,282.861,219.098
268.055,347.783,289.582,218.103
252.044,348.850,296.233,215.832
258.743,347.385,292.341,213.231
237.061,349.225,305.327,214.041
243.634,343.705,294.113,214.445
224.057,347.969,312.687,213.760
258.990,346.533,297.506,206.137
272.633,343.981,304.904,201.694
278.776,343.334,297.642,199.241
289.855,345.706,312.714,198.171
317.419,342.210,308.077,196.792
335.898,338.065,307.559,201.556
350.682,336.409,299.427,198.148
363.465,335.312,306.020,198.880
365.865,335.962,296.497,196.272
376.108,334.803,307.823,199.574
389.626,334.867,299.120,196.906
396.831,334.672,307.255,199.315
401.848,333.861,302.573,200.028
410.105,333.651,307.037,202.068
409.812,334.790,298.925,205.308
412.947,337.505,313.637,207.072
414.599,338.382,302.370,209.948
415.224,341.887,303.685,209.970
411.926,344.459,297.896,209.889
404.548,347.302,312.417,211.136
408.262,352.104,295.362,206.085
399.253,349.895,308.529,210.723
387.843,350.839,305.150,209.661
379.431,354.050,310.909,211.011
378.353,353.226,305.950,211.362
371.648,352.107,300.727,212.354
369.275,352.612,308.684,214.259
369.562,350.258,300.869,210.777
367.230,352.648,297.168,208.664
361.562,352.642,299.050,208.556
355.002,353.311,304.846,209.715
348.740,352.826,299.080,207.879
351.846,350.852,301.698,206.515
337.575,355.359,293.819,203.092
336.617,353.907,306.348,208.483
328.988,355.968,291.167,206.282
326.606,358.335,305.270,208.234
322.089,356.867,293.661,208.523
322.228,357.955,301.362,212.702
321.156,358.231,291.236,213.036
318.261,361.584,290.702,215.105
312.138,361.522,290.714,217.173
309.996,362.812,284.227,214.276
315.944,361.460,303.088,218.612
316.596,361.829,292.294,217.688
320.984,361.714,294.294,219.619
325.916,357.241,291.633,222.753
323.100,358.987,308.604,220.020
328.490,359.713,306.011,216.142
331.036,355.409,308.957,219.432
329.352,358.470,308.127,221.871
329.930,358.094,317.126,220.245
331.528,363.691,318.855,214.280
325.079,363.755,332.288,220.716
315.209,368.807,343.015,220.519
307.143,372.654,359.732,217.957
311.141,375.516,354.697,214.838
312.070,378.939,360.489,212.352
319.787,382.118,356.326,209.165
318.921,386.298,367.169,205.594
322.517,386.630,361.097,209.867
322.884,390.549,365.544,206.866
328.492,391.257,359.105,207.788
322.121,393.375,362.443,206.022
319.198,395.551,367.294,205.226
327.114,398.414,365.469,208.089
327.785,398.545,363.573,209.302
329.243,399.479,360.299,208.546
331.669,400.734,356.885,207.127
332.534,400.424,355.695,206.649
335.020,400.817,353.729,204.891
336.727,399.748,353.705,206.674
339.098,398.551,347.513,207.487
337.819,396.944,347.884,209.195
339.089,396.393,345.192,208.927
341.450,394.770,341.184,209.045
341.581,392.312,346.182,210.053
344.403,390.838,343.407,211.076
345.531,387.383,345.230,213.438
347.731,386.563,346.261,216.994
350.669,385.743,344.053,221.357
348.431,384.005,344.734,226.472
354.398,379.932,340.788,229.373
353.810,379.191,341.480,230.484
353.872,381.734,338.811,221.843
353.618,373.451,348.142,227.304
339.558,377.376,356.016,225.301
352.294,374.992,354.640,228.301
349.948,373.156,356.689,232.165
354.150,372.439,355.182,236.474
350.558,373.495,357.183,234.653
357.202,370.620,358.333,234.886
350.627,370.271,354.776,237.225
354.670,370.280,353.945,234.085
356.979,369.342,350.939,233.732
358.849,369.241,347.879,236.071
364.766,370.691,344.643,233.921
355.852,370.425,350.703,238.874
362.923,369.975,345.630,235.982
346.856,370.205,349.504,235.688
353.831,369.254,345.634,229.253
331.369,372.443,349.059,224.280
325.689,371.083,356.546,226.331
311.818,374.929,353.241,226.693
323.107,373.547,348.259,227.795
299.868,375.569,362.751,231.229
300.023,375.870,362.460,231.123
284.049,373.671,366.244,234.912
279.858,374.110,357.338,229.846
256.038,375.633,369.195,231.658
265.876,377.120,371.267,229.961
247.998,372.777,365.357,231.728
244.830,372.770,368.174,236.494
232.054,370.504,366.991,238.040
231.751,368.398,369.137,238.758
220.727,367.132,364.206,241.453
232.983,375.927,363.275,237.567
214.648,364.516,359.273,242.085
210.945,371.671,362.158,241.658
198.326,370.203,362.748,240.845
191.608,373.728,362.793,240.987
183.094,373.994,361.179,238.756
185.365,372.658,355.164,234.705
185.847,373.253,361.671,232.572
185.076,375.463,359.023,229.882
176.830,375.990,354.374,224.644
177.974,377.054,349.208,223.229
176.290,378.205,344.741,224.420
174.848,377.347,345.136,222.687
168.310,375.840,343.525,223.984
192.252,377.070,326.527,222.513
207.983,377.287,317.611,223.137
244.998,379.911,303.104,219.681
262.113,383.803,304.240,218.780
272.313,383.976,305.521,218.298
293.210,385.364,295.772,218.673
307.192,383.496,290.374,219.698
313.628,386.590,290.353,217.625
319.671,385.376,288.741,215.211
326.055,387.152,285.108,212.442
329.547,388.842,284.463,211.261
328.042,389.883,284.661,209.923
323.690,392.066,286.965,209.455
323.022,393.058,287.371,209.032
317.378,395.693,289.007,212.082
311.031,395.493,290.378,214.245
313.189,396.470,291.306,215.484
308.011,400.279,290.734,214.848
311.689,406.374,286.848,208.856
283.450,402.392,290.033,204.876
251.287,414.926,285.511,199.558
227.223,409.252,290.918,196.133
232.970,411.566,296.265,191.795
215.118,405.959,287.210,194.578
194.804,406.622,282.007,203.120
188.874,406.561,285.620,211.920
177.305,403.262,295.925,215.574
182.843,396.095,307.388,219.165
179.599,398.017,303.870,220.894
193.435,394.543,308.527,223.190
202.399,394.947,297.988,222.755
198.476,392.059,301.099,224.182
192.403,396.685,311.226,224.179
189.516,397.477,316.445,225.921
178.128,399.298,324.871,225.355
174.036,397.253,325.702,225.485
169.907,396.177,327.795,230.766
170.411,399.391,324.190,226.003
174.193,390.931,321.250,226.610
162.880,396.776,323.496,225.714
165.617,395.149,324.682,222.515
147.105,396.780,322.658,223.306
133.642,398.055,341.819,220.571
120.970,397.361,340.887,217.396
111.049,397.485,355.672,218.956
115.850,393.424,360.869,221.303
104.060,398.435,367.029,219.820
113.359,393.745,362.044,221.490
126.992,396.705,368.236,221.740
165.266,389.221,364.948,219.849
192.072,393.809,355.927,216.141
208.668,383.170,348.816,219.129
214.974,384.757,339.324,217.106
222.633,386.963,335.310,218.963
243.285,378.909,334.540,217.535
254.255,386.163,328.981,216.517
265.770,379.251,329.122,211.108
277.571,380.086,322.667,208.314
276.903,381.834,319.375,208.693
284.869,375.886,313.777,209.654
286.925,376.561,309.976,209.283
294.392,375.918,306.315,205.426
304.815,377.337,295.380,205.931
309.311,368.567,296.713,215.014
306.329,371.042,291.967,222.187
302.690,366.358,294.494,225.321
301.017,369.660,295.198,226.244
289.728,358.239,294.088,230.869
272.532,355.608,293.645,224.154
283.970,346.908,289.952,224.875
282.934,358.686,295.065,222.603
279.901,345.432,287.415,225.218
282.364,350.005,300.129,211.339
265.161,342.525,308.310,217.099
233.674,341.219,308.939,233.656
220.465,338.559,335.415,222.854
210.078,341.426,350.136,216.079
202.979,336.009,341.373,211.836
186.655,336.519,329.396,201.253
183.730,339.171,335.274,189.334
178.014,337.756,320.796,191.217
187.937,323.116,311.366,187.685
186.302,312.460,312.169,190.519
213.030,307.168,320.875,202.270
253.881,314.257,352.217,213.234
293.013,307.873,377.997,217.033
346.134,299.720,402.472,212.556
371.297,309.770,413.854,206.075
373.687,303.848,410.570,213.936
372.802,305.906,399.278,212.255
397.812,297.132,397.761,218.717
416.502,297.019,380.918,212.985
454.667,292.086,368.848,205.547
483.758,290.053,345.590,206.341
489.077,294.455,333.868,208.531
491.354,290.713,338.013,214.039
494.562,292.079,336.016,217.153
489.247,287.381,347.528,220.664
496.567,288.894,343.126,221.368
494.561,287.791,336.838,215.768
491.933,288.443,339.024,214.402
489.324,288.185,337.641,209.713
476.917,283.620,345.639,202.813
471.527,285.073,347.358,202.391
462.701,284.643,354.703,201.645
447.843,283.324,362.520,199.701
441.121,283.324,368.931,198.366
425.969,282.272,381.392,203.631
414.264,283.680,383.082,209.070
396.550,282.201,397.691,215.096
397.363,280.668,393.066,220.636
402.148,280.327,392.569,222.551
405.095,279.084,386.652,219.992
400.145,281.046,385.137,219.763
400.254,286.662,378.578,217.878
387.652,282.998,389.938,226.636
383.554,285.954,398.300,233.320
392.683,284.361,392.031,237.960
392.662,284.536,384.293,238.012
386.946,286.989,392.066,238.904
386.705,285.762,384.225,238.677
387.422,289.462,394.670,243.657
403.028,292.312,387.644,248.140
425.736,293.234,386.670,251.279
434.278,294.950,374.393,243.677
450.521,293.379,378.242,245.432
466.770,299.891,386.586,246.999
484.367,294.688,396.768,250.725
491.467,300.932,410.306,246.965
512.925,298.209,408.187,249.895
504.466,299.560,408.477,250.002
525.596,301.548,414.442,254.497
533.368,300.208,418.249,257.308
546.475,300.139,422.885,262.168
554.830,297.485,424.473,262.584
561.342,293.696,429.052,266.630
567.215,291.742,427.510,268.363
573.912,291.706,422.865,270.312
582.335,287.933,420.085,271.494
580.069,280.993,424.783,277.670
576.362,282.087,429.491,277.182
563.197,283.827,430.015,279.018
569.106,284.872,430.277,274.028
558.078,279.180,442.396,275.565
536.896,287.446,459.468,269.313
478.750,272.786,488.939,273.966
416.773,282.644,518.582,265.416
384.772,270.635,520.962,271.822
342.004,275.950,538.402,273.229
329.356,274.597,559.142,278.514
286.946,270.374,566.820,278.659
267.175,268.420,575.602,280.647
284.879,265.037,561.969,282.008
284.785,259.392,564.090,283.745
272.616,264.646,566.902,282.178
272.383,254.430,562.381,286.967
260.548,260.053,571.608,287.292
256.972,254.150,565.032,281.866
235.603,256.158,575.665,281.993
243.912,250.122,568.988,286.376
224.408,251.773,588.387,296.149
246.044,249.502,571.346,289.629
224.348,253.424,590.162,291.280
233.552,248.844,574.825,288.363
221.693,247.299,573.673,283.576
213.315,245.658,587.754,285.414
220.554,247.871,576.029,286.851
211.400,245.168,572.097,286.236
201.231,249.455,581.878,280.080
195.470,250.240,579.753,277.962
190.606,251.899,573.899,278.917
182.189,253.102,582.871,286.109
201.440,249.014,563.676,291.948
173.571,255.983,588.649,298.331
183.520,251.116,581.492,299.151
167.844,254.422,593.368,296.978
180.641,252.802,567.956,293.914
162.249,256.467,592.357,302.609
167.948,262.569,578.025,292.743
165.493,259.050,584.394,288.719
167.711,255.883,579.226,289.527
163.761,256.313,598.126,293.266
167.628,256.884,596.956,292.036
175.627,263.937,608.890,294.115
172.655,265.927,610.566,294.029
188.195,267.054,604.585,292.680
210.904,267.239,591.942,288.929
218.658,269.569,598.389,294.064
233.775,268.500,591.317,296.558
234.677,274.398,587.354,296.454
230.878,273.827,593.707,295.061
240.071,275.058,588.070,296.921
231.717,278.201,593.966,292.885
228.252,278.462,600.093,289.340
222.790,276.971,592.935,284.822
207.052,283.819,597.593,277.226
196.691,287.994,608.046,270.297
168.264,282.663,600.199,273.672
159.008,284.180,605.873,278.667
168.756,284.266,604.682,281.729
179.920,281.456,595.672,279.850
181.851,286.025,610.849,282.788
178.720,288.246,610.101,283.309
229.529,287.409,607.258,277.525
275.847,293.907,606.628,274.876
341.195,285.124,585.493,275.008
340.480,282.621,566.427,280.723
336.112,287.197,564.919,283.399
348.634,284.434,555.463,280.145
342.655,284.008,557.057,282.977
341.194,291.605,546.023,278.067
339.942,288.956,548.842,283.494
352.016,290.842,533.641,278.579
351.927,293.675,527.551,274.081
353.640,291.273,522.857,275.002
345.132,295.111,528.072,273.023
336.440,298.353,519.708,272.677
332.182,302.118,535.729,268.571
314.487,300.154,536.954,269.505
318.563,309.524,535.648,268.105
313.635,305.441,520.162,273.166
307.493,309.218,534.996,266.004
322.241,310.569,530.483,259.111
314.473,307.648,536.103,256.849
316.547,304.902,521.200,256.969
311.931,305.154,527.749,254.633
314.982,304.507,515.683,258.733
299.859,310.816,531.612,258.908
299.098,314.090,540.682,259.732
295.987,313.147,544.522,260.249
300.473,317.663,545.221,263.033
249.763,318.979,566.913,269.398
257.257,315.015,574.496,275.928
253.982,316.597,568.437,272.650
242.304,324.608,566.523,269.674
214.072,320.952,575.949,273.271
173.563,322.283,570.615,265.556
127.468,327.473,562.287,260.153
129.543,322.263,558.688,257.669
99.123,327.466,554.169,246.755
83.476,311.269,547.242,254.333
97.168,312.024,531.798,254.328
119.103,320.316,524.035,251.014
98.399,313.889,539.287,249.249
113.247,311.819,520.279,247.149
99.790,317.151,524.167,249.180
92.108,315.240,519.946,255.071
97.325,321.361,522.086,255.024
93.925,323.105,510.508,256.329
90.504,326.640,513.201,258.070
93.548,328.092,514.835,259.541
91.150,328.679,527.590,260.973
90.815,337.040,524.538,264.345
92.449,340.799,540.621,265.356
100.831,341.680,537.721,266.676
100.618,345.115,529.352,269.055
102.539,342.964,520.821,268.128
99.880,347.817,548.764,270.553
100.902,349.586,536.706,268.096
103.728,350.636,541.445,266.446
94.934,349.668,556.788,263.461
98.563,351.314,537.576,263.976
88.451,354.538,551.710,261.217
87.867,352.754,537.649,264.671
88.269,346.352,524.499,265.378
96.548,345.408,512.492,263.747
90.169,341.155,521.120,266.134
89.708,327.968,520.490,271.176
90.464,325.267,526.664,279.484
84.335,314.536,508.189,289.193
80.161,301.975,519.245,289.217
75.876,301.377,512.409,288.596
71.946,295.192,508.810,286.724
59.305,296.614,519.222,282.229
70.183,304.506,513.685,278.061
63.805,295.572,503.896,278.456
73.487,291.199,505.331,273.853
69.393,297.885,523.664,271.927
79.094,301.417,524.827,277.220
97.186,307.714,522.089,271.214
100.682,303.227,514.122,264.611
105.592,302.026,519.470,263.363
128.760,298.298,525.291,261.265
151.551,295.771,525.153,259.617
186.801,298.882,521.451,251.581
278.536,298.189,509.103,232.026
286.390,299.099,517.671,230.858
340.029,302.696,520.934,224.177
333.053,290.435,540.930,235.502
345.020,299.895,558.677,239.673
375.242,300.612,558.996,234.588
366.246,297.669,563.433,233.728
352.171,294.863,573.195,241.198
386.081,299.543,573.953,240.712
412.000,297.908,563.166,233.168
414.223,300.971,585.733,235.975
427.466,299.317,572.248,231.564
433.654,298.533,566.750,234.384
432.689,296.910,569.828,234.289
448.482,300.448,571.016,233.155
452.213,304.431,576.096,237.911
471.544,306.842,567.944,240.001
491.496,299.214,559.419,242.302
486.908,303.025,551.937,242.367
481.278,304.066,566.145,239.685
479.250,299.896,558.261,238.977
480.509,307.723,541.934,235.314
482.861,307.668,538.642,246.079
492.518,307.220,508.942,239.017
460.730,307.116,486.363,234.157
451.598,310.171,474.025,238.111
432.633,298.696,470.314,237.515
380.553,294.595,457.537,234.889
328.066,290.513,449.293,243.533
289.710,272.738,461.067,255.586
266.773,269.012,469.522,253.229
251.257,270.962,469.617,250.424
217.511,249.548,471.962,260.007
225.886,242.521,470.911,255.686
249.342,233.917,464.115,258.215
245.828,222.619,457.202,263.961
255.829,222.747,458.377,256.061
260.471,223.525,455.941,252.918
239.011,217.557,463.744,252.730
229.123,219.859,460.638,248.544
222.266,216.924,449.183,250.709
197.864,218.755,455.651,253.487
185.458,215.429,451.618,255.276
172.505,212.417,466.403,255.865
148.181,224.484,461.105,237.694
107.115,226.576,459.163,230.298
77.241,222.520,467.519,250.650
65.351,222.468,470.487,255.547
46.643,220.367,481.760,258.376
45.253,222.274,481.566,258.536
30.648,223.627,479.703,263.224
17.967,220.208,477.436,264.399
15.768,220.839,469.340,259.973
23.401,227.302,455.409,254.581
16.489,229.854,464.927,257.081
20.852,232.631,461.725,258.118
17.895,238.856,468.633,258.152
18.110,249.510,477.337,260.017
21.777,252.096,474.256,262.958
27.313,255.911,476.388,265.175
26.721,258.327,486.385,270.952
17.377,258.273,497.633,278.855
17.983,260.986,504.300,281.695
29.108,265.592,513.396,282.935
40.421,268.893,526.697,282.779
60.244,270.092,551.794,272.868
104.416,272.556,561.434,261.317
122.547,276.870,547.346,249.508
141.300,284.121,566.888,250.462
151.011,278.121,581.914,262.297
168.798,283.252,613.045,265.912
184.093,284.957,620.589,258.342
196.348,279.812,641.294,268.139
171.703,277.649,665.185,280.609
194.768,282.309,664.802,284.510
229.521,285.581,666.014,284.318
244.712,286.196,683.856,287.939
252.523,283.370,693.130,288.720
267.178,284.026,683.312,287.655
246.964,287.539,702.915,290.936
297.541,283.051,669.508,287.534
282.290,291.828,668.715,283.166
305.838,287.955,676.158,285.382
295.364,295.828,654.233,283.630
317.875,295.745,669.879,287.303
313.349,302.879,649.046,285.183
312.763,296.384,653.434,288.307
308.100,298.469,658.854,288.193
306.883,298.099,648.776,288.316
286.991,299.993,680.529,288.523
280.254,298.520,670.074,289.980
277.628,299.783,679.373,284.373
259.665,301.452,677.243,284.262
246.351,303.197,685.948,282.591
218.312,304.501,706.198,282.383
208.256,310.456,686.484,280.083
180.824,310.519,699.386,276.585
167.731,308.022,715.068,274.549
195.312,309.880,687.583,269.062
168.464,307.220,698.308,266.781
180.263,310.594,691.299,267.199
157.840,314.426,693.315,261.963
173.455,313.849,680.351,261.556
159.548,320.277,678.525,254.987
162.387,311.125,674.940,260.552
168.452,316.326,661.831,259.957
171.009,320.866,639.926,259.369
160.466,317.688,651.150,263.115
161.550,318.947,651.755,263.835
157.534,318.347,658.099,266.155
167.802,316.897,649.967,262.242
162.396,324.919,661.579,267.819
157.663,319.940,658.001,266.018
155.015,326.285,660.758,270.512
134.266,323.538,673.033,276.888
133.414,326.628,674.343,272.818
133.282,321.102,674.827,278.529
140.104,332.652,655.843,268.369
113.820,324.273,658.820,269.035
106.549,327.574,672.984,267.674
90.637,327.222,681.924,267.730
98.178,328.266,680.682,268.882
99.378,332.390,672.835,264.774
101.783,333.546,670.104,269.264
89.209,332.595,674.758,274.599
93.107,333.549,667.429,277.132
85.979,338.352,686.883,277.049
100.947,334.041,658.156,275.885
66.871,339.942,697.893,273.638
79.992,339.740,681.143,271.810
77.699,344.532,687.690,270.060
79.262,342.926,696.805,275.035
82.762,346.320,699.001,276.099
80.655,344.731,684.442,273.965
79.418,348.400,705.922,276.072
86.515,348.117,681.478,268.484
98.301,348.051,680.318,266.073
97.557,349.688,672.312,264.751
80.556,351.955,690.453,267.035
82.355,355.215,699.403,272.066
87.786,353.291,675.155,271.514
71.790,360.968,686.690,265.228
47.571,365.621,720.473,263.218
50.251,368.178,722.932,263.247
62.026,371.724,721.785,263.393
54.927,367.813,709.582,264.501
64.971,372.800,724.640,261.459
60.242,373.632,740.917,263.768
78.006,377.891,756.598,263.836
115.371,377.930,746.895,253.884
163.517,376.093,748.748,254.744
156.885,376.417,756.903,258.653
156.208,377.552,760.071,263.844
163.924,379.486,762.557,264.694
223.588,383.188,748.471,265.405
225.423,386.155,761.566,267.040
220.966,387.121,758.709,275.097
211.089,387.057,757.620,272.492
227.539,385.206,779.148,271.954
232.819,386.958,769.270,268.899
247.568,384.433,769.859,270.930
250.793,386.232,774.017,276.455
262.485,388.841,780.760,273.225
239.451,385.748,799.834,272.429
281.186,388.683,774.308,269.440
276.132,385.692,806.364,268.193
300.526,378.122,773.296,269.851
319.966,372.892,786.192,275.304
313.856,364.263,765.056,284.566
311.758,363.385,788.769,284.207
302.318,359.229,762.466,283.343
286.634,354.188,785.825,272.253
219.600,352.963,792.287,256.807
161.569,355.826,788.890,250.321
117.038,352.705,776.427,244.457
118.819,354.554,766.207,242.304
94.965,351.359,766.700,245.742
114.071,348.967,763.849,248.598
101.515,347.717,767.404,245.522
109.266,346.507,768.614,241.019
83.988,342.615,765.276,240.921
105.475,346.233,754.920,227.457
81.688,336.003,759.598,229.995
80.880,323.228,758.847,235.238
75.376,316.357,764.418,237.255
74.145,298.728,754.188,241.806
75.929,279.529,759.902,250.724
89.733,279.765,758.648,253.907
76.290,259.627,744.270,257.379
89.135,243.348,753.017,256.734
102.370,228.264,729.553,257.360
113.239,220.133,709.973,257.558
101.697,213.332,703.199,251.410
121.572,212.914,694.029,249.071
112.240,208.924,690.310,248.637
118.783,205.826,680.864,247.780
123.063,206.026,675.962,249.101
109.729,205.958,687.117,243.736
112.413,203.840,680.242,243.749
106.944,204.130,686.628,237.591
98.483,209.308,695.553,238.807
89.531,213.289,700.184,234.146
95.499,219.858,698.765,230.284
83.771,223.617,704.610,222.506
94.031,224.317,708.782,225.848
86.124,224.318,697.363,229.977
94.726,227.362,701.111,229.591
87.859,230.834,693.812,235.411
85.151,243.577,703.663,236.116
77.827,255.815,705.151,241.912
65.118,270.848,713.216,243.861
80.885,267.283,710.277,244.224
73.429,284.015,714.143,245.764
84.432,296.967,701.164,240.738
102.500,299.939,699.328,240.987
111.966,308.981,696.691,241.368
110.387,319.425,709.220,243.336
84.124,317.831,727.121,242.448
116.121,322.220,742.600,245.119
140.108,326.632,754.464,247.581
139.374,332.012,772.420,247.490
142.660,334.976,772.177,246.841
149.199,337.843,779.867,243.560
158.474,336.836,790.730,246.672
174.881,339.741,791.204,249.063
183.911,341.888,794.112,248.984
199.242,343.808,806.088,249.063
237.943,346.627,787.390,246.683
229.629,350.456,794.832,247.357
225.720,349.089,799.155,246.806
228.425,351.513,802.465,250.548
235.253,349.856,805.248,255.480
237.269,353.728,803.486,256.365
246.199,350.055,809.081,256.478
249.729,353.426,800.095,253.665
250.971,351.264,799.247,257.402
267.613,352.601,791.176,255.947
273.321,352.799,789.635,253.997
267.634,355.247,780.355,256.086
264.029,353.262,792.978,258.473
254.893,354.304,798.314,260.349
246.299,354.561,805.794,261.809
238.629,355.953,813.970,261.851
215.752,354.512,820.256,263.214
209.950,360.184,840.621,264.494
214.229,358.586,816.936,260.574
192.996,360.024,811.726,261.119
201.424,359.126,819.280,263.557
193.455,361.242,821.899,260.548
183.945,362.537,819.757,268.639
180.966,368.411,822.832,265.860
174.996,371.875,821.092,264.473
165.757,371.958,831.421,260.528
170.601,372.350,835.616,260.738
168.470,374.252,828.309,262.579
154.887,370.823,833.894,262.285
155.031,372.118,831.177,262.681
155.092,370.251,827.155,265.530
150.503,364.259,821.233,267.344
156.658,364.313,822.280,264.726
148.763,358.792,819.661,267.638
143.569,351.860,817.084,271.782
150.504,351.281,833.107,273.658
157.701,352.142,821.579,273.887
157.046,351.656,821.369,274.869
158.005,352.244,826.392,276.824
165.729,353.028,809.046,274.435
163.506,352.786,805.892,271.207
175.336,351.731,792.033,270.680
206.476,354.709,792.375,271.332
206.840,346.406,766.016,266.701
211.450,350.764,771.108,267.658
258.629,351.220,771.646,268.007
296.666,351.458,767.532,269.360
332.796,350.629,746.085,271.527
398.667,351.508,731.312,274.452
470.133,355.192,701.253,271.721
528.874,363.583,633.664,263.837
592.195,367.323,584.215,255.663
675.317,366.782,530.311,252.742
738.253,368.661,486.908,256.765
788.072,368.324,442.398,253.336
800.146,367.523,424.944,254.645
797.781,368.537,414.557,253.364
814.026,367.957,413.735,254.990
811.547,367.211,409.986,255.154
816.129,369.309,415.974,249.303
805.245,369.476,422.463,250.548
822.379,369.397,417.801,246.904
822.873,366.425,421.423,248.566
833.319,369.194,415.112,247.507
830.206,364.369,431.453,250.128
833.452,366.617,425.577,247.808
837.743,362.459,432.091,247.695
836.160,341.576,427.599,251.123
837.945,339.325,440.549,250.912
836.556,326.277,426.617,258.239
834.885,313.837,423.498,265.377
835.332,300.328,418.469,272.330
820.946,286.437,419.508,280.546
817.150,282.799,417.089,272.488
820.187,280.156,414.755,272.806
799.597,280.838,418.390,270.107
764.940,282.265,413.058,269.461
741.877,278.089,416.638,271.221
696.888,279.458,428.019,262.191
667.210,278.619,434.577,261.254
676.786,279.104,401.511,255.323
665.078,283.806,420.053,254.269
647.778,285.141,418.320,252.016
647.363,281.718,410.441,250.160
633.877,288.586,411.677,244.172
620.694,281.498,412.263,247.018
621.210,289.963,406.740,238.268
619.102,284.840,401.988,242.551
627.194,293.039,381.600,237.897
629.909,288.657,371.019,243.511
632.847,293.565,359.235,242.508
633.423,292.454,350.629,241.916
632.466,295.062,349.131,243.050
627.950,294.614,342.947,241.557
626.213,299.881,340.162,233.689
619.684,304.112,332.583,228.877
611.970,308.733,338.368,226.664
608.075,310.856,333.287,223.512
602.792,310.270,337.910,222.037
599.659,313.999,334.781,217.051
592.040,313.189,335.264,214.246
588.496,317.511,331.272,206.421
588.381,317.674,324.805,202.891
589.642,322.219,319.451,195.890
593.352,321.297,316.073,193.834
594.904,322.693,309.659,189.889
598.809,324.020,295.653,185.078
601.929,324.896,287.120,186.963
606.569,325.042,276.330,187.881
605.961,324.076,266.722,186.608
607.955,326.905,270.591,186.885
609.978,325.131,261.109,182.578
612.416,326.676,264.692,178.350
619.454,326.904,254.303,173.000
627.039,329.181,244.189,164.548
631.229,325.793,237.582,162.623
634.228,328.313,232.316,156.385
637.502,326.237,228.838,157.115
640.619,330.775,225.357,151.799
646.495,328.971,220.128,149.404
649.490,332.909,215.339,144.881
650.613,331.885,206.632,143.561
649.962,334.355,204.895,141.094
654.624,332.876,196.043,140.151
659.562,335.271,188.343,137.176
665.365,333.487,174.272,134.847
668.658,331.472,171.703,134.231
669.329,331.150,160.982,132.372
671.571,333.222,163.549,132.617
672.422,332.252,155.833,129.992
674.019,330.007,157.254,129.279
676.307,327.960,154.523,127.430
670.629,330.148,158.901,126.221
669.577,329.546,162.801,127.018
667.635,330.750,161.849,125.424
665.837,331.747,165.714,123.828
664.312,331.642,161.564,120.917
656.174,335.971,169.924,117.908
657.909,334.188,160.928,117.765
657.048,336.058,166.009,117.713
658.642,334.856,157.809,117.172
657.768,333.054,161.416,117.201
659.573,331.385,153.356,116.944
658.766,331.279,158.155,116.903
659.554,328.447,151.816,117.033
658.422,327.155,153.954,117.111
660.837,329.199,149.500,113.847
661.477,326.572,150.834,114.387
659.548,326.772,152.383,115.203
663.569,328.611,151.160,112.321
665.304,327.317,152.954,112.437
669.296,329.573,156.973,111.607
669.409,328.715,156.973,111.207
674.010,329.759,159.014,110.520
681.063,330.515,160.679,110.714
689.097,330.605,161.061,109.679
697.633,332.240,158.599,108.153
702.789,332.391,159.170,109.356
701.826,332.367,161.079,110.450
705.127,331.730,154.941,110.058
712.070,333.429,149.186,110.433
724.335,332.640,144.479,112.523
728.677,334.010,139.943,113.303
730.260,336.034,137.958,115.312
730.978,337.622,137.419,116.494
730.929,342.403,138.444,114.237
730.870,339.727,139.221,116.182
725.671,343.394,139.860,114.296
723.410,343.164,138.937,115.500
717.693,342.456,140.533,115.165
719.173,343.113,141.915,115.095
714.701,342.429,139.351,114.262
712.990,341.722,143.788,113.328
708.211,340.064,140.781,112.233
706.431,338.991,144.714,111.220
702.691,336.418,144.212,109.898
700.088,335.769,147.490,108.025
702.175,335.779,144.181,108.090
709.432,338.332,138.829,106.988
726.165,339.256,133.466,109.125
733.824,350.626,128.823,116.941
734.696,369.753,128.888,121.539
737.503,377.409,127.678,121.880
743.093,383.626,127.582,122.074
750.017,393.984,128.695,116.380
750.894,359.872,120.968,118.011
755.230,353.388,124.122,118.399
707.826,237.504,127.039,152.625
744.019,284.845,166.094,159.662
747.448,125.182,155.214,184.133
750.004,145.726,146.653,177.948
751.689,126.549,137.685,157.425
760.771,151.339,134.030,144.518
805.611,164.042,140.830,132.612
809.748,173.238,139.599,122.083
827.423,217.688,137.148,135.919
822.879,307.034,132.064,150.380
820.420,378.547,131.269,161.110
813.665,436.852,130.409,158.043
838.912,468.751,132.449,138.135
838.166,481.938,132.768,124.514
844.795,460.333,124.650,121.669
822.030,417.311,121.792,113.597
798.910,395.103,123.989,116.188
799.686,365.866,125.079,115.511
792.713,354.489,127.808,111.599
794.890,354.889,133.594,113.858
785.130,350.014,135.199,112.058
777.616,357.339,144.788,111.795
777.510,359.067,140.265,110.561
773.647,361.838,140.807,108.657
771.964,360.443,137.204,107.456
771.989,361.591,139.409,107.811
770.021,359.968,137.546,108.821
765.168,359.219,137.871,110.163
762.043,358.064,137.067,110.268
762.211,357.365,136.095,110.184
760.091,355.583,134.526,112.703
758.814,357.404,134.917,114.230
757.245,355.313,133.653,113.869
752.244,355.654,137.558,115.748
750.817,356.251,136.387,115.558
746.026,359.017,137.877,113.693
741.677,363.092,140.935,112.325
742.135,363.357,141.885,111.568
738.357,367.341,142.512,109.094
737.576,371.652,143.583,108.807
737.622,372.625,142.234,108.276
739.723,371.842,138.841,109.485
741.488,372.980,135.570,108.916
742.461,372.764,132.151,110.155
742.279,373.039,130.677,111.125
740.451,372.618,129.518,112.761
742.214,372.379,128.256,111.617
741.329,372.750,125.283,109.481
743.406,373.486,130.855,109.917
745.322,372.339,128.238,109.204
747.785,374.106,131.814,108.850
752.747,373.558,134.422,108.274
754.189,376.087,137.246,108.388
758.977,372.357,139.692,108.785
762.465,374.521,139.489,106.312
766.489,375.515,137.210,104.178
771.179,375.198,140.169,102.823
775.587,376.278,139.005,101.717
778.532,375.363,139.919,103.416
786.968,374.230,132.948,100.503
794.338,374.221,128.211,100.670
795.479,375.026,125.770,101.799
797.097,373.197,124.199,104.297
799.551,371.716,124.230,103.108
800.035,370.245,123.636,104.805
799.853,369.945,124.356,107.634
798.133,370.965,126.058,110.479
799.282,370.126,125.038,109.557
794.697,370.846,125.544,108.299
792.334,370.773,124.345,107.998
786.419,372.335,124.771,105.580
783.927,375.164,125.274,100.990
779.706,375.432,124.701,98.902
776.829,375.340,129.287,98.223
773.450,376.411,129.036,97.182
766.389,379.572,132.869,95.004
764.935,380.038,134.438,94.680
763.933,381.649,133.362,94.638
767.459,380.629,127.687,96.189
766.967,380.563,128.308,98.679
767.603,379.553,127.001,100.667
766.180,379.474,127.434,102.131
767.140,379.346,126.698,105.650
764.401,380.061,123.927,104.839
761.220,381.441,126.355,106.087
759.471,380.857,125.714,106.316
758.937,383.579,126.217,107.076
757.529,386.696,124.091,104.834
753.842,386.080,125.092,102.424
750.583,387.736,129.248,102.966
747.220,387.937,127.477,104.033
748.366,388.318,130.019,104.258
747.558,389.906,128.432,104.607
748.328,389.847,131.119,105.745
744.073,390.739,128.737,104.585
745.561,388.957,126.332,106.422
743.078,390.400,127.483,106.669
747.798,389.720,124.034,106.205
740.631,387.698,125.197,107.383
744.724,387.987,122.230,108.851
738.448,385.909,123.031,107.993
737.297,388.626,127.110,109.902
738.059,388.782,124.717,109.165
737.727,389.327,126.203,110.003
741.429,389.312,127.828,110.336
746.505,389.481,127.498,110.479
748.863,391.595,131.798,111.405
759.118,393.231,130.227,106.688
761.825,393.462,132.453,104.530
761.032,394.768,133.070,101.795
760.279,396.968,135.251,100.333
767.763,398.569,132.179,99.539
770.665,399.348,131.658,100.307
775.598,401.280,131.581,101.485
780.085,401.632,128.127,102.377
781.005,402.326,127.632,102.662
786.288,401.726,125.069,103.819
793.686,401.848,124.517,106.802
799.482,402.233,121.398,105.415
805.663,404.075,120.698,103.672
806.725,402.803,122.767,105.159
806.100,402.894,124.046,106.417
810.258,404.477,124.124,105.028
809.679,404.824,123.990,101.785
811.822,404.845,124.667,99.692
813.554,404.191,127.684,99.969
815.828,406.726,129.125,101.859
813.731,408.446,131.891,100.937
818.633,407.962,128.151,101.468
820.225,409.345,130.905,100.494
824.074,410.569,131.035,98.947
823.667,409.749,134.396,99.147
823.785,410.850,135.066,98.338
822.601,410.595,134.512,98.585
824.155,410.363,136.969,101.275
827.296,409.111,136.191,103.634
829.098,409.945,135.465,105.019
832.905,409.307,134.850,107.593
831.603,410.187,137.048,108.136
829.891,410.565,138.439,108.149
830.764,410.343,139.145,106.829
834.122,412.088,137.147,104.683
837.362,413.322,135.310,103.200
837.686,415.498,134.732,102.550
840.893,417.737,133.983,101.070
840.596,418.235,135.594,101.295
841.966,418.801,134.371,100.052
843.912,420.702,136.287,99.247
847.100,422.148,136.239,98.797
852.224,423.683,132.449,97.318
859.810,424.447,124.390,95.942
859.385,428.648,122.435,93.132
861.646,424.223,121.487,93.474
867.625,424.272,116.002,95.914
869.371,423.092,113.438,98.718
870.771,423.109,113.617,100.582
867.602,423.037,111.293,100.381
867.810,422.717,111.265,102.112
863.434,423.880,111.041,103.273
859.073,418.574,110.960,102.982
859.532,410.427,109.346,105.904
850.288,405.186,110.844,107.292
842.793,402.699,109.634,106.310
845.420,400.792,112.603,107.597
842.403,397.092,106.943,105.618
836.200,383.154,111.573,108.174
831.200,382.439,109.524,102.306
827.999,378.074,109.849,101.251
825.283,375.323,111.724,102.594
823.852,375.743,112.181,102.496
823.329,376.026,109.941,101.618
824.242,373.874,106.902,103.191
822.346,373.999,107.320,103.228
825.502,375.730,109.232,101.115
832.969,378.025,111.411,99.328
833.707,378.128,113.835,100.496
833.198,378.447,111.174,101.485
831.970,378.360,111.730,103.902
835.511,379.811,109.806,102.779
840.083,381.814,105.066,102.934
833.890,383.142,106.323,102.603
834.456,383.581,103.805,102.804
832.100,385.753,105.212,101.971
831.303,387.585,104.317,98.605
825.873,386.246,106.311,97.114
825.010,387.343,109.061,97.854
819.218,389.883,111.347,97.299
821.248,388.206,110.078,98.287
814.950,388.249,109.651,98.712
816.038,384.151,109.879,102.014
813.254,383.206,109.598,102.875
817.888,383.761,109.800,102.826
824.455,384.249,108.611,102.438
822.697,384.209,106.146,100.189
829.556,386.664,110.405,99.241
842.513,386.845,108.625,98.031
851.170,395.654,114.572,99.136
856.002,382.099,107.619,99.799
869.754,372.406,109.862,96.562
867.292,376.155,118.973,93.142
873.658,373.863,121.534,92.266
878.485,373.751,126.437,94.803
882.340,373.348,128.316,96.014
885.159,369.084,128.519,96.967
886.906,361.239,131.821,98.025
885.364,359.499,128.822,98.159
891.258,353.098,132.672,99.834
897.178,346.062,128.714,99.838
902.667,342.135,130.665,98.990
906.458,342.104,132.851,98.859
913.898,342.824,134.622,97.116
914.326,341.631,138.123,97.493
919.683,341.632,138.570,97.848
926.145,338.920,138.944,98.561
936.269,333.943,141.739,98.712
943.338,335.546,140.517,96.409
949.778,334.806,141.321,95.601
950.965,334.426,144.174,95.374
954.018,334.634,143.097,95.453
957.685,335.039,141.817,95.158
962.115,335.139,140.932,93.244
967.616,333.487,139.109,93.138
974.911,334.464,132.745,92.536
976.171,333.822,131.128,92.636
974.990,332.345,130.411,93.064
975.137,332.703,126.700,93.926
977.828,332.381,122.122,95.533
969.062,332.706,121.789,93.784
962.067,333.663,119.562,91.709
964.634,332.236,120.021,93.222
962.923,330.976,122.375,94.719
958.566,331.056,122.482,93.954
952.281,330.309,121.168,93.899
951.263,330.546,120.816,92.054
948.048,329.088,119.410,91.259
947.452,330.250,117.968,90.736
944.269,328.031,114.861,91.854
943.514,329.717,109.746,91.995
939.057,330.644,105.255,92.763
932.922,332.212,105.805,92.533
927.741,332.629,105.925,92.907
927.246,332.083,106.463,93.037
921.740,332.263,103.417,91.174
921.111,332.682,98.966,88.344
919.017,330.586,94.265,90.136
915.246,329.799,92.528,91.066
911.153,330.234,90.671,90.132
912.976,331.900,89.254,88.525
908.987,330.138,86.765,87.890
904.783,330.205,86.233,88.299
897.788,330.308,84.770,85.216
890.114,331.704,85.102,84.900
886.529,333.063,85.668,85.311
885.969,331.805,83.536,84.886
881.978,334.564,82.636,84.537
877.477,336.131,81.089,84.613
873.881,336.738,78.510,84.563
869.592,339.145,77.653,84.392
863.051,340.465,77.624,84.781
864.837,340.625,77.898,84.959
861.618,341.043,77.242,83.298
860.133,341.228,74.770,84.342
855.493,344.034,72.414,84.517
855.931,347.504,70.006,84.339
851.884,349.384,68.807,83.108
852.803,349.124,69.372,82.954
852.070,350.661,68.240,81.749
851.682,352.222,68.343,81.791
852.587,356.946,65.768,81.239
854.054,359.768,65.610,81.148
