264.000,149.000,32.000,68.000
264.593,149.123,31.697,69.991
265.839,149.065,31.855,71.286
264.904,149.405,34.690,70.366
265.874,148.527,33.983,70.913
269.056,150.822,34.501,71.987
270.154,149.510,32.852,71.760
271.901,149.730,32.405,71.491
272.475,150.909,33.612,70.767
274.917,150.036,33.498,71.056
276.000,145.000,31.000,71.000
278.000,148.000,29.000,71.000
279.979,147.539,29.363,70.580
280.912,148.785,28.626,70.522
282.576,147.933,29.036,69.438
283.000,149.000,30.000,72.000
284.277,148.146,32.533,71.833
284.000,148.000,31.000,70.000
286.355,147.244,30.827,69.709
287.043,147.642,29.950,70.884
289.013,145.432,30.127,71.369
291.000,149.000,31.000,71.000
292.960,150.217,30.825,70.985
295.795,149.587,30.434,71.486
294.303,149.869,29.598,72.240
298.471,148.509,31.343,71.572
293.390,149.118,30.675,72.420
297.000,149.000,30.000,69.000
295.989,150.194,29.980,68.868
302.186,149.740,29.171,68.224
300.604,151.976,27.956,68.453
301.425,149.411,28.228,68.756
301.856,151.009,28.079,69.447
305.332,149.966,27.029,69.705
306.298,150.398,28.701,69.924
308.149,150.987,27.667,69.592
308.105,151.477,28.059,70.048
310.258,150.701,27.386,68.982
310.000,151.000,33.000,69.000
309.168,151.323,30.662,69.024
311.240,150.674,30.976,67.601
310.957,150.811,30.126,67.971
313.409,150.497,29.841,67.830
314.084,150.752,31.625,67.768
315.000,150.528,30.378,68.534
317.737,151.155,29.414,68.516
317.073,151.460,29.942,68.359
318.329,151.650,30.042,68.519
320.443,151.311,31.117,68.898
321.131,152.164,31.052,69.542
323.387,151.322,30.881,69.332
322.818,152.499,30.833,68.855
324.620,152.023,30.453,68.338
326.051,152.217,30.141,69.066
327.982,151.954,30.589,68.966
330.263,151.286,30.324,69.170
329.055,152.627,30.808,68.854
331.632,151.429,30.286,69.067
332.415,151.928,30.870,69.162
333.917,151.369,30.529,69.993
335.192,150.463,30.484,70.253
334.297,151.634,30.855,69.691
336.860,151.709,30.973,68.902
338.296,152.148,29.726,69.239
340.415,151.635,29.739,69.860
342.078,152.742,29.691,69.557
341.686,152.998,29.734,68.731
342.900,151.659,30.993,69.380
344.301,152.959,30.787,68.904
346.330,152.682,31.245,67.292
346.960,153.451,30.213,67.623
347.904,153.237,29.611,66.714
348.917,152.396,30.709,66.565
349.503,152.818,30.111,66.531
354.000,155.000,30.000,70.000
355.695,154.870,29.207,72.113
354.260,154.379,29.501,71.956
357.808,156.071,28.997,73.779
356.000,151.000,28.000,70.000
358.367,152.073,26.199,72.864
360.593,151.798,25.574,74.244
360.937,152.580,26.952,72.487
361.000,156.000,29.000,67.000
362.000,155.000,30.000,66.000
363.000,155.000,29.000,68.000
364.000,157.000,31.000,68.000
365.000,155.000,28.000,69.000
366.676,155.236,28.172,69.067
368.364,155.351,28.488,68.460
368.828,156.575,27.589,69.319
371.421,156.959,29.510,68.106
370.000,156.000,29.000,70.000
371.000,156.000,29.000,68.000
372.000,155.000,28.000,68.000
373.211,154.085,27.982,68.201
374.384,153.915,27.047,68.040
376.000,154.000,28.000,68.000
377.071,155.017,28.699,67.332
378.437,155.331,27.409,67.495
380.102,155.291,27.837,66.352
382.370,155.576,27.316,65.924
380.000,154.000,29.000,68.000
382.000,158.000,30.000,70.000
384.990,156.053,30.232,69.983
384.000,156.000,29.000,68.000
385.000,155.000,29.000,67.000
386.000,157.000,30.000,68.000
386.605,158.144,28.860,68.541
386.171,157.036,30.133,66.799
388.921,157.751,29.204,67.173
390.752,157.974,29.648,67.746
390.000,156.000,30.000,67.000
392.763,154.200,31.591,68.097
394.000,157.000,29.000,69.000
394.000,157.000,28.000,68.000
395.000,157.000,30.000,67.000
394.615,158.476,29.338,67.728
397.000,156.000,30.000,68.000
398.259,157.101,29.767,70.633
400.716,155.077,29.593,72.205
398.846,157.446,28.808,71.664
400.352,155.117,31.055,71.375
400.824,156.875,29.314,73.952
403.000,159.000,31.000,67.000
402.571,158.793,28.205,69.319
404.279,157.778,29.487,67.310
404.355,158.617,28.216,68.451
405.775,158.181,28.393,68.314
406.593,158.711,28.763,69.335
407.848,158.684,28.784,68.931
408.633,158.415,28.332,70.300
408.893,158.703,28.899,69.693
409.055,160.293,29.804,68.525
408.996,159.184,30.194,67.155
410.518,158.403,29.608,69.238
412.496,159.324,28.804,68.692
413.921,159.287,27.774,68.635
414.162,159.924,28.690,68.298
415.553,158.801,28.166,68.400
414.985,158.204,28.810,68.331
415.764,158.065,29.449,68.639
416.359,159.543,27.997,69.041
419.086,159.020,30.851,68.753
419.659,159.142,27.484,70.077
420.706,158.343,29.208,68.428
423.467,159.243,28.175,69.924
423.383,159.951,27.114,68.634
423.750,158.896,28.425,68.650
426.000,160.000,28.000,70.000
424.294,162.295,28.798,67.963
428.000,159.000,29.000,68.000
428.000,160.000,29.000,69.000
429.325,157.974,29.520,68.827
431.414,159.749,28.181,68.324
431.434,158.455,27.663,69.412
432.000,160.000,29.000,69.000
431.000,160.000,29.000,68.000
431.901,158.193,30.073,67.550
434.000,159.000,27.000,69.000
434.513,157.551,25.674,70.148
436.301,157.887,27.198,69.810
435.000,159.000,28.000,68.000
438.644,154.699,26.889,68.555
437.000,161.000,29.000,69.000
438.848,154.909,29.948,66.791
440.309,158.662,27.448,66.850
439.000,159.000,27.000,68.000
439.000,162.000,28.000,69.000
441.000,159.000,27.000,68.000
443.383,159.542,25.312,68.135
442.000,161.000,29.000,69.000
442.000,161.000,27.000,69.000
443.000,161.000,27.000,69.000
444.711,160.766,26.872,69.944
444.000,161.000,28.000,68.000
446.191,159.271,26.796,68.218
444.000,161.000,27.000,68.000
446.000,161.000,28.000,69.000
446.000,161.000,27.000,70.000
445.672,160.821,26.700,72.147
447.711,160.223,26.881,70.651
447.327,160.969,25.870,70.297
447.427,159.311,27.253,71.583
447.518,159.352,29.749,72.128
447.692,161.437,27.784,72.350
451.000,163.000,29.000,70.000
450.000,163.000,27.000,68.000
452.745,160.736,26.936,67.602
455.029,162.823,25.314,67.247
453.000,162.000,27.000,69.000
454.000,162.000,29.000,70.000
453.000,162.000,28.000,68.000
453.545,160.449,28.857,68.570
454.628,161.289,28.534,70.630
455.657,160.363,29.212,70.506
457.000,165.000,28.000,69.000
457.000,162.000,28.000,68.000
458.321,164.034,25.564,67.555
460.894,163.959,25.939,67.748
461.397,164.514,25.811,67.988
461.000,163.000,29.000,68.000
459.000,164.000,29.000,70.000
462.000,164.000,30.000,68.000
463.000,164.000,27.000,70.000
464.198,161.446,27.297,70.364
465.587,161.644,27.608,70.835
465.000,166.000,28.000,69.000
466.000,163.000,27.000,69.000
465.000,164.000,28.000,69.000
466.469,163.232,28.925,68.762
466.537,165.566,28.794,69.299
468.011,164.302,28.761,67.401
465.737,167.523,30.828,68.581
470.000,164.000,29.000,69.000
471.530,166.872,27.413,69.989
471.000,163.000,27.000,68.000
471.000,166.000,29.000,70.000
470.765,164.842,30.331,71.205
472.000,165.000,29.000,70.000
472.775,164.231,30.259,68.961
472.647,166.528,29.831,70.001
473.164,165.061,30.316,67.812
476.000,166.000,27.000,70.000
479.359,166.192,27.143,70.485
479.273,166.181,27.426,68.383
480.000,165.000,29.000,68.000
479.000,165.000,28.000,70.000
480.615,161.734,28.505,71.058
482.371,161.161,28.113,71.418
483.000,166.000,28.000,69.000
484.000,166.000,28.000,69.000
484.000,167.000,28.000,68.000
488.253,165.215,26.853,67.940
486.000,166.000,28.000,69.000
491.245,162.224,26.849,70.238
488.000,169.000,27.000,70.000
488.000,166.000,29.000,68.000
490.618,167.533,27.423,70.418
490.000,167.000,28.000,69.000
492.000,168.000,28.000,69.000
492.000,168.000,28.000,68.000
491.135,169.495,28.712,67.573
495.439,165.050,28.368,64.632
494.000,167.000,29.000,70.000
498.171,161.538,27.116,68.637
497.000,169.000,28.000,70.000
496.000,167.000,27.000,68.000
497.000,168.000,28.000,70.000
499.000,169.000,29.000,69.000
498.504,169.059,28.446,70.491
498.853,169.091,28.417,70.494
499.876,168.999,30.284,68.703
500.758,168.110,30.304,70.990
501.983,168.761,28.206,73.366
504.407,169.050,30.958,69.215
505.000,170.000,28.000,69.000
508.239,172.003,26.100,66.445
508.000,169.000,28.000,70.000
509.000,169.000,27.000,69.000
511.084,168.064,27.232,69.045
508.464,170.496,26.934,69.178
510.467,168.057,27.590,65.196
512.872,168.707,26.753,68.092
513.000,171.000,30.000,70.000
513.000,168.000,29.000,68.000
513.000,169.000,28.000,71.000
514.146,166.496,28.360,70.111
516.440,168.028,27.046,72.580
519.444,166.246,26.517,71.406
520.067,168.987,25.669,71.989
519.000,168.000,27.000,70.000
520.751,168.658,25.761,72.613
522.961,167.704,25.497,74.199
524.465,169.941,26.403,72.726
523.526,166.226,27.718,70.051
524.000,171.000,29.000,70.000
523.000,169.000,28.000,69.000
526.000,170.000,29.000,70.000
528.370,170.577,26.441,70.426
529.000,171.000,27.000,71.000
529.000,169.000,27.000,69.000
530.000,170.000,28.000,70.000
533.555,170.456,29.477,67.306
530.000,170.000,29.000,69.000
532.000,169.000,30.000,69.000
531.000,170.000,30.000,70.000
534.009,166.671,31.192,65.063
533.000,170.000,30.000,69.000
537.147,168.701,27.781,69.233
537.000,170.000,28.000,69.000
537.000,171.000,28.000,70.000
536.624,167.608,30.352,66.394
539.000,171.000,29.000,71.000
540.000,171.000,29.000,69.000
542.907,168.936,26.524,71.153
541.992,173.862,26.292,72.295
546.232,168.682,28.783,68.608
542.000,171.000,30.000,71.000
543.000,171.000,29.000,69.000
545.000,172.000,28.000,70.000
544.000,171.000,29.000,70.000
546.250,169.775,29.109,73.087
548.057,171.595,27.422,74.168
551.477,170.643,30.552,70.391
551.000,172.000,28.000,70.000
551.226,170.883,26.934,67.059
551.000,172.000,28.000,70.000
554.312,169.189,27.834,70.694
553.000,171.000,28.000,71.000
555.037,170.191,27.610,70.316
552.185,172.598,28.008,70.784
556.984,168.210,31.230,67.689
553.314,176.559,29.747,74.717
560.398,164.803,34.926,69.075
558.000,171.000,28.000,70.000
558.000,171.000,28.000,71.000
560.538,169.642,27.841,68.910
561.000,173.000,28.000,69.000
563.917,172.619,28.634,68.010
563.000,173.000,29.000,69.000
563.470,174.893,29.388,72.707
564.000,172.000,27.000,70.000
564.000,174.000,28.000,70.000
567.097,174.226,28.885,68.935
567.000,173.000,27.000,70.000
567.000,173.000,27.000,70.000
566.885,173.240,27.495,70.579
566.330,173.567,31.281,67.335
565.821,173.070,31.205,69.378
567.318,173.566,34.422,67.343
572.000,172.000,28.000,69.000
573.000,173.000,28.000,71.000
572.000,174.000,28.000,71.000
573.436,176.645,30.320,70.855
575.000,174.000,28.000,71.000
576.000,173.000,27.000,70.000
577.949,173.072,25.698,72.933
577.166,171.418,28.002,68.412
579.304,172.931,26.163,72.537
580.532,172.784,26.655,70.055
577.725,172.884,25.822,71.997
580.895,171.183,27.070,72.153
583.772,173.592,24.628,74.475
583.000,174.000,27.000,71.000
584.395,176.157,23.593,76.625
585.502,174.538,25.432,71.293
584.000,175.000,28.000,71.000
584.069,176.379,26.037,75.411
586.000,176.000,28.000,70.000
587.000,174.000,29.000,69.000
588.000,175.000,27.000,71.000
589.855,174.290,27.490,67.569
589.000,173.000,28.000,70.000
590.093,172.941,28.122,72.199
591.041,172.565,28.971,72.727
591.834,172.252,28.909,71.683
593.000,175.000,26.000,71.000
593.000,173.000,29.000,71.000
593.543,174.035,29.933,72.041
593.869,173.682,29.386,71.972
594.039,173.957,29.218,71.667
595.133,173.038,29.945,71.719
596.591,173.726,29.506,71.325
597.385,173.831,30.427,71.702
600.000,174.000,27.000,71.000
600.000,176.000,27.000,70.000
602.000,176.000,27.000,70.000
603.000,176.000,27.000,70.000
603.000,176.000,27.000,70.000
603.381,175.899,28.634,69.543
603.762,174.162,28.364,70.311
603.394,174.114,27.924,70.345
606.000,174.000,28.000,71.000
608.000,176.000,29.000,70.000
610.010,175.895,29.626,68.694
610.000,174.000,27.000,71.000
610.000,175.000,27.000,71.000
611.814,175.141,28.078,72.692
613.855,175.254,28.372,72.457
615.000,176.000,29.000,71.000
614.000,176.000,28.000,69.000
614.336,175.773,25.985,72.856
616.187,176.392,27.348,68.794
616.630,176.550,26.233,71.702
618.000,176.000,29.000,69.000
617.843,176.779,26.056,75.791
620.000,176.000,29.000,70.000
619.432,177.062,26.463,75.934
623.000,174.000,28.000,71.000
624.000,176.000,28.000,72.000
624.000,175.000,27.000,71.000
626.000,176.000,29.000,71.000
626.000,177.000,28.000,72.000
627.445,178.173,27.723,70.974
628.000,177.000,28.000,72.000
627.000,178.000,28.000,72.000
626.021,179.087,29.246,69.129
626.486,177.948,29.114,72.526
630.000,177.000,28.000,72.000
631.000,176.000,29.000,70.000
632.000,177.000,27.000,73.000
632.582,176.674,26.621,71.439
633.539,175.906,26.370,74.120
634.667,176.191,26.696,71.224
635.723,175.141,25.748,72.140
635.904,174.849,24.895,72.874
637.285,173.494,26.838,69.321
639.000,178.000,28.000,72.000
640.000,176.000,27.000,73.000
641.215,176.865,27.933,73.685
640.006,176.922,29.132,70.867
640.427,176.369,28.450,74.370
642.884,177.160,28.533,73.660
641.503,178.090,29.698,73.335
642.111,176.558,29.739,71.545
643.520,176.583,28.236,76.788
644.266,176.507,29.482,76.190
648.000,178.000,26.000,72.000
648.000,176.000,27.000,72.000
648.903,177.231,24.072,76.593
649.000,177.000,27.000,72.000
649.000,178.000,27.000,72.000
649.918,179.542,28.510,70.257
651.000,177.000,27.000,72.000
652.000,178.000,29.000,72.000
652.000,177.000,27.000,72.000
653.843,174.423,25.626,74.617
655.266,173.868,26.759,73.983
655.347,176.993,24.328,75.301
656.806,176.039,28.294,73.187
655.004,178.271,28.167,76.089
657.000,180.000,29.000,73.000
657.000,178.000,27.000,73.000
658.000,177.000,28.000,73.000
660.052,177.649,26.616,73.564
659.237,178.401,26.390,69.860
661.365,174.899,27.796,71.539
662.095,174.742,25.084,73.228
663.650,174.510,25.899,70.655
665.429,176.516,24.779,72.269
665.645,178.451,25.345,69.261
664.408,177.469,25.472,69.995
666.812,176.433,26.408,70.367
668.128,176.239,25.489,71.322
668.866,176.285,25.502,70.843
668.201,176.372,24.758,70.434
673.048,177.621,25.934,69.330
669.000,180.000,28.000,73.000
670.706,182.143,33.063,73.045
670.000,179.000,27.000,72.000
669.000,179.000,28.000,72.000
672.000,180.000,29.000,70.000
673.000,180.000,28.000,71.000
673.893,177.160,29.194,69.679
676.719,176.225,26.013,70.244
679.419,174.411,23.950,68.676
675.000,180.000,29.000,72.000
677.000,179.000,28.000,72.000
677.000,180.000,28.000,72.000
678.000,179.000,27.000,73.000
678.000,179.000,27.000,71.000
680.000,180.000,28.000,72.000
680.000,180.000,27.000,72.000
681.633,180.255,29.066,70.148
680.720,182.599,28.654,71.743
678.903,178.828,29.860,70.601
682.968,179.148,29.861,73.885
684.000,179.000,30.000,72.000
686.000,179.000,26.000,73.000
