403.000,503.000,16.000,41.000
402.000,502.000,17.000,41.000
403.000,502.000,17.000,41.000
403.000,503.000,18.000,40.000
402.000,505.000,17.000,38.000
403.000,502.000,17.000,39.000
403.000,500.000,17.000,41.000
402.342,499.720,18.448,41.751
402.000,501.000,18.000,40.000
403.000,501.000,18.000,41.000
402.000,502.000,18.000,41.000
402.000,502.000,17.000,40.000
402.000,500.000,18.000,41.000
403.000,500.000,17.000,41.000
403.000,500.000,16.000,41.000
403.628,499.946,15.000,41.429
403.000,501.000,17.000,39.000
403.000,498.000,17.000,41.000
402.000,498.000,17.000,40.000
403.000,497.000,17.000,41.000
401.949,495.344,17.337,42.207
402.000,495.000,18.000,41.000
401.000,492.000,19.000,41.000
402.000,493.000,19.000,39.000
402.000,491.000,18.000,39.000
402.000,489.000,18.000,39.000
402.000,485.000,18.000,41.000
403.000,483.000,18.000,42.000
402.000,482.000,18.000,41.000
404.000,482.000,18.000,41.000
403.000,483.000,17.000,37.000
403.000,483.000,17.000,36.000
404.109,482.678,16.909,34.613
403.000,473.000,18.000,44.000
403.000,473.000,17.000,41.000
403.736,473.492,16.565,39.270
404.000,470.000,17.000,41.000
405.000,469.000,17.000,42.000
404.198,468.695,17.262,41.515
405.000,469.000,17.000,39.000
403.000,469.000,17.000,39.000
404.000,465.000,17.000,41.000
403.564,464.145,16.469,41.083
404.240,462.682,16.923,42.877
403.407,461.159,17.126,43.624
403.980,459.053,16.749,43.062
405.000,461.000,17.000,41.000
404.860,461.297,16.610,41.104
404.059,460.879,16.079,40.839
405.509,459.191,15.396,41.312
402.909,459.902,17.070,40.243
405.000,458.000,18.000,41.000
405.000,460.000,17.000,40.000
404.329,460.394,17.674,39.152
405.876,460.286,16.873,37.950
404.000,458.000,17.000,40.000
405.000,455.000,17.000,41.000
404.000,456.000,17.000,40.000
404.000,456.000,17.000,40.000
405.000,455.000,18.000,40.000
404.000,454.000,18.000,41.000
404.000,453.000,18.000,41.000
403.000,454.000,17.000,40.000
404.231,454.636,15.924,39.321
403.000,451.000,18.000,41.000
404.000,449.000,19.000,42.000
404.000,449.000,18.000,41.000
403.000,449.000,18.000,43.000
404.000,449.000,18.000,42.000
404.000,447.000,17.000,41.000
404.000,446.000,18.000,42.000
404.000,447.000,17.000,41.000
403.000,445.000,18.000,42.000
404.000,445.000,17.000,41.000
403.000,444.000,17.000,42.000
403.614,442.728,17.111,42.997
404.517,442.332,17.035,42.876
403.495,440.754,16.863,42.057
403.951,439.630,16.722,43.907
404.000,441.000,17.000,40.000
405.000,439.000,17.000,41.000
404.250,438.676,16.595,40.592
405.000,439.000,17.000,41.000
403.132,439.052,18.376,39.789
404.738,437.276,18.011,39.691
404.000,437.000,18.000,41.000
404.000,437.000,17.000,38.000
405.525,438.125,16.431,36.393
405.000,434.000,18.000,41.000
404.000,432.000,17.000,41.000
403.000,434.000,17.000,38.000
403.000,432.000,17.000,39.000
404.000,430.000,18.000,41.000
403.205,428.565,19.363,42.091
404.424,427.130,19.167,41.843
402.839,426.765,20.197,41.929
404.000,428.000,17.000,40.000
403.106,429.459,17.260,40.096
403.000,425.000,17.000,41.000
403.000,424.000,17.000,41.000
404.000,423.000,18.000,41.000
403.000,421.000,18.000,41.000
403.000,420.000,18.000,41.000
403.000,419.000,19.000,41.000
404.000,419.000,18.000,40.000
403.000,418.000,18.000,40.000
405.281,415.537,17.059,42.596
404.000,417.000,19.000,41.000
403.000,417.000,19.000,42.000
404.000,415.000,19.000,42.000
403.000,415.000,18.000,39.000
404.000,412.000,17.000,41.000
403.000,412.000,17.000,41.000
404.069,409.294,16.466,42.782
404.000,409.000,18.000,42.000
404.000,408.000,18.000,41.000
404.000,409.000,17.000,40.000
405.009,407.872,16.079,40.371
403.687,408.370,17.028,39.881
405.535,407.183,16.630,39.879
403.000,404.000,18.000,41.000
404.000,403.000,18.000,41.000
405.000,402.000,18.000,41.000
405.776,400.057,17.170,42.737
404.000,400.000,17.000,40.000
403.000,399.000,18.000,42.000
404.000,399.000,17.000,41.000
405.000,397.000,16.000,40.000
404.000,396.000,16.000,41.000
405.450,393.941,16.124,41.706
404.107,394.144,17.221,43.101
405.000,396.000,17.000,39.000
404.000,392.000,18.000,40.000
403.000,391.000,18.000,41.000
404.643,388.502,17.818,41.428
403.219,389.837,17.833,40.517
404.000,388.000,17.000,41.000
403.473,387.675,17.469,39.421
404.000,389.000,18.000,40.000
404.000,388.000,17.000,40.000
404.000,386.000,17.000,41.000
404.000,385.000,18.000,42.000
403.000,385.000,18.000,41.000
405.557,382.464,15.817,42.575
403.000,383.000,17.000,41.000
404.000,385.000,18.000,41.000
403.000,383.000,18.000,41.000
403.000,383.000,18.000,41.000
403.340,382.360,17.853,40.783
402.000,382.000,18.000,41.000
402.910,381.286,19.709,41.468
401.998,380.428,18.043,41.319
402.000,381.000,17.000,41.000
401.024,381.569,19.098,39.905
402.361,379.465,16.812,42.005
402.604,380.721,17.630,39.576
401.985,380.758,15.999,39.522
402.094,380.310,16.886,38.872
401.955,380.054,16.326,38.897
401.875,379.917,17.194,38.013
401.945,379.512,16.487,39.012
401.601,379.352,16.355,39.009
401.541,379.114,16.779,39.044
402.394,379.107,16.283,38.806
401.833,379.122,15.806,38.473
401.810,378.410,15.701,38.444
401.623,378.920,16.160,37.796
400.926,379.001,15.845,37.286
401.000,376.000,16.000,42.000
402.000,377.000,17.000,40.000
401.000,374.000,17.000,41.000
400.000,375.000,18.000,41.000
400.396,373.838,17.943,41.287
400.443,372.833,17.610,41.964
400.648,374.008,18.467,42.367
401.000,373.000,18.000,42.000
401.200,373.532,18.045,41.616
399.693,373.370,19.154,42.847
400.000,373.000,19.000,41.000
399.000,372.000,18.000,41.000
401.000,372.000,18.000,42.000
400.000,372.000,18.000,41.000
399.000,371.000,18.000,41.000
400.319,370.286,16.405,42.801
400.000,371.000,18.000,41.000
400.000,369.000,18.000,41.000
399.000,368.000,18.000,42.000
401.000,370.000,18.000,41.000
400.000,370.000,17.000,39.000
400.178,370.842,17.987,37.503
399.656,370.664,17.149,36.245
399.000,369.000,17.000,39.000
400.000,369.000,17.000,41.000
400.000,367.000,18.000,41.000
399.000,367.000,17.000,41.000
399.320,366.200,17.094,41.811
400.000,366.000,18.000,41.000
400.000,365.000,18.000,41.000
399.000,365.000,17.000,42.000
399.000,364.000,17.000,41.000
399.415,363.907,16.428,41.648
399.696,363.568,16.249,40.412
398.709,364.692,16.321,39.769
399.303,363.207,16.108,40.813
399.928,362.773,16.030,40.732
398.509,362.904,15.977,40.274
399.249,362.792,16.984,40.171
399.246,361.280,15.944,40.738
399.643,361.069,15.425,40.985
397.514,362.421,17.511,39.217
400.215,360.122,16.816,40.176
397.735,361.727,17.206,39.294
400.000,361.000,17.000,40.000
398.098,361.488,16.684,40.169
399.495,360.576,16.200,40.250
399.000,357.000,18.000,41.000
399.000,356.000,18.000,41.000
399.000,358.000,18.000,41.000
398.000,358.000,19.000,40.000
398.000,356.000,19.000,41.000
398.000,357.000,18.000,41.000
398.000,356.000,19.000,41.000
397.000,356.000,18.000,41.000
397.636,356.722,17.958,40.182
397.000,354.000,18.000,42.000
397.000,355.000,18.000,41.000
397.000,354.000,18.000,41.000
397.000,354.000,19.000,40.000
399.000,354.000,18.000,40.000
398.000,353.000,17.000,41.000
399.000,353.000,17.000,40.000
398.000,351.000,17.000,41.000
398.713,350.883,16.673,40.336
398.000,352.000,18.000,41.000
398.000,351.000,17.000,41.000
397.000,349.000,17.000,40.000
398.417,348.911,16.931,41.206
397.687,348.947,16.719,40.784
396.932,348.762,17.365,40.261
398.040,348.597,17.396,40.034
397.376,350.854,18.546,37.814
398.000,347.000,19.000,41.000
397.000,348.000,18.000,42.000
397.000,347.000,18.000,42.000
397.135,346.929,18.753,40.998
396.000,345.000,18.000,42.000
395.951,344.933,19.256,42.139
396.123,343.673,19.019,42.987
396.000,345.000,18.000,41.000
395.536,346.839,18.413,41.175
396.000,344.000,18.000,41.000
398.000,344.000,17.000,40.000
398.000,343.000,17.000,40.000
397.000,344.000,18.000,40.000
397.000,342.000,18.000,41.000
398.000,343.000,18.000,41.000
395.565,340.954,19.537,42.095
397.000,342.000,18.000,42.000
397.240,341.992,16.555,43.011
395.998,341.559,17.769,43.216
396.000,340.000,18.000,42.000
396.000,340.000,18.000,41.000
395.397,341.116,19.339,39.667
396.000,339.000,17.000,41.000
396.000,338.000,17.000,41.000
397.000,340.000,17.000,40.000
395.000,337.000,18.000,42.000
396.000,337.000,17.000,41.000
394.207,336.863,18.139,40.687
395.215,336.199,17.113,41.343
395.839,336.091,17.207,41.672
396.885,335.656,16.635,43.925
395.000,335.000,17.000,41.000
396.000,334.000,17.000,41.000
394.000,332.000,18.000,42.000
395.000,332.000,17.000,41.000
395.441,331.585,15.337,40.993
394.000,331.000,18.000,41.000
395.627,328.457,17.664,43.281
395.000,330.000,18.000,40.000
395.533,329.926,17.720,40.826
396.000,328.000,18.000,41.000
395.000,328.000,18.000,41.000
396.000,329.000,17.000,40.000
395.000,328.000,17.000,41.000
396.000,327.000,18.000,40.000
395.000,328.000,17.000,40.000
395.866,326.827,16.001,40.774
395.000,326.000,19.000,42.000
394.000,325.000,18.000,41.000
396.000,326.000,18.000,39.000
395.000,325.000,17.000,40.000
395.668,324.278,16.367,40.850
394.000,324.000,17.000,40.000
395.000,322.000,18.000,41.000
394.000,323.000,17.000,41.000
393.489,323.026,18.444,40.411
395.000,322.000,18.000,41.000
393.000,322.000,18.000,41.000
395.000,321.000,18.000,43.000
393.000,320.000,18.000,41.000
393.494,319.091,17.629,40.965
393.642,319.046,17.999,39.677
393.267,319.548,18.182,39.122
394.000,318.000,18.000,42.000
395.000,318.000,18.000,41.000
395.000,319.000,17.000,41.000
394.000,319.000,17.000,41.000
395.023,319.762,16.351,40.958
394.000,318.000,17.000,40.000
394.000,318.000,17.000,38.000
393.000,316.000,19.000,40.000
393.000,315.000,18.000,41.000
392.000,315.000,17.000,41.000
394.000,315.000,17.000,41.000
393.000,317.000,17.000,39.000
393.159,317.426,14.365,36.947
393.000,313.000,18.000,41.000
393.000,313.000,17.000,40.000
393.000,312.000,19.000,41.000
391.000,312.000,18.000,41.000
393.796,313.058,16.191,40.459
391.000,311.000,19.000,41.000
392.000,312.000,18.000,40.000
391.000,310.000,18.000,42.000
393.315,307.341,16.880,44.206
391.000,312.000,18.000,39.000
392.000,311.000,18.000,41.000
391.000,311.000,17.000,40.000
391.000,309.000,19.000,41.000
391.000,307.000,19.000,41.000
391.758,307.889,19.171,41.264
393.000,308.000,18.000,40.000
393.149,308.716,17.542,38.577
391.941,309.093,18.301,38.971
393.000,305.000,18.000,40.000
392.000,307.000,18.000,40.000
392.000,305.000,18.000,40.000
392.000,305.000,18.000,41.000
393.000,306.000,17.000,39.000
392.000,304.000,17.000,40.000
391.000,304.000,17.000,40.000
393.000,304.000,18.000,40.000
392.000,303.000,18.000,40.000
392.000,303.000,18.000,40.000
391.908,302.900,17.794,40.550
391.000,301.000,19.000,41.000
392.000,302.000,19.000,40.000
392.000,302.000,18.000,40.000
390.857,303.119,18.183,37.615
392.000,301.000,19.000,41.000
391.000,300.000,18.000,39.000
392.000,300.000,18.000,41.000
390.000,299.000,19.000,41.000
391.285,297.975,18.228,41.027
391.000,297.000,18.000,40.000
391.000,298.000,19.000,42.000
391.000,298.000,19.000,42.000
391.000,299.000,18.000,40.000
390.000,297.000,20.000,41.000
389.000,296.000,20.000,41.000
389.579,295.423,19.403,41.154
388.439,295.780,20.716,40.157
389.508,294.623,20.624,40.983
389.216,296.123,21.228,39.727
388.371,294.033,20.733,41.004
389.004,293.883,20.271,40.690
388.790,293.531,19.790,39.951
387.788,294.431,19.780,40.948
387.000,292.000,19.000,41.000
387.815,292.874,19.459,41.638
386.773,291.832,19.249,41.420
388.000,290.000,18.000,42.000
388.000,291.000,18.000,42.000
389.000,292.000,19.000,40.000
389.285,293.157,18.896,38.605
388.000,290.000,18.000,40.000
388.000,290.000,18.000,40.000
387.000,289.000,19.000,41.000
387.940,287.603,18.013,41.382
387.000,288.000,17.000,41.000
386.000,286.000,18.000,41.000
388.000,288.000,18.000,39.000
388.000,288.000,18.000,39.000
387.601,286.707,16.525,39.084
386.000,287.000,19.000,41.000
386.039,284.592,18.289,43.872
387.000,286.000,18.000,41.000
385.000,286.000,18.000,40.000
386.000,284.000,18.000,40.000
384.000,283.000,19.000,41.000
385.000,283.000,19.000,41.000
384.690,282.740,20.026,41.987
383.426,282.700,20.229,42.836
384.422,280.964,19.163,42.680
384.000,280.000,18.000,44.000
384.000,280.000,18.000,44.000
383.000,279.000,17.000,41.000
383.858,278.835,16.952,39.250
383.000,280.000,18.000,40.000
382.000,278.000,18.000,41.000
383.000,279.000,19.000,40.000
382.000,278.000,18.000,40.000
384.000,276.000,18.000,41.000
383.000,277.000,17.000,40.000
383.674,277.488,17.171,39.647
383.773,275.704,15.919,39.615
382.000,276.000,19.000,41.000
382.000,274.000,18.000,39.000
382.000,275.000,17.000,40.000
382.593,274.686,16.236,41.069
382.000,274.000,17.000,40.000
382.000,272.000,18.000,40.000
381.000,274.000,18.000,39.000
380.000,275.000,17.000,37.000
381.000,273.000,18.000,39.000
381.000,271.000,18.000,39.000
381.000,272.000,17.000,39.000
380.000,269.000,18.000,40.000
381.000,269.000,18.000,40.000
381.211,268.894,17.207,39.584
379.000,269.000,18.000,40.000
379.000,268.000,18.000,40.000
380.000,267.000,19.000,40.000
379.478,266.678,20.402,40.166
380.000,267.000,19.000,41.000
380.000,265.000,17.000,41.000
380.000,265.000,18.000,40.000
379.000,265.000,17.000,40.000
379.533,263.954,17.127,40.098
380.069,263.218,15.901,40.254
380.000,263.000,18.000,40.000
378.000,261.000,18.000,40.000
378.732,259.748,18.069,41.315
378.000,260.000,18.000,40.000
379.000,259.000,19.000,41.000
379.748,257.305,18.830,41.865
379.000,259.000,18.000,39.000
377.000,259.000,17.000,39.000
378.000,258.000,18.000,40.000
378.000,258.000,18.000,40.000
378.425,255.574,16.417,42.719
377.000,258.000,18.000,37.000
378.000,256.000,19.000,39.000
377.000,256.000,17.000,38.000
377.000,253.000,18.000,40.000
378.000,253.000,17.000,40.000
377.000,254.000,18.000,40.000
378.727,252.848,15.892,39.830
378.000,251.000,17.000,41.000
378.000,250.000,19.000,41.000
377.000,250.000,22.000,41.000
378.609,247.611,18.613,41.856
377.000,249.000,18.000,40.000
378.391,249.749,16.494,39.779
377.000,246.000,20.000,41.000
376.000,246.000,19.000,41.000
377.141,244.873,17.011,41.326
376.000,245.000,19.000,42.000
376.082,244.361,15.373,42.720
376.000,244.000,18.000,41.000
374.285,243.921,15.570,41.914
375.000,244.000,18.000,39.000
376.000,243.000,18.000,41.000
376.000,243.000,18.000,40.000
375.000,242.000,18.000,41.000
375.000,240.000,18.000,40.000
375.000,240.000,18.000,40.000
375.180,239.024,17.725,38.174
374.000,239.000,17.000,39.000
373.735,237.777,18.064,41.188
373.946,237.386,18.098,41.842
375.000,237.000,18.000,40.000
375.138,236.300,17.786,38.625
373.947,237.075,18.942,38.221
374.000,234.000,17.000,40.000
373.926,234.496,17.381,40.163
374.000,233.000,18.000,40.000
374.000,232.000,18.000,42.000
374.000,233.000,18.000,40.000
372.000,232.000,18.000,39.000
373.000,230.000,18.000,39.000
373.000,232.000,17.000,39.000
374.000,231.000,17.000,39.000
373.000,231.000,17.000,39.000
373.132,229.807,17.051,40.306
372.000,228.000,17.000,41.000
372.000,227.000,18.000,41.000
373.000,226.000,19.000,40.000
373.000,224.000,18.000,42.000
372.000,224.000,19.000,40.000
372.000,225.000,18.000,39.000
372.000,224.000,18.000,41.000
371.887,222.993,17.541,41.808
371.000,222.000,18.000,40.000
372.000,221.000,19.000,40.000
371.482,220.870,18.400,39.931
370.850,219.457,17.940,39.777
371.000,220.000,18.000,40.000
370.543,219.950,15.779,39.483
370.110,220.989,18.567,38.752
371.000,217.000,17.000,40.000
370.000,216.000,17.000,40.000
372.000,216.000,17.000,40.000
370.000,215.000,19.000,40.000
371.000,214.000,17.000,40.000
369.627,215.031,18.265,39.465
370.575,213.762,17.050,39.954
370.443,212.482,16.313,39.940
370.333,212.166,16.386,40.009
369.544,209.892,17.975,41.137
370.120,209.983,18.073,40.722
369.000,209.000,17.000,40.000
370.000,209.000,18.000,39.000
369.000,208.000,17.000,39.000
369.000,208.000,18.000,40.000
369.000,206.000,18.000,40.000
368.000,206.000,18.000,41.000
368.000,205.000,18.000,40.000
369.000,205.000,18.000,40.000
368.877,203.435,15.779,40.687
369.000,204.000,17.000,39.000
368.000,200.000,17.000,40.000
368.000,202.000,18.000,39.000
368.000,202.000,17.000,39.000
367.000,200.000,18.000,39.000
369.368,198.220,17.111,38.821
367.000,199.000,18.000,40.000
367.000,199.000,18.000,39.000
365.000,198.000,18.000,40.000
367.000,197.000,18.000,41.000
366.000,197.000,18.000,40.000
367.000,196.000,18.000,40.000
367.000,194.000,17.000,39.000
366.000,193.000,18.000,39.000
366.000,193.000,19.000,39.000
365.000,192.000,18.000,39.000
365.000,191.000,18.000,39.000
365.000,192.000,18.000,39.000
365.000,191.000,18.000,38.000
365.000,190.000,18.000,38.000
364.000,188.000,19.000,39.000
365.000,187.000,18.000,38.000
365.000,186.000,18.000,38.000
365.000,186.000,17.000,38.000
364.458,185.983,18.686,37.290
364.000,184.000,18.000,39.000
364.161,184.064,18.717,39.518
364.375,182.776,18.020,38.978
363.480,182.637,18.673,39.717
364.076,180.857,18.703,39.858
364.512,179.429,18.586,39.771
362.384,179.341,19.375,40.071
363.214,178.775,19.246,39.415
363.000,178.000,18.000,39.000
363.000,176.000,18.000,40.000
363.000,176.000,18.000,39.000
363.000,176.000,18.000,38.000
362.000,173.000,17.000,39.000
363.000,173.000,18.000,38.000
363.000,173.000,18.000,39.000
361.000,174.000,17.000,38.000
361.434,174.911,18.461,37.335
362.000,175.000,18.000,39.000
362.000,176.000,17.000,38.000
362.000,177.000,17.000,38.000
362.000,178.000,17.000,39.000
361.000,180.000,18.000,40.000
362.000,182.000,18.000,39.000
362.000,183.000,18.000,40.000
361.000,186.000,18.000,39.000
362.000,188.000,18.000,39.000
360.401,191.512,19.875,36.019
362.000,190.000,17.000,39.000
360.879,195.042,17.814,35.249
361.732,196.374,16.553,37.516
363.000,198.000,19.000,39.000
362.000,199.000,18.000,40.000
361.000,202.000,18.000,38.000
362.000,204.000,18.000,37.000
363.000,207.000,18.000,37.000
362.000,210.000,18.000,37.000
363.000,211.000,18.000,36.000
364.000,214.000,17.000,37.000
362.857,216.174,17.965,37.271
363.000,216.000,18.000,38.000
362.000,219.000,18.000,37.000
364.000,220.000,17.000,37.000
362.561,222.058,16.691,37.321
364.682,222.896,15.434,37.036
363.000,224.000,18.000,38.000
362.000,226.000,17.000,38.000
363.000,227.000,17.000,37.000
361.000,228.000,18.000,38.000
362.763,229.509,17.283,38.671
362.026,232.143,17.725,37.878
362.000,236.000,17.000,36.000
362.000,236.000,18.000,38.000
360.955,237.695,18.561,36.167
362.725,239.115,18.197,37.451
362.000,241.000,17.000,37.000
362.000,242.000,18.000,38.000
362.000,244.000,18.000,37.000
363.000,246.000,17.000,37.000
361.786,248.663,17.006,36.587
363.000,250.000,17.000,37.000
362.590,251.868,18.304,38.694
363.000,252.000,18.000,37.000
363.102,254.394,18.158,36.274
361.983,257.907,18.803,34.621
362.000,256.000,18.000,38.000
362.000,256.000,18.000,38.000
362.556,258.153,17.050,37.434
363.000,261.000,17.000,36.000
362.000,261.000,18.000,37.000
362.242,263.341,18.209,36.381
361.000,265.000,18.000,37.000
362.000,267.000,18.000,37.000
361.000,269.000,18.000,37.000
362.000,271.000,19.000,36.000
361.000,272.000,18.000,36.000
362.000,275.000,17.000,36.000
361.272,276.976,17.607,35.243
361.168,278.020,17.218,35.837
361.063,278.727,16.705,35.595
361.756,282.012,17.182,34.868
362.215,283.532,16.984,35.536
361.474,285.001,17.427,34.742
361.893,287.145,17.182,34.540
361.382,287.508,16.631,34.356
362.253,289.984,17.086,34.601
362.000,291.000,16.000,36.000
362.499,291.455,16.704,37.216
361.000,292.000,16.000,37.000
361.909,293.640,16.462,37.746
362.000,296.000,17.000,35.000
362.000,297.000,18.000,36.000
361.367,297.227,17.497,36.608
362.489,297.809,18.620,37.213
362.000,301.000,18.000,35.000
361.000,304.000,18.000,36.000
361.896,304.501,17.368,37.211
360.005,307.802,17.763,36.140
362.000,308.000,17.000,35.000
360.000,310.000,18.000,34.000
362.000,311.000,17.000,35.000
361.000,313.000,19.000,37.000
361.063,312.424,16.324,40.520
360.000,316.000,18.000,36.000
360.286,317.750,15.852,36.006
361.000,319.000,19.000,37.000
361.000,321.000,17.000,35.000
363.000,323.000,17.000,35.000
360.470,325.171,17.215,34.136
363.155,326.006,16.292,34.847
361.398,328.989,16.226,34.521
362.468,330.813,15.327,34.836
360.000,331.000,17.000,36.000
361.000,333.000,17.000,35.000
362.000,332.000,17.000,36.000
361.000,335.000,17.000,35.000
362.000,337.000,18.000,35.000
362.000,339.000,17.000,34.000
361.000,340.000,18.000,35.000
362.000,343.000,18.000,34.000
360.000,344.000,18.000,35.000
362.000,345.000,17.000,34.000
361.160,347.210,16.963,32.257
363.369,348.375,15.036,32.288
361.000,351.000,17.000,34.000
361.000,353.000,17.000,34.000
361.000,353.000,17.000,35.000
361.030,354.847,17.251,34.870
361.000,357.000,17.000,35.000
362.000,359.000,17.000,34.000
360.000,361.000,17.000,35.000
362.183,361.763,16.558,36.427
360.000,363.000,17.000,34.000
361.309,365.761,18.301,31.982
359.505,366.018,17.854,31.825
361.364,369.632,17.105,31.052
360.304,370.698,16.432,31.897
360.000,370.000,18.000,35.000
360.000,373.000,17.000,34.000
360.000,373.000,17.000,34.000
360.000,377.000,17.000,33.000
360.000,377.000,16.000,35.000
360.000,378.000,17.000,35.000
360.000,381.000,17.000,34.000
360.000,382.000,18.000,35.000
361.000,385.000,17.000,34.000
359.000,385.000,17.000,34.000
360.000,385.000,17.000,34.000
360.000,388.000,17.000,34.000
360.000,390.000,17.000,34.000
360.000,391.000,17.000,33.000
359.000,393.000,17.000,33.000
360.000,394.000,16.000,32.000
359.000,393.000,17.000,33.000
359.000,392.000,17.000,32.000
360.000,389.000,16.000,33.000
359.687,386.828,16.666,34.932
359.295,386.886,15.873,34.893
361.635,385.779,16.172,33.217
362.000,386.000,17.000,33.000
363.746,383.435,15.813,33.839
363.000,384.000,17.000,33.000
366.000,383.000,17.000,33.000
368.000,381.000,16.000,34.000
369.611,379.277,16.471,33.991
372.970,377.366,18.249,34.545
376.289,374.705,16.689,34.184
377.743,373.395,15.762,33.965
379.897,370.986,16.655,33.935
382.247,369.213,15.711,35.422
384.000,369.000,17.000,31.000
386.000,367.000,18.000,32.000
387.657,364.741,18.874,31.938
389.381,363.958,18.460,31.265
392.036,362.072,19.109,31.215
395.000,360.000,16.000,32.000
399.000,359.000,17.000,31.000
401.580,358.549,13.976,29.501
403.000,356.000,17.000,32.000
407.000,353.000,16.000,31.000
410.923,350.981,15.869,30.576
412.921,349.871,13.601,29.696
414.079,349.826,16.102,29.115
417.271,347.441,14.085,30.449
416.000,346.000,16.000,32.000
420.279,343.686,14.730,32.968
420.000,344.000,16.000,31.000
422.000,343.000,16.000,31.000
421.486,341.752,15.754,30.444
421.673,340.595,16.489,29.820
422.598,339.550,16.658,30.327
422.861,337.499,15.938,30.467
422.000,338.000,16.000,32.000
422.000,338.000,17.000,31.000
423.000,337.000,17.000,31.000
423.000,337.000,17.000,30.000
422.000,338.000,17.000,28.000
421.000,334.000,16.000,31.000
423.000,334.000,17.000,30.000
423.000,334.000,16.000,29.000
422.000,333.000,15.000,29.000
422.000,330.000,15.000,31.000
423.000,328.000,16.000,32.000
422.000,329.000,17.000,32.000
422.000,329.000,16.000,31.000
422.000,327.000,16.000,31.000
422.000,326.000,17.000,32.000
420.860,324.579,17.039,33.232
421.638,324.538,16.876,33.585
422.127,323.633,15.381,33.833
421.000,322.000,17.000,32.000
422.000,323.000,17.000,29.000
422.056,322.280,15.396,28.643
422.469,321.469,15.496,27.745
422.000,320.000,17.000,31.000
422.000,321.000,16.000,32.000
423.294,320.939,16.383,32.794
423.000,319.000,16.000,30.000
422.000,317.000,16.000,31.000
423.000,316.000,17.000,31.000
423.000,315.000,17.000,31.000
422.000,316.000,16.000,31.000
423.903,315.691,13.264,31.599
423.000,314.000,17.000,30.000
423.000,313.000,16.000,31.000
423.000,311.000,17.000,32.000
422.000,310.000,17.000,31.000
422.000,310.000,17.000,31.000
424.000,310.000,16.000,31.000
422.183,310.781,16.272,30.631
423.814,309.228,15.648,30.289
422.000,306.000,18.000,31.000
422.000,307.000,18.000,30.000
424.000,305.000,18.000,31.000
424.000,306.000,16.000,30.000
424.000,306.000,17.000,30.000
422.000,306.000,16.000,29.000
422.000,304.000,15.000,29.000
423.000,303.000,16.000,30.000
422.000,301.000,16.000,31.000
422.601,298.996,17.576,32.292
422.161,299.312,17.016,31.894
421.271,298.675,17.938,32.563
420.849,296.975,18.415,33.029
421.504,296.950,19.572,32.454
421.324,295.453,19.467,32.059
421.531,296.635,20.780,31.337
419.944,295.676,21.284,31.548
420.384,295.261,21.153,31.923
420.676,294.919,20.906,31.788
421.212,293.851,19.688,31.504
421.611,293.630,19.219,31.068
421.748,292.383,18.125,30.993
422.684,291.506,17.525,30.475
422.535,291.424,17.289,28.672
422.706,290.741,16.953,28.316
423.000,291.000,17.000,29.000
423.000,289.000,16.000,30.000
423.642,288.480,15.699,30.547
422.757,288.102,16.048,29.842
422.000,287.000,16.000,30.000
422.000,286.000,17.000,31.000
423.000,285.000,16.000,31.000
422.393,284.004,15.557,30.500
423.000,285.000,16.000,29.000
422.000,284.000,15.000,29.000
423.000,283.000,16.000,30.000
424.000,283.000,16.000,29.000
423.069,282.672,15.849,28.970
423.937,282.780,16.370,28.450
423.000,282.000,16.000,30.000
423.000,281.000,15.000,30.000
422.000,282.000,15.000,30.000
423.000,284.000,16.000,29.000
423.000,284.000,16.000,29.000
424.000,284.000,16.000,29.000
423.023,284.224,15.860,29.065
422.000,283.000,16.000,30.000
422.805,283.684,16.767,30.329
421.435,283.128,16.438,30.580
422.285,284.159,17.702,30.079
421.854,283.332,17.480,30.604
421.707,282.747,18.367,30.790
419.923,284.362,18.770,30.481
421.199,284.487,20.500,30.481
419.943,284.589,20.033,29.637
420.177,285.517,20.229,29.250
419.975,285.311,19.901,28.975
419.475,285.421,19.783,28.711
419.645,286.548,20.177,29.109
420.890,287.219,19.911,28.243
420.742,287.369,18.529,27.611
422.000,286.000,17.000,28.000
421.912,285.569,17.191,28.426
422.000,286.000,17.000,29.000
421.914,285.911,16.927,28.985
422.479,286.102,16.424,28.960
423.303,286.510,16.021,28.596
422.252,287.671,16.306,28.153
422.547,286.759,16.027,28.988
421.621,287.422,16.576,28.487
421.000,288.000,17.000,28.000
420.218,288.443,17.439,27.229
423.000,288.000,16.000,29.000
423.000,289.000,16.000,28.000
422.945,288.789,16.289,28.332
423.000,289.000,16.000,28.000
422.781,290.100,16.832,29.196
424.000,291.000,16.000,28.000
423.000,291.000,16.000,28.000
424.129,292.205,15.936,27.549
423.000,291.000,16.000,29.000
424.000,293.000,16.000,29.000
423.000,293.000,16.000,28.000
424.204,293.766,16.588,27.086
424.000,293.000,15.000,28.000
422.000,293.000,17.000,27.000
424.000,292.000,16.000,28.000
423.000,292.000,16.000,28.000
423.000,290.000,16.000,28.000
423.104,288.864,15.832,28.584
423.226,288.463,16.296,28.169
423.000,288.000,17.000,28.000
423.050,287.493,17.310,27.385
422.560,287.291,16.809,27.339
422.861,287.716,17.258,27.363
423.000,287.000,19.000,28.000
422.780,286.062,18.301,28.069
423.000,286.000,19.000,27.000
422.939,285.434,19.077,26.008
423.000,285.000,18.000,28.000
425.000,284.000,17.000,28.000
425.000,285.000,17.000,28.000
423.000,284.000,16.000,27.000
425.000,283.000,17.000,29.000
424.000,282.000,15.000,27.000
424.000,281.000,17.000,28.000
425.000,281.000,16.000,28.000
423.000,280.000,16.000,27.000
424.000,279.000,16.000,28.000
425.000,278.000,15.000,28.000
424.895,278.248,14.459,26.997
424.000,279.000,16.000,27.000
425.000,277.000,15.000,27.000
424.000,277.000,15.000,27.000
424.000,278.000,15.000,27.000
424.098,277.759,14.551,28.294
424.700,278.403,15.092,29.461
423.000,279.000,15.000,27.000
425.000,280.000,15.000,27.000
423.000,282.000,16.000,28.000
424.276,283.582,16.925,28.408
423.143,285.611,17.800,28.357
423.241,287.118,17.378,28.406
422.691,289.413,18.559,28.147
423.362,292.877,17.692,27.712
423.021,294.532,17.675,26.975
422.268,296.919,18.161,27.277
424.000,299.000,16.000,28.000
422.000,300.000,17.000,27.000
424.288,305.484,15.331,25.273
422.000,306.000,17.000,27.000
423.000,307.000,16.000,28.000
423.000,311.000,16.000,26.000
423.000,313.000,16.000,27.000
423.000,315.000,16.000,27.000
422.000,317.000,16.000,27.000
421.000,317.000,17.000,26.000
422.000,318.000,16.000,27.000
422.470,319.822,15.619,26.561
422.227,320.917,15.887,27.520
423.884,321.955,14.574,27.919
421.000,323.000,17.000,28.000
422.000,324.000,16.000,29.000
421.697,325.211,16.334,27.911
421.240,327.858,17.030,27.900
422.000,327.000,16.000,27.000
422.219,327.254,16.855,27.337
421.000,327.000,16.000,28.000
422.608,326.575,15.351,28.663
422.000,327.000,15.000,27.000
422.000,327.000,16.000,28.000
421.316,326.897,17.206,28.028
422.000,327.000,16.000,27.000
422.000,327.000,16.000,27.000
422.000,327.000,15.000,27.000
422.000,326.000,16.000,27.000
422.000,327.000,16.000,26.000
421.000,325.000,16.000,26.000
423.008,323.907,16.037,25.980
420.000,325.000,17.000,27.000
422.000,326.000,16.000,26.000
422.000,324.000,16.000,26.000
422.586,322.575,16.487,26.724
421.795,322.475,17.719,26.500
422.153,321.874,17.463,26.964
421.000,326.000,16.000,27.000
422.292,325.642,14.679,26.869
420.000,326.000,15.000,27.000
420.000,329.000,16.000,26.000
419.542,329.763,16.741,24.880
420.000,330.000,16.000,27.000
420.060,332.673,15.667,25.493
419.519,333.735,15.128,24.998
421.000,334.000,16.000,27.000
420.000,335.000,16.000,26.000
421.000,335.000,16.000,27.000
421.000,337.000,15.000,27.000
421.436,337.710,14.734,27.117
420.000,339.000,15.000,26.000
421.000,340.000,16.000,27.000
419.807,341.147,16.906,27.021
420.254,341.538,16.055,27.388
420.902,341.797,15.919,27.638
420.170,343.155,15.632,27.970
420.757,344.852,15.681,28.387
420.274,345.783,16.339,28.294
420.750,346.363,15.854,28.490
420.507,347.131,15.797,28.798
420.298,347.805,16.001,28.749
421.205,348.029,16.507,28.516
421.000,351.000,16.000,26.000
421.000,349.000,16.000,27.000
420.000,352.000,15.000,26.000
420.736,351.971,15.205,26.814
421.000,353.000,15.000,26.000
421.000,355.000,16.000,26.000
420.098,355.641,16.736,25.525
420.728,356.360,17.051,25.725
420.473,357.690,16.550,24.792
421.211,358.038,17.296,25.170
421.000,356.000,15.000,27.000
420.000,358.000,16.000,26.000
421.000,358.000,17.000,26.000
420.000,359.000,17.000,27.000
421.000,359.000,16.000,26.000
420.000,361.000,16.000,26.000
420.494,361.627,16.100,24.852
421.186,362.420,14.928,25.314
420.000,362.000,17.000,27.000
420.138,362.204,18.863,27.716
419.632,362.547,19.268,30.230
419.636,363.930,19.653,29.376
419.774,363.428,20.801,28.523
418.841,365.678,21.127,28.566
418.888,366.587,21.913,28.421
419.285,367.499,22.389,28.339
417.406,367.202,22.788,28.249
421.000,368.000,17.000,27.000
420.971,370.288,17.027,24.309
419.000,371.000,16.000,26.000
420.414,371.067,15.793,26.438
420.000,372.000,16.000,26.000
421.000,373.000,16.000,27.000
420.000,374.000,17.000,26.000
420.574,374.389,16.702,27.813
421.280,375.547,16.544,26.580
421.000,375.000,16.000,26.000
421.423,377.478,15.205,24.152
421.000,379.000,15.000,25.000
421.725,380.877,14.269,24.978
421.000,379.000,15.000,25.000
420.000,378.000,15.000,26.000
421.000,380.000,16.000,27.000
421.000,382.000,15.000,25.000
422.000,383.000,15.000,25.000
422.000,384.000,15.000,24.000
422.000,384.000,17.000,24.000
421.000,384.000,15.000,25.000
423.198,384.240,14.402,26.312
422.000,384.000,15.000,27.000
421.000,385.000,15.000,27.000
423.000,385.000,15.000,28.000
423.000,387.000,15.000,26.000
421.000,387.000,18.000,27.000
422.706,387.560,16.990,27.426
422.831,388.241,17.481,27.139
422.261,388.752,17.564,27.716
422.619,388.884,17.486,28.498
423.000,390.000,15.000,27.000
423.000,392.000,16.000,27.000
423.000,391.000,15.000,28.000
423.502,390.730,14.075,28.135
423.000,392.000,15.000,27.000
423.000,394.000,15.000,26.000
423.267,394.198,14.645,25.528
423.000,394.000,15.000,24.000
424.000,394.000,16.000,27.000
423.393,393.802,16.760,29.059
422.000,394.000,17.000,28.000
422.000,394.000,16.000,27.000
422.000,394.000,17.000,27.000
424.000,395.000,17.000,27.000
422.000,394.000,17.000,26.000
423.000,395.000,16.000,27.000
423.063,394.363,16.352,27.771
422.000,396.000,17.000,26.000
423.000,396.000,16.000,26.000
422.359,396.949,16.571,25.860
423.026,398.784,16.294,25.085
421.785,399.213,16.137,24.193
422.795,399.151,15.124,24.693
421.580,399.504,15.146,23.696
421.000,399.000,17.000,26.000
422.000,400.000,16.000,26.000
422.000,400.000,16.000,25.000
423.000,401.000,15.000,25.000
423.221,400.957,14.343,25.080
423.000,401.000,15.000,25.000
422.000,403.000,15.000,25.000
422.000,404.000,14.000,24.000
423.095,405.506,12.564,22.730
421.000,406.000,13.000,25.000
421.000,407.000,13.000,24.000
422.054,406.566,14.755,23.611
422.769,407.591,15.330,22.804
421.000,406.000,16.000,26.000
422.000,406.000,14.000,25.000
421.000,405.000,13.000,27.000
420.000,405.000,14.000,27.000
421.000,410.000,13.000,25.000
420.000,409.000,13.000,25.000
420.000,408.000,14.000,25.000
420.000,409.000,16.000,26.000
421.000,411.000,15.000,25.000
420.685,411.923,12.061,23.925
420.000,410.000,18.000,27.000
419.000,410.000,16.000,28.000
420.000,411.000,16.000,26.000
420.000,409.000,15.000,27.000
420.000,411.000,16.000,27.000
419.000,411.000,16.000,26.000
419.000,410.000,15.000,26.000
420.000,412.000,15.000,25.000
420.000,410.000,17.000,26.000
418.994,410.167,18.233,27.208
420.000,413.000,16.000,26.000
420.000,413.000,15.000,27.000
419.000,413.000,16.000,27.000
421.000,414.000,15.000,27.000
420.644,413.846,14.666,26.557
419.000,413.000,17.000,26.000
419.000,415.000,16.000,25.000
419.873,414.904,14.972,24.613
419.782,415.369,14.643,24.249
419.000,416.000,17.000,26.000
421.000,417.000,17.000,26.000
419.235,417.148,18.268,25.171
420.689,417.171,17.826,25.602
419.000,417.000,17.000,26.000
419.026,419.528,17.241,24.591
419.532,420.111,16.236,24.445
420.875,420.479,15.602,23.800
419.766,420.399,15.908,24.179
420.235,421.703,17.047,23.799
420.324,422.667,16.661,24.058
420.300,421.700,16.911,24.189
421.000,422.000,16.000,25.000
419.811,421.715,15.405,25.586
420.455,422.414,16.078,25.545
420.605,423.022,14.598,25.644
421.000,421.000,15.000,27.000
421.000,422.000,16.000,27.000
421.000,422.000,16.000,27.000
421.098,422.026,15.793,27.315
421.063,422.403,16.173,27.198
420.000,422.000,16.000,27.000
420.000,422.000,16.000,27.000
420.302,421.970,14.967,27.002
421.000,423.000,17.000,26.000
421.000,423.000,17.000,26.000
419.000,421.000,18.000,27.000
421.313,421.540,17.667,27.994
419.837,419.838,18.806,28.956
421.000,423.000,17.000,26.000
421.000,423.000,17.000,26.000
421.027,423.337,17.021,26.737
420.000,422.000,17.000,26.000
420.863,422.646,16.971,25.179
420.000,421.000,17.000,27.000
420.888,420.777,17.299,26.185
420.083,420.640,16.421,26.702
420.790,420.314,16.360,26.975
420.467,420.521,16.934,27.016
420.840,419.943,16.157,27.956
420.000,420.000,17.000,27.000
419.000,421.000,16.000,26.000
420.000,421.000,16.000,27.000
419.639,420.320,15.533,26.622
420.000,422.000,15.000,25.000
420.000,421.000,16.000,26.000
419.000,420.000,16.000,26.000
419.000,420.000,16.000,27.000
419.000,419.000,16.000,26.000
419.151,419.911,15.237,26.074
420.226,419.742,14.534,25.303
419.000,421.000,16.000,26.000
420.000,422.000,16.000,24.000
420.000,420.000,15.000,25.000
418.659,418.980,16.141,26.638
419.000,419.000,16.000,27.000
419.000,420.000,16.000,25.000
418.000,420.000,16.000,25.000
418.447,420.048,15.931,24.299
419.000,418.000,16.000,26.000
418.000,419.000,15.000,25.000
418.000,418.000,15.000,25.000
418.000,420.000,15.000,25.000
417.000,419.000,15.000,24.000
417.935,421.588,14.555,22.464
417.486,421.819,15.016,21.779
417.000,418.000,14.000,26.000
418.000,418.000,14.000,26.000
418.000,417.000,14.000,26.000
417.000,418.000,15.000,27.000
416.000,418.000,14.000,26.000
418.000,418.000,13.000,26.000
417.450,416.776,14.902,25.370
416.630,417.118,14.366,25.776
416.000,417.000,15.000,27.000
416.000,416.000,14.000,27.000
416.000,415.000,16.000,27.000
414.755,414.852,12.689,26.058
417.000,416.000,15.000,27.000
416.000,416.000,14.000,26.000
417.891,415.873,10.876,25.832
415.000,415.000,16.000,27.000
415.000,416.000,16.000,26.000
415.000,416.000,16.000,26.000
416.000,416.000,15.000,26.000
415.000,417.000,16.000,27.000
415.000,415.000,16.000,28.000
414.000,415.000,15.000,26.000
415.000,417.000,15.000,27.000
415.000,416.000,17.000,28.000
414.931,414.412,19.396,29.871
415.469,414.844,20.386,29.622
413.732,415.564,21.636,29.540
415.265,415.564,21.320,29.145
412.598,414.837,21.075,29.674
416.230,414.116,20.002,29.612
412.695,413.060,20.435,31.520
414.774,413.307,19.733,31.862
413.046,413.436,19.784,32.175
414.302,413.624,18.858,32.051
413.359,412.566,19.893,32.230
414.895,411.851,19.362,33.117
413.023,411.063,20.230,34.229
414.324,411.388,20.131,33.466
414.689,411.133,21.079,33.548
414.521,411.311,20.565,33.217
415.042,412.460,21.094,31.773
414.365,411.732,20.119,32.108
415.146,412.711,19.966,32.259
414.321,412.809,19.724,32.966
414.212,414.026,19.866,33.541
414.345,412.845,19.768,33.788
414.170,413.765,19.794,34.394
414.166,414.437,19.924,33.575
413.662,415.441,20.456,33.100
412.728,415.061,21.688,33.439
413.860,413.609,21.245,33.221
413.526,413.478,21.230,32.544
413.864,413.210,20.377,32.828
414.000,415.000,16.000,26.000
413.000,414.000,18.000,27.000
415.000,413.000,17.000,27.000
412.454,413.721,17.115,25.763
413.196,415.625,17.598,26.108
413.457,414.923,17.274,26.162
414.122,416.415,17.352,25.212
414.000,415.000,18.000,27.000
414.000,415.000,17.000,27.000
413.000,413.000,17.000,28.000
413.000,414.000,16.000,27.000
414.000,414.000,17.000,27.000
413.000,414.000,17.000,27.000
413.000,414.000,16.000,27.000
412.552,413.728,15.950,26.980
411.000,414.000,17.000,28.000
411.000,415.000,16.000,26.000
412.000,417.000,17.000,26.000
412.000,416.000,17.000,27.000
411.000,414.000,17.000,27.000
410.000,415.000,18.000,26.000
410.000,416.000,17.000,26.000
411.176,415.536,15.984,27.777
410.000,415.000,17.000,28.000
410.000,416.000,17.000,26.000
409.841,417.105,16.585,25.426
409.000,416.000,17.000,27.000
409.000,417.000,17.000,26.000
409.000,415.000,17.000,27.000
409.000,416.000,18.000,27.000
408.358,416.009,18.292,27.630
407.000,417.000,20.000,27.000
408.000,416.000,19.000,27.000
407.000,416.000,18.000,27.000
408.000,417.000,19.000,28.000
408.000,417.000,19.000,26.000
407.953,417.866,19.032,24.407
407.000,419.000,18.000,25.000
407.000,419.000,19.000,25.000
406.000,418.000,17.000,26.000
406.551,416.984,17.689,26.425
406.461,418.724,16.567,25.204
408.000,417.000,15.000,26.000
407.000,418.000,14.000,25.000
408.000,419.000,14.000,26.000
408.000,418.000,14.000,26.000
409.000,417.000,14.000,27.000
408.336,416.755,16.120,27.361
407.770,416.284,16.380,27.879
408.001,417.654,18.096,27.356
408.262,417.016,16.830,26.783
408.416,417.293,18.549,27.670
407.406,416.793,17.178,27.184
407.876,417.432,17.861,26.858
408.346,416.618,16.269,27.760
406.369,415.693,16.636,28.401
407.833,415.970,17.277,29.059
405.553,415.744,16.778,28.579
408.316,416.821,14.556,28.312
406.000,416.000,16.000,27.000
408.000,417.000,17.000,27.000
406.135,416.727,18.158,26.336
407.098,417.465,16.879,27.000
405.000,418.000,20.000,26.000
406.000,419.000,17.000,25.000
405.000,418.000,17.000,27.000
406.000,419.000,18.000,27.000
405.000,418.000,18.000,28.000
403.000,419.000,19.000,27.000
404.000,418.000,19.000,27.000
403.000,419.000,18.000,27.000
403.000,419.000,18.000,28.000
402.466,418.758,18.677,29.119
401.044,420.930,19.395,27.733
402.273,420.715,19.680,27.353
401.245,420.468,19.674,26.680
400.822,421.468,19.105,26.476
400.671,421.349,19.264,26.078
399.803,421.205,19.732,26.137
403.000,421.000,16.000,27.000
400.198,421.070,17.072,27.405
400.435,421.868,18.227,28.180
399.642,420.640,17.985,28.668
400.608,421.345,18.496,29.076
399.554,420.533,17.914,28.559
400.405,421.346,19.295,28.712
399.634,420.595,19.855,28.978
399.631,420.890,19.862,28.520
398.799,420.686,20.401,28.753
399.303,421.470,20.344,27.589
399.440,420.793,18.833,29.582
398.996,422.149,18.737,27.816
399.000,420.000,18.000,29.000
398.526,420.244,17.451,29.626
397.000,420.000,19.000,30.000
396.000,420.000,20.000,30.000
395.092,420.863,19.737,28.255
395.898,421.940,18.907,28.731
394.994,421.297,18.353,28.555
395.973,422.917,18.062,27.384
395.268,423.224,18.077,27.861
393.967,422.941,18.277,27.904
394.814,422.287,18.179,28.081
395.000,422.000,18.000,29.000
395.000,422.000,18.000,29.000
394.000,423.000,18.000,29.000
394.000,423.000,18.000,29.000
394.000,424.000,18.000,28.000
395.000,427.000,18.000,26.000
394.839,426.999,17.918,25.013
395.000,426.000,17.000,27.000
394.000,424.000,17.000,29.000
394.000,425.000,18.000,29.000
393.000,424.000,18.000,28.000
393.000,425.000,19.000,29.000
392.000,426.000,18.000,28.000
392.072,426.914,18.128,27.144
393.000,425.000,18.000,29.000
391.000,423.000,18.000,30.000
391.505,423.724,18.768,30.858
390.000,425.000,22.000,29.000
390.000,425.000,22.000,29.000
389.000,424.000,22.000,30.000
389.000,425.000,20.000,29.000
390.908,424.453,17.601,29.782
390.000,427.000,21.000,29.000
390.000,427.000,19.000,30.000
389.000,427.000,19.000,30.000
389.000,429.000,19.000,29.000
387.000,428.000,19.000,31.000
388.315,428.711,18.646,31.221
387.000,427.000,19.000,30.000
387.000,426.000,18.000,31.000
387.000,427.000,18.000,30.000
386.180,427.119,16.804,29.494
388.000,428.000,18.000,29.000
387.000,430.000,18.000,28.000
386.000,428.000,18.000,28.000
385.000,431.000,19.000,28.000
386.000,430.000,18.000,28.000
386.000,428.000,18.000,30.000
386.000,430.000,18.000,29.000
386.000,430.000,17.000,29.000
385.000,429.000,17.000,30.000
385.000,430.000,19.000,31.000
384.016,429.877,20.508,30.665
383.550,430.851,20.549,30.766
383.742,429.368,20.696,30.523
382.000,432.000,21.000,29.000
382.000,431.000,21.000,30.000
380.313,431.922,20.983,29.878
381.000,433.000,20.000,29.000
381.000,433.000,19.000,30.000
379.000,433.000,19.000,29.000
380.199,433.337,18.263,28.359
379.000,432.000,19.000,31.000
379.000,433.000,19.000,29.000
378.794,433.035,17.800,29.676
378.000,434.000,19.000,29.000
378.000,433.000,19.000,29.000
378.000,434.000,18.000,29.000
376.000,436.000,19.000,29.000
376.000,436.000,19.000,28.000
376.104,435.669,19.224,28.345
376.000,437.000,18.000,29.000
376.000,436.000,19.000,30.000
375.000,435.000,19.000,31.000
374.869,434.322,19.448,31.445
374.000,435.000,20.000,30.000
374.722,433.825,18.839,30.972
374.000,437.000,20.000,28.000
372.000,435.000,20.000,30.000
374.000,435.000,20.000,31.000
372.000,435.000,21.000,31.000
373.000,435.000,20.000,30.000
372.957,433.432,19.477,30.083
372.000,434.000,20.000,31.000
371.000,435.000,20.000,30.000
369.000,433.000,20.000,31.000
370.000,434.000,20.000,31.000
369.000,433.000,20.000,31.000
369.000,435.000,20.000,31.000
369.000,435.000,19.000,29.000
369.000,433.000,19.000,31.000
367.000,432.000,21.000,32.000
366.000,433.000,21.000,31.000
367.000,433.000,20.000,31.000
365.000,432.000,20.000,32.000
366.281,432.320,19.361,31.517
365.707,432.140,19.304,32.052
365.000,430.000,20.000,32.000
365.000,430.000,19.000,32.000
363.000,433.000,19.000,30.000
363.000,431.000,21.000,32.000
362.000,429.000,19.000,32.000
362.190,430.173,18.387,29.997
361.000,428.000,20.000,31.000
362.000,426.000,20.000,33.000
362.000,427.000,20.000,32.000
361.000,426.000,20.000,31.000
359.000,428.000,19.000,30.000
359.000,426.000,19.000,31.000
359.000,426.000,20.000,32.000
359.000,426.000,19.000,32.000
358.000,427.000,19.000,30.000
358.000,427.000,20.000,29.000
358.000,429.000,19.000,29.000
357.000,426.000,19.000,31.000
356.000,426.000,19.000,31.000
355.625,427.676,18.614,29.273
356.000,427.000,19.000,30.000
354.000,426.000,18.000,31.000
354.000,428.000,19.000,32.000
353.000,429.000,18.000,30.000
352.000,429.000,17.000,31.000
353.000,429.000,17.000,30.000
351.000,432.000,17.000,29.000
351.000,432.000,17.000,28.000
349.694,432.963,17.145,27.305
350.000,434.000,17.000,29.000
350.000,436.000,17.000,28.000
348.000,433.000,16.000,31.000
348.000,436.000,16.000,29.000
349.000,438.000,15.000,27.000
347.000,438.000,15.000,30.000
348.000,433.000,19.000,32.000
347.000,435.000,20.000,31.000
345.000,436.000,21.000,29.000
345.000,437.000,22.000,33.000
344.000,438.000,22.000,32.000
343.000,440.000,19.000,31.000
342.000,439.000,21.000,34.000
342.000,440.000,19.000,34.000
341.595,439.643,17.742,34.865
341.000,439.000,19.000,38.000
340.000,442.000,20.000,36.000
339.000,443.000,22.000,32.000
340.000,444.000,19.000,32.000
339.000,445.000,20.000,33.000
338.000,444.000,20.000,35.000
336.000,446.000,20.000,36.000
336.000,447.000,19.000,37.000
335.687,447.944,17.299,35.888
335.000,448.000,20.000,37.000
334.000,450.000,21.000,36.000
335.000,452.000,20.000,35.000
333.000,457.000,18.000,31.000
332.000,457.000,19.000,33.000
331.000,456.000,18.000,33.000
331.000,458.000,18.000,34.000
331.000,457.000,19.000,36.000
329.000,458.000,20.000,36.000
328.000,459.000,20.000,37.000
328.000,461.000,19.000,35.000
327.200,462.863,16.313,33.489
327.000,461.000,19.000,36.000
326.000,463.000,20.000,36.000
325.000,467.000,18.000,35.000
325.000,468.000,18.000,36.000
324.000,469.000,17.000,37.000
324.000,470.000,18.000,33.000
321.000,470.000,19.000,35.000
323.582,468.743,19.742,37.284
322.000,472.000,19.000,37.000
320.000,472.000,19.000,38.000
321.686,472.430,19.224,39.100
318.959,473.547,16.271,40.304
320.000,476.000,18.000,36.000
319.000,477.000,19.000,34.000
318.000,477.000,19.000,34.000
318.000,482.000,19.000,32.000
317.000,481.000,19.000,37.000
315.000,481.000,19.000,38.000
316.291,482.100,16.392,37.414
314.000,482.000,21.000,40.000
315.000,483.000,22.000,40.000
315.000,484.000,21.000,44.000
316.132,486.271,18.438,43.192
313.000,487.000,22.000,47.000
311.000,487.000,24.000,41.000
313.571,491.438,17.397,41.877
312.000,489.000,23.000,40.000
314.000,491.000,22.000,38.000
317.000,492.000,22.000,40.000
315.868,494.609,24.816,36.166
322.000,492.000,22.000,40.000
324.124,492.572,21.818,36.751
327.000,495.000,23.000,40.000
328.000,493.000,24.000,41.000
332.000,496.000,23.000,39.000
334.000,498.000,23.000,37.000
337.697,499.286,20.601,36.645
337.000,497.000,24.000,38.000
338.000,499.000,23.000,37.000
341.000,498.000,23.000,40.000
340.192,493.285,23.895,43.009
342.000,500.000,22.000,41.000
344.000,503.000,21.000,39.000
341.316,504.874,23.819,37.212
343.369,507.615,21.722,37.254
340.620,510.992,21.464,35.093
343.142,513.814,20.564,35.161
339.385,516.077,20.493,33.547
341.932,518.446,23.375,32.665
339.662,519.715,20.893,33.027
340.041,520.247,17.646,33.465
339.000,525.000,20.000,31.000
339.591,527.276,16.459,31.005
341.000,523.000,23.000,37.000
342.000,525.000,20.000,35.000
341.000,524.000,20.000,37.000
343.000,524.000,22.000,38.000
344.445,522.674,26.268,40.428
343.897,518.392,21.844,47.090
348.000,523.000,24.000,40.000
349.000,524.000,24.000,41.000
353.000,524.000,21.000,42.000
354.393,528.485,25.247,39.276
354.546,524.632,23.548,39.712
356.951,525.870,25.170,42.389
360.302,525.044,22.210,42.814
368.881,530.153,27.345,40.521
367.727,528.038,17.671,42.518
371.000,524.000,27.000,45.000
375.643,528.396,20.574,47.411
379.000,525.000,28.000,44.000
383.000,526.000,28.000,45.000
386.000,526.000,26.000,45.000
392.000,526.000,27.000,43.000
396.000,526.000,26.000,44.000
398.008,527.273,28.206,44.545
403.000,526.000,27.000,44.000
405.893,527.183,28.398,41.117
408.726,528.335,30.177,38.812
413.000,529.000,27.000,44.000
411.216,532.141,25.838,37.545
417.000,532.000,27.000,42.000
418.000,531.000,27.000,43.000
419.000,533.000,28.000,42.000
422.000,537.000,25.000,39.000
423.000,538.000,26.000,39.000
420.000,540.000,28.000,38.000
422.000,544.000,26.000,37.000
421.000,545.000,25.000,37.000
419.000,547.000,25.000,36.000
420.000,547.000,25.000,39.000
419.000,549.000,26.000,39.000
418.000,547.000,26.000,43.000
416.000,547.000,28.000,45.000
415.000,552.000,28.000,42.000
414.000,555.000,32.000,41.000
413.657,556.030,36.130,39.130
411.000,562.000,27.000,37.000
410.000,562.000,27.000,37.000
411.000,563.000,26.000,37.000
410.000,562.000,26.000,41.000
408.000,565.000,27.000,38.000
408.000,568.000,26.000,35.000
408.000,568.000,25.000,36.000
407.000,568.000,27.000,39.000
407.000,568.000,26.000,43.000
405.000,567.000,29.000,44.000
405.000,568.000,30.000,46.000
405.022,569.183,31.521,43.628
403.000,571.000,28.000,48.000
403.000,574.000,27.000,47.000
404.000,576.000,26.000,47.000
401.000,582.000,26.000,40.000
399.352,586.939,24.312,37.807
397.327,592.919,21.462,33.716
397.000,585.000,31.000,44.000
396.000,584.000,33.000,47.000
396.322,586.184,34.437,47.322
396.968,585.353,33.679,50.471
393.000,588.000,35.000,51.000
392.885,587.670,36.291,53.743
391.000,595.000,33.000,48.000
390.000,599.000,29.000,44.000
390.000,601.000,28.000,43.000
387.969,603.254,26.443,41.043
387.189,608.797,25.726,38.842
388.000,608.000,25.000,42.000
389.000,607.000,23.000,44.000
388.000,610.000,23.000,43.000
388.000,613.000,22.000,42.000
386.984,614.190,20.746,41.804
386.000,616.000,22.000,42.000
384.000,618.000,23.000,41.000
383.000,621.000,22.000,41.000
381.305,622.842,21.306,41.078
379.709,624.717,22.287,40.339
381.979,628.235,23.161,38.160
379.662,630.159,22.502,37.191
379.828,633.334,20.933,36.357
378.256,636.866,21.874,35.258
377.000,630.000,25.000,42.000
375.000,629.000,28.000,44.000
375.000,632.000,25.000,40.000
374.000,634.000,24.000,42.000
373.000,634.000,23.000,41.000
375.000,633.000,23.000,44.000
378.000,631.000,22.000,42.000
378.674,624.555,22.212,42.331
374.000,634.000,27.000,47.000
370.687,634.351,23.919,53.770
371.664,636.419,29.820,49.696
372.343,631.111,24.788,54.220
375.000,629.000,27.000,42.000
374.000,626.000,29.000,48.000
373.000,637.000,28.000,42.000
373.421,638.563,24.031,40.729
373.000,639.000,28.000,37.000
372.000,637.000,27.000,39.000
371.000,637.000,27.000,41.000
369.000,637.000,29.000,46.000
365.000,639.000,30.000,48.000
362.368,646.336,35.228,40.150
365.000,638.000,29.000,48.000
365.000,639.000,29.000,48.000
363.000,641.000,29.000,47.000
363.000,642.000,29.000,47.000
361.000,642.000,30.000,48.000
360.000,643.000,30.000,44.000
360.000,643.000,30.000,46.000
361.000,644.000,29.000,44.000
357.617,646.642,28.827,41.231
361.000,645.000,28.000,43.000
360.000,643.000,28.000,44.000
359.000,644.000,28.000,44.000
357.952,645.454,27.407,42.845
358.000,649.000,27.000,40.000
355.000,644.000,30.000,43.000
356.000,648.000,29.000,40.000
355.000,646.000,32.000,40.000
358.289,641.722,34.097,42.294
355.000,637.000,32.000,47.000
354.000,636.000,32.000,47.000
354.000,631.000,34.000,50.000
351.123,630.536,37.195,49.211
354.109,630.861,34.940,50.760
353.000,629.000,33.000,49.000
353.000,628.000,31.000,49.000
353.000,629.000,28.000,47.000
353.000,627.000,27.000,48.000
355.000,624.000,27.000,45.000
351.987,617.915,27.785,43.897
352.000,621.000,28.000,45.000
352.635,617.741,27.608,44.169
351.000,618.000,28.000,47.000
351.000,614.000,29.000,50.000
352.000,615.000,30.000,47.000
355.242,610.910,29.357,46.896
354.547,606.167,28.671,47.170
353.000,609.000,29.000,46.000
351.220,612.035,29.812,42.206
353.000,607.000,28.000,44.000
352.000,603.000,30.000,48.000
350.000,603.000,31.000,47.000
352.000,603.000,29.000,48.000
350.000,604.000,29.000,43.000
349.811,604.107,27.012,40.679
349.659,607.300,24.920,37.662
350.092,608.368,23.294,36.148
352.000,593.000,31.000,49.000
353.894,587.128,36.258,52.031
354.233,580.801,39.015,60.181
355.154,577.931,40.839,57.705
354.231,575.328,40.626,62.519
353.976,576.242,40.730,60.062
353.060,576.562,39.718,58.484
352.728,574.371,40.585,57.217
352.811,573.692,42.055,57.564
353.000,583.000,29.000,46.000
352.574,584.852,28.791,42.050
352.000,579.000,30.000,46.000
353.000,578.000,31.000,45.000
354.331,575.729,30.666,43.154
352.000,574.000,31.000,44.000
352.000,570.000,35.000,46.000
353.000,567.000,30.000,46.000
351.690,567.444,32.869,45.260
354.000,567.000,32.000,42.000
352.000,563.000,33.000,42.000
352.000,566.000,31.000,38.000
354.000,560.000,29.000,42.000
353.000,561.000,30.000,38.000
356.000,551.000,28.000,45.000
356.000,548.000,28.000,47.000
357.892,543.882,28.029,49.116
357.394,538.197,27.423,52.205
357.000,541.000,30.000,47.000
357.000,538.000,30.000,48.000
356.000,535.000,34.000,49.000
358.000,535.000,31.000,48.000
358.000,529.000,32.000,51.000
359.000,530.000,33.000,46.000
359.000,528.000,30.000,47.000
362.000,523.000,28.000,48.000
363.000,521.000,28.000,48.000
362.000,518.000,27.000,49.000
358.788,520.051,27.327,49.727
361.000,516.000,27.000,47.000
361.000,514.000,26.000,45.000
361.782,512.041,24.297,45.105
362.000,510.000,28.000,45.000
361.000,508.000,31.000,47.000
362.000,500.000,33.000,50.000
361.947,493.726,35.739,54.469
