509.000,184.000,135.000,98.000
511.000,182.000,130.000,101.000
509.000,188.000,139.000,99.000
505.348,188.127,145.404,97.505
511.000,184.000,132.000,100.000
510.374,184.140,125.340,99.755
512.429,183.740,123.357,99.096
506.000,185.000,137.000,99.000
508.620,185.540,143.603,100.116
507.082,184.525,147.856,101.318
505.369,185.585,150.646,100.550
504.326,185.386,151.536,101.366
505.000,185.000,136.000,99.000
503.000,184.000,138.000,99.000
502.535,184.344,138.815,99.290
502.587,184.297,140.034,100.430
500.768,184.440,139.568,99.412
501.096,184.046,140.780,98.679
500.756,184.551,140.834,99.806
499.785,185.036,141.148,99.431
499.175,185.629,141.398,99.251
498.945,184.969,141.511,99.317
498.130,186.000,142.107,98.719
498.279,185.177,141.591,99.267
497.627,185.511,142.515,99.490
498.000,181.000,144.000,98.000
497.202,182.340,145.317,95.315
496.782,182.857,147.017,95.214
497.000,182.000,141.000,105.000
502.000,186.000,136.000,99.000
502.053,185.714,133.975,98.460
498.000,186.000,137.000,98.000
499.000,187.000,142.000,102.000
496.559,185.754,142.709,102.251
496.806,187.867,144.429,100.164
496.314,187.020,145.121,102.137
496.046,188.162,145.426,100.682
494.979,187.315,146.583,101.646
495.236,187.225,146.449,101.496
496.502,186.880,146.789,101.859
494.245,188.642,147.596,100.675
495.055,188.573,147.336,102.177
493.482,187.805,148.518,102.953
492.825,188.196,149.603,101.977
493.197,187.783,149.575,101.989
490.662,188.377,150.485,101.880
492.472,187.578,152.243,102.235
492.312,188.664,151.012,102.369
491.855,187.856,152.474,102.242
492.269,188.426,154.554,101.579
493.000,188.000,146.000,104.000
495.212,186.822,142.715,106.174
490.000,183.000,150.000,106.000
490.272,183.022,153.264,105.881
491.019,182.403,155.817,107.803
490.000,186.000,154.000,108.000
490.335,185.563,154.726,107.385
490.485,185.700,154.656,107.389
491.477,185.873,154.676,107.166
490.801,185.735,154.932,106.664
491.388,186.122,156.239,107.292
490.633,186.223,156.996,107.781
490.249,187.055,156.022,106.845
491.299,187.506,155.853,106.153
488.864,185.921,156.301,107.290
489.461,186.544,157.490,107.370
489.134,185.722,158.264,107.980
490.222,185.962,158.093,108.892
490.433,185.164,157.047,109.373
494.000,187.000,151.000,106.000
489.000,185.000,147.000,105.000
496.000,186.000,149.000,109.000
489.000,188.000,157.000,103.000
492.000,190.000,153.000,102.000
492.511,189.926,151.401,101.589
491.000,188.000,156.000,106.000
487.000,186.000,152.000,102.000
495.000,192.000,154.000,104.000
493.000,187.000,152.000,107.000
491.000,186.000,153.000,107.000
493.000,190.000,155.000,106.000
492.000,185.000,160.000,106.000
494.000,190.000,156.000,106.000
494.694,185.977,156.108,108.449
493.186,187.589,156.545,107.395
492.000,186.000,158.000,108.000
496.000,191.000,157.000,109.000
494.000,189.000,157.000,106.000
492.000,188.000,161.000,104.000
494.000,191.000,156.000,103.000
492.000,188.000,160.000,102.000
493.000,187.000,164.000,110.000
490.909,184.581,161.210,113.203
491.181,183.023,162.397,111.487
492.992,185.566,163.917,112.551
492.319,185.028,164.842,113.332
488.693,180.827,164.707,111.366
488.728,180.107,166.823,114.752
491.196,181.197,167.548,115.517
493.980,185.215,163.455,114.078
495.634,188.201,166.582,112.360
498.000,189.000,167.000,107.000
497.389,187.128,168.097,110.811
499.000,188.000,162.000,107.000
499.000,190.000,157.000,105.000
501.000,190.000,160.000,107.000
499.513,189.445,162.319,105.803
499.000,190.000,161.000,105.000
503.000,190.000,166.000,110.000
499.000,188.000,164.000,108.000
500.000,186.000,166.000,112.000
505.000,190.000,166.000,115.000
504.000,189.000,164.000,105.000
506.000,191.000,161.000,108.000
509.000,192.000,158.000,108.000
507.489,191.176,156.652,107.465
510.333,190.655,156.344,107.432
503.000,184.000,165.000,113.000
505.000,189.000,170.000,112.000
509.000,193.000,154.000,102.000
510.000,189.000,164.000,110.000
514.000,191.000,153.000,106.000
509.000,189.000,161.000,108.000
508.000,192.000,161.000,104.000
507.000,188.000,166.000,108.000
513.000,188.000,159.000,110.000
512.295,187.602,159.232,110.247
511.000,188.000,160.000,112.000
510.000,193.000,172.000,110.000
509.000,188.000,169.000,106.000
517.000,193.000,169.000,115.000
513.000,187.000,164.000,108.000
518.000,193.000,160.000,109.000
517.000,193.000,162.000,107.000
519.286,193.671,163.057,107.375
517.000,190.000,167.000,113.000
523.000,194.000,160.000,112.000
516.936,193.311,161.705,110.352
523.937,192.925,165.026,109.837
518.938,193.217,166.580,111.602
525.408,195.768,162.790,108.685
519.622,193.622,166.184,111.496
527.608,195.396,162.811,109.230
521.911,195.441,165.174,110.499
526.204,194.589,163.612,109.782
525.460,194.616,165.843,111.303
526.024,193.426,165.825,111.957
524.114,194.730,167.176,111.673
529.605,193.600,167.096,112.578
526.936,195.639,168.977,113.471
529.824,196.132,169.825,113.255
531.592,195.690,166.218,114.345
529.739,196.323,167.784,114.464
534.080,196.745,167.408,115.451
530.377,195.188,166.711,113.972
530.878,194.081,168.147,113.855
529.658,195.672,167.259,114.390
530.228,194.915,168.463,113.153
531.216,196.836,166.099,113.979
530.922,195.914,169.183,112.711
531.214,196.801,167.653,114.235
538.000,196.000,161.000,114.000
535.000,195.000,156.000,119.000
540.000,199.000,157.000,115.000
536.000,195.000,156.000,117.000
539.000,197.000,165.000,120.000
538.000,197.000,160.000,117.000
542.030,196.223,159.544,117.229
538.000,203.000,169.000,117.000
543.373,199.019,177.390,118.762
537.000,201.000,160.000,115.000
544.000,202.000,160.000,118.000
537.000,199.000,160.000,120.000
544.977,198.595,160.014,122.302
539.302,199.029,158.260,123.531
546.484,199.690,158.993,124.345
543.000,203.000,165.000,124.000
536.000,200.000,171.000,128.000
545.000,202.000,161.000,126.000
541.692,203.006,158.976,125.376
544.000,203.000,164.000,126.000
539.979,203.954,165.424,126.191
544.000,205.000,164.000,124.000
546.000,209.000,170.000,131.000
540.000,207.000,165.000,129.000
547.000,209.000,165.000,124.000
541.914,211.846,161.380,123.761
544.000,219.000,169.000,115.000
542.000,212.000,166.000,125.000
557.000,217.000,160.000,129.000
545.000,217.000,159.000,123.000
559.227,215.761,157.797,122.243
550.000,220.000,162.000,125.000
548.000,225.000,171.000,125.000
547.000,218.000,167.000,131.000
552.000,228.000,159.000,120.000
549.000,228.000,169.000,125.000
551.000,226.000,163.000,127.000
552.052,226.808,157.570,127.268
552.903,227.130,157.601,128.811
553.000,232.000,166.000,127.000
556.000,236.000,166.000,127.000
552.000,234.000,159.000,129.000
558.413,233.127,157.586,131.753
562.000,236.000,152.000,129.000
561.246,237.393,152.648,127.852
557.000,237.000,162.000,136.000
562.925,236.075,161.936,139.712
557.000,241.000,167.000,137.000
562.977,242.175,168.466,134.513
559.000,248.000,162.000,129.000
565.025,247.058,161.823,126.542
560.000,247.000,163.000,129.000
565.000,256.000,162.000,128.000
555.000,249.000,165.000,129.000
557.000,255.000,173.000,130.000
553.233,257.094,178.148,127.438
553.379,257.719,181.380,129.478
553.674,258.444,184.001,129.163
554.989,260.846,185.120,130.027
559.000,254.000,167.000,134.000
567.000,258.000,158.000,133.000
563.889,257.078,155.878,133.396
563.000,259.000,168.000,130.000
566.000,261.000,169.000,131.000
565.000,259.000,164.000,132.000
569.407,257.971,161.178,134.313
569.000,264.000,160.000,135.000
572.000,267.000,158.000,131.000
570.076,268.294,157.370,130.474
570.099,267.856,159.180,132.630
568.000,269.000,159.000,130.000
570.809,271.009,158.556,128.974
567.868,271.635,157.437,128.970
569.494,271.299,158.767,129.982
572.000,273.000,164.000,138.000
570.000,274.000,165.000,137.000
571.410,273.969,165.133,138.655
570.000,272.000,162.000,132.000
569.961,274.189,158.493,132.211
572.905,274.446,157.339,132.468
567.867,276.762,156.492,132.570
575.000,283.000,165.000,134.000
569.162,283.748,168.961,134.446
570.000,276.000,168.000,142.000
578.000,276.000,159.000,142.000
579.000,280.000,154.000,138.000
585.000,283.000,156.000,141.000
580.030,285.502,160.965,141.311
584.294,284.300,160.697,141.036
584.271,286.673,160.561,142.107
585.809,286.323,160.422,142.913
585.388,287.043,160.783,143.322
585.863,288.415,159.853,144.265
585.459,288.759,160.031,144.950
591.465,289.588,155.790,146.811
587.050,289.725,159.443,145.824
587.000,287.000,157.000,149.000
590.000,287.000,149.000,148.000
589.000,291.000,158.000,142.000
596.000,291.000,156.000,149.000
590.000,297.000,160.000,137.000
587.000,296.000,164.000,143.000
599.000,295.000,150.000,146.000
593.000,293.000,151.000,146.000
602.000,298.000,153.000,145.000
589.000,297.000,161.000,145.000
600.000,300.000,157.000,144.000
592.000,299.000,162.000,144.000
603.000,298.000,155.000,148.000
593.000,298.000,163.000,149.000
596.589,299.089,159.789,145.848
598.023,299.195,160.221,146.454
598.562,299.360,160.304,146.432
600.965,301.636,157.481,145.556
602.000,302.000,159.000,151.000
603.513,302.560,156.655,148.505
601.864,304.650,160.074,150.028
604.824,305.346,157.896,146.594
603.072,306.920,162.763,148.609
605.408,306.189,161.371,147.899
603.044,309.281,164.517,147.947
607.000,308.000,155.000,146.000
603.625,309.108,158.497,148.540
612.000,309.000,154.000,148.000
602.914,309.856,162.517,146.375
614.672,311.064,154.415,147.867
606.000,307.000,154.000,148.000
610.000,312.000,160.000,148.000
610.000,311.000,158.000,146.000
611.000,310.000,156.000,149.000
609.729,309.947,158.229,151.400
608.000,312.000,165.000,148.000
607.000,306.000,167.000,157.000
609.721,302.688,165.533,161.129
606.000,310.000,167.000,151.000
607.000,313.000,160.000,146.000
614.000,318.000,163.000,149.000
601.000,313.000,168.000,149.000
611.000,316.000,167.000,153.000
612.000,316.000,161.000,151.000
605.000,314.000,165.000,153.000
605.000,316.000,171.000,153.000
606.000,315.000,166.000,150.000
606.000,315.000,172.000,154.000
598.000,314.000,175.000,154.000
600.000,319.000,185.000,156.000
595.000,318.000,186.000,152.000
599.234,319.791,184.601,155.315
594.971,317.855,186.849,154.376
596.581,321.100,185.901,155.770
594.586,318.724,187.093,155.132
596.342,321.286,187.939,155.399
596.254,322.805,186.347,153.568
596.125,325.194,186.686,157.352
597.559,323.182,184.157,158.872
602.308,323.540,177.941,160.007
612.000,323.000,166.000,159.000
610.000,322.000,166.000,159.000
613.446,322.404,164.697,159.929
614.000,323.000,162.000,158.000
617.000,322.000,163.000,162.000
619.000,323.000,159.000,161.000
617.914,325.955,157.427,158.442
619.000,326.000,159.000,157.000
617.000,323.000,168.000,166.000
618.000,325.000,171.000,164.000
621.000,327.000,164.000,162.000
612.000,326.000,169.000,162.000
620.000,330.000,166.000,160.000
623.000,328.000,160.000,166.000
622.000,331.000,162.000,161.000
623.000,329.000,165.000,165.000
621.000,327.000,173.000,170.000
623.300,319.985,171.397,172.686
622.803,320.868,176.124,176.867
622.380,318.152,178.245,175.816
623.790,317.678,175.946,176.734
620.409,320.076,179.568,174.523
627.428,318.936,174.920,175.333
620.794,325.171,182.318,173.804
629.677,324.600,178.779,175.127
621.254,330.057,185.453,172.448
628.132,326.919,179.115,176.004
620.758,330.950,182.536,173.467
630.808,329.373,176.203,173.864
619.436,334.723,184.084,170.853
632.812,332.634,175.917,170.952
622.179,337.773,185.266,167.796
631.379,335.458,181.759,169.166
624.012,340.871,189.266,167.263
630.478,341.181,185.885,168.989
632.625,337.467,186.294,162.579
635.561,341.168,184.286,162.320
628.000,350.000,179.000,167.000
630.000,349.000,177.000,170.000
632.000,348.000,179.000,171.000
627.000,350.000,189.000,170.000
623.000,347.000,193.000,179.000
625.000,353.000,199.000,169.000
634.000,353.000,185.000,179.000
627.000,354.000,192.000,173.000
634.000,354.000,183.000,178.000
634.071,354.116,185.091,178.830
627.000,355.000,199.000,177.000
637.000,358.000,187.000,178.000
639.000,357.000,186.000,181.000
639.000,362.000,187.000,181.000
636.000,360.000,193.000,180.000
642.000,362.000,184.000,176.000
640.000,364.000,186.000,175.000
645.000,364.000,181.000,176.000
648.000,367.000,179.000,171.000
649.551,366.370,178.430,174.553
648.000,366.000,184.000,178.000
649.000,365.000,187.000,182.000
649.000,364.000,184.000,184.000
652.000,367.000,186.000,182.000
647.110,366.686,185.613,181.782
653.000,372.000,189.000,178.000
652.000,370.000,187.000,179.000
653.000,369.000,185.000,182.000
653.000,369.000,194.000,184.000
657.000,368.000,184.000,189.000
659.000,369.000,181.000,187.000
657.000,376.000,188.000,181.000
655.000,369.000,193.000,188.000
657.000,370.000,190.000,187.000
659.000,371.000,192.000,189.000
658.000,371.000,192.000,189.000
660.000,370.000,193.000,192.000
661.000,374.000,193.000,188.000
661.000,371.000,191.000,192.000
660.000,375.000,198.000,188.000
667.000,378.000,190.000,187.000
668.000,377.000,187.000,188.000
668.000,377.000,197.000,191.000
663.000,377.000,194.000,193.000
668.000,377.000,197.000,195.000
665.000,375.000,194.000,197.000
667.000,380.000,200.000,188.000
663.000,376.000,198.000,197.000
665.000,376.000,205.000,200.000
670.000,379.000,191.000,195.000
666.000,378.000,201.000,202.000
665.000,383.000,203.000,193.000
666.000,379.000,201.000,200.000
674.000,383.000,197.000,195.000
668.000,378.000,206.000,205.000
671.000,377.000,204.000,208.000
665.000,380.000,210.000,201.000
671.618,386.366,207.446,197.806
667.209,382.006,209.907,200.281
669.468,387.583,213.147,196.712
670.265,384.877,211.889,195.678
668.025,387.795,214.631,193.683
670.000,384.000,208.000,201.000
675.000,382.000,202.000,202.000
673.000,382.000,210.000,205.000
673.000,386.000,213.000,199.000
675.000,386.000,207.000,202.000
680.000,387.000,211.000,205.000
677.336,386.017,213.894,204.992
676.443,386.396,213.835,202.435
678.351,388.540,215.455,202.854
679.525,390.454,214.203,201.107
678.873,391.973,215.214,204.276
680.292,389.387,215.784,204.212
682.285,388.835,212.989,206.566
680.546,389.514,211.912,210.042
685.846,388.945,210.218,208.770
679.849,388.231,215.885,210.906
685.676,385.694,214.002,209.953
680.535,387.925,221.068,212.577
688.509,384.738,216.817,211.318
675.397,387.537,222.364,216.073
690.291,384.985,213.930,209.098
670.906,388.732,229.276,216.615
683.000,383.000,217.000,217.000
685.000,389.000,217.000,207.000
685.000,390.000,218.000,207.000
682.000,389.000,214.000,208.000
686.000,390.000,212.000,210.000
685.000,382.000,212.000,220.000
684.000,383.000,215.000,217.000
684.982,383.428,217.482,219.173
679.000,384.000,223.000,215.000
686.000,385.000,226.000,214.000
681.000,382.000,221.000,218.000
686.000,387.000,215.000,210.000
683.000,383.000,218.000,216.000
682.000,380.000,222.000,216.000
682.000,380.000,221.000,216.000
687.000,381.000,221.000,218.000
688.000,383.000,215.000,213.000
686.218,383.384,212.664,215.973
688.000,377.000,219.000,221.000
685.000,378.000,221.000,217.000
690.000,384.000,215.000,209.000
688.000,387.000,217.000,208.000
687.000,381.000,215.000,214.000
688.000,377.000,218.000,216.000
686.000,382.000,222.000,208.000
687.555,378.434,221.250,209.285
682.318,379.018,227.932,205.200
687.000,383.000,220.000,207.000
690.000,376.000,218.000,210.000
686.018,375.169,218.309,209.352
693.000,381.000,211.000,200.000
691.000,378.000,215.000,210.000
692.210,373.530,217.436,210.685
691.592,371.296,220.355,208.355
691.349,372.913,221.199,209.177
689.011,370.004,221.812,208.765
689.918,369.316,222.380,208.648
693.000,375.000,209.000,200.000
694.360,378.451,199.932,200.535
701.184,379.085,193.556,194.376
689.000,370.000,219.000,201.000
693.000,369.000,213.000,203.000
692.000,368.000,213.000,205.000
696.000,368.000,213.000,201.000
692.000,366.000,210.000,207.000
690.471,368.688,209.820,202.277
691.485,367.582,208.117,205.469
693.898,365.941,205.849,203.033
693.000,361.000,210.000,204.000
