414.000,305.000,33.000,71.000
412.493,303.689,34.594,71.796
415.000,305.000,34.000,73.000
415.592,304.057,33.002,73.044
414.000,305.000,35.000,72.000
413.779,305.011,36.466,72.144
413.000,305.000,36.000,70.000
413.000,307.000,36.000,71.000
412.813,307.582,37.239,70.281
412.898,307.465,38.508,70.346
412.429,307.577,38.321,69.761
412.211,307.891,38.205,69.174
412.126,308.518,38.621,68.350
412.444,308.981,39.412,68.248
412.000,308.000,36.000,71.000
412.441,307.450,35.603,73.873
411.525,308.054,34.283,74.746
412.088,308.657,36.934,76.680
413.189,309.537,35.871,76.584
413.627,309.916,34.249,78.117
414.338,310.387,34.105,78.204
414.136,310.881,33.105,78.366
413.927,311.600,32.965,79.067
414.968,311.874,32.176,79.456
415.029,313.144,31.524,77.969
415.254,313.138,31.696,80.423
416.293,313.698,29.169,80.064
417.010,313.220,28.954,82.401
416.000,315.000,32.000,77.000
416.000,316.000,30.000,77.000
416.432,317.513,30.156,75.596
418.000,317.000,30.000,77.000
418.000,318.000,29.000,74.000
418.000,316.000,29.000,75.000
418.767,318.758,27.710,71.685
419.176,318.292,27.990,72.714
419.000,318.000,28.000,74.000
420.000,320.000,29.000,72.000
420.000,320.000,28.000,73.000
420.000,321.000,27.000,71.000
421.000,321.000,29.000,73.000
420.428,321.096,28.589,73.870
420.805,321.324,29.103,74.622
421.000,323.000,29.000,75.000
421.137,323.938,29.078,76.842
422.000,322.000,28.000,77.000
421.764,322.288,27.846,78.579
423.000,324.000,29.000,79.000
423.033,325.790,29.141,80.017
423.000,323.000,30.000,81.000
423.387,323.963,29.456,84.312
423.225,324.548,29.965,85.728
422.832,325.705,29.646,84.950
423.000,328.000,31.000,83.000
421.586,329.237,31.547,81.420
422.000,330.000,30.000,80.000
423.000,329.000,32.000,80.000
420.997,329.899,33.245,78.907
422.000,330.000,34.000,81.000
422.309,330.207,34.577,79.298
421.324,331.227,33.980,80.238
422.804,330.534,34.467,80.851
422.646,330.298,33.987,79.766
422.715,332.556,33.990,78.997
423.168,332.198,33.500,78.727
423.398,333.063,34.314,80.266
424.000,336.000,30.000,81.000
425.112,336.149,27.706,80.185
425.000,335.000,30.000,85.000
426.000,336.000,28.000,84.000
427.000,338.000,30.000,84.000
426.000,340.000,30.000,84.000
428.000,339.000,28.000,83.000
426.000,342.000,29.000,85.000
428.000,341.000,30.000,87.000
427.000,342.000,29.000,86.000
426.547,342.208,30.517,85.113
425.931,342.807,32.146,85.606
430.000,342.000,29.000,84.000
431.000,343.000,29.000,84.000
430.000,345.000,27.000,84.000
432.000,344.000,28.000,84.000
432.000,345.000,29.000,82.000
431.000,346.000,29.000,80.000
432.000,348.000,31.000,81.000
432.000,348.000,30.000,82.000
431.856,348.083,30.506,86.338
435.000,348.000,28.000,85.000
433.000,349.000,28.000,87.000
434.000,349.000,27.000,87.000
435.000,350.000,28.000,90.000
436.000,351.000,27.000,89.000
436.000,352.000,27.000,88.000
436.312,351.770,27.497,88.709
437.312,352.498,26.835,87.319
437.000,355.000,26.000,87.000
438.499,355.309,24.627,87.094
439.000,357.000,27.000,85.000
439.000,358.000,27.000,85.000
440.000,359.000,26.000,84.000
439.000,360.000,27.000,82.000
441.000,359.000,26.000,84.000
441.000,360.000,27.000,83.000
442.000,361.000,27.000,83.000
444.000,362.000,28.000,82.000
444.000,363.000,28.000,81.000
444.000,362.000,27.000,80.000
445.000,363.000,26.000,80.000
445.000,363.000,28.000,78.000
446.000,364.000,27.000,78.000
447.168,365.175,26.571,74.312
449.000,366.000,25.000,78.000
449.000,366.000,27.000,78.000
450.000,368.000,26.000,75.000
452.000,367.000,26.000,75.000
454.226,367.610,25.348,74.911
454.846,368.473,25.866,75.341
454.000,370.000,31.000,76.000
454.000,370.000,31.000,76.000
456.000,370.000,31.000,75.000
457.000,369.000,30.000,77.000
459.000,371.000,29.000,74.000
459.000,370.000,30.000,73.000
460.348,371.118,31.703,71.918
464.000,369.000,28.000,77.000
466.000,371.000,27.000,80.000
468.000,371.000,30.000,78.000
469.000,371.000,29.000,79.000
470.000,371.000,28.000,76.000
473.000,371.000,29.000,74.000
474.487,373.114,27.956,72.139
475.855,373.214,28.430,73.182
476.752,374.454,27.789,72.366
477.504,375.387,27.255,69.942
477.713,375.279,27.911,70.045
479.000,377.000,32.000,72.000
478.521,375.583,37.982,75.610
479.000,377.000,28.000,70.000
478.000,379.000,33.000,62.000
482.000,378.000,30.000,62.000
486.881,379.799,26.757,56.257
487.448,378.595,26.298,54.144
488.176,379.822,25.861,51.574
486.682,379.046,27.326,50.406
486.308,380.244,28.690,48.464
490.723,380.314,28.891,47.526
493.836,381.618,26.726,44.896
494.278,381.751,27.081,43.497
494.584,382.619,26.952,42.923
498.657,383.411,25.317,42.156
504.810,380.991,22.629,40.400
505.867,385.573,23.085,39.789
508.634,385.116,22.343,39.156
507.700,387.159,21.396,36.558
509.172,385.544,21.324,32.967
504.729,386.437,23.066,31.019
505.768,388.362,22.370,31.250
502.812,390.604,23.249,32.081
501.229,390.296,24.379,34.196
498.758,391.683,24.840,34.741
499.000,394.000,40.000,58.000
499.000,394.000,40.000,58.000
499.000,394.000,40.000,58.000
526.732,402.876,53.641,61.173
499.000,394.000,40.000,58.000
499.000,394.000,40.000,58.000
499.000,394.000,40.000,58.000
499.000,394.000,40.000,58.000
499.000,394.000,40.000,58.000
499.000,394.000,40.000,58.000
512.653,389.789,43.831,59.284
517.378,384.371,39.732,53.624
513.883,385.885,34.851,46.380
503.722,393.397,31.053,41.696
499.000,394.000,40.000,58.000
499.000,394.000,40.000,58.000
499.000,394.000,40.000,58.000
509.285,393.449,49.244,55.562
499.000,394.000,40.000,58.000
499.000,394.000,40.000,58.000
499.000,394.000,40.000,58.000
499.000,394.000,40.000,58.000
499.000,394.000,40.000,58.000
499.000,394.000,40.000,58.000
499.000,394.000,40.000,58.000
499.000,394.000,40.000,58.000
499.000,394.000,40.000,58.000
499.000,394.000,40.000,58.000
499.000,394.000,40.000,58.000
499.000,394.000,40.000,58.000
499.000,394.000,40.000,58.000
500.158,389.268,37.072,54.504
471.969,391.595,34.896,54.075
483.902,397.953,32.603,47.412
480.929,401.107,33.942,38.134
483.691,403.032,34.580,36.447
482.732,403.067,34.953,35.130
480.225,403.549,35.660,34.421
484.647,404.996,35.336,33.637
480.361,403.793,35.815,32.540
483.874,404.847,34.442,33.486
481.443,403.860,34.175,32.718
479.305,403.933,35.529,32.342
483.243,404.675,34.647,33.282
478.715,405.144,36.494,32.360
481.899,405.239,35.229,31.151
479.553,404.952,37.389,31.368
481.381,405.126,35.921,31.748
480.085,404.551,34.876,30.697
479.891,403.633,32.311,30.293
477.704,403.858,32.637,28.971
476.388,403.978,34.447,29.645
477.757,403.840,35.340,29.891
475.039,402.672,34.953,30.438
474.515,400.669,33.861,31.511
467.165,400.088,34.193,31.329
470.143,401.872,33.579,31.180
467.750,401.188,33.090,30.467
466.024,400.512,33.523,30.890
463.137,399.625,34.438,31.987
461.704,399.648,34.453,32.601
460.312,400.420,35.281,33.370
460.686,400.566,36.755,34.015
454.744,399.831,37.312,36.277
454.437,404.375,40.923,36.706
455.142,403.885,40.409,36.526
452.322,400.125,40.640,37.500
450.211,398.869,40.740,35.594
449.304,398.009,39.319,36.859
448.232,398.410,37.518,37.745
445.713,397.212,35.145,34.752
443.617,397.163,35.964,34.218
442.380,398.374,35.965,33.253
442.160,397.659,35.635,34.243
439.643,398.135,36.014,35.490
437.297,399.671,36.330,37.466
441.793,400.449,36.915,39.515
435.950,397.833,37.430,43.757
433.736,397.206,34.982,43.775
437.606,399.463,35.425,45.743
431.569,397.905,32.132,45.020
428.000,429.000,45.000,81.000
440.002,435.499,51.078,96.851
434.000,431.000,36.000,77.000
435.000,433.000,34.000,77.000
435.000,430.000,35.000,79.000
435.000,429.000,34.000,81.000
439.000,428.000,29.000,83.000
441.000,426.000,27.000,85.000
443.000,425.000,27.000,84.000
443.000,426.000,29.000,84.000
443.811,427.142,29.501,81.430
445.000,423.000,31.000,84.000
444.000,423.000,36.000,85.000
446.000,425.000,36.000,82.000
447.000,424.000,35.000,81.000
448.000,423.000,39.000,84.000
449.000,422.000,34.000,83.000
450.000,423.000,37.000,80.000
451.000,421.000,35.000,81.000
454.821,418.220,31.858,79.737
457.324,418.067,29.724,78.667
460.220,417.762,26.469,74.011
457.000,417.000,31.000,82.000
459.235,415.979,31.627,88.280
461.397,414.707,30.874,91.195
463.277,412.834,30.667,92.339
465.494,411.332,28.955,91.522
462.000,407.000,31.000,84.000
459.410,402.301,30.753,90.766
463.000,409.000,31.000,80.000
463.000,410.000,27.000,80.000
462.367,408.810,28.396,79.489
463.000,405.000,28.000,83.000
463.977,404.576,25.078,82.624
467.000,404.000,25.000,83.000
467.000,401.000,25.000,85.000
469.331,395.439,24.010,87.711
468.000,400.000,30.000,84.000
466.000,396.000,38.000,85.000
468.000,395.000,37.000,83.000
470.000,394.000,37.000,86.000
471.827,391.684,33.589,85.496
474.117,393.018,30.766,86.164
476.000,390.000,30.000,85.000
475.000,389.000,31.000,84.000
475.000,388.000,31.000,85.000
476.000,386.000,31.000,87.000
475.000,384.000,35.000,89.000
477.000,386.000,35.000,87.000
478.000,382.000,35.000,88.000
477.000,381.000,38.000,90.000
478.000,379.000,38.000,89.000
479.493,378.447,38.178,88.132
478.000,378.000,43.000,91.000
479.000,377.000,42.000,88.000
483.000,374.000,38.000,89.000
484.000,371.000,40.000,90.000
485.579,370.878,40.125,88.930
487.260,368.053,40.071,88.245
494.000,367.000,32.000,89.000
497.000,365.000,33.000,89.000
498.683,363.662,33.712,87.928
498.000,364.000,34.000,82.000
501.000,361.000,33.000,81.000
503.000,357.000,33.000,83.000
503.865,357.602,32.162,83.611
505.000,354.000,33.000,82.000
506.000,356.000,34.000,82.000
506.825,353.740,37.028,81.327
508.318,354.112,40.325,80.136
509.466,353.135,40.322,80.578
511.055,351.525,40.969,81.703
512.159,350.404,41.364,80.730
514.000,348.000,36.000,84.000
515.814,345.156,33.103,84.297
517.829,344.747,32.121,84.511
520.798,343.245,30.075,86.607
523.054,340.730,29.067,85.344
524.198,341.460,30.354,84.001
525.495,342.096,30.370,84.096
527.683,339.920,29.203,81.567
527.000,338.000,35.000,79.000
530.000,340.000,34.000,82.000
531.817,339.346,32.006,80.643
530.000,334.000,35.000,83.000
531.000,335.000,36.000,85.000
533.000,334.000,35.000,83.000
533.000,333.000,33.000,85.000
535.000,331.000,33.000,87.000
537.406,332.500,31.440,87.502
536.000,331.000,34.000,87.000
538.000,333.000,30.000,86.000
538.000,331.000,31.000,87.000
538.000,330.000,34.000,86.000
539.000,326.000,35.000,89.000
540.000,328.000,33.000,86.000
541.000,326.000,34.000,87.000
541.659,325.388,34.307,85.438
542.000,325.000,37.000,83.000
542.000,325.000,32.000,80.000
543.000,324.000,32.000,81.000
542.000,323.000,34.000,81.000
541.526,322.505,35.484,83.133
541.872,321.777,36.274,84.548
542.048,319.978,36.391,86.068
545.000,322.000,33.000,85.000
545.000,320.000,32.000,88.000
545.000,319.000,33.000,89.000
545.000,319.000,32.000,87.000
545.532,318.045,31.978,87.765
545.884,317.655,31.769,88.194
547.000,317.000,33.000,88.000
547.000,317.000,34.000,87.000
547.000,315.000,32.000,88.000
546.530,313.721,33.999,87.544
547.587,314.482,34.711,88.329
549.000,314.000,31.000,85.000
550.000,314.000,34.000,81.000
550.000,313.000,31.000,80.000
551.000,314.000,31.000,80.000
551.000,315.000,33.000,80.000
550.000,316.000,31.000,78.000
551.000,313.000,33.000,83.000
550.000,311.000,37.000,85.000
550.000,313.000,38.000,86.000
547.000,309.000,49.000,89.000
548.000,312.000,47.000,86.000
549.000,313.000,46.000,86.000
549.000,308.000,46.000,88.000
549.000,312.000,41.000,85.000
549.000,310.000,41.000,85.000
547.000,309.000,45.000,86.000
545.976,307.373,46.746,87.850
545.230,307.820,49.252,84.640
543.835,306.882,51.911,82.633
544.335,307.327,52.100,81.476
543.869,306.848,53.990,79.139
543.814,306.458,54.065,76.265
543.905,307.237,54.205,75.506
543.629,306.497,52.494,76.252
544.313,306.922,52.693,75.774
544.249,305.969,52.067,76.403
544.681,305.859,52.167,78.827
543.110,307.451,51.995,78.752
543.498,307.801,51.815,81.275
542.742,306.974,53.082,82.160
543.356,306.770,52.712,81.477
543.747,305.914,53.130,83.007
544.316,305.147,51.464,82.539
543.986,304.218,52.625,83.736
542.726,304.375,51.788,81.719
543.139,303.346,53.270,84.589
542.226,303.505,52.510,84.687
542.390,303.834,53.741,84.644
543.014,302.312,52.403,79.610
542.621,301.637,52.787,77.912
541.694,301.326,51.664,77.264
542.048,300.874,52.256,77.439
541.176,300.566,52.608,78.368
540.650,301.112,53.030,78.363
541.208,300.817,53.261,80.990
540.272,300.491,53.635,80.807
539.231,301.290,54.139,82.439
539.749,301.424,54.572,83.315
540.428,301.232,53.715,82.738
539.901,300.131,51.203,82.428
539.567,300.418,52.851,85.514
539.510,300.796,50.893,85.564
538.829,300.945,53.594,82.571
538.766,299.847,51.727,81.173
538.055,298.700,52.648,84.381
538.847,298.570,52.389,82.624
538.156,298.255,52.091,81.959
539.088,297.419,52.075,79.643
538.601,296.255,53.282,76.920
539.152,297.307,51.781,76.843
539.215,297.639,52.855,76.129
539.871,295.693,52.054,75.982
538.989,295.317,52.096,76.135
539.424,295.771,51.795,78.510
540.053,295.287,51.846,79.096
539.862,294.803,51.069,79.928
540.057,294.172,49.627,82.645
540.063,293.507,50.224,82.290
539.718,294.258,49.836,84.326
540.836,294.019,50.035,82.038
542.002,292.896,49.115,83.098
541.655,291.528,49.388,80.847
542.293,291.466,48.511,82.618
541.888,291.043,48.960,82.577
541.417,291.141,48.478,81.454
541.938,290.145,49.201,79.527
541.439,289.783,50.543,75.700
540.760,289.708,49.423,74.426
541.805,290.060,48.794,74.081
540.682,289.097,49.346,74.730
541.649,290.304,49.506,76.849
540.634,290.344,50.058,77.125
540.657,290.341,50.750,78.159
540.691,290.420,50.702,78.230
541.127,290.493,50.153,80.117
540.542,290.635,49.169,79.062
540.864,289.715,50.106,82.574
540.225,290.370,50.856,81.679
538.468,289.568,49.797,80.090
538.788,289.661,50.433,81.286
537.563,290.506,50.642,81.078
538.147,292.197,50.790,80.578
538.209,292.262,52.305,77.902
537.367,290.665,52.841,73.502
536.998,291.423,52.917,73.370
536.602,290.685,53.227,73.644
536.903,289.324,53.615,74.428
536.244,289.262,52.669,74.097
535.708,289.528,52.880,75.278
536.638,290.333,52.490,76.839
536.931,290.507,51.665,77.952
537.410,290.326,50.440,79.290
537.143,290.514,51.841,79.605
537.967,289.725,49.843,82.005
536.682,290.857,52.090,81.496
537.537,291.401,50.025,80.700
538.392,290.526,50.890,82.015
538.095,289.663,50.782,80.090
539.316,288.795,49.047,80.694
538.751,289.098,50.536,81.157
538.215,288.822,50.969,78.853
538.539,288.962,52.091,78.485
537.529,288.273,52.224,74.916
538.148,287.311,51.219,74.705
537.400,287.381,52.535,73.661
537.525,288.042,51.402,74.945
537.158,288.577,51.830,74.903
536.285,287.873,52.302,78.065
535.926,288.850,52.550,78.249
535.945,289.093,53.148,77.881
536.510,289.141,53.071,80.564
536.218,290.131,51.073,78.360
535.478,290.241,51.142,80.123
533.697,292.148,52.416,81.386
533.424,292.268,52.598,78.745
533.703,291.762,53.046,79.703
533.459,292.070,51.257,81.859
532.258,291.596,52.889,80.448
530.201,290.521,53.263,80.074
529.371,290.547,53.786,76.078
529.954,289.957,53.528,75.002
529.263,290.401,53.881,73.728
528.390,290.430,53.860,72.693
536.000,291.000,34.000,77.000
538.009,291.250,28.998,77.839
537.000,293.000,32.000,78.000
535.000,290.000,35.000,82.000
532.709,286.489,39.437,88.339
536.000,294.000,29.000,80.000
536.000,295.000,30.000,82.000
535.621,294.878,28.637,79.997
532.000,293.000,38.000,86.000
535.000,291.000,33.000,86.000
535.775,289.654,31.783,85.726
535.000,292.000,31.000,84.000
533.000,294.000,33.000,81.000
533.000,293.000,34.000,81.000
534.000,293.000,34.000,78.000
533.000,295.000,31.000,74.000
534.000,293.000,32.000,75.000
534.000,293.000,33.000,75.000
534.000,294.000,33.000,77.000
534.350,294.483,32.820,75.584
534.000,295.000,32.000,79.000
533.645,294.485,31.798,79.924
533.000,293.000,33.000,81.000
532.000,293.000,32.000,82.000
532.000,291.000,34.000,86.000
530.963,288.860,36.001,89.954
532.000,288.000,33.000,88.000
532.000,291.000,31.000,85.000
533.000,291.000,33.000,87.000
531.000,290.000,34.000,87.000
531.000,288.000,32.000,84.000
531.000,289.000,31.000,80.000
530.957,288.871,30.376,78.014
532.000,288.000,33.000,78.000
533.000,290.000,27.000,78.000
532.000,290.000,31.000,79.000
532.000,287.000,32.000,82.000
532.000,290.000,30.000,83.000
533.000,286.000,30.000,83.000
533.000,289.000,29.000,83.000
533.000,290.000,31.000,84.000
532.000,289.000,30.000,84.000
533.000,289.000,32.000,86.000
533.000,288.000,32.000,86.000
534.000,289.000,33.000,81.000
533.000,290.000,34.000,85.000
535.000,290.000,32.000,85.000
535.385,291.137,31.376,83.053
535.588,291.380,31.338,79.073
534.000,287.000,33.000,78.000
535.000,286.000,32.000,78.000
535.568,287.225,30.893,78.359
536.574,286.708,29.977,79.289
536.000,286.000,31.000,78.000
537.000,288.000,31.000,75.000
537.000,290.000,30.000,78.000
538.000,286.000,31.000,79.000
537.000,285.000,32.000,83.000
538.000,287.000,31.000,84.000
539.000,284.000,30.000,84.000
539.000,286.000,31.000,84.000
541.000,284.000,30.000,83.000
541.000,286.000,28.000,83.000
542.918,286.278,25.221,82.369
542.000,284.000,28.000,86.000
541.000,282.000,29.000,84.000
541.000,281.000,28.000,82.000
544.000,284.000,27.000,80.000
542.000,282.000,28.000,76.000
544.000,282.000,28.000,77.000
544.000,282.000,28.000,79.000
544.037,282.778,27.996,80.069
544.323,282.092,28.602,79.638
546.000,281.000,28.000,83.000
547.200,279.993,28.118,84.788
548.000,282.000,27.000,83.000
548.000,283.000,27.000,83.000
550.000,282.000,27.000,85.000
549.000,281.000,28.000,83.000
549.000,280.000,27.000,83.000
552.000,281.000,25.000,85.000
551.000,281.000,28.000,83.000
550.401,280.159,28.630,84.754
552.000,280.000,26.000,77.000
553.000,282.000,27.000,78.000
555.000,281.000,26.000,77.000
555.000,281.000,26.000,77.000
556.000,282.000,28.000,80.000
557.000,280.000,27.000,82.000
558.000,280.000,27.000,84.000
558.552,279.373,26.391,84.319
558.800,279.226,26.245,84.529
559.177,279.816,26.199,85.658
559.080,280.306,26.582,84.930
559.399,279.395,26.776,87.429
559.780,278.378,27.754,86.766
559.831,277.989,27.213,86.778
559.878,278.148,26.600,85.858
560.334,277.817,28.101,88.917
561.448,277.442,29.097,90.818
560.544,275.996,29.945,89.862
560.197,275.456,30.216,89.662
560.028,275.824,29.899,87.592
561.488,275.666,30.159,84.623
562.594,275.877,29.262,82.795
564.043,277.952,28.417,80.847
564.253,277.917,27.046,76.666
564.974,279.969,26.035,76.098
565.419,280.224,26.685,77.608
565.465,280.805,26.457,77.474
566.340,283.111,25.653,75.375
567.113,283.371,25.722,75.845
567.302,284.237,25.129,73.639
568.240,285.069,24.389,72.457
567.000,283.000,28.000,76.000
566.000,284.000,27.000,73.000
566.514,287.997,27.189,73.163
567.000,299.000,28.000,66.000
568.000,285.000,26.000,70.000
571.000,285.000,23.000,69.000
571.000,285.000,23.000,69.000
572.000,280.000,24.000,73.000
570.000,280.000,23.000,73.000
570.000,280.000,23.000,73.000
570.000,280.000,23.000,73.000
570.000,280.000,23.000,73.000
570.000,280.000,23.000,73.000
570.000,280.000,23.000,73.000
570.000,280.000,23.000,73.000
570.000,280.000,23.000,73.000
570.000,280.000,23.000,73.000
570.000,280.000,23.000,73.000
570.000,280.000,23.000,73.000
565.205,276.985,21.389,67.870
570.000,280.000,23.000,73.000
576.000,274.000,30.000,75.000
576.000,274.000,30.000,75.000
576.000,274.000,30.000,75.000
576.000,274.000,30.000,75.000
576.000,274.000,30.000,75.000
576.192,275.992,28.571,77.172
576.000,274.000,30.000,75.000
575.031,280.266,31.347,78.192
576.000,274.000,30.000,75.000
576.000,274.000,30.000,75.000
576.000,274.000,30.000,75.000
576.000,274.000,30.000,75.000
576.193,273.009,27.597,75.389
576.812,272.938,30.624,73.789
576.168,273.890,27.893,75.138
584.000,273.000,30.000,68.000
585.000,276.000,31.000,62.000
584.072,274.831,30.255,56.814
584.465,274.309,30.197,53.235
591.000,275.000,25.000,56.000
593.325,274.977,24.653,56.059
594.352,274.541,22.954,57.336
594.429,275.413,22.014,58.412
595.224,273.825,20.686,59.759
593.000,274.000,28.000,48.000
595.000,273.000,26.000,51.000
595.000,272.000,28.000,50.000
597.000,272.000,25.000,52.000
597.896,271.989,23.228,53.369
599.344,272.538,21.636,54.868
599.380,272.568,22.790,54.642
599.464,273.645,22.222,55.330
600.339,274.677,22.159,55.538
602.000,267.000,24.000,61.000
601.000,269.000,22.000,58.000
604.000,267.000,22.000,61.000
604.000,268.000,24.000,62.000
605.000,267.000,23.000,62.000
603.000,264.000,23.000,65.000
604.000,264.000,25.000,62.000
605.000,265.000,24.000,62.000
605.000,264.000,25.000,65.000
606.000,263.000,24.000,68.000
608.000,263.000,25.000,62.000
608.000,261.000,26.000,65.000
608.810,260.550,27.069,66.014
609.043,260.042,27.745,67.056
608.000,261.000,29.000,76.000
608.000,261.000,34.000,74.000
609.000,261.000,31.000,74.000
610.000,260.000,34.000,76.000
613.000,260.000,30.000,78.000
614.000,257.000,26.000,76.000
615.751,257.424,23.767,74.594
616.000,257.000,29.000,72.000
615.000,259.000,35.000,68.000
616.000,257.000,35.000,71.000
616.000,256.000,34.000,74.000
617.000,255.000,35.000,72.000
618.000,255.000,34.000,72.000
619.000,257.000,37.000,70.000
619.000,255.000,35.000,73.000
620.000,255.000,33.000,75.000
620.000,254.000,34.000,76.000
621.000,255.000,35.000,77.000
620.000,254.000,35.000,79.000
619.611,252.425,34.867,81.026
623.000,252.000,33.000,80.000
621.000,251.000,34.000,82.000
624.000,251.000,33.000,80.000
625.000,252.000,30.000,78.000
625.552,252.050,27.355,78.057
625.000,254.000,35.000,74.000
625.000,252.000,34.000,77.000
626.000,251.000,30.000,74.000
626.000,249.000,33.000,74.000
626.000,250.000,31.000,73.000
626.000,252.000,34.000,72.000
628.000,249.000,27.000,76.000
627.000,249.000,31.000,76.000
629.000,250.000,27.000,77.000
628.000,249.000,30.000,77.000
628.000,248.000,31.000,78.000
630.000,250.000,29.000,76.000
629.000,249.000,34.000,78.000
630.000,250.000,36.000,79.000
631.000,250.000,35.000,76.000
631.638,250.053,34.948,76.114
631.945,250.778,35.062,76.561
633.315,250.781,34.746,76.025
634.000,248.000,34.000,74.000
635.000,246.000,32.000,73.000
636.000,246.000,34.000,74.000
637.000,250.000,31.000,70.000
637.000,248.000,35.000,72.000
637.000,247.000,33.000,72.000
639.000,249.000,34.000,73.000
639.000,251.000,33.000,71.000
638.000,250.000,34.000,75.000
637.610,249.146,35.652,75.346
639.000,247.000,34.000,80.000
640.094,245.261,33.223,81.196
640.337,245.667,33.192,82.207
640.222,245.302,32.919,82.110
641.144,244.290,33.104,82.688
640.794,242.773,32.251,81.655
643.000,249.000,33.000,78.000
643.967,250.567,33.215,73.025
643.000,247.000,32.000,76.000
644.000,243.000,31.000,77.000
643.000,250.000,35.000,72.000
643.252,252.491,38.670,66.789
644.000,247.000,31.000,71.000
645.000,248.000,33.000,73.000
645.000,245.000,31.000,76.000
647.000,247.000,27.000,76.000
648.000,245.000,27.000,77.000
648.000,245.000,27.000,80.000
649.000,247.000,27.000,78.000
648.000,246.000,31.000,79.000
647.000,244.000,33.000,80.000
648.000,244.000,32.000,77.000
650.000,246.000,30.000,76.000
651.530,244.961,27.668,75.776
650.000,244.000,32.000,77.000
653.000,245.000,32.000,76.000
652.000,244.000,33.000,76.000
653.000,242.000,33.000,74.000
653.000,242.000,32.000,75.000
654.000,244.000,32.000,76.000
654.000,243.000,33.000,73.000
654.000,244.000,33.000,75.000
656.000,243.000,32.000,77.000
656.000,244.000,32.000,78.000
656.000,240.000,33.000,78.000
657.000,243.000,32.000,80.000
657.761,240.209,30.330,80.476
659.000,245.000,30.000,76.000
660.000,244.000,30.000,78.000
660.360,244.480,29.542,75.925
660.972,243.395,29.655,79.063
659.000,242.000,31.000,78.000
659.348,241.174,31.703,80.466
661.000,243.000,32.000,77.000
660.000,239.000,32.000,78.000
661.000,242.000,32.000,73.000
660.000,244.000,32.000,69.000
660.687,243.441,32.179,66.954
660.545,243.265,31.219,66.813
663.000,241.000,32.000,74.000
662.000,240.000,33.000,75.000
662.000,239.000,31.000,74.000
664.000,242.000,31.000,77.000
662.000,240.000,32.000,77.000
660.723,238.020,32.179,78.123
658.353,240.475,32.698,75.492
657.966,239.830,32.267,76.774
657.000,239.000,31.000,77.000
653.930,239.171,29.845,79.764
651.000,239.000,31.000,74.000
645.912,240.867,31.758,72.008
643.000,237.000,30.000,76.000
638.000,238.000,33.000,73.000
636.000,238.000,29.000,69.000
631.658,237.668,29.919,68.938
628.000,238.000,26.000,73.000
621.000,236.000,28.000,76.000
617.000,237.000,30.000,73.000
611.000,236.000,30.000,77.000
607.000,236.000,30.000,77.000
599.000,236.000,30.000,79.000
596.000,237.000,30.000,81.000
590.000,234.000,31.000,81.000
586.000,237.000,29.000,78.000
582.000,238.000,31.000,74.000
577.609,240.291,31.967,72.906
573.000,235.000,29.000,78.000
568.571,229.645,27.289,85.134
564.906,228.450,28.244,84.399
561.950,228.578,28.144,84.229
558.907,227.530,28.258,79.608
555.649,228.435,29.068,79.995
553.790,228.679,28.228,78.251
550.548,228.845,28.770,79.029
548.262,227.965,28.098,78.951
546.784,228.051,27.617,79.462
544.044,226.513,28.277,81.417
543.339,228.127,27.681,83.328
543.098,226.670,26.728,82.954
543.108,227.966,26.285,82.698
542.062,226.796,27.268,83.131
543.578,227.384,27.099,81.971
543.767,227.100,28.166,83.507
544.090,226.822,27.797,84.226
545.415,225.199,27.732,83.107
546.234,225.809,27.915,82.880
547.294,224.709,27.192,79.890
548.100,224.892,26.826,79.006
548.169,224.373,26.633,79.576
548.505,224.480,27.351,79.304
548.770,224.027,27.540,79.241
549.066,223.827,27.874,81.384
550.115,224.411,27.162,80.127
551.220,223.908,27.204,80.107
551.548,224.275,27.180,81.810
551.000,230.000,31.000,77.000
554.000,228.000,27.000,76.000
553.000,229.000,29.000,77.000
553.000,229.000,29.000,79.000
552.000,230.000,30.000,76.000
554.000,228.000,27.000,76.000
555.077,226.201,24.666,76.362
556.372,226.158,24.099,76.865
556.000,226.000,27.000,77.000
556.000,226.000,28.000,76.000
555.000,225.000,30.000,74.000
556.000,228.000,30.000,72.000
557.000,229.000,31.000,71.000
558.000,228.000,30.000,72.000
558.000,228.000,29.000,75.000
559.000,228.000,30.000,74.000
559.210,227.937,30.006,76.792
559.626,227.945,30.006,75.249
560.256,227.391,30.773,75.845
560.398,228.236,30.121,76.188
562.000,228.000,29.000,75.000
564.000,231.000,28.000,73.000
564.000,227.000,28.000,76.000
565.000,228.000,28.000,75.000
564.000,227.000,28.000,74.000
567.000,228.000,28.000,74.000
568.417,225.777,27.074,73.244
568.337,227.432,27.745,71.517
569.942,227.064,27.300,70.440
570.000,226.000,28.000,74.000
569.000,227.000,27.000,73.000
570.000,225.000,28.000,73.000
570.000,228.000,29.000,75.000
572.000,226.000,26.000,76.000
571.000,226.000,28.000,78.000
571.000,227.000,28.000,78.000
573.000,225.000,28.000,79.000
573.806,226.719,27.119,78.170
574.187,225.770,26.314,78.470
573.849,225.889,27.401,78.730
575.047,226.024,26.973,79.074
575.985,224.360,26.247,77.884
576.236,224.958,26.034,77.634
576.043,224.211,26.344,77.802
577.333,224.482,25.658,75.845
576.000,225.000,28.000,72.000
578.000,226.000,26.000,71.000
578.000,226.000,27.000,73.000
578.478,224.687,26.833,75.718
577.000,228.000,27.000,72.000
580.000,226.000,27.000,76.000
581.155,224.386,25.891,77.799
580.955,224.146,25.916,78.824
582.191,225.052,26.258,78.882
583.162,225.101,25.076,78.397
583.674,223.193,24.720,80.082
585.198,225.317,24.365,77.317
584.797,223.398,24.925,79.262
585.706,225.866,25.716,77.632
586.806,223.993,25.689,79.612
588.207,225.264,25.930,77.667
589.319,223.559,25.622,77.917
590.637,223.902,25.394,76.725
589.000,226.000,27.000,72.000
591.000,227.000,27.000,73.000
593.000,225.000,26.000,75.000
595.000,227.000,24.000,76.000
593.000,226.000,26.000,75.000
593.000,226.000,27.000,78.000
595.000,226.000,26.000,78.000
596.000,228.000,28.000,78.000
595.000,225.000,26.000,78.000
597.000,230.000,27.000,77.000
598.000,226.000,26.000,77.000
599.000,227.000,27.000,79.000
600.000,225.000,25.000,80.000
600.514,224.724,25.289,80.988
601.661,224.410,25.006,79.416
604.000,226.000,25.000,78.000
604.000,226.000,23.000,75.000
606.000,225.000,25.000,72.000
606.000,227.000,25.000,72.000
608.000,226.000,25.000,72.000
607.000,225.000,24.000,74.000
609.000,226.000,25.000,74.000
610.000,227.000,26.000,76.000
610.358,227.125,27.556,75.179
611.800,228.706,28.002,76.564
612.054,227.729,29.037,76.911
612.943,227.313,29.404,76.721
613.264,229.871,29.491,76.306
616.000,229.000,27.000,74.000
616.000,228.000,28.000,76.000
616.342,226.852,29.419,77.852
617.703,228.641,29.645,75.851
621.000,229.000,26.000,73.000
622.000,229.000,26.000,72.000
624.000,229.000,23.000,73.000
626.000,231.000,24.000,73.000
628.000,229.000,25.000,72.000
630.000,228.000,24.000,77.000
630.000,230.000,24.000,76.000
631.000,228.000,25.000,77.000
631.000,231.000,23.000,76.000
633.000,230.000,24.000,79.000
635.000,229.000,25.000,80.000
635.000,230.000,25.000,79.000
638.000,230.000,26.000,80.000
638.000,230.000,25.000,79.000
642.000,229.000,24.000,80.000
644.395,227.694,22.218,81.130
644.000,229.000,24.000,82.000
643.000,229.000,24.000,77.000
646.000,230.000,23.000,78.000
648.000,229.000,23.000,75.000
649.000,229.000,23.000,74.000
649.000,229.000,23.000,74.000
652.000,230.000,24.000,71.000
653.000,231.000,24.000,75.000
656.000,229.000,24.000,77.000
657.023,228.761,25.257,77.738
657.126,229.149,27.158,78.020
656.000,230.000,28.000,76.000
656.348,231.155,28.799,75.179
658.000,232.000,27.000,77.000
662.000,232.000,25.000,75.000
663.000,232.000,24.000,74.000
666.000,231.000,23.000,75.000
669.000,232.000,23.000,71.000
668.000,231.000,26.000,72.000
671.000,233.000,24.000,72.000
673.819,231.775,22.845,73.929
675.605,230.832,22.427,75.062
675.968,230.116,22.727,76.280
675.000,231.000,22.000,75.000
675.000,232.000,22.000,74.000
674.000,232.000,25.000,75.000
672.414,233.221,25.966,75.784
673.000,230.000,23.000,78.000
672.000,231.000,23.000,77.000
670.000,230.000,23.000,79.000
668.000,231.000,24.000,79.000
665.000,230.000,25.000,80.000
662.000,231.000,24.000,80.000
660.000,231.000,26.000,78.000
656.000,231.000,26.000,79.000
655.000,232.000,26.000,79.000
652.680,230.331,25.865,82.493
650.000,231.000,25.000,75.000
646.485,231.895,25.460,70.912
643.242,231.649,24.761,68.861
639.949,231.727,24.909,69.815
636.777,232.111,24.584,67.985
634.235,231.865,24.013,69.103
632.406,232.892,24.194,69.291
626.260,231.572,25.957,70.263
622.431,233.669,27.195,71.756
622.000,231.000,27.000,79.000
617.000,230.000,28.000,80.000
613.683,230.262,28.152,80.148
609.556,230.478,28.034,80.517
606.889,230.984,27.421,79.976
608.000,230.000,26.000,80.000
606.000,231.000,26.000,79.000
604.494,230.096,24.620,77.158
600.000,230.000,25.000,82.000
599.000,230.000,26.000,78.000
595.000,229.000,29.000,76.000
591.367,228.927,30.570,75.477
595.000,228.000,28.000,75.000
594.000,228.000,29.000,78.000
591.371,227.001,30.625,84.474
589.008,227.574,31.752,82.843
587.138,227.519,32.706,84.144
586.081,228.377,33.006,83.760
585.000,227.000,32.000,84.000
586.000,228.000,29.000,81.000
586.647,226.150,29.347,82.789
585.000,228.000,30.000,80.000
583.000,229.000,28.000,81.000
584.000,227.000,29.000,77.000
582.000,227.000,31.000,69.000
580.000,228.000,29.000,64.000
578.000,230.000,33.000,69.000
575.194,228.546,34.670,71.676
576.000,228.000,34.000,68.000
576.000,226.000,34.000,69.000
574.000,227.000,32.000,70.000
573.859,227.038,29.518,72.399
573.000,228.000,33.000,68.000
571.717,227.708,35.454,67.362
570.000,227.000,32.000,73.000
571.000,227.000,31.000,74.000
572.461,227.450,27.975,74.083
570.000,228.000,34.000,73.000
570.000,228.000,34.000,74.000
569.000,227.000,33.000,73.000
567.000,228.000,36.000,75.000
568.000,227.000,35.000,75.000
568.555,228.059,33.209,73.247
567.000,227.000,37.000,72.000
569.000,226.000,35.000,75.000
571.000,226.000,32.000,72.000
573.000,227.000,30.000,67.000
574.392,226.444,28.041,63.695
577.000,227.000,26.000,64.000
578.000,227.000,25.000,66.000
577.000,225.000,26.000,65.000
574.000,227.000,31.000,68.000
575.000,226.000,30.000,62.000
570.000,226.000,36.000,69.000
567.000,225.000,38.000,69.000
569.000,226.000,36.000,66.000
567.000,225.000,37.000,71.000
565.000,227.000,39.000,63.000
566.000,228.000,38.000,61.000
566.000,224.000,37.000,61.000
564.000,226.000,40.000,66.000
561.207,224.630,44.421,72.287
562.104,225.112,44.806,77.725
566.000,226.000,38.000,59.000
566.000,228.000,37.000,58.000
566.000,233.000,34.000,52.000
565.625,240.647,29.662,45.016
564.784,245.077,26.945,40.906
565.690,244.763,25.234,39.292
567.056,245.886,23.841,40.485
566.000,232.000,40.000,62.000
565.000,233.000,40.000,63.000
567.000,228.000,39.000,68.000
566.000,233.000,39.000,61.000
565.000,234.000,42.000,62.000
564.000,231.000,41.000,66.000
564.000,230.000,45.000,69.000
563.000,232.000,44.000,68.000
563.000,229.000,42.000,71.000
562.000,227.000,46.000,74.000
560.000,229.000,42.000,72.000
562.000,229.000,42.000,71.000
558.000,231.000,43.000,68.000
556.000,230.000,43.000,70.000
555.000,230.000,42.000,68.000
555.000,231.000,42.000,67.000
556.000,229.000,39.000,75.000
555.000,229.000,39.000,77.000
558.000,229.000,33.000,70.000
564.000,230.000,25.000,71.000
564.376,229.374,24.236,70.857
562.000,231.000,25.000,65.000
559.000,232.000,23.000,67.000
559.055,233.195,20.954,67.686
559.000,231.000,23.000,72.000
557.005,228.867,23.399,77.270
557.424,227.500,23.435,79.254
557.000,230.000,22.000,74.000
557.082,230.260,21.064,69.334
556.109,231.699,21.795,69.313
554.989,232.945,21.983,67.529
556.172,233.852,22.726,69.457
554.925,233.800,23.602,69.333
552.000,232.000,27.000,73.000
551.000,231.000,28.000,75.000
552.000,231.000,28.000,75.000
551.000,234.000,28.000,76.000
551.537,234.098,26.311,76.832
552.570,234.030,24.480,73.957
552.776,234.123,24.661,74.725
553.103,233.858,23.184,73.524
554.000,232.000,23.000,72.000
555.000,232.000,23.000,75.000
555.643,230.701,22.977,74.960
557.205,229.983,22.237,78.473
558.480,228.099,21.502,80.085
559.366,227.824,20.972,80.980
559.271,228.867,20.693,81.721
556.867,230.847,23.278,82.190
557.550,229.357,23.944,82.779
557.180,229.811,26.101,83.451
556.445,230.176,26.693,86.041
555.976,229.618,28.733,85.623
557.108,230.870,28.548,87.050
557.275,229.263,28.651,87.893
556.396,230.614,30.064,87.058
557.024,229.471,29.383,88.230
556.268,231.605,30.517,86.323
557.283,229.348,29.237,86.726
558.237,229.809,27.958,84.065
559.824,229.503,26.737,83.803
560.002,229.178,25.947,81.528
561.236,228.522,23.834,79.123
562.103,229.250,23.888,80.128
559.000,231.000,22.000,74.000
559.387,232.485,21.433,73.033
559.000,232.000,26.000,76.000
558.000,233.000,27.000,75.000
556.000,233.000,30.000,75.000
558.000,235.000,28.000,75.000
557.000,234.000,29.000,74.000
558.000,235.000,28.000,75.000
557.000,234.000,28.000,75.000
559.000,236.000,26.000,75.000
560.839,232.241,23.933,76.035
561.086,232.193,22.905,75.337
562.374,231.373,20.221,76.027
563.629,231.051,18.585,77.117
563.034,231.591,19.314,76.583
562.023,233.110,19.673,76.808
563.426,232.336,17.907,76.538
559.000,234.000,24.000,73.000
559.000,237.000,24.000,74.000
559.000,238.000,23.000,75.000
557.000,237.000,23.000,75.000
556.000,239.000,25.000,74.000
557.000,237.000,26.000,77.000
555.000,237.000,26.000,76.000
556.000,236.000,26.000,81.000
557.000,235.000,23.000,79.000
