609.000,171.000,29.000,81.000
607.626,169.575,30.267,81.793
607.256,171.798,30.006,81.419
606.340,171.243,29.627,81.201
606.577,171.861,29.641,81.135
607.333,170.106,27.847,80.693
608.082,172.280,28.357,76.354
608.019,170.893,27.168,77.394
608.136,171.625,27.605,78.908
607.187,171.604,27.367,81.269
606.176,173.799,29.326,81.616
604.845,173.363,29.103,81.884
604.441,173.413,29.668,83.174
603.608,175.759,29.785,84.869
603.176,173.421,30.865,83.745
602.053,177.549,30.844,85.513
600.426,175.080,31.293,86.803
599.887,177.625,31.201,84.108
599.520,174.056,30.516,86.033
599.265,176.432,29.935,85.729
598.809,174.722,29.694,83.919
599.320,176.127,28.617,84.183
599.022,175.026,27.609,79.771
598.346,175.569,27.206,79.444
597.967,175.103,27.904,80.384
597.294,175.267,27.777,80.258
597.514,176.134,26.826,80.885
597.180,175.884,26.426,82.158
596.548,176.926,26.613,80.072
597.000,178.000,26.000,78.000
595.753,178.128,28.301,76.019
594.377,179.049,30.421,76.833
593.997,179.569,30.195,77.885
592.000,179.000,28.000,80.000
590.859,178.676,28.677,77.988
589.771,178.511,28.129,78.105
592.000,180.000,27.000,82.000
591.192,178.171,25.803,85.299
591.000,179.000,26.000,81.000
591.000,179.000,26.000,78.000
591.019,178.936,25.778,75.180
592.000,178.000,25.000,73.000
592.000,180.000,24.000,76.000
590.000,179.000,25.000,76.000
591.000,181.000,25.000,80.000
590.668,180.371,26.043,79.293
589.000,179.000,24.000,81.000
588.332,180.799,24.942,80.288
589.000,179.000,26.000,80.000
587.054,181.563,25.334,79.566
586.882,178.715,25.910,82.146
586.000,181.000,27.000,80.000
585.000,180.000,27.000,81.000
585.000,182.000,26.000,83.000
586.000,179.000,24.000,83.000
586.349,181.321,24.124,83.255
587.289,177.497,22.254,84.436
585.742,180.507,22.141,78.677
586.469,177.292,23.411,79.777
581.000,180.000,27.000,76.000
579.325,177.152,27.965,78.658
583.000,177.000,25.000,76.000
581.000,179.000,24.000,77.000
582.000,179.000,26.000,77.000
581.311,179.403,28.849,75.611
580.000,179.000,28.000,80.000
579.523,180.107,27.093,77.897
578.979,177.939,26.590,80.006
579.000,179.000,28.000,81.000
578.091,176.350,26.767,82.366
578.669,177.511,26.417,82.919
580.000,179.000,27.000,81.000
580.264,176.644,25.414,81.732
581.000,175.000,26.000,77.000
582.000,179.000,23.000,76.000
582.000,175.000,23.000,76.000
584.000,176.000,23.000,74.000
584.000,177.000,22.000,75.000
584.000,177.000,22.000,75.000
583.000,176.000,24.000,78.000
581.576,175.343,27.225,79.324
584.000,175.000,24.000,77.000
582.000,177.000,25.000,81.000
582.349,175.825,25.562,81.240
582.000,177.000,27.000,82.000
582.000,175.000,26.000,79.000
581.725,175.850,26.534,80.898
582.422,174.724,24.531,80.788
582.983,173.422,24.605,79.771
582.919,173.612,23.470,80.207
584.083,171.486,24.094,77.437
585.000,170.000,23.000,77.000
583.000,170.000,23.000,77.000
582.573,168.861,23.707,76.868
583.000,171.000,23.000,74.000
582.875,171.582,22.771,74.827
583.000,168.000,23.000,76.000
583.314,167.208,22.961,76.819
583.000,167.000,25.000,77.000
582.990,166.995,26.503,77.427
582.000,169.000,28.000,82.000
580.879,166.273,28.461,84.042
583.000,167.000,26.000,79.000
582.000,167.000,27.000,78.000
583.000,168.000,27.000,79.000
582.842,166.076,26.649,78.862
583.513,166.188,26.975,78.337
583.590,163.696,26.417,78.440
586.000,164.000,25.000,75.000
587.375,164.805,24.217,73.343
588.927,163.855,22.422,73.770
588.000,165.000,23.000,75.000
589.000,161.000,23.000,76.000
589.000,163.000,23.000,77.000
588.000,164.000,23.000,76.000
590.000,161.000,23.000,76.000
587.000,163.000,27.000,80.000
586.286,163.553,28.755,78.109
586.020,163.093,30.160,79.290
589.000,163.000,24.000,82.000
589.000,164.000,25.000,79.000
589.640,163.821,23.876,80.874
590.427,163.209,22.338,78.585
591.000,158.000,24.000,83.000
592.000,160.000,23.000,81.000
592.700,156.953,22.892,77.460
591.460,156.084,23.237,75.589
591.401,156.598,22.422,73.900
591.805,154.780,22.610,74.526
592.000,156.000,23.000,76.000
593.000,158.000,24.000,75.000
591.000,156.000,24.000,77.000
593.000,157.000,25.000,78.000
592.000,156.000,27.000,80.000
592.000,158.000,27.000,79.000
591.000,157.000,27.000,79.000
590.000,157.000,28.000,79.000
592.000,157.000,26.000,78.000
592.000,157.000,27.000,79.000
593.000,158.000,27.000,80.000
592.000,156.000,27.000,82.000
592.000,156.000,28.000,79.000
594.000,157.000,26.000,78.000
594.992,156.085,25.811,76.495
595.933,156.943,25.071,75.296
598.000,158.000,22.000,73.000
596.000,160.000,24.000,76.000
596.000,158.000,25.000,75.000
598.000,159.000,23.000,74.000
598.000,160.000,24.000,76.000
598.049,159.609,24.097,78.492
597.627,159.053,25.157,77.656
597.000,157.000,26.000,82.000
597.000,157.000,26.000,82.000
597.187,157.590,25.414,81.247
596.730,155.710,25.367,82.690
597.000,156.000,25.000,81.000
597.000,157.000,24.000,82.000
598.000,155.000,24.000,80.000
599.000,157.000,23.000,79.000
599.754,156.373,21.516,75.687
598.000,158.000,24.000,76.000
598.163,157.473,22.983,75.439
598.191,157.876,22.404,76.013
596.892,158.583,24.122,77.004
599.000,159.000,24.000,77.000
598.000,160.000,25.000,76.000
597.000,160.000,26.000,77.000
596.000,161.000,27.000,80.000
597.000,161.000,27.000,78.000
596.000,165.000,27.000,77.000
596.000,164.000,27.000,77.000
595.761,164.902,26.589,76.521
595.000,165.000,27.000,78.000
594.968,166.796,26.360,78.668
595.335,166.785,26.107,76.843
597.000,166.000,26.000,78.000
597.000,164.000,25.000,74.000
596.850,165.006,26.317,74.986
597.857,165.160,25.816,74.582
598.122,165.982,26.253,76.890
597.142,166.437,26.770,74.235
597.000,168.000,24.000,77.000
597.363,167.010,23.022,79.189
596.000,169.000,26.000,77.000
595.234,168.567,27.252,81.560
597.000,169.000,25.000,78.000
596.421,168.747,24.553,79.901
596.303,168.640,23.969,79.557
596.071,168.304,23.727,80.561
596.000,169.000,24.000,81.000
596.000,170.000,25.000,82.000
595.793,167.418,25.732,82.826
596.275,167.069,24.653,80.948
596.514,167.861,24.720,79.425
596.711,167.142,23.766,78.309
595.818,164.227,23.690,78.538
597.000,170.000,22.000,73.000
597.545,173.593,20.291,68.818
596.000,170.000,24.000,74.000
595.000,169.000,25.000,75.000
594.000,168.000,25.000,78.000
593.504,167.842,26.462,78.891
593.509,167.413,26.987,79.950
594.000,167.000,27.000,79.000
593.075,167.698,26.150,81.003
591.813,167.609,24.506,78.219
592.782,168.604,25.373,80.025
592.891,165.232,24.373,80.531
592.000,167.000,25.000,77.000
593.000,168.000,26.000,78.000
592.000,167.000,25.000,74.000
594.000,165.000,25.000,72.000
594.000,166.000,23.000,74.000
595.000,165.000,22.000,73.000
595.000,166.000,22.000,75.000
594.000,166.000,21.000,75.000
593.000,166.000,24.000,76.000
594.000,168.000,24.000,77.000
594.054,166.600,22.149,77.726
591.084,167.116,23.526,78.960
593.000,166.000,25.000,79.000
593.000,167.000,23.000,79.000
593.000,165.000,25.000,78.000
591.267,165.195,26.276,82.335
591.000,165.000,23.000,81.000
593.000,167.000,22.000,79.000
592.000,167.000,22.000,79.000
592.591,166.505,20.646,74.349
592.047,166.424,21.696,74.180
591.773,166.426,20.702,72.149
591.302,166.641,20.534,70.902
591.918,167.054,19.299,73.680
591.404,167.931,19.359,73.060
591.448,168.307,19.050,73.615
590.774,167.355,19.442,72.857
590.000,166.000,24.000,77.000
590.000,167.000,25.000,77.000
589.000,165.000,25.000,78.000
588.000,167.000,27.000,80.000
588.341,165.885,23.912,81.560
587.568,165.750,24.055,79.518
587.082,165.226,23.853,80.342
588.201,166.961,23.919,79.511
587.345,164.814,24.619,80.971
589.000,166.000,23.000,77.000
588.000,165.000,24.000,75.000
589.000,164.000,23.000,75.000
587.000,165.000,24.000,75.000
589.000,166.000,23.000,75.000
589.000,166.000,22.000,76.000
586.000,167.000,23.000,76.000
586.000,166.000,23.000,77.000
585.868,165.962,22.934,79.884
585.540,165.199,22.098,79.220
583.752,165.969,24.712,80.492
582.653,165.521,25.219,81.547
583.289,166.619,25.965,83.371
582.453,165.183,24.931,82.634
585.000,167.000,25.000,81.000
583.000,164.000,24.000,83.000
583.000,167.000,23.000,81.000
585.000,165.000,24.000,82.000
584.000,164.000,23.000,81.000
584.060,163.824,22.537,79.002
584.278,163.157,22.930,75.630
583.412,163.866,23.153,76.796
583.650,163.284,22.907,78.142
583.000,166.000,24.000,75.000
582.927,165.820,24.150,73.855
582.712,166.212,25.095,73.985
582.000,164.000,26.000,78.000
580.516,163.765,29.029,77.638
581.000,164.000,26.000,80.000
582.000,165.000,27.000,80.000
580.379,163.201,27.610,83.161
582.000,166.000,26.000,77.000
581.732,163.934,26.176,76.263
582.400,164.942,25.889,76.128
582.000,165.000,25.000,78.000
583.000,164.000,25.000,76.000
583.584,163.576,25.142,75.139
584.718,163.202,24.706,74.975
584.221,163.033,25.304,75.761
584.638,162.894,25.047,77.667
587.000,163.000,21.000,77.000
586.413,162.650,20.594,80.567
586.455,162.240,20.281,80.667
585.683,163.629,21.135,82.683
586.245,162.538,20.716,80.546
585.085,164.268,21.914,84.871
585.637,163.536,21.331,83.860
585.913,162.930,22.071,84.545
585.000,162.000,25.000,80.000
584.000,165.000,25.000,83.000
587.000,162.000,24.000,84.000
587.000,161.000,24.000,83.000
589.000,162.000,22.000,81.000
589.015,162.190,22.867,78.284
588.000,159.000,22.000,77.000
588.372,159.202,23.284,74.289
588.000,162.000,22.000,78.000
588.472,161.797,21.306,78.304
590.000,164.000,23.000,75.000
588.000,162.000,24.000,78.000
589.000,162.000,25.000,78.000
588.656,160.987,27.207,78.204
590.000,164.000,26.000,79.000
589.991,162.120,25.439,78.581
588.000,163.000,27.000,78.000
589.231,162.273,26.822,80.016
589.365,163.472,26.346,79.013
588.000,163.000,26.000,79.000
588.355,162.437,25.382,77.700
592.000,162.000,25.000,80.000
593.000,163.000,25.000,78.000
595.000,162.000,25.000,74.000
597.000,164.000,22.000,73.000
596.000,164.000,23.000,75.000
597.000,162.000,23.000,75.000
596.374,161.936,23.231,79.666
596.984,162.901,24.115,77.620
597.044,162.819,25.706,78.907
596.771,162.213,26.960,80.740
596.758,163.151,27.718,80.459
596.546,162.192,27.499,82.079
596.534,162.539,27.923,82.704
597.156,162.635,27.717,82.390
597.889,162.576,27.239,82.235
598.751,162.135,26.548,83.502
599.394,160.595,25.095,79.819
599.946,161.586,24.342,82.061
600.749,162.123,24.858,79.202
601.221,160.602,23.884,78.514
602.223,161.141,23.664,75.691
603.226,159.499,22.342,75.506
602.550,159.066,22.510,73.856
603.049,159.782,22.409,75.863
603.653,159.550,21.461,75.865
603.991,158.539,22.411,75.978
604.668,158.243,23.249,76.600
604.073,157.757,25.220,77.204
603.000,162.000,26.000,77.000
604.000,161.000,25.000,79.000
604.000,162.000,27.000,79.000
604.073,160.941,25.818,78.824
606.000,160.000,26.000,79.000
606.134,159.675,24.435,78.179
606.000,160.000,26.000,81.000
608.000,160.000,24.000,77.000
609.362,160.722,23.245,75.446
610.470,159.924,22.432,73.595
611.538,160.158,22.018,73.782
612.472,160.589,22.277,74.572
613.201,161.565,22.537,74.595
613.168,160.744,23.582,77.932
613.175,160.277,23.057,77.431
613.155,160.390,23.468,79.334
613.279,159.900,24.043,79.621
613.468,160.280,23.683,79.990
612.418,159.997,24.145,80.438
612.275,159.714,23.840,81.032
612.481,159.555,24.044,80.497
611.455,159.023,23.511,81.799
611.900,158.054,24.291,79.252
611.000,156.000,24.000,84.000
611.963,155.769,24.436,79.663
610.000,157.000,24.000,78.000
610.582,156.541,25.532,75.927
611.174,155.513,24.936,75.060
611.000,156.000,22.000,74.000
610.884,156.278,23.093,74.284
611.239,155.799,21.599,74.314
612.000,156.000,24.000,76.000
610.000,155.000,25.000,77.000
609.000,155.000,27.000,79.000
609.000,155.000,27.000,79.000
608.625,155.761,28.075,79.488
610.000,156.000,26.000,79.000
609.051,154.415,25.493,79.125
609.411,155.527,24.339,81.489
610.551,154.426,23.545,81.988
609.000,155.000,26.000,77.000
611.000,154.000,25.000,77.000
611.098,154.309,26.124,76.444
611.000,154.000,23.000,75.000
611.408,153.775,22.348,74.517
611.000,155.000,24.000,78.000
611.000,152.000,23.000,76.000
611.000,153.000,25.000,77.000
610.000,154.000,26.000,78.000
611.000,154.000,25.000,79.000
609.000,154.000,25.000,82.000
609.000,154.000,25.000,81.000
608.820,153.917,25.176,82.650
607.891,154.346,25.253,80.416
609.000,152.000,26.000,81.000
609.000,152.000,25.000,83.000
608.935,151.599,24.239,78.751
608.000,150.000,23.000,83.000
608.000,151.000,23.000,80.000
607.927,148.753,22.414,77.871
607.464,149.718,23.092,77.711
607.488,149.804,22.633,76.694
608.000,152.000,22.000,75.000
607.282,151.188,21.892,75.899
606.000,151.000,24.000,75.000
603.000,150.000,27.000,76.000
603.169,151.198,28.624,75.891
602.222,150.083,30.464,77.215
604.000,152.000,26.000,79.000
604.000,153.000,27.000,78.000
603.000,152.000,28.000,78.000
602.000,151.000,27.000,80.000
601.428,150.207,27.576,80.051
604.000,152.000,26.000,80.000
604.652,150.110,26.118,80.415
605.935,151.685,23.879,77.158
606.889,150.010,22.501,77.600
607.590,150.489,23.433,76.114
604.000,152.000,22.000,75.000
606.000,151.000,23.000,74.000
604.000,148.000,26.000,76.000
605.000,154.000,23.000,79.000
603.000,151.000,25.000,77.000
603.000,151.000,26.000,78.000
601.000,154.000,27.000,78.000
601.000,151.000,27.000,76.000
600.000,150.000,28.000,80.000
602.000,150.000,25.000,80.000
601.000,152.000,25.000,82.000
601.000,151.000,24.000,81.000
601.000,152.000,23.000,80.000
601.000,152.000,23.000,78.000
601.634,152.222,22.702,76.326
602.000,151.000,22.000,75.000
603.000,151.000,22.000,73.000
603.000,153.000,21.000,72.000
603.455,155.036,19.996,69.039
603.847,156.612,19.473,68.774
602.105,157.016,20.422,65.935
600.000,151.000,26.000,77.000
599.000,151.000,27.000,79.000
598.000,151.000,27.000,79.000
599.000,153.000,27.000,79.000
597.680,151.357,25.983,81.517
597.000,152.000,27.000,79.000
596.000,153.000,26.000,80.000
594.738,151.014,27.688,81.254
597.000,153.000,25.000,80.000
596.596,151.430,24.962,78.901
599.000,152.000,25.000,77.000
600.000,151.000,23.000,75.000
600.420,151.374,22.171,76.683
599.000,153.000,23.000,76.000
600.000,152.000,23.000,77.000
599.000,154.000,24.000,77.000
597.000,153.000,26.000,79.000
595.844,155.110,27.707,78.118
594.925,154.207,27.729,81.243
593.820,154.744,28.576,79.854
592.641,154.075,28.960,81.716
592.818,155.264,29.098,82.775
591.876,154.241,30.341,80.368
591.824,155.944,29.687,82.004
591.667,156.942,29.148,82.015
591.768,156.160,29.030,80.660
591.831,156.013,28.918,78.109
591.924,157.621,29.504,77.049
591.813,156.529,28.761,75.017
591.573,158.007,27.939,74.838
595.000,158.000,23.000,74.000
596.603,158.113,22.269,77.800
596.984,159.540,22.144,77.416
595.928,159.575,21.316,76.718
594.235,160.281,25.026,77.331
595.488,160.334,24.526,77.663
594.619,162.241,26.532,77.174
593.659,161.848,25.073,79.704
592.000,162.000,28.000,81.000
589.812,161.319,28.741,85.810
593.000,165.000,27.000,78.000
593.093,162.973,25.070,80.014
592.000,165.000,27.000,79.000
593.000,167.000,27.000,79.000
594.267,165.855,26.297,77.064
595.318,165.469,25.520,76.066
595.822,167.646,26.010,74.461
595.548,167.999,25.745,76.122
595.299,168.212,26.157,78.449
594.255,169.443,27.312,81.488
593.945,168.971,27.800,79.596
593.036,171.601,28.170,81.539
593.551,171.592,27.540,80.218
592.424,170.869,28.097,82.420
592.920,173.670,27.337,83.631
593.543,172.963,27.246,82.835
592.340,173.498,26.605,81.983
592.143,174.681,26.661,84.264
593.748,174.092,26.897,81.834
593.115,174.576,26.140,82.540
592.036,176.077,26.135,81.002
592.912,177.057,25.189,78.065
593.166,177.342,26.287,75.448
592.063,180.902,27.010,74.502
592.659,181.192,25.634,74.176
592.654,181.856,25.611,74.943
593.000,183.000,24.000,73.000
591.457,184.137,26.071,72.206
591.000,184.000,25.000,77.000
589.974,182.509,28.120,77.753
592.351,187.990,27.149,77.591
587.137,186.707,28.456,78.555
591.256,191.969,25.567,78.235
591.040,191.140,24.508,77.956
591.304,192.401,24.863,78.766
591.092,194.281,24.898,78.841
591.617,193.540,24.053,79.979
590.790,195.086,24.886,79.261
592.161,195.881,23.961,76.751
595.000,197.000,22.000,74.000
594.000,200.000,24.000,75.000
595.000,200.000,23.000,72.000
596.000,201.000,22.000,75.000
596.000,204.000,23.000,75.000
596.000,204.000,24.000,76.000
594.000,207.000,26.000,78.000
594.000,208.000,28.000,77.000
595.000,208.000,26.000,80.000
597.000,210.000,24.000,80.000
595.000,213.000,26.000,79.000
596.000,214.000,26.000,78.000
596.000,215.000,25.000,80.000
596.000,217.000,24.000,80.000
595.000,217.000,23.000,80.000
595.000,220.000,24.000,79.000
594.825,221.228,24.726,75.261
596.000,222.000,23.000,76.000
596.756,222.505,22.938,75.755
597.000,228.000,23.000,76.000
598.000,226.000,23.000,74.000
598.000,233.000,23.000,75.000
597.000,235.000,25.000,75.000
597.000,236.000,26.000,78.000
597.313,240.048,27.673,78.070
596.000,245.000,26.000,78.000
595.654,249.298,25.664,76.971
596.383,252.941,24.209,76.608
596.926,255.489,23.622,75.907
597.303,258.718,23.516,74.926
599.000,262.000,25.000,80.000
599.000,264.000,23.000,79.000
601.000,268.000,24.000,80.000
601.000,270.000,23.000,77.000
602.185,271.421,22.027,77.705
601.745,275.399,23.322,76.373
602.814,277.046,22.740,79.663
603.000,282.000,21.000,76.000
602.000,283.000,22.000,77.000
601.000,286.000,23.000,77.000
602.000,289.000,23.000,78.000
601.963,292.139,22.510,77.281
601.000,293.000,24.000,80.000
600.406,295.243,24.683,78.043
602.000,296.000,24.000,81.000
603.000,296.000,23.000,79.000
603.000,298.000,23.000,77.000
603.491,297.232,22.519,77.291
603.843,297.153,21.872,78.666
604.000,294.000,23.000,79.000
604.249,293.001,23.416,77.463
604.000,296.000,22.000,73.000
604.000,296.000,25.000,71.000
606.000,294.000,23.000,72.000
606.565,293.055,22.208,72.985
606.510,293.654,22.316,75.259
607.300,291.749,22.299,74.678
605.471,292.621,25.369,75.176
607.858,292.075,23.931,76.222
605.000,294.000,26.000,77.000
604.000,294.000,27.000,78.000
604.242,294.098,26.939,76.542
607.000,296.000,25.000,75.000
606.784,294.785,25.354,75.459
608.166,294.428,24.353,74.917
607.000,293.000,26.000,76.000
607.834,292.273,26.019,76.628
609.082,290.087,26.117,74.592
609.217,288.817,25.995,73.137
609.732,287.546,25.676,71.957
610.694,286.085,25.835,72.260
610.222,284.201,26.005,75.294
610.116,282.924,27.310,74.563
610.304,281.461,26.985,75.668
609.340,280.927,28.233,76.893
609.324,279.946,28.091,77.727
609.203,279.780,27.732,79.100
608.750,280.204,27.500,78.202
608.636,280.349,28.277,79.320
608.334,279.050,28.772,80.902
608.923,279.842,28.503,79.896
609.017,277.688,28.374,79.447
609.222,278.869,28.551,79.827
610.090,277.659,27.436,78.805
610.409,277.929,26.636,77.489
610.131,278.343,26.243,75.788
610.674,279.549,26.411,76.084
610.755,277.326,25.857,75.216
610.296,278.991,25.815,77.646
611.000,278.000,23.000,74.000
611.387,278.313,21.956,74.652
611.000,277.000,26.000,74.000
611.000,278.000,26.000,77.000
610.000,280.000,27.000,75.000
612.000,279.000,26.000,76.000
609.874,279.543,27.856,76.201
610.000,281.000,25.000,74.000
610.664,281.359,24.403,72.402
610.457,280.717,23.866,71.225
612.000,280.000,24.000,76.000
610.000,280.000,25.000,74.000
613.000,278.000,24.000,73.000
614.777,278.960,22.432,72.122
612.000,278.000,22.000,73.000
613.000,278.000,23.000,73.000
613.000,278.000,22.000,75.000
613.000,280.000,23.000,74.000
613.000,280.000,24.000,75.000
611.935,280.191,24.558,72.314
612.000,280.000,23.000,77.000
612.000,281.000,25.000,78.000
612.000,281.000,23.000,78.000
612.000,281.000,25.000,78.000
610.000,280.000,24.000,76.000
610.000,279.000,25.000,78.000
609.000,280.000,24.000,79.000
612.000,278.000,23.000,78.000
611.000,281.000,24.000,77.000
611.000,279.000,22.000,74.000
610.730,278.405,22.509,71.061
610.549,278.230,21.546,72.968
610.491,280.503,21.496,70.833
610.000,279.000,22.000,73.000
610.000,279.000,23.000,73.000
610.000,280.000,24.000,73.000
609.000,281.000,26.000,74.000
608.000,279.000,27.000,74.000
607.137,280.774,28.547,73.576
607.269,281.697,27.309,75.026
607.098,279.435,26.312,76.903
604.000,279.000,26.000,77.000
604.853,280.138,25.397,75.984
605.058,280.330,24.160,75.479
606.025,279.589,23.539,73.337
606.000,279.000,25.000,76.000
607.000,280.000,23.000,73.000
607.000,279.000,23.000,72.000
607.000,277.000,23.000,74.000
605.000,280.000,23.000,76.000
603.976,278.134,24.139,79.361
602.895,278.737,25.027,80.470
602.041,277.214,25.265,83.275
601.342,278.895,24.692,83.319
600.472,277.602,24.701,85.730
604.000,279.000,24.000,79.000
602.000,280.000,24.000,78.000
601.487,281.380,24.005,75.857
602.000,279.000,23.000,77.000
601.000,280.000,23.000,78.000
602.000,279.000,22.000,78.000
601.000,276.000,23.000,78.000
599.918,277.504,24.066,74.258
598.451,278.412,24.292,73.880
598.290,277.365,24.652,73.319
598.031,277.565,24.509,74.376
596.911,276.675,24.281,74.968
597.015,277.584,24.587,75.667
596.189,277.330,23.945,75.756
596.000,279.000,25.000,74.000
594.935,278.021,26.893,73.576
594.000,278.000,25.000,76.000
595.000,279.000,26.000,74.000
594.578,280.139,24.440,74.116
593.815,277.811,23.713,74.767
592.940,280.309,23.995,73.550
592.608,279.297,23.251,73.781
592.211,279.645,23.226,71.630
592.000,278.000,24.000,73.000
591.150,276.422,24.378,73.003
591.468,276.927,24.468,72.637
591.374,275.941,24.472,74.043
594.000,276.000,21.000,75.000
592.000,279.000,24.000,76.000
592.000,278.000,23.000,73.000
592.000,279.000,22.000,75.000
592.113,279.658,21.464,73.306
589.000,276.000,24.000,78.000
590.000,279.000,24.000,79.000
589.000,277.000,24.000,79.000
586.981,278.132,24.592,79.468
587.000,280.000,23.000,77.000
587.461,278.325,22.057,75.364
587.000,276.000,24.000,80.000
585.664,275.967,24.870,82.653
585.592,276.319,24.720,82.215
585.334,274.543,24.770,79.849
586.000,274.000,23.000,72.000
585.888,275.769,21.691,71.567
584.000,276.000,23.000,72.000
582.966,276.635,23.494,72.189
584.000,276.000,23.000,75.000
583.000,276.000,25.000,76.000
582.199,275.639,27.818,77.329
582.000,279.000,27.000,75.000
583.000,277.000,26.000,77.000
581.648,278.287,26.090,77.726
581.394,276.760,25.967,77.563
581.512,279.550,25.390,76.929
581.698,277.409,25.102,77.172
582.964,278.803,23.904,77.527
581.926,277.861,23.557,75.998
583.515,276.789,22.784,76.431
583.661,277.156,22.595,74.342
584.642,277.794,21.838,71.701
585.819,278.642,21.595,74.141
585.998,279.517,21.107,70.821
584.929,278.215,21.912,75.760
584.995,278.139,22.843,75.754
583.953,277.881,22.521,77.182
583.908,277.624,23.450,77.875
582.918,277.951,24.576,79.855
581.874,277.739,24.760,79.361
581.754,277.707,25.253,79.875
582.312,277.314,25.067,78.842
584.000,275.000,23.000,79.000
583.420,276.429,23.940,76.998
583.788,274.990,22.201,78.637
582.321,278.022,22.174,73.150
583.082,276.289,22.250,72.002
581.806,276.705,22.088,71.627
583.202,275.982,20.792,72.255
582.917,275.066,21.290,72.698
581.878,275.404,20.384,73.238
581.000,278.000,24.000,74.000
581.315,274.984,24.013,74.552
581.340,278.358,26.616,73.096
580.000,279.000,25.000,75.000
580.096,278.819,24.849,72.365
579.793,279.393,24.646,72.600
578.000,277.000,26.000,76.000
578.872,278.197,26.790,77.753
579.000,278.000,26.000,76.000
579.331,278.656,24.582,76.716
579.686,278.585,25.761,74.328
580.000,280.000,25.000,72.000
581.000,278.000,24.000,72.000
583.000,281.000,23.000,72.000
582.000,277.000,23.000,71.000
584.000,279.000,22.000,71.000
584.000,278.000,22.000,73.000
584.000,279.000,24.000,75.000
582.000,280.000,25.000,73.000
583.000,282.000,24.000,77.000
584.000,279.000,25.000,77.000
582.162,279.756,26.590,80.001
581.398,279.395,28.245,79.873
583.000,281.000,26.000,75.000
583.670,280.217,24.511,75.032
581.878,280.096,26.191,74.858
583.000,281.000,25.000,77.000
584.000,279.000,25.000,79.000
584.000,279.000,24.000,77.000
584.173,279.270,24.247,75.049
584.534,277.880,23.867,74.691
584.045,278.499,23.839,75.927
587.000,278.000,22.000,71.000
587.366,278.499,20.995,69.479
587.327,279.048,19.750,70.697
587.417,278.451,20.575,70.491
586.686,277.296,22.895,70.644
585.720,277.979,24.727,71.518
586.000,279.000,27.000,76.000
585.000,279.000,27.000,76.000
584.000,279.000,28.000,77.000
584.000,280.000,27.000,74.000
585.000,282.000,27.000,75.000
586.000,280.000,26.000,77.000
586.896,279.624,26.332,77.395
588.325,280.209,25.080,76.710
588.846,278.653,24.872,75.504
590.965,278.235,23.389,72.455
590.863,279.437,24.767,71.977
590.092,280.460,24.159,74.407
590.981,279.214,24.440,72.756
590.121,278.992,24.275,78.401
591.886,279.214,24.514,75.457
589.021,278.701,24.930,79.970
591.423,278.755,25.001,77.701
591.837,278.964,24.790,81.563
590.963,277.840,25.147,80.716
590.368,278.464,25.411,79.500
591.133,278.497,24.769,80.155
591.931,278.543,25.010,78.818
592.134,276.859,24.216,80.281
592.020,276.498,25.532,79.449
591.655,276.062,23.774,75.951
592.177,274.935,23.418,73.525
593.565,276.132,22.230,71.872
592.000,275.000,22.000,74.000
593.000,275.000,23.000,71.000
592.493,274.842,23.398,73.849
592.350,274.386,24.537,73.986
591.951,274.452,26.295,72.615
590.000,275.000,26.000,75.000
590.625,273.319,26.034,74.398
591.775,274.507,24.574,74.515
590.392,272.265,26.129,76.095
590.000,277.000,28.000,72.000
590.000,274.000,27.000,75.000
591.000,274.000,26.000,75.000
592.000,274.000,25.000,76.000
592.580,272.474,25.887,75.913
593.802,274.846,24.357,73.033
595.000,274.000,23.000,72.000
597.000,274.000,22.000,73.000
598.000,273.000,21.000,73.000
597.000,272.000,23.000,74.000
596.689,272.374,23.847,75.365
597.154,272.721,23.837,74.202
597.374,273.794,24.029,75.996
596.000,272.000,25.000,78.000
596.000,273.000,26.000,77.000
596.799,270.939,23.991,81.144
595.000,272.000,25.000,78.000
596.023,273.281,24.100,75.054
596.636,271.318,22.454,75.476
598.000,270.000,22.000,78.000
599.000,269.000,21.000,77.000
598.489,269.125,22.519,75.209
599.425,267.529,20.147,74.211
599.745,267.219,20.215,71.885
599.019,266.398,21.165,73.438
599.620,267.566,21.104,73.073
600.000,270.000,22.000,71.000
600.097,268.837,21.634,72.542
598.000,269.000,24.000,73.000
599.810,271.185,25.768,73.616
599.000,270.000,26.000,74.000
598.825,269.759,24.679,75.296
597.407,270.973,24.924,72.528
598.852,271.267,22.713,73.072
598.518,270.740,24.246,71.859
599.000,268.000,24.000,75.000
599.362,268.015,24.191,73.396
601.000,268.000,23.000,72.000
602.128,268.336,22.649,69.494
602.000,266.000,21.000,70.000
604.000,268.000,21.000,71.000
603.000,266.000,21.000,69.000
603.000,267.000,21.000,72.000
604.021,267.607,20.954,68.992
603.964,268.585,20.008,69.226
601.000,264.000,24.000,73.000
602.000,267.000,24.000,76.000
600.614,264.344,23.304,78.397
601.073,264.196,23.216,78.022
603.000,263.000,24.000,76.000
603.000,265.000,22.000,76.000
603.000,262.000,22.000,77.000
604.000,263.000,20.000,78.000
605.000,262.000,19.000,75.000
604.669,262.612,19.004,69.898
605.261,260.754,17.885,69.158
604.435,261.167,18.969,67.355
605.304,262.493,18.213,67.320
606.246,260.389,17.393,67.694
605.000,258.000,23.000,72.000
604.000,259.000,23.000,74.000
603.000,260.000,25.000,72.000
602.000,260.000,25.000,71.000
602.000,260.000,27.000,74.000
603.000,259.000,26.000,74.000
604.000,261.000,26.000,71.000
603.282,258.813,26.448,72.696
603.118,258.660,26.712,72.390
604.267,258.248,25.612,72.959
605.200,258.800,25.576,70.945
605.667,257.550,25.483,68.929
607.337,257.039,23.821,67.744
608.933,257.431,23.650,66.282
607.329,256.849,24.444,69.338
608.771,256.287,24.523,68.401
607.204,256.334,25.861,72.713
607.414,256.182,25.538,71.916
608.090,256.147,25.814,72.377
607.187,255.291,27.007,74.967
607.570,254.660,26.398,75.622
606.840,256.004,27.099,75.633
607.217,255.250,27.159,74.062
607.667,255.055,27.462,74.437
607.180,255.037,28.189,73.634
607.792,253.909,27.837,72.512
609.000,251.000,23.000,75.000
609.709,249.888,21.858,74.023
609.430,250.955,21.220,72.376
610.233,250.235,20.586,71.207
610.535,249.149,19.047,71.436
610.379,250.091,19.190,73.753
609.976,248.613,20.413,75.032
610.931,247.848,19.605,74.954
610.230,247.331,21.465,73.077
609.447,247.151,23.134,75.292
610.571,247.343,22.996,74.609
609.524,245.905,22.567,74.776
610.000,247.000,24.000,74.000
608.000,246.000,26.000,73.000
607.767,246.700,26.754,74.743
607.808,244.443,27.688,74.394
608.213,244.777,27.443,73.607
610.000,243.000,22.000,73.000
611.000,245.000,23.000,70.000
611.000,244.000,23.000,70.000
614.000,245.000,21.000,68.000
614.000,243.000,20.000,69.000
613.000,242.000,20.000,71.000
615.000,245.000,21.000,71.000
616.072,243.790,21.094,71.659
615.289,244.190,20.982,72.559
615.552,242.964,19.516,71.132
614.625,244.154,20.493,72.075
615.273,243.670,21.006,71.016
614.098,243.381,20.422,73.371
615.453,243.398,20.224,70.910
615.947,242.338,19.297,71.847
616.438,242.367,19.524,72.361
614.977,241.015,19.679,68.502
615.547,241.062,19.924,68.071
616.004,239.100,20.327,64.928
616.532,238.688,19.868,66.207
615.583,239.288,20.659,65.457
616.806,237.792,19.035,66.186
615.505,238.484,18.650,67.699
615.862,236.828,17.258,69.243
615.509,236.958,17.714,69.919
614.000,234.000,19.000,74.000
612.000,233.000,20.000,75.000
612.000,237.000,18.000,72.000
611.354,233.822,17.766,73.308
612.000,234.000,16.000,72.000
612.000,236.000,16.000,71.000
612.000,236.000,18.000,72.000
612.000,236.000,24.000,73.000
613.000,239.000,24.000,67.000
616.000,238.000,23.000,62.000
615.139,233.871,21.217,60.233
620.000,231.000,19.000,66.000
623.764,226.064,17.273,66.852
624.371,224.459,16.012,67.490
622.492,225.186,17.195,66.219
621.000,229.000,16.000,69.000
620.159,224.384,16.406,76.162
618.000,228.000,19.000,71.000
617.753,228.304,19.843,72.134
616.000,225.000,21.000,75.000
615.000,227.000,20.000,75.000
616.000,225.000,21.000,75.000
615.000,227.000,21.000,75.000
614.986,223.207,21.066,76.397
614.640,225.855,20.806,72.941
615.408,222.700,19.922,73.935
615.191,223.101,19.602,70.083
614.000,224.000,20.000,70.000
615.000,220.000,20.000,69.000
614.043,219.840,20.498,70.072
614.157,221.774,20.236,69.417
613.920,219.773,20.670,68.909
611.470,219.019,23.843,70.249
614.529,220.619,23.056,69.393
612.000,221.000,24.000,73.000
611.000,220.000,24.000,72.000
611.000,222.000,24.000,72.000
611.000,220.000,24.000,70.000
611.000,219.000,24.000,72.000
610.559,218.274,24.806,72.773
613.000,219.000,23.000,72.000
613.447,214.545,23.488,71.557
613.109,217.104,23.529,67.686
614.381,215.278,21.788,68.013
614.248,215.400,22.169,68.812
613.235,214.989,23.729,70.083
613.640,215.473,23.559,72.413
612.608,213.915,24.807,72.225
612.913,215.711,23.958,72.660
611.950,213.877,25.232,71.988
611.000,216.000,25.000,72.000
611.239,214.666,24.709,71.160
611.443,214.473,24.254,71.623
611.126,213.043,24.050,70.872
612.000,212.000,23.000,74.000
612.000,212.000,21.000,75.000
612.209,210.744,20.624,72.217
612.000,210.000,22.000,72.000
612.233,209.322,20.869,71.160
612.171,208.109,21.577,69.847
611.000,210.000,20.000,68.000
612.000,210.000,20.000,68.000
611.937,209.531,19.572,67.026
611.733,210.214,19.709,67.015
610.978,210.995,20.472,66.783
610.643,209.556,21.130,66.313
610.553,209.331,22.693,66.926
608.106,208.279,24.776,67.208
609.541,209.674,23.030,67.230
608.000,208.000,24.000,69.000
607.000,208.000,26.000,70.000
606.801,207.923,26.758,69.555
606.165,205.788,28.160,71.065
608.000,206.000,23.000,71.000
610.000,205.000,22.000,69.000
610.000,206.000,22.000,70.000
610.690,205.213,22.820,68.588
611.000,205.000,20.000,67.000
612.000,202.000,20.000,69.000
611.000,204.000,20.000,68.000
610.342,205.136,20.506,67.897
610.635,205.843,20.473,65.914
610.753,206.200,20.408,66.939
610.548,205.888,20.452,64.644
610.354,206.036,20.281,66.963
607.000,203.000,23.000,70.000
608.000,204.000,23.000,72.000
607.000,202.000,22.000,74.000
608.000,200.000,22.000,72.000
609.000,201.000,21.000,74.000
608.318,199.445,21.930,74.929
607.455,196.785,20.851,72.747
608.263,198.268,19.104,67.701
608.163,199.179,19.022,68.499
608.521,197.444,18.348,69.606
607.170,197.851,19.645,70.645
607.000,201.000,21.000,65.000
607.000,202.000,21.000,68.000
606.253,200.344,22.586,65.382
606.000,199.000,23.000,69.000
604.000,199.000,24.000,69.000
603.000,199.000,24.000,71.000
602.757,199.378,23.165,70.758
602.058,197.626,22.711,71.875
602.607,198.988,22.374,71.437
601.199,197.839,22.253,72.866
600.462,197.072,22.991,72.702
604.000,198.000,22.000,70.000
602.000,199.000,22.000,67.000
602.000,200.000,22.000,67.000
604.000,198.000,21.000,66.000
604.000,199.000,20.000,65.000
603.109,200.502,19.793,67.671
602.883,200.386,20.695,64.134
602.086,201.564,20.481,65.952
601.257,202.364,20.368,64.940
600.000,197.000,23.000,70.000
600.000,198.000,23.000,71.000
598.000,199.000,23.000,73.000
597.662,197.307,23.544,74.154
596.643,196.808,23.918,72.991
596.000,197.000,21.000,75.000
598.000,196.000,22.000,72.000
597.000,198.000,20.000,73.000
597.000,198.000,20.000,71.000
597.000,197.000,21.000,69.000
596.000,199.000,20.000,67.000
596.206,200.976,19.062,65.116
594.000,200.000,21.000,65.000
592.973,199.651,21.617,66.947
594.000,200.000,21.000,64.000
592.000,200.000,23.000,66.000
591.579,199.812,23.877,68.998
592.000,201.000,23.000,68.000
590.000,198.000,23.000,71.000
589.000,200.000,24.000,69.000
588.339,199.856,23.903,70.225
587.287,199.388,24.055,70.845
586.735,196.621,24.277,73.510
586.486,197.964,23.217,72.244
585.396,197.839,22.918,73.319
586.767,198.730,22.282,70.160
587.277,202.761,21.764,66.561
586.589,200.727,22.734,64.993
587.000,201.000,20.000,64.000
586.918,199.197,19.543,66.998
584.549,198.911,19.840,69.906
584.173,198.821,20.918,71.055
584.842,199.707,20.024,69.358
583.067,199.761,19.996,71.231
582.492,197.756,20.227,73.522
580.658,199.428,19.424,72.192
579.973,198.659,19.713,73.451
579.444,199.324,19.522,73.806
577.809,197.122,20.823,72.994
577.306,198.176,20.511,74.699
576.000,200.000,20.000,70.000
575.000,197.000,20.000,73.000
574.992,196.703,19.074,70.182
575.000,197.000,21.000,67.000
573.706,196.719,22.074,69.702
574.000,196.000,19.000,68.000
573.103,196.381,19.122,66.339
572.000,197.000,20.000,68.000
570.088,195.428,21.243,69.246
570.000,196.000,23.000,69.000
568.000,197.000,25.000,70.000
567.000,198.000,25.000,69.000
568.000,197.000,24.000,72.000
565.320,197.583,24.428,70.489
566.729,196.738,22.341,71.435
565.000,197.000,24.000,70.000
565.000,196.000,24.000,72.000
563.000,197.000,25.000,72.000
565.000,198.000,23.000,68.000
565.000,196.000,21.000,68.000
565.637,196.995,19.370,67.058
565.826,197.180,18.877,67.716
565.403,196.934,19.571,68.558
563.602,196.111,20.255,68.349
563.571,197.054,20.141,69.925
563.625,196.868,19.607,71.153
561.619,196.225,21.658,70.814
562.213,196.961,20.658,71.946
560.458,195.996,22.970,73.058
561.000,195.000,22.000,72.000
559.624,194.781,21.854,72.287
561.079,194.206,20.636,73.043
560.467,195.446,19.784,71.676
559.983,196.289,20.232,72.525
561.123,194.314,20.200,72.786
559.595,195.493,20.998,67.264
559.000,192.000,20.000,67.000
558.422,193.260,20.583,66.616
559.000,197.000,21.000,68.000
557.903,197.892,22.312,67.742
559.000,197.000,22.000,66.000
558.000,195.000,23.000,68.000
557.000,195.000,24.000,68.000
558.108,196.612,25.649,67.084
557.332,198.276,25.772,67.728
557.399,199.074,24.956,66.916
556.776,198.994,24.939,65.920
557.148,198.502,23.404,67.833
558.100,197.694,23.193,67.622
558.774,198.901,21.686,67.536
558.429,198.964,21.380,65.751
558.803,198.640,21.630,65.363
560.040,198.844,20.413,65.725
559.541,198.860,20.274,63.434
560.407,198.450,20.601,66.468
560.270,198.971,21.255,66.081
558.922,199.784,21.656,68.015
558.788,200.630,22.901,67.463
559.771,201.138,22.371,68.343
559.315,201.629,21.495,67.386
557.000,200.000,24.000,69.000
559.000,198.000,23.000,71.000
557.091,197.894,23.259,69.453
558.644,198.005,22.675,71.700
557.003,198.131,23.757,71.203
558.000,199.000,22.000,73.000
557.000,200.000,21.000,71.000
559.000,201.000,20.000,69.000
558.000,202.000,21.000,67.000
558.192,202.956,20.449,63.248
558.249,203.481,20.406,65.507
557.000,202.000,21.000,64.000
557.359,202.014,20.984,65.762
556.370,202.776,20.747,65.479
557.852,204.439,20.760,64.250
554.806,203.332,22.636,63.737
557.397,205.163,21.081,68.402
556.000,206.000,24.000,70.000
555.467,206.895,25.094,72.180
554.912,206.096,25.289,72.541
554.527,207.455,24.822,72.734
555.296,207.833,24.386,73.854
555.745,207.711,24.618,73.533
554.799,208.761,24.288,72.480
556.089,209.327,23.371,72.682
558.000,202.000,21.000,71.000
560.000,208.000,21.000,67.000
558.000,205.000,21.000,68.000
557.000,208.000,22.000,68.000
559.000,208.000,22.000,67.000
558.000,210.000,21.000,66.000
558.000,213.000,23.000,66.000
558.454,214.543,24.203,62.674
557.000,213.000,26.000,68.000
558.000,212.000,24.000,69.000
559.000,214.000,23.000,69.000
558.000,215.000,24.000,68.000
557.363,215.248,24.960,69.308
558.000,214.000,22.000,70.000
558.000,214.000,22.000,69.000
557.000,211.000,22.000,70.000
559.000,212.000,21.000,67.000
558.000,215.000,21.000,64.000
558.646,216.737,20.385,62.664
559.000,217.000,22.000,62.000
558.094,217.402,22.418,63.050
558.000,215.000,22.000,64.000
558.000,216.000,23.000,65.000
557.000,216.000,24.000,66.000
557.000,217.000,24.000,66.000
556.066,217.475,24.214,66.690
555.977,219.212,23.381,67.349
555.000,216.000,24.000,66.000
556.000,215.000,25.000,67.000
555.390,214.032,25.199,67.386
558.000,215.000,22.000,67.000
558.584,214.651,20.242,64.373
559.174,214.852,20.179,63.385
559.760,214.829,20.059,62.450
560.000,210.000,20.000,69.000
560.000,213.000,19.000,67.000
559.000,214.000,20.000,66.000
557.861,214.442,21.020,67.021
557.337,214.124,21.260,66.724
558.000,215.000,22.000,67.000
558.111,214.085,22.666,67.057
557.718,214.210,24.007,69.127
554.889,212.219,24.992,70.053
556.000,213.000,24.000,68.000
555.893,214.840,24.039,65.977
556.000,209.000,23.000,75.000
557.000,211.000,22.000,75.000
556.000,210.000,22.000,74.000
557.000,210.000,21.000,72.000
555.000,212.000,22.000,67.000
554.611,211.260,21.467,65.230
554.674,211.520,22.092,65.679
555.000,209.000,23.000,68.000
555.000,212.000,22.000,65.000
553.000,213.000,24.000,67.000
553.000,212.000,25.000,67.000
554.000,211.000,25.000,69.000
552.000,211.000,25.000,71.000
552.000,210.000,26.000,72.000
551.000,211.000,25.000,69.000
552.000,210.000,24.000,71.000
550.000,211.000,24.000,71.000
551.055,210.532,23.103,69.444
551.000,212.000,24.000,70.000
551.069,211.750,23.828,68.283
551.567,211.181,23.167,67.970
551.704,210.648,22.201,68.035
554.000,208.000,21.000,68.000
552.180,208.997,21.585,69.508
552.000,208.000,22.000,70.000
552.000,209.000,23.000,70.000
552.000,210.000,22.000,70.000
552.158,210.845,21.288,66.460
551.476,211.127,21.294,68.155
550.000,210.000,25.000,73.000
550.000,209.000,24.000,72.000
549.806,208.254,22.940,70.926
551.000,208.000,24.000,72.000
550.000,208.000,23.000,74.000
550.196,206.138,22.035,74.746
551.000,207.000,21.000,72.000
552.000,207.000,20.000,71.000
550.000,206.000,21.000,71.000
549.573,205.847,21.772,71.648
552.000,206.000,21.000,70.000
550.000,207.000,23.000,71.000
550.918,207.031,22.066,69.841
550.506,205.290,23.097,71.166
549.773,207.428,25.994,69.642
549.000,206.000,25.000,73.000
549.133,205.740,25.241,69.994
547.000,207.000,26.000,72.000
549.336,205.042,23.358,72.427
549.000,205.000,24.000,72.000
548.000,205.000,23.000,72.000
550.442,204.783,22.170,71.300
549.269,204.197,21.687,69.651
551.000,204.000,22.000,69.000
551.000,204.000,20.000,71.000
552.623,202.995,18.873,69.621
552.858,204.618,19.046,71.474
553.417,202.987,19.497,70.916
550.999,204.254,20.087,75.140
552.000,202.000,22.000,71.000
551.000,205.000,23.000,73.000
549.000,205.000,24.000,71.000
548.753,206.262,24.855,71.620
548.224,205.275,25.324,70.854
548.638,204.923,25.295,73.144
549.247,204.380,25.114,71.771
550.000,204.000,22.000,74.000
551.000,202.000,22.000,74.000
550.917,203.569,21.917,73.148
552.000,202.000,21.000,72.000
550.885,202.037,21.598,70.701
552.000,202.000,21.000,68.000
550.630,201.907,21.693,68.167
550.000,201.000,22.000,69.000
552.000,204.000,22.000,72.000
552.000,203.000,23.000,67.000
551.000,204.000,24.000,70.000
551.613,203.067,25.620,68.778
552.000,203.000,26.000,72.000
552.000,203.000,25.000,73.000
551.000,203.000,26.000,71.000
553.421,203.992,24.155,70.000
552.988,203.883,22.740,71.258
552.000,205.000,23.000,70.000
553.000,204.000,23.000,70.000
555.000,203.000,22.000,69.000
556.000,201.000,20.000,70.000
557.000,204.000,19.000,72.000
558.000,201.000,20.000,71.000
557.000,203.000,20.000,69.000
556.000,202.000,20.000,72.000
558.000,202.000,20.000,72.000
557.835,203.085,20.244,72.568
557.859,201.051,20.885,73.856
556.697,203.189,21.932,73.023
557.000,205.000,23.000,74.000
559.000,204.000,22.000,73.000
560.000,203.000,21.000,74.000
559.778,204.276,20.428,73.056
560.566,203.141,21.099,72.556
558.000,203.000,21.000,74.000
560.000,202.000,21.000,75.000
561.352,200.614,20.422,73.907
561.681,200.776,20.220,71.850
561.013,199.762,20.350,71.762
560.980,200.242,20.623,73.870
560.000,203.000,21.000,69.000
560.240,203.048,21.192,70.550
561.000,203.000,23.000,70.000
561.113,202.282,24.761,71.303
