553.000,555.000,54.000,102.000
542.000,551.000,55.000,108.000
532.648,546.637,56.237,115.673
524.000,546.000,55.000,112.000
514.485,544.680,55.726,115.101
506.673,539.998,56.326,116.670
497.277,536.252,55.063,120.087
488.482,533.524,55.377,119.670
479.868,527.809,53.658,121.876
472.422,525.580,54.622,119.745
463.000,524.000,54.000,115.000
455.323,522.579,55.143,110.144
445.934,520.817,53.577,104.348
438.135,519.314,52.199,99.039
430.869,518.956,50.962,95.568
422.468,517.549,50.044,94.284
414.148,515.480,50.591,98.712
406.061,513.007,51.996,102.656
399.467,509.778,51.738,106.054
391.273,509.458,50.356,106.665
383.387,507.222,52.393,107.187
377.000,503.000,55.000,116.000
370.031,501.194,57.450,117.924
361.384,498.628,59.705,119.455
355.263,495.126,61.285,120.825
348.092,492.227,62.621,119.987
341.950,489.444,64.055,119.473
335.624,486.510,66.179,118.958
330.327,482.880,66.170,118.005
324.808,479.798,66.975,116.207
321.605,475.897,66.699,114.302
318.321,472.961,67.586,110.381
316.277,471.040,67.137,110.418
314.293,469.115,68.373,109.600
312.561,465.267,67.473,111.624
311.951,462.588,66.245,113.541
311.476,459.138,64.939,116.846
310.773,455.537,66.383,119.372
310.312,451.747,65.504,120.830
310.213,447.023,65.554,123.449
308.657,442.711,65.449,123.823
308.219,437.541,64.156,125.878
311.000,438.000,50.000,112.000
312.031,434.684,47.974,106.228
312.956,431.375,44.111,95.974
312.383,426.963,44.351,91.800
312.496,423.947,43.936,88.655
312.149,421.546,43.641,86.493
311.984,418.797,43.802,87.044
311.933,417.215,43.048,87.795
310.000,409.000,45.000,99.000
309.000,406.000,46.000,102.000
309.000,403.000,44.000,101.000
309.063,400.837,43.924,103.617
307.000,400.000,44.000,104.000
306.339,395.361,44.605,103.711
305.530,395.285,44.511,105.235
304.583,392.616,44.559,104.204
303.256,388.270,46.217,103.458
301.084,387.485,42.799,105.265
300.752,384.337,41.317,103.956
299.452,382.312,42.865,100.951
295.910,380.949,43.789,97.762
295.107,378.343,44.292,98.801
293.777,376.486,42.849,96.647
295.692,376.155,41.907,91.166
297.889,374.917,40.818,87.243
301.817,374.579,39.471,87.152
306.783,372.555,38.964,85.437
311.518,369.161,40.119,85.728
317.062,365.518,39.914,85.018
322.552,361.724,41.145,84.410
328.000,357.000,49.000,85.000
333.120,353.495,52.077,83.753
342.000,352.000,45.000,83.000
349.112,350.330,43.373,82.864
356.390,347.107,42.394,83.102
362.193,344.368,43.395,84.308
369.405,341.687,43.045,84.376
373.983,338.075,44.919,85.393
380.554,335.582,45.172,85.635
387.403,333.101,44.964,85.182
394.183,330.779,43.605,83.969
400.773,328.012,43.453,85.876
406.961,326.210,44.085,87.092
413.014,323.628,43.701,87.500
419.170,321.055,43.182,89.113
426.161,319.111,41.368,89.203
431.288,316.122,41.384,91.897
438.008,315.439,39.503,91.734
442.478,311.996,38.910,93.450
447.968,310.495,37.849,94.678
452.643,308.199,37.896,96.106
458.003,308.332,37.015,97.020
463.495,306.290,36.196,97.169
468.948,305.330,35.658,97.352
472.907,304.397,33.941,101.444
480.488,303.820,34.430,101.454
484.958,303.933,33.160,100.677
489.570,301.684,33.754,100.227
493.846,301.520,32.508,100.590
498.436,301.371,32.782,101.697
502.436,301.594,31.883,97.824
506.847,301.169,31.273,97.883
510.242,300.986,32.435,96.333
514.811,300.989,32.750,98.195
517.478,302.193,34.366,93.548
522.433,303.369,35.242,93.959
525.571,303.965,37.194,90.063
530.437,303.903,37.295,88.025
534.056,305.098,39.437,86.231
538.731,305.861,40.100,86.370
542.890,308.051,41.421,85.935
547.548,308.152,41.759,87.528
553.006,309.118,40.473,84.970
557.946,309.493,40.734,87.165
563.091,311.210,40.778,88.161
569.705,313.224,39.249,84.867
574.963,314.120,37.953,88.379
581.151,315.669,36.621,85.182
585.554,318.120,37.524,86.257
592.722,318.519,34.778,86.279
597.274,320.939,34.572,86.862
602.673,323.541,34.915,85.177
608.628,325.046,34.714,87.454
613.392,328.210,34.683,86.263
618.120,329.861,34.249,86.544
623.241,333.240,34.077,86.678
626.740,335.677,33.254,85.239
632.202,340.436,35.313,85.556
637.969,341.773,35.982,84.403
641.528,345.160,35.390,86.587
645.211,348.186,35.240,83.772
649.147,350.461,35.467,85.075
652.913,354.000,35.400,84.163
655.233,358.048,36.042,85.051
657.996,361.375,36.017,83.860
660.073,364.812,35.821,82.429
661.982,368.930,35.815,81.074
662.394,371.811,37.325,84.226
664.883,374.773,37.921,83.963
666.839,378.406,37.904,84.635
667.405,382.645,37.556,83.467
667.494,387.197,39.207,82.330
668.069,391.403,39.131,81.238
669.226,395.443,38.757,82.627
668.963,398.898,38.982,81.579
669.737,403.146,38.914,83.273
669.798,407.653,40.114,82.995
669.836,411.622,39.786,83.773
669.078,416.421,39.241,85.071
670.813,420.147,39.860,85.271
669.737,424.894,39.073,86.446
669.101,429.743,38.745,87.613
669.606,434.113,38.394,90.254
669.287,438.977,39.048,90.405
668.813,443.124,38.872,90.961
669.541,447.689,39.966,91.577
667.465,451.567,42.210,91.689
668.280,456.713,41.665,91.825
666.523,461.563,40.991,90.764
668.173,465.881,39.369,86.825
666.695,471.618,39.745,88.021
665.786,476.733,39.815,88.563
664.819,482.129,38.542,87.818
664.319,487.602,39.622,87.835
663.585,492.034,40.149,87.173
662.135,497.462,39.596,85.442
661.786,502.483,38.715,86.057
661.927,506.443,39.308,85.285
661.677,512.553,39.093,81.550
661.196,517.271,39.111,81.629
661.858,521.384,38.526,82.460
659.891,525.667,40.457,86.491
660.068,530.263,40.421,84.946
660.088,535.223,39.304,86.793
658.807,540.317,41.819,92.772
659.648,545.746,40.254,97.118
658.793,550.768,41.314,101.850
659.166,554.475,41.170,99.072
658.204,559.533,39.839,100.916
658.584,563.537,39.392,97.708
657.902,569.216,38.742,100.006
658.200,573.740,39.757,95.678
657.813,580.541,38.618,96.940
657.161,585.326,39.902,92.776
655.446,589.493,40.071,93.435
653.649,593.673,41.138,91.253
652.035,599.280,40.752,89.536
650.216,603.968,41.131,88.096
648.127,609.227,41.102,85.266
646.570,613.974,41.649,84.383
645.000,619.000,50.000,86.000
642.000,625.000,50.000,85.000
639.000,629.000,49.000,86.000
638.130,634.696,49.592,85.865
632.702,640.608,52.866,84.008
628.840,645.217,58.331,82.263
629.044,652.161,58.461,77.683
629.064,660.495,59.433,71.833
628.085,665.491,60.257,67.066
628.858,672.663,59.447,60.533
621.000,679.000,48.000,45.000
617.000,684.000,45.000,39.000
613.000,689.000,45.000,36.000
605.000,694.000,41.000,32.000
600.000,699.000,38.000,25.000
600.000,699.000,38.000,25.000
600.000,699.000,38.000,25.000
600.000,699.000,38.000,25.000
600.000,699.000,38.000,25.000
600.000,699.000,38.000,25.000
600.000,699.000,38.000,25.000
600.000,699.000,38.000,25.000
600.000,699.000,38.000,25.000
600.000,699.000,38.000,25.000
599.124,698.002,39.277,23.897
606.937,698.767,39.387,24.017
614.725,699.394,39.894,23.647
623.310,700.946,41.832,24.092
632.079,701.452,45.436,24.072
635.128,702.774,48.863,23.875
657.935,705.141,60.438,24.610
600.000,699.000,38.000,25.000
600.001,692.879,43.890,27.958
597.777,689.237,38.950,28.565
605.690,685.316,32.119,28.839
608.388,682.988,24.962,28.449
598.870,686.350,17.625,29.923
600.000,699.000,38.000,25.000
596.499,699.175,38.019,21.029
588.072,703.507,33.773,19.124
582.482,705.531,32.614,15.792
577.023,707.291,30.929,13.181
564.761,709.777,28.609,11.897
556.573,711.324,29.121,9.579
553.500,712.929,26.090,8.438
548.549,714.087,26.674,6.787
547.339,715.339,30.519,5.293
543.372,716.013,28.646,4.172
600.000,699.000,38.000,25.000
600.000,699.000,38.000,25.000
600.000,699.000,38.000,25.000
600.000,699.000,38.000,25.000
600.000,699.000,38.000,25.000
600.000,699.000,38.000,25.000
602.789,696.530,38.323,24.369
600.000,699.000,38.000,25.000
599.203,701.690,40.354,24.710
600.000,699.000,38.000,25.000
600.000,699.000,38.000,25.000
600.000,699.000,38.000,25.000
600.000,699.000,38.000,25.000
602.561,697.624,38.748,24.325
611.789,695.644,38.911,24.495
600.000,699.000,38.000,25.000
603.665,691.614,42.754,27.863
607.325,692.934,41.666,29.660
616.207,692.158,39.122,27.212
622.696,693.080,35.976,26.654
627.991,695.839,34.659,26.362
632.440,698.104,34.160,25.469
633.729,697.702,33.735,24.086
635.647,698.774,33.994,22.864
635.491,700.450,32.295,21.589
645.815,702.923,33.617,20.321
534.000,693.000,34.000,27.000
533.000,688.000,37.000,31.000
535.000,683.000,35.000,33.000
535.000,678.000,41.000,42.000
537.000,673.000,43.000,45.000
540.000,668.000,42.000,52.000
541.000,664.000,42.000,58.000
542.000,659.000,45.000,64.000
544.000,653.000,45.000,70.000
545.000,646.000,50.000,77.000
546.000,636.000,50.000,84.000
550.000,629.000,49.000,90.000
549.000,622.000,55.000,96.000
553.000,614.000,56.000,102.000
558.000,606.000,55.000,108.000
563.000,598.000,53.000,115.000
568.000,589.000,50.000,120.000
572.000,584.000,48.000,120.000
577.000,579.000,47.000,115.000
584.000,575.000,46.000,113.000
590.000,570.000,42.000,107.000
595.000,563.000,43.000,104.000
605.308,556.111,47.613,99.107
614.051,550.515,47.688,94.862
616.962,546.442,47.426,97.052
621.196,538.700,49.278,99.426
625.716,532.519,51.713,103.931
630.269,525.125,53.088,107.989
630.000,520.000,47.000,112.000
634.685,513.238,46.498,109.004
642.000,513.000,45.000,105.000
647.709,508.407,44.286,98.563
652.928,505.050,41.991,93.912
655.000,503.000,48.000,98.000
659.000,495.000,52.000,103.000
664.000,486.000,52.000,113.000
671.298,476.258,52.758,113.087
674.000,477.000,55.000,116.000
679.111,470.690,57.951,110.834
688.000,463.000,55.000,119.000
696.000,457.000,50.000,118.000
704.000,453.000,46.000,118.000
712.000,450.000,48.000,115.000
719.821,447.985,45.585,104.171
725.974,444.752,43.538,95.487
729.000,442.000,44.000,95.000
732.000,435.000,42.000,101.000
734.000,428.000,44.000,106.000
736.651,420.488,44.055,111.127
737.132,414.753,46.248,112.786
737.494,407.051,46.847,116.296
739.000,400.000,43.000,115.000
738.000,395.000,45.000,117.000
736.000,390.000,46.000,113.000
738.432,386.399,47.243,102.461
733.000,386.000,43.000,103.000
731.445,380.836,41.075,95.899
727.383,375.351,43.435,96.039
722.825,370.875,46.054,104.976
720.428,362.975,47.079,109.600
719.000,358.000,45.000,107.000
715.982,352.715,45.744,110.917
714.010,346.016,43.952,110.070
711.000,340.000,45.000,112.000
708.000,336.000,46.000,109.000
706.110,331.970,45.038,109.402
702.836,331.277,47.204,105.083
705.000,328.000,44.000,105.000
704.000,326.000,42.000,101.000
703.308,323.650,40.074,94.229
701.000,320.000,40.000,96.000
699.000,315.000,39.000,100.000
696.874,310.531,38.031,106.250
696.000,306.000,36.000,109.000
695.000,302.000,35.000,110.000
692.000,299.000,34.000,109.000
691.000,294.000,34.000,110.000
690.272,291.135,32.866,108.805
687.000,291.000,33.000,102.000
684.000,289.000,32.000,97.000
679.000,289.000,32.000,89.000
678.000,285.000,36.000,90.000
675.000,280.000,36.000,94.000
674.000,277.000,36.000,99.000
672.714,272.853,36.665,100.903
670.137,267.245,36.962,106.165
671.711,263.783,38.587,105.308
669.089,265.485,39.553,105.633
666.033,262.906,38.920,108.293
663.517,262.544,38.127,109.208
660.976,263.352,37.478,104.664
658.649,260.977,36.587,102.293
655.705,258.919,35.886,99.076
653.363,257.847,35.014,95.500
652.381,255.950,34.650,93.210
654.000,255.000,29.000,90.000
653.756,254.133,25.915,89.584
651.114,252.483,25.904,90.082
648.723,251.568,26.259,91.153
646.000,248.000,29.000,98.000
642.000,249.000,30.000,96.000
641.000,248.000,29.000,95.000
638.633,247.849,30.433,92.337
637.000,250.000,30.000,87.000
632.973,252.382,32.156,84.746
631.729,253.526,30.549,83.454
628.840,252.545,29.512,89.035
627.046,250.939,28.048,90.730
624.802,249.568,28.927,94.105
621.539,245.880,30.343,96.954
619.211,242.771,31.730,101.125
617.159,244.153,31.268,99.497
614.000,240.000,34.000,109.000
611.000,241.000,37.000,106.000
608.441,242.002,37.332,104.546
606.182,243.998,37.557,100.398
604.423,245.735,37.396,99.564
602.535,246.050,36.728,91.312
602.419,247.646,37.847,88.113
599.156,247.747,34.266,87.139
594.000,243.000,37.000,98.000
591.000,243.000,37.000,102.000
588.495,239.340,36.624,107.421
585.586,240.328,37.606,108.835
582.134,238.834,37.213,113.275
579.470,239.259,38.313,114.688
576.248,238.546,38.890,113.110
572.797,241.809,39.444,112.406
570.437,243.205,39.141,107.886
566.645,244.088,39.013,106.014
565.000,250.000,37.000,92.000
560.418,251.983,37.723,90.057
558.000,252.000,38.000,91.000
555.000,251.000,39.000,96.000
550.894,249.283,41.734,100.694
548.159,248.291,43.331,103.040
547.000,249.000,37.000,105.000
543.672,251.403,37.263,107.506
541.074,252.396,39.019,107.087
539.685,253.509,37.954,107.901
537.610,255.876,37.082,106.208
534.605,257.135,36.715,103.828
532.125,260.402,34.077,103.529
527.110,261.041,32.156,102.800
525.422,262.732,31.204,100.064
522.341,264.199,30.598,98.884
517.994,268.283,31.456,100.087
514.193,271.347,32.551,100.342
510.343,272.964,32.878,96.762
506.746,276.392,33.956,98.107
503.922,277.127,39.370,95.915
500.704,283.228,39.255,88.364
496.362,286.713,38.364,82.811
491.523,289.276,39.101,85.763
489.040,292.222,39.365,88.411
485.826,294.920,36.660,91.176
481.331,297.528,35.234,94.077
478.107,298.804,34.463,98.780
475.240,302.045,33.895,101.757
470.432,303.237,34.368,105.508
467.042,305.165,33.215,111.129
463.393,308.535,33.776,112.088
461.101,311.476,32.736,112.679
456.433,315.646,35.532,117.600
452.849,317.756,34.694,113.996
449.135,321.098,36.430,117.627
443.882,324.043,36.562,113.552
439.773,326.748,37.569,110.165
434.652,330.453,39.684,110.101
425.000,341.000,54.000,96.000
414.779,347.074,64.697,90.406
406.468,351.837,72.231,83.629
412.000,354.000,60.000,87.000
410.009,359.647,58.761,90.222
408.812,367.495,59.283,86.126
405.686,371.436,60.058,90.678
403.804,376.851,60.382,88.342
401.725,381.090,57.946,91.191
400.972,384.642,59.907,94.195
401.629,389.120,60.401,93.992
402.732,391.233,61.942,94.684
407.200,394.802,61.438,95.903
413.472,397.695,64.351,94.358
418.787,401.826,62.699,93.688
424.274,405.740,59.779,93.239
429.860,408.283,58.641,92.446
432.000,408.000,56.000,93.000
438.478,407.831,58.053,94.889
449.000,414.000,51.000,89.000
456.829,416.727,48.362,86.606
464.053,418.713,47.646,83.100
471.431,420.507,47.338,81.035
478.654,423.752,46.009,81.765
485.000,424.000,49.000,85.000
491.077,427.032,50.990,87.328
497.126,428.945,52.882,91.594
503.120,431.306,52.201,94.820
507.887,432.765,50.509,93.725
512.257,434.372,50.577,97.695
515.526,436.456,50.478,100.585
519.749,439.267,49.179,99.491
524.218,440.546,50.516,101.806
526.276,443.463,50.030,103.754
529.800,445.875,49.646,102.391
531.879,448.274,50.762,104.669
534.718,450.471,52.919,103.320
537.773,451.700,51.196,101.601
539.489,453.762,52.322,100.154
543.001,455.268,52.905,96.985
545.903,457.252,50.212,90.453
549.844,459.149,48.244,89.864
553.601,461.607,48.372,88.807
557.314,465.475,49.776,87.821
558.000,469.000,52.000,87.000
562.000,472.000,49.000,86.000
564.000,476.000,44.000,86.000
564.872,480.161,40.390,86.640
567.860,483.743,40.495,86.957
571.479,487.938,40.931,86.950
574.710,491.147,42.962,88.008
575.561,494.739,45.707,89.550
575.374,496.206,49.274,88.373
577.704,497.161,50.994,86.674
580.082,497.957,49.361,85.459
583.285,498.701,49.141,84.354
587.731,500.087,46.697,85.618
591.525,501.309,47.480,89.552
593.341,502.691,44.968,94.592
595.465,505.281,45.051,97.097
598.690,507.008,48.618,100.613
601.100,508.707,46.620,105.812
606.016,509.180,49.038,109.967
608.418,510.694,46.226,112.008
612.326,511.272,45.909,114.229
616.499,512.739,46.164,116.328
620.023,513.212,45.616,116.996
622.649,512.512,45.093,117.030
626.159,513.996,43.828,112.668
628.551,514.390,43.413,111.460
631.828,516.033,42.548,107.146
634.679,517.001,44.003,106.236
638.390,519.402,43.260,101.895
640.980,521.008,44.181,97.473
645.414,523.433,42.929,93.729
649.155,526.281,42.851,93.809
653.251,529.538,42.488,93.575
655.661,532.711,43.908,91.580
659.579,536.769,44.302,90.577
662.736,540.393,43.540,93.099
671.000,538.000,44.000,104.000
673.000,543.000,46.000,101.000
674.665,546.291,46.952,99.554
676.348,548.598,47.139,100.057
678.314,551.462,46.617,96.419
679.376,554.642,48.055,93.727
681.536,557.403,49.934,89.612
683.826,560.204,49.145,83.853
685.653,562.843,50.400,78.640
687.639,565.084,50.043,72.935
688.307,565.811,51.648,72.896
693.000,569.000,45.000,75.000
693.673,571.387,44.156,78.704
699.000,574.000,43.000,78.000
702.262,577.098,41.540,80.330
705.509,579.790,38.984,82.010
707.495,581.320,39.207,86.748
709.328,583.649,37.784,86.082
711.419,585.283,37.628,88.659
713.000,584.000,39.000,88.000
713.528,585.097,41.404,93.237
714.930,586.797,42.475,93.470
717.896,588.534,42.193,95.638
720.049,590.381,42.979,96.706
722.335,591.554,44.055,98.808
724.717,592.163,44.658,101.808
727.022,594.168,43.435,103.401
729.781,596.206,43.761,101.560
731.508,596.196,44.452,103.834
736.704,598.940,46.331,97.876
739.000,607.000,39.000,100.000
743.204,609.954,36.709,95.052
744.000,609.000,41.000,101.000
744.615,612.621,43.358,98.385
746.557,614.771,44.616,97.775
748.810,616.781,45.596,98.284
751.776,618.442,43.576,96.007
754.301,620.947,42.792,95.145
757.116,624.153,42.376,93.275
759.787,627.814,41.906,90.684
763.003,630.054,41.097,87.240
765.312,632.910,39.744,85.535
768.955,636.121,39.129,84.587
773.389,639.961,36.306,80.323
775.861,642.613,34.938,81.186
779.886,646.847,32.541,76.913
781.471,649.507,32.002,73.590
784.881,655.149,31.431,70.342
785.739,656.765,31.769,67.619
788.729,662.715,30.844,63.891
787.961,664.165,32.567,61.382
788.361,670.637,32.459,54.319
786.000,674.000,41.000,61.000
787.000,677.000,42.000,48.000
788.256,680.811,42.483,43.131
788.323,684.456,43.656,38.738
788.786,686.943,44.110,34.662
791.732,690.476,45.200,33.092
795.000,696.000,41.000,34.000
801.000,697.000,35.000,29.000
804.000,701.000,32.000,24.000
804.000,704.000,31.000,19.000
805.274,706.909,30.065,15.308
805.338,709.199,30.715,13.336
805.916,710.483,29.628,12.088
805.686,712.600,29.890,11.772
805.249,713.806,28.735,10.457
802.299,714.400,33.174,10.546
809.000,713.000,37.000,21.000
809.000,713.000,37.000,21.000
809.000,713.000,37.000,21.000
809.000,713.000,37.000,21.000
809.000,713.000,37.000,21.000
809.000,713.000,37.000,21.000
809.000,713.000,37.000,21.000
809.000,713.000,37.000,21.000
809.000,713.000,37.000,21.000
809.000,713.000,37.000,21.000
810.634,712.948,37.848,20.649
809.000,713.000,37.000,21.000
810.602,713.163,37.111,21.283
809.000,713.000,37.000,21.000
804.036,711.749,36.287,20.226
809.000,713.000,37.000,21.000
809.000,713.000,37.000,21.000
809.000,713.000,37.000,21.000
809.000,713.000,37.000,21.000
807.150,713.695,37.637,20.735
805.412,714.420,37.938,20.548
809.000,713.000,37.000,21.000
811.686,711.526,34.272,21.648
811.695,708.854,30.629,21.993
812.377,706.717,28.961,22.281
801.044,701.587,38.789,25.168
790.795,696.637,38.861,23.690
785.348,695.078,29.083,22.355
779.123,696.711,21.918,23.237
778.708,698.584,17.303,23.113
781.849,697.606,13.234,22.127
786.216,698.462,11.472,22.630
790.615,700.376,11.007,22.750
793.883,700.059,11.399,20.910
797.018,701.473,10.274,20.627
801.925,701.776,10.485,20.675
806.475,701.968,11.732,21.630
811.876,701.132,11.929,21.778
817.873,700.534,12.104,21.574
825.602,701.335,13.203,22.325
828.766,699.574,12.836,20.653
829.342,700.974,10.308,21.178
829.512,700.167,9.077,20.101
832.081,699.444,8.397,20.487
832.552,697.988,7.979,18.703
831.846,698.743,7.220,17.585
835.114,697.767,7.834,18.555
837.943,697.387,7.203,19.013
842.355,697.865,7.285,20.667
847.238,696.608,8.491,22.214
849.608,697.783,7.503,22.395
853.834,697.298,7.223,23.838
857.509,695.864,7.045,24.288
861.591,692.609,7.801,24.698
868.007,694.685,9.496,29.326
743.000,607.000,38.000,28.000
742.960,594.797,35.322,29.026
740.000,620.000,44.000,34.000
732.000,619.000,49.000,42.000
728.000,616.000,50.000,53.000
719.000,605.000,56.000,67.000
706.257,611.649,67.129,71.047
716.000,606.000,51.000,82.000
713.000,610.000,51.000,81.000
711.000,611.000,48.000,80.000
709.000,613.000,50.000,87.000
706.000,618.000,51.000,91.000
704.561,623.232,51.952,93.742
699.416,624.909,54.462,97.127
694.000,626.000,54.000,91.000
689.396,628.524,57.308,90.204
686.423,631.463,55.038,87.189
683.262,635.244,55.003,84.660
679.758,636.978,53.704,81.972
677.696,639.697,53.310,79.946
673.000,642.000,55.000,78.000
671.000,643.000,52.000,77.000
666.572,643.067,50.422,76.259
662.000,643.000,53.000,74.000
658.000,643.000,53.000,75.000
654.000,642.000,53.000,76.000
649.000,644.000,54.000,75.000
645.000,644.000,55.000,76.000
640.000,644.000,57.000,76.000
639.000,644.000,54.000,76.000
634.000,643.000,55.000,76.000
630.000,643.000,54.000,76.000
625.000,642.000,54.000,78.000
623.000,640.000,53.000,79.000
619.000,641.000,54.000,76.000
617.000,639.000,51.000,77.000
613.000,636.000,49.000,83.000
608.714,631.696,48.885,84.958
606.509,629.144,49.226,83.262
602.631,627.652,48.148,83.312
598.044,624.260,49.769,79.519
593.887,623.394,52.827,79.132
590.000,622.000,54.000,82.000
585.000,620.000,56.000,88.000
580.000,619.000,57.000,93.000
576.000,615.000,56.000,96.000
574.000,614.000,57.000,98.000
570.000,613.000,54.000,97.000
568.000,611.000,55.000,97.000
566.000,610.000,53.000,99.000
564.000,610.000,53.000,94.000
561.000,611.000,49.000,92.000
559.348,609.368,46.161,88.478
555.000,608.000,48.000,89.000
552.000,607.000,45.000,85.000
548.497,605.265,44.888,82.492
544.904,603.101,43.400,80.907
542.461,600.508,42.273,79.119
539.510,598.491,41.205,78.991
535.361,595.995,41.162,78.933
532.127,593.228,40.526,78.549
529.500,590.334,38.988,77.960
526.194,587.571,38.552,78.227
522.685,584.648,38.498,78.838
520.448,581.355,37.500,78.478
516.342,578.872,37.295,79.835
511.965,586.140,38.847,81.727
510.108,581.492,39.937,79.330
506.274,576.284,40.666,77.357
502.743,575.008,39.584,76.136
499.315,571.063,40.111,75.909
495.886,568.739,39.035,75.807
494.000,564.000,37.000,81.000
490.000,564.000,38.000,79.000
486.945,562.295,37.827,78.961
484.645,559.686,36.688,78.460
477.000,555.000,40.000,82.000
472.920,549.749,42.279,85.453
468.353,547.281,43.997,86.327
463.959,544.811,46.863,88.876
460.295,543.380,48.024,89.967
456.934,542.110,49.532,90.502
453.927,541.279,50.490,90.338
453.693,540.855,51.538,90.473
450.583,539.360,51.895,91.392
447.711,537.702,52.088,90.081
444.557,536.497,52.239,90.945
442.342,535.548,51.786,90.349
440.237,534.585,51.304,90.182
437.645,533.279,51.653,90.918
434.427,532.111,52.136,89.376
431.667,530.669,50.992,89.292
429.608,530.592,51.068,88.475
427.514,529.484,51.212,88.285
424.620,527.693,51.227,89.125
422.770,526.878,50.249,88.951
421.038,525.273,50.185,88.924
418.445,524.575,49.732,88.407
414.378,536.188,53.452,91.156
413.619,535.222,54.406,93.353
411.234,530.669,55.279,93.810
410.064,526.065,56.217,92.730
408.069,523.205,54.930,92.766
406.670,521.022,52.280,92.471
404.690,520.061,53.842,90.559
403.513,517.949,52.583,90.176
403.437,516.077,53.944,90.004
403.848,512.712,53.197,90.543
405.555,511.542,52.287,90.556
407.739,509.511,52.980,91.025
409.960,507.376,53.275,90.362
410.973,504.489,53.060,91.243
415.289,502.414,52.291,90.424
417.559,500.596,53.751,91.127
421.293,497.527,52.407,90.256
425.231,495.321,52.172,92.419
428.349,493.566,51.497,90.556
431.085,491.308,50.733,90.829
433.408,489.325,50.267,91.544
436.867,488.573,51.267,91.522
440.761,485.331,49.593,92.538
443.982,485.008,50.626,92.351
447.269,482.969,50.466,92.894
449.366,481.823,51.398,92.236
452.513,479.994,50.853,91.601
457.536,479.370,48.076,90.807
459.421,477.269,48.793,91.471
463.271,477.327,49.257,91.550
466.291,476.172,50.093,90.163
470.126,474.413,49.363,89.702
470.637,487.158,51.567,92.952
474.344,485.899,52.229,94.391
477.986,480.821,51.138,95.639
482.833,476.772,51.553,95.096
485.581,474.101,50.538,92.753
489.606,472.352,50.437,90.750
492.766,470.935,49.604,89.589
495.391,468.701,48.905,90.697
499.757,469.623,50.506,89.906
502.841,467.926,48.972,89.911
507.235,467.167,48.228,89.998
511.288,465.210,47.846,89.645
514.867,465.449,47.929,90.490
518.394,464.677,47.667,89.927
522.033,464.812,46.492,89.881
525.963,464.642,46.281,89.547
528.430,464.197,46.790,90.019
531.479,462.600,47.339,90.868
536.226,462.281,47.357,90.529
540.148,462.930,47.336,89.943
543.257,463.135,47.957,89.832
546.479,462.163,48.359,90.726
551.262,463.370,47.979,89.778
553.670,462.219,49.530,91.363
556.024,463.596,50.203,91.268
559.904,462.858,51.208,91.835
563.183,462.303,51.598,92.163
567.150,463.186,51.361,92.213
570.631,463.740,51.576,92.355
574.255,463.106,50.398,92.604
578.046,463.562,50.858,91.658
582.619,463.404,49.261,91.487
584.091,477.555,52.246,95.770
596.000,467.000,42.000,87.000
601.000,466.000,41.000,88.000
605.000,467.000,39.000,90.000
610.000,468.000,40.000,90.000
612.000,469.000,38.000,91.000
616.000,469.000,39.000,91.000
621.000,469.000,40.000,90.000
624.000,471.000,40.000,90.000
627.000,472.000,39.000,90.000
631.000,471.000,39.000,93.000
633.000,474.000,39.000,92.000
637.000,472.000,39.000,95.000
642.000,476.000,41.000,92.000
643.000,475.000,41.000,92.000
646.000,478.000,42.000,93.000
650.000,478.000,41.000,93.000
652.000,480.000,43.000,93.000
653.000,482.000,45.000,94.000
656.000,482.000,46.000,93.000
659.000,485.000,45.000,93.000
662.000,486.000,44.000,93.000
664.207,487.601,43.251,94.124
666.732,489.450,44.803,94.373
668.000,491.000,47.000,93.000
670.000,491.000,45.000,94.000
670.000,494.000,47.000,94.000
671.000,494.000,46.000,93.000
671.971,494.127,46.883,92.951
673.174,496.721,46.719,93.248
671.948,498.853,47.691,93.901
672.288,499.744,47.024,94.541
670.366,513.765,48.295,95.378
670.000,503.000,48.000,95.000
669.685,500.804,47.616,96.715
667.829,502.578,47.805,97.319
664.706,503.889,47.392,98.600
661.107,504.804,48.410,100.170
657.715,505.074,47.541,101.188
653.277,505.748,48.742,101.369
650.000,513.000,47.000,101.000
645.314,512.189,47.030,99.631
642.000,516.000,45.000,101.000
638.576,515.752,44.271,103.118
633.548,518.205,43.340,103.065
629.286,521.906,43.164,102.071
624.767,523.172,44.205,104.005
618.000,526.000,47.000,100.000
613.134,528.012,47.318,97.752
608.358,531.726,48.448,97.590
603.104,533.795,47.622,95.996
597.132,535.633,48.126,97.386
591.530,539.539,49.598,96.886
586.419,541.838,49.443,94.205
580.715,544.042,49.150,95.694
575.335,545.684,49.682,93.772
569.581,549.028,51.338,94.988
562.793,552.110,51.341,93.996
557.094,551.920,51.397,94.928
551.808,556.731,52.284,92.879
546.117,557.594,51.778,92.865
540.234,561.144,52.313,92.821
533.785,562.802,52.637,93.309
527.337,564.972,53.433,95.662
521.965,576.090,56.655,95.513
516.118,575.985,56.666,97.287
510.423,575.758,56.035,95.462
504.881,577.222,56.119,92.375
497.528,578.620,56.303,92.308
492.494,581.002,55.334,91.986
485.280,583.257,56.388,92.640
479.680,585.097,55.340,92.209
475.000,588.000,56.000,93.000
469.000,591.000,57.000,92.000
461.000,594.000,58.000,92.000
456.000,596.000,58.000,91.000
449.000,599.000,58.000,91.000
442.000,601.000,58.000,91.000
439.000,605.000,57.000,89.000
431.000,607.000,59.000,90.000
423.000,610.000,59.000,88.000
419.000,611.000,59.000,90.000
413.000,615.000,62.000,87.000
405.000,617.000,63.000,88.000
404.000,618.000,61.000,89.000
396.000,621.000,64.000,90.000
393.000,623.000,63.000,89.000
387.000,624.000,65.000,91.000
387.000,624.000,64.000,91.000
384.000,626.000,64.000,89.000
378.000,628.000,67.000,87.000
377.000,627.000,66.000,86.000
376.000,629.000,67.000,86.000
375.000,630.000,66.000,87.000
371.000,628.000,66.000,87.000
369.620,629.651,66.382,85.028
367.151,642.361,69.553,86.090
363.479,640.847,74.239,82.171
365.000,628.000,65.000,89.000
360.000,629.000,71.000,88.000
357.719,627.079,69.776,88.014
356.026,626.393,69.735,87.669
352.228,627.896,70.783,86.526
350.437,626.765,71.112,87.315
351.000,628.000,67.000,87.000
348.000,628.000,66.000,85.000
344.000,627.000,69.000,90.000
340.000,627.000,68.000,87.000
337.075,626.604,67.756,87.845
333.941,625.248,67.711,89.892
329.933,624.722,68.899,91.399
325.440,623.802,70.586,92.847
321.711,622.130,71.046,94.116
318.065,623.145,73.096,94.186
313.869,622.138,73.321,96.102
308.879,622.892,73.769,95.964
306.424,621.188,72.129,97.388
301.198,622.905,71.162,95.172
298.459,620.804,69.657,96.219
293.104,622.589,67.578,95.754
290.077,621.511,67.031,98.240
285.640,622.357,64.482,97.215
281.015,620.994,65.677,98.065
277.248,622.106,63.942,97.329
274.283,619.125,65.255,99.667
269.885,622.231,65.817,97.439
266.121,619.381,64.960,99.023
261.921,620.117,64.182,99.019
259.257,631.899,67.092,102.201
254.412,623.549,65.178,102.784
250.438,622.248,66.574,99.348
245.656,623.048,65.261,97.349
242.045,619.290,67.219,96.599
235.726,621.309,65.725,96.503
232.174,617.813,65.371,97.212
226.509,616.912,65.435,97.183
221.779,615.335,65.017,95.282
215.877,615.709,64.458,93.683
211.330,613.960,65.407,92.701
205.022,614.283,64.238,91.918
199.326,613.248,66.506,93.351
192.547,612.284,65.929,91.407
186.806,611.282,67.093,90.846
179.424,608.727,68.103,89.861
173.808,610.099,67.059,89.675
167.720,606.223,68.654,91.104
160.026,606.685,68.399,89.199
155.808,602.132,69.299,89.109
148.964,603.329,68.629,87.752
142.978,599.714,70.979,89.179
135.782,598.979,70.960,88.606
131.331,595.544,71.737,88.784
122.434,595.449,71.323,87.698
117.778,590.992,73.722,89.432
111.946,590.206,71.705,88.042
105.333,588.725,73.368,87.893
99.509,585.029,73.475,87.674
94.102,583.575,74.327,86.740
87.204,581.080,74.535,86.829
81.435,579.267,74.599,84.442
78.000,579.000,74.000,85.000
73.542,575.201,72.659,82.099
66.639,572.725,72.477,79.428
60.000,571.000,72.000,85.000
53.756,565.349,71.673,86.213
48.000,566.000,71.000,85.000
41.763,560.996,72.744,85.354
35.000,561.000,76.000,83.000
28.000,558.000,75.000,84.000
22.006,553.751,76.066,85.904
15.038,551.552,77.451,86.003
8.841,547.492,79.330,86.782
1.891,546.110,80.954,84.368
0.000,543.197,78.718,83.432
0.000,542.000,73.000,84.000
0.000,544.000,67.000,79.000
0.000,546.000,62.000,73.000
0.000,547.000,56.000,69.000
0.000,546.000,51.000,67.000
0.000,552.000,42.000,59.000
0.000,556.000,39.000,50.000
0.000,555.000,36.000,48.000
0.000,558.233,32.893,41.906
0.000,555.000,24.000,42.000
0.000,552.000,26.000,43.000
0.000,547.695,24.550,44.374
0.000,540.277,29.900,43.426
0.761,528.389,36.147,43.738
0.000,524.678,41.593,49.306
0.988,519.603,47.056,53.773
5.159,511.873,54.791,57.825
0.000,504.352,57.573,61.726
1.546,506.952,60.672,75.500
0.934,506.874,64.267,80.323
17.125,496.600,69.605,81.129
9.165,475.581,65.514,72.383
4.174,459.543,63.473,72.224
6.581,438.537,70.129,73.941
24.703,392.949,81.789,75.218
44.165,363.846,81.501,64.178
52.863,358.301,83.852,64.696
70.721,356.607,89.370,62.425
60.318,361.608,92.260,61.172
53.764,351.387,97.685,60.617
61.092,354.347,109.417,64.066
44.973,347.222,115.240,65.354
37.728,347.224,120.327,71.209
28.553,338.276,128.983,72.392
32.223,340.594,139.637,72.516
20.777,340.529,145.970,74.950
14.233,339.057,160.972,81.041
2.804,332.258,177.646,88.409
5.647,324.678,199.315,98.128
6.649,330.937,216.224,110.280
4.531,314.562,236.839,124.941
10.820,310.514,260.647,141.171
0.000,287.709,285.414,153.067
17.493,282.883,314.723,165.160
0.726,259.295,337.941,174.162
17.408,263.581,379.294,195.958
0.000,259.878,427.001,212.343
