564.000,29.000,80.000,201.000
574.000,32.000,72.000,197.000
578.000,37.000,67.000,195.000
583.000,37.000,66.000,199.000
591.000,38.000,62.000,197.000
593.000,42.000,69.000,203.000
599.000,49.000,73.000,200.000
602.829,45.453,74.115,203.132
602.213,51.981,79.429,206.773
603.661,54.370,81.574,209.768
605.654,59.214,84.319,209.027
607.427,62.910,86.958,211.203
609.499,66.028,87.533,213.185
611.010,68.399,89.089,218.079
613.743,72.483,90.993,218.987
617.980,71.943,91.782,224.530
622.198,70.293,87.786,225.940
626.894,74.248,89.510,229.653
633.126,76.745,84.591,226.761
647.000,81.000,73.000,212.000
652.000,81.000,72.000,209.000
657.000,83.000,70.000,211.000
660.000,86.000,74.000,210.000
667.000,97.000,67.000,200.000
666.000,99.000,74.000,208.000
672.000,102.000,74.000,207.000
676.000,109.000,73.000,208.000
678.000,109.000,75.000,211.000
683.000,119.000,77.000,210.000
686.000,120.000,78.000,211.000
689.000,126.000,82.000,209.000
697.000,129.000,75.000,199.000
700.000,136.000,82.000,195.000
709.000,133.000,78.000,191.000
714.000,139.000,77.000,190.000
721.179,140.146,76.377,196.701
736.000,144.000,64.000,205.000
743.000,146.000,67.000,207.000
747.000,154.000,67.000,203.000
751.000,155.000,68.000,201.000
755.000,161.000,73.000,210.000
758.000,164.000,78.000,216.000
760.000,162.000,82.000,214.000
763.000,173.000,87.000,218.000
769.000,174.000,91.000,222.000
771.000,178.000,93.000,218.000
776.000,180.000,101.000,227.000
781.935,179.300,101.954,228.914
785.468,180.151,107.699,233.150
789.000,184.000,105.000,221.000
797.449,183.107,104.626,217.211
806.285,185.352,101.880,207.953
810.000,185.000,101.000,228.000
814.000,194.000,104.000,226.000
819.038,193.816,101.973,227.553
821.000,197.000,107.000,233.000
826.000,201.000,107.000,235.000
829.177,203.673,104.787,241.707
836.000,208.000,103.000,237.000
842.282,210.661,98.975,243.259
846.000,215.000,102.000,243.000
849.000,216.000,100.000,243.000
853.089,217.852,103.634,247.565
858.000,223.000,102.000,236.000
863.000,221.000,103.000,235.000
867.000,221.000,102.000,233.000
871.108,223.520,103.225,229.854
877.232,221.128,102.529,221.983
881.000,226.000,105.000,209.000
884.583,229.401,107.103,210.543
887.240,233.008,108.907,208.498
888.696,235.616,109.764,210.286
892.756,242.368,109.273,206.515
894.928,245.311,112.949,210.558
896.913,251.791,117.104,213.613
903.000,246.000,119.000,229.000
908.000,253.000,121.000,226.000
911.000,255.000,125.000,226.000
912.000,261.000,132.000,229.000
915.000,261.000,134.000,234.000
922.000,255.000,139.000,245.000
926.000,255.000,141.000,246.000
936.000,251.000,138.000,237.000
944.000,258.000,146.000,236.000
952.000,249.000,142.000,237.000
961.000,256.000,137.000,221.000
961.000,255.000,138.000,210.000
958.000,252.000,153.000,208.000
957.000,254.000,162.000,210.000
960.000,260.000,154.000,209.000
956.000,258.000,168.000,200.000
961.000,265.000,156.000,195.000
961.000,269.000,153.000,195.000
962.000,268.000,151.000,203.000
962.000,266.000,153.000,202.000
963.000,262.000,166.000,216.000
963.000,258.000,160.000,226.000
966.000,258.000,169.000,219.000
967.000,257.000,174.000,223.000
967.000,254.000,169.000,210.000
978.000,248.000,166.000,219.000
988.000,242.000,158.000,211.000
991.000,240.000,158.000,221.000
991.000,229.000,157.000,228.000
990.000,231.000,156.000,226.000
990.000,228.000,157.000,236.000
987.000,220.000,162.000,248.000
988.000,230.000,158.000,243.000
988.000,216.000,157.000,257.000
991.742,218.373,147.937,261.570
985.000,213.000,160.000,261.000
993.000,206.000,145.000,263.000
995.000,196.000,144.000,262.000
1002.000,191.000,131.000,265.000
1001.000,188.000,136.000,261.000
1002.000,191.000,132.000,242.000
1005.000,183.000,120.000,235.000
1005.000,183.000,129.000,230.000
1002.000,175.000,130.000,228.000
1005.000,170.000,133.000,241.000
998.000,158.000,147.000,249.000
1006.000,153.000,142.000,245.000
1004.000,143.000,147.000,255.000
1007.000,133.000,151.000,261.000
1008.000,134.000,146.000,250.000
1012.000,134.000,145.000,247.000
1010.000,131.000,143.000,240.000
1014.000,130.000,138.000,233.000
1022.000,125.000,127.000,230.000
1025.000,119.000,129.000,232.000
1030.000,112.000,123.000,234.000
1030.000,104.000,121.000,234.000
1035.000,102.000,116.000,244.000
1035.000,95.000,119.000,245.000
1042.000,91.000,115.000,249.000
1045.000,85.000,116.000,252.000
1051.000,84.000,111.000,241.000
1054.000,77.000,110.000,230.000
1051.000,85.000,105.000,224.000
1054.000,83.000,101.000,207.000
1052.000,81.000,106.000,204.000
1050.000,75.000,111.000,202.000
1048.114,71.268,117.043,204.974
1050.000,62.000,123.000,220.000
1046.000,53.000,129.000,226.000
1048.000,47.000,128.000,231.000
1051.000,44.000,127.000,234.000
1041.000,45.000,141.000,227.000
1046.000,33.000,138.000,228.000
1049.000,44.000,129.000,223.000
1048.332,39.959,126.678,222.653
1047.935,41.674,123.474,215.732
1046.484,35.549,120.312,213.208
1045.998,36.212,117.137,207.477
1044.880,29.167,113.912,208.213
1044.722,23.520,108.243,213.518
1035.000,22.000,120.000,211.000
1040.000,15.000,109.000,219.000
1037.000,14.000,105.000,215.000
1032.000,12.000,104.000,215.000
1032.000,4.000,99.000,211.000
1029.000,8.000,98.000,206.000
1026.000,6.000,93.000,201.000
1021.000,7.000,93.000,190.000
1016.000,4.000,93.000,186.000
1014.000,4.000,96.000,190.000
1010.847,5.252,92.900,185.692
1005.935,0.857,98.910,189.761
999.949,0.000,109.901,191.032
997.513,0.000,111.346,190.045
1002.000,0.000,103.000,198.000
1001.000,0.000,104.000,194.000
998.000,0.000,103.000,186.000
998.000,0.000,100.000,180.000
996.000,0.000,99.000,172.000
997.000,0.000,94.000,167.000
994.000,0.000,93.000,164.000
996.000,4.000,93.000,163.000
996.000,1.000,92.000,165.000
997.000,0.000,91.000,173.000
996.000,0.000,93.000,176.000
998.000,0.000,88.000,169.000
1000.000,0.000,86.000,175.000
997.000,0.000,86.000,174.000
1000.000,0.000,81.000,169.000
1003.000,0.000,79.000,160.000
1001.000,0.000,77.000,154.000
1001.000,0.000,78.000,147.000
999.000,0.000,76.000,143.000
997.000,0.000,75.000,137.000
994.000,0.000,78.000,134.000
992.000,0.000,76.000,137.000
988.000,0.000,82.000,134.000
985.000,0.000,87.000,136.000
983.000,0.000,84.000,136.000
982.017,0.000,82.768,133.994
980.000,0.000,83.000,137.000
977.315,0.000,78.220,132.132
973.000,0.000,78.000,125.000
969.000,0.000,72.000,119.000
964.000,0.000,68.000,114.000
962.000,0.000,65.000,115.000
960.000,0.000,61.000,109.000
957.000,0.000,60.000,110.000
954.000,0.000,59.000,111.000
952.000,0.000,57.000,112.000
948.000,0.000,56.000,109.000
941.000,0.000,60.000,101.000
939.000,0.000,59.000,102.000
933.000,0.000,58.000,104.000
931.000,0.000,56.000,99.000
931.000,0.000,49.000,96.000
925.000,0.000,53.000,98.000
920.000,0.000,53.000,100.000
919.000,0.000,51.000,102.000
916.000,0.000,49.000,107.000
917.000,0.000,47.000,110.000
916.000,0.000,45.000,121.000
911.000,0.000,47.000,110.000
909.000,0.000,46.000,119.000
903.000,0.000,48.000,117.000
902.000,1.000,48.000,114.000
898.000,0.000,46.000,120.000
892.000,0.000,52.000,115.000
886.000,0.000,56.000,112.000
884.000,0.000,51.000,111.000
882.000,0.000,54.000,112.000
878.386,0.000,55.674,112.791
875.832,0.000,57.943,112.774
871.000,0.000,56.000,122.000
869.000,0.000,57.000,122.000
867.000,0.000,56.000,125.000
863.214,0.000,53.615,125.142
861.960,0.000,51.974,125.432
859.000,0.000,53.000,118.000
857.000,1.000,51.000,115.000
853.000,0.000,52.000,114.000
850.000,0.000,55.000,124.000
848.000,0.000,59.000,130.000
848.000,0.000,59.000,135.000
846.000,0.000,60.000,139.000
841.000,0.000,63.000,140.000
839.000,0.000,61.000,146.000
833.000,0.000,64.000,150.000
831.000,0.000,65.000,151.000
827.041,0.000,66.582,151.655
826.000,0.000,64.000,149.000
822.000,0.000,65.000,150.000
823.000,0.000,60.000,147.000
819.000,0.000,59.000,146.000
815.000,0.000,61.000,148.000
811.000,0.000,62.000,151.000
810.077,0.902,60.667,153.449
807.000,0.000,63.000,162.000
803.875,0.000,64.791,165.710
799.212,0.000,67.333,167.318
798.000,0.000,69.000,165.000
796.000,0.000,68.000,163.000
796.000,0.000,63.000,166.000
795.349,2.264,63.221,167.699
792.000,6.000,62.000,164.000
791.000,11.000,63.000,159.000
789.000,8.000,64.000,156.000
791.000,15.000,62.000,164.000
789.674,12.515,61.174,168.544
787.838,8.347,60.511,173.476
784.108,9.215,59.970,175.496
785.702,8.818,56.723,176.619
780.609,10.401,55.773,178.900
781.108,11.228,56.085,179.182
778.010,17.669,54.859,175.272
776.692,16.522,54.678,165.843
772.920,24.197,53.730,160.559
773.924,25.752,52.442,153.001
769.505,25.356,49.224,152.879
770.277,23.053,47.016,162.927
765.085,22.784,49.860,170.163
762.050,17.998,51.183,169.996
756.147,17.020,53.920,178.583
750.620,18.556,54.750,173.144
745.345,16.540,57.361,177.319
740.138,19.558,57.969,176.439
736.294,23.276,59.093,169.031
734.365,27.142,58.415,164.080
735.351,30.430,54.974,159.574
731.960,36.188,56.049,158.908
731.438,38.388,53.130,150.528
725.088,37.957,57.680,158.735
723.103,37.009,61.864,159.802
718.617,34.081,61.610,166.409
718.412,30.240,58.804,166.802
714.295,32.228,60.121,175.696
714.277,29.790,56.994,177.054
712.344,30.372,57.112,177.160
710.257,33.248,56.325,176.414
709.564,35.763,54.340,172.962
708.320,40.741,55.727,162.431
705.018,47.541,52.573,151.951
703.149,47.101,52.072,149.263
701.824,50.403,47.987,148.645
701.556,49.247,46.091,151.798
698.499,49.264,47.394,158.616
693.817,45.711,48.748,160.277
690.731,44.354,51.089,164.346
686.683,43.700,53.610,165.928
682.780,45.029,55.207,167.286
676.933,47.176,58.006,166.015
674.493,48.405,58.891,162.504
674.343,53.734,56.086,154.218
671.723,58.768,54.480,150.148
665.260,63.803,57.176,149.771
662.156,66.291,57.509,147.548
661.802,64.866,57.779,149.450
660.266,63.065,60.501,156.399
655.000,63.000,65.000,161.000
652.230,62.717,66.159,161.631
650.031,62.568,65.071,160.848
648.464,62.833,65.681,164.714
646.418,64.978,62.217,167.400
649.000,63.000,57.000,169.000
649.000,68.000,54.000,168.000
650.000,79.000,47.000,156.000
644.000,78.000,54.000,147.000
643.000,83.000,52.000,148.000
646.000,83.000,45.000,147.000
642.000,84.000,46.000,150.000
642.000,82.000,48.000,156.000
639.419,81.925,51.250,163.838
637.000,80.000,52.000,159.000
633.000,85.000,55.000,164.000
630.643,89.872,54.845,161.477
630.830,93.809,55.571,155.500
633.114,98.734,52.235,149.619
631.595,104.870,48.481,145.027
629.816,111.175,50.146,145.556
627.201,113.987,54.050,146.433
624.211,114.788,56.921,155.163
623.390,111.061,59.171,160.167
622.605,112.193,60.911,162.572
622.877,112.023,59.151,169.723
622.898,114.309,59.538,168.188
624.945,116.814,58.935,168.436
626.706,119.724,56.743,164.992
628.882,128.490,56.104,156.238
631.661,130.719,56.715,154.492
633.000,130.000,62.000,156.000
640.542,132.865,59.153,147.391
645.000,141.000,51.000,139.000
647.000,142.000,54.000,144.000
655.000,141.000,51.000,151.000
653.000,143.000,54.000,158.000
652.539,142.029,59.166,162.984
657.000,143.000,58.000,162.000
658.000,145.000,60.000,164.000
660.000,148.000,62.000,160.000
663.862,153.361,58.925,157.825
666.161,161.391,57.639,147.237
669.235,167.499,58.860,144.497
669.661,174.170,57.723,142.282
670.824,177.225,56.274,140.550
672.452,177.423,61.121,147.015
674.292,178.609,61.667,158.889
675.432,179.037,65.350,161.520
676.587,179.961,66.523,162.825
680.173,181.320,65.084,169.977
683.448,184.821,62.671,168.829
684.000,190.000,68.000,165.000
686.040,194.435,68.457,162.740
688.376,200.373,69.239,156.628
692.706,208.585,65.353,148.582
697.808,215.563,65.432,140.927
703.000,216.000,61.000,134.000
702.000,223.000,62.000,139.000
709.000,224.000,56.000,142.000
712.653,223.921,54.817,148.314
712.037,225.124,61.764,156.294
716.000,227.000,55.000,161.000
718.000,224.000,58.000,163.000
713.000,230.000,68.000,161.000
717.000,236.000,67.000,163.000
720.000,241.000,67.000,158.000
727.000,248.000,63.000,152.000
729.000,254.000,60.000,141.000
730.429,256.869,62.230,137.058
737.000,261.000,63.000,141.000
737.000,261.000,70.000,147.000
741.000,268.000,67.000,154.000
742.000,263.000,75.000,158.000
744.000,268.000,77.000,165.000
746.008,270.547,77.198,167.073
754.000,275.000,69.000,165.000
754.000,279.000,70.000,162.000
757.000,282.000,69.000,164.000
756.000,287.000,70.000,157.000
758.100,291.899,67.818,148.707
760.892,297.027,67.752,137.504
762.000,300.000,68.000,138.000
767.000,302.000,66.000,140.000
767.000,301.000,66.000,145.000
771.000,305.000,65.000,156.000
772.000,303.000,67.000,154.000
774.000,306.000,66.000,162.000
772.742,306.055,69.868,160.429
773.708,309.103,70.018,157.110
775.241,310.795,68.694,155.577
776.790,315.798,66.214,151.848
775.000,320.000,68.000,140.000
777.411,324.108,67.275,135.435
779.000,327.000,67.000,133.000
779.927,324.134,68.264,136.508
781.187,324.938,74.711,145.547
781.103,326.130,76.625,149.338
783.850,326.637,77.810,151.987
784.384,328.086,79.479,154.529
785.340,329.709,77.452,157.736
787.825,329.756,75.588,157.839
794.000,324.000,69.000,162.000
791.000,326.000,67.000,157.000
790.000,328.000,72.000,147.000
790.000,338.000,68.000,141.000
794.000,337.000,66.000,137.000
795.000,336.000,65.000,135.000
797.000,336.000,61.000,137.000
798.000,337.000,62.000,142.000
803.000,338.000,59.000,144.000
801.000,338.000,65.000,150.000
802.000,340.000,67.000,153.000
806.000,338.000,61.000,155.000
804.000,345.000,69.000,156.000
805.000,346.000,63.000,150.000
805.917,356.407,68.150,141.910
809.001,358.901,62.932,132.404
810.000,363.440,70.224,127.751
811.464,365.920,71.365,120.792
812.425,369.052,75.412,122.795
813.000,373.000,80.000,121.000
816.132,373.971,84.115,122.974
817.702,375.364,85.251,122.958
812.000,383.000,97.000,130.000
816.000,391.000,94.000,128.000
815.000,390.000,98.000,130.000
816.000,398.000,101.000,128.000
819.000,406.000,105.000,122.000
821.000,410.000,103.000,125.000
826.000,418.000,104.000,114.000
829.000,425.000,104.000,113.000
832.000,433.000,98.000,101.000
842.000,436.000,94.000,97.000
849.000,441.000,89.000,96.000
852.000,445.000,90.000,99.000
857.000,451.000,87.000,101.000
