657.000,257.000,10.000,9.000
657.000,257.000,10.000,8.000
656.919,256.793,9.881,7.843
656.000,257.000,10.000,8.000
656.000,257.000,10.000,8.000
656.000,257.000,9.000,8.000
656.000,257.000,9.000,9.000
656.000,258.000,9.000,8.000
656.000,257.000,10.000,9.000
655.000,257.000,9.000,9.000
655.575,256.989,8.725,9.236
656.064,257.343,8.665,8.762
655.238,257.621,8.629,8.708
655.000,258.000,10.000,8.000
655.000,259.000,10.000,8.000
655.000,259.000,10.000,8.000
656.000,258.000,9.000,7.000
655.000,258.000,10.000,8.000
655.000,258.000,10.000,8.000
655.000,258.000,10.000,8.000
656.000,259.000,10.000,8.000
656.000,259.000,10.000,8.000
656.000,260.000,10.000,8.000
657.000,258.000,9.000,8.000
657.000,260.000,8.000,8.000
656.000,259.000,9.000,8.000
654.592,259.375,9.573,8.404
656.000,260.000,10.000,8.000
656.000,261.000,9.000,8.000
655.000,261.000,9.000,7.000
655.000,261.000,8.000,7.000
655.000,261.000,8.000,7.000
655.000,261.000,8.000,7.000
655.000,261.000,8.000,7.000
654.000,262.000,9.000,7.000
655.000,261.000,9.000,7.000
655.000,262.000,9.000,7.000
656.000,262.000,8.000,7.000
655.000,261.000,9.000,7.000
655.000,262.000,9.000,7.000
656.000,262.000,9.000,6.000
655.000,261.000,9.000,6.000
655.000,262.000,9.000,7.000
655.151,261.619,9.257,6.261
656.000,262.000,11.000,7.000
656.000,262.000,10.000,7.000
657.000,262.000,11.000,8.000
657.000,262.000,11.000,8.000
657.000,262.000,10.000,8.000
657.000,264.000,11.000,8.000
657.000,264.000,12.000,8.000
657.000,264.000,12.000,8.000
656.000,263.000,13.000,8.000
658.000,262.000,12.000,9.000
657.000,262.000,13.000,8.000
656.219,261.543,15.342,9.766
657.000,263.000,12.000,9.000
658.000,263.000,11.000,9.000
658.000,262.000,10.000,9.000
657.792,261.835,10.281,10.039
659.000,263.000,10.000,10.000
658.000,263.000,10.000,11.000
659.000,264.000,10.000,11.000
658.678,263.656,9.710,11.332
658.621,263.371,10.328,11.637
660.000,264.000,9.000,11.000
658.000,263.000,9.000,11.000
658.000,264.000,10.000,11.000
658.000,265.000,10.000,10.000
658.000,264.000,10.000,11.000
658.000,265.000,10.000,11.000
657.000,264.000,10.000,11.000
657.000,264.000,10.000,11.000
659.000,264.000,10.000,11.000
658.000,265.000,9.000,11.000
658.000,265.000,10.000,11.000
656.000,265.000,10.000,11.000
656.000,264.000,10.000,10.000
655.000,264.000,10.000,10.000
655.000,265.000,10.000,10.000
655.000,266.000,11.000,8.000
655.000,265.000,10.000,9.000
654.000,265.000,9.000,8.000
654.000,265.000,9.000,8.000
654.000,265.000,9.000,8.000
653.481,264.614,8.176,7.840
652.994,264.366,7.869,8.415
650.831,264.627,8.343,7.685
650.644,263.331,8.714,8.584
648.398,263.404,8.789,8.386
648.150,263.331,9.080,8.194
646.572,262.865,8.911,8.232
646.106,261.910,8.612,8.764
645.266,261.508,8.598,8.650
642.941,261.329,8.838,8.492
640.697,260.443,9.939,8.597
640.000,259.000,10.000,10.000
640.000,258.000,10.000,10.000
636.665,257.010,10.726,10.455
639.000,258.000,10.000,10.000
636.000,258.000,11.000,9.000
635.000,258.000,12.000,10.000
633.000,258.000,11.000,10.000
630.380,257.535,11.580,10.251
629.871,257.167,11.290,10.554
629.000,256.000,10.000,11.000
628.333,255.109,8.891,10.377
628.000,256.000,11.000,11.000
625.000,256.000,11.000,11.000
624.000,256.000,12.000,11.000
622.642,255.245,12.852,11.090
622.023,255.304,12.741,11.278
620.902,255.101,12.638,11.579
620.279,254.666,12.492,10.918
619.129,254.372,12.871,11.147
619.000,254.000,11.000,11.000
619.404,255.098,10.391,9.651
617.000,252.000,11.000,12.000
618.000,252.000,11.000,12.000
617.000,252.000,12.000,12.000
614.000,251.000,12.000,12.000
614.471,250.740,10.889,11.333
614.651,250.268,10.352,11.318
614.023,250.690,10.316,12.449
614.039,249.793,10.124,11.999
612.956,249.850,9.697,11.556
613.165,250.292,9.958,11.605
612.340,250.161,9.365,11.142
612.454,250.158,10.449,10.951
612.106,250.234,10.284,11.476
611.984,249.551,10.272,11.335
612.603,248.925,9.603,11.551
613.116,249.325,9.698,12.198
612.872,249.209,9.313,11.546
610.000,250.000,11.000,12.000
610.000,250.000,11.000,12.000
611.000,250.000,11.000,12.000
610.000,251.000,11.000,13.000
610.000,252.000,11.000,12.000
609.000,251.000,11.000,13.000
608.000,252.000,12.000,12.000
607.000,252.000,12.000,12.000
607.729,252.095,11.589,11.987
607.338,252.157,11.990,11.618
607.965,252.068,11.616,11.338
607.204,252.524,11.896,11.238
607.273,251.397,11.961,11.327
607.807,252.234,11.624,11.391
607.050,253.395,12.138,11.479
607.316,251.388,11.694,11.998
607.227,253.152,11.552,11.672
607.031,252.701,11.145,11.498
606.000,251.000,13.000,12.000
605.000,252.000,13.000,12.000
604.914,251.876,12.765,12.191
604.824,251.479,12.729,12.400
605.000,250.000,13.000,13.000
604.896,250.301,13.548,14.046
605.000,252.000,14.000,13.000
606.000,252.000,13.000,12.000
607.000,252.000,12.000,13.000
605.000,252.000,13.000,13.000
605.000,251.000,13.000,13.000
606.000,252.000,13.000,14.000
606.000,250.000,13.000,15.000
604.477,249.332,13.361,16.709
604.000,251.000,14.000,14.000
602.914,250.145,14.089,14.942
603.417,251.316,13.848,14.273
604.000,252.000,13.000,14.000
603.000,250.000,13.000,14.000
605.000,252.000,13.000,14.000
605.573,251.825,12.468,14.072
605.000,252.000,12.000,15.000
604.000,252.000,13.000,15.000
603.000,252.000,14.000,16.000
604.000,253.000,14.000,16.000
602.000,252.000,15.000,15.000
604.000,253.000,15.000,15.000
603.000,252.000,15.000,15.000
603.000,254.000,14.000,14.000
603.000,253.000,15.000,15.000
604.000,253.000,14.000,15.000
604.000,254.000,13.000,15.000
603.323,254.277,13.586,15.149
603.000,254.000,14.000,15.000
602.429,253.898,14.611,14.940
601.992,253.613,14.182,15.027
602.000,254.000,15.000,15.000
601.224,254.432,15.820,14.622
602.000,254.000,14.000,14.000
602.000,254.000,14.000,14.000
600.000,251.000,14.000,15.000
600.000,251.000,14.000,14.000
600.000,252.000,14.000,13.000
598.890,250.975,14.573,12.918
600.000,251.000,14.000,14.000
599.099,250.506,13.360,14.888
599.000,250.000,15.000,14.000
598.705,250.165,15.787,12.613
597.514,248.444,16.992,12.986
597.000,248.000,16.000,14.000
597.025,247.955,15.866,14.310
596.732,246.861,16.445,15.372
596.493,246.076,16.807,15.821
596.000,244.000,15.000,14.000
597.000,244.000,15.000,15.000
597.271,243.030,14.936,15.791
596.508,242.128,15.311,16.011
596.581,241.815,15.366,16.490
596.637,241.149,15.614,17.157
596.530,240.380,15.904,17.697
596.857,239.829,16.500,18.075
596.801,240.565,16.405,18.064
596.524,240.240,16.424,18.389
598.000,242.000,15.000,16.000
599.000,241.000,15.000,16.000
599.062,241.091,14.993,15.700
599.000,242.000,15.000,17.000
599.000,241.000,16.000,17.000
598.680,241.286,16.993,16.903
599.000,241.000,16.000,18.000
600.000,241.000,16.000,18.000
598.000,241.000,17.000,18.000
600.000,241.000,16.000,18.000
599.000,241.000,16.000,18.000
600.000,241.000,17.000,18.000
600.000,242.000,18.000,17.000
600.000,241.000,17.000,17.000
599.000,241.000,17.000,18.000
602.000,242.000,16.000,18.000
601.000,242.000,16.000,18.000
601.890,241.781,15.682,17.671
602.000,243.000,16.000,19.000
602.000,242.000,17.000,19.000
603.000,243.000,16.000,19.000
600.000,242.000,17.000,19.000
601.000,244.000,17.000,19.000
601.000,243.000,18.000,18.000
603.000,243.000,17.000,18.000
603.000,244.000,16.000,18.000
602.000,245.000,17.000,18.000
601.000,244.000,17.000,18.000
601.000,245.000,19.000,18.000
601.000,245.000,18.000,18.000
600.000,245.000,19.000,18.000
602.000,246.000,18.000,18.000
601.000,246.000,19.000,18.000
601.149,246.007,19.604,18.010
602.000,247.000,18.000,19.000
602.000,245.000,20.000,19.000
603.000,246.000,18.000,20.000
602.000,247.000,19.000,20.000
603.270,247.661,19.318,20.213
604.000,248.000,18.000,20.000
604.000,248.000,19.000,19.000
606.000,249.000,18.000,19.000
606.000,248.000,18.000,20.000
606.000,248.000,18.000,20.000
605.000,248.000,19.000,19.000
605.134,247.953,18.955,18.091
605.000,248.000,19.000,19.000
606.000,247.000,20.000,20.000
606.000,247.000,19.000,19.000
607.000,247.000,20.000,19.000
606.843,246.763,20.254,18.547
608.000,248.000,19.000,20.000
609.000,247.000,18.000,21.000
610.000,247.000,17.000,20.000
610.526,246.697,16.842,19.486
612.069,246.721,15.008,19.249
609.000,246.000,20.000,21.000
609.000,246.000,20.000,22.000
610.000,246.000,19.000,22.000
610.000,246.000,19.000,20.000
608.000,246.000,21.000,21.000
609.000,245.000,22.000,22.000
610.000,245.000,21.000,22.000
609.000,246.000,22.000,22.000
611.000,245.000,21.000,21.000
611.000,246.000,21.000,21.000
611.000,245.000,19.000,21.000
612.839,245.873,18.729,20.928
612.000,245.000,20.000,22.000
611.000,244.000,21.000,23.000
612.000,245.000,21.000,24.000
612.000,245.000,19.000,24.000
611.000,245.000,21.000,23.000
612.000,243.000,21.000,24.000
611.000,244.000,21.000,25.000
612.000,242.000,21.000,26.000
611.000,242.000,21.000,25.000
611.000,242.000,22.000,26.000
609.872,241.369,22.871,27.263
610.822,241.485,22.008,27.141
610.000,242.000,23.000,26.000
609.118,241.323,24.038,25.397
608.000,243.000,24.000,24.000
606.711,242.431,25.195,24.053
605.327,243.833,26.608,24.099
605.067,241.960,25.559,24.756
605.146,242.868,27.016,24.472
607.414,242.718,25.035,24.337
607.192,242.033,24.664,24.890
608.385,242.651,24.768,24.423
607.718,241.334,23.775,25.129
606.599,242.123,25.048,24.956
606.000,242.000,27.000,27.000
604.000,242.000,28.000,27.000
603.497,242.459,28.766,27.501
604.000,241.000,28.000,27.000
603.000,243.000,31.000,27.000
604.000,243.000,29.000,26.000
603.000,242.000,30.000,26.000
602.000,242.000,29.000,28.000
602.000,244.000,30.000,27.000
600.000,242.000,30.000,27.000
599.954,243.447,30.097,26.056
598.773,242.953,29.678,25.649
599.881,243.034,29.065,25.693
599.000,242.000,26.000,28.000
598.000,243.000,26.000,28.000
597.000,242.000,26.000,29.000
597.000,243.000,27.000,31.000
597.000,243.000,27.000,33.000
596.000,243.000,25.000,33.000
596.000,245.000,26.000,31.000
596.000,244.000,26.000,31.000
595.000,243.000,25.000,32.000
594.000,245.000,26.000,33.000
594.000,246.000,25.000,31.000
593.000,246.000,26.000,32.000
592.000,246.000,26.000,32.000
591.000,245.000,27.000,34.000
590.000,245.000,29.000,33.000
590.000,246.000,27.000,33.000
589.000,246.000,27.000,33.000
590.000,248.000,26.000,32.000
588.000,247.000,28.000,33.000
587.000,250.000,28.000,32.000
585.000,251.000,29.000,33.000
584.000,249.000,30.000,35.000
582.686,249.959,30.022,34.928
582.647,250.389,30.459,35.918
579.000,251.000,34.000,35.000
582.000,253.000,32.000,35.000
580.000,254.000,33.000,34.000
580.000,254.000,33.000,37.000
583.000,254.000,29.000,38.000
581.000,255.000,29.000,40.000
580.000,255.000,30.000,40.000
579.000,258.000,31.000,39.000
581.000,258.000,29.000,38.000
579.000,259.000,29.000,38.000
578.000,260.000,30.000,38.000
579.000,260.000,29.000,35.000
578.443,261.001,29.862,33.922
579.000,263.000,29.000,35.000
578.000,264.000,30.000,34.000
578.000,266.000,30.000,35.000
577.000,267.000,31.000,37.000
575.000,268.000,31.000,38.000
574.653,269.711,30.870,36.956
574.000,270.000,34.000,38.000
573.000,271.000,34.000,36.000
576.000,273.000,32.000,36.000
574.000,275.000,33.000,36.000
574.000,276.000,33.000,35.000
573.000,279.000,34.000,35.000
572.000,280.000,34.000,35.000
573.000,281.000,35.000,35.000
573.000,284.000,35.000,34.000
570.000,286.000,37.000,32.000
571.000,287.000,35.000,34.000
571.000,286.000,37.000,33.000
571.000,287.000,35.000,31.000
571.000,289.000,35.000,30.000
572.000,290.000,34.000,30.000
571.000,291.000,33.000,29.000
570.000,289.000,36.000,29.000
569.000,290.000,37.000,31.000
570.000,290.000,36.000,29.000
571.000,290.000,37.000,28.000
570.000,288.000,38.000,31.000
572.000,290.000,38.000,30.000
572.000,290.000,38.000,31.000
573.000,289.000,38.000,32.000
573.000,289.000,37.000,30.000
572.000,288.000,41.000,32.000
571.000,286.000,43.000,32.000
572.000,285.000,42.000,34.000
572.960,284.254,42.156,36.230
574.000,283.000,42.000,38.000
574.105,280.691,42.604,39.057
575.152,280.219,41.358,38.963
574.000,280.000,43.000,34.000
574.000,279.000,42.000,37.000
574.000,278.000,42.000,35.000
572.000,274.000,46.000,39.000
579.000,274.000,40.000,39.000
579.000,272.000,40.000,40.000
581.000,270.000,40.000,41.000
581.000,271.000,41.000,41.000
581.000,270.000,38.000,42.000
581.000,269.000,40.000,43.000
582.000,268.000,40.000,43.000
582.000,267.000,40.000,43.000
582.000,266.000,39.000,46.000
583.000,266.000,38.000,45.000
584.000,266.000,39.000,46.000
582.000,264.000,39.000,47.000
582.394,263.098,38.579,47.539
582.223,262.177,39.052,48.622
583.492,262.038,38.189,48.871
582.687,261.407,38.421,49.800
582.686,260.266,38.607,49.850
584.000,262.000,36.000,48.000
583.000,260.000,39.000,48.000
584.000,261.000,38.000,48.000
585.000,260.000,37.000,47.000
584.000,261.000,39.000,47.000
585.000,259.000,38.000,48.000
582.000,259.000,41.000,50.000
585.000,259.000,39.000,49.000
585.754,258.207,38.477,49.130
584.000,259.000,39.000,48.000
586.000,259.000,39.000,48.000
584.000,259.000,39.000,49.000
585.000,259.000,37.000,49.000
584.000,258.000,37.000,50.000
584.000,259.000,39.000,50.000
584.000,261.000,37.000,47.000
585.000,261.000,37.000,48.000
584.440,261.048,36.224,47.286
582.000,261.000,38.000,45.000
584.000,262.000,36.000,47.000
583.000,263.000,36.000,46.000
583.000,263.000,37.000,46.000
582.122,263.367,37.062,44.917
583.000,264.000,36.000,48.000
582.000,266.000,38.000,46.000
582.000,266.000,37.000,44.000
582.000,267.000,38.000,45.000
582.119,266.759,36.982,45.886
581.000,267.000,39.000,47.000
579.921,267.392,39.938,46.926
579.000,268.000,41.000,48.000
578.000,268.000,41.000,47.000
577.000,269.000,43.000,48.000
580.000,270.000,40.000,46.000
581.000,271.000,38.000,47.000
580.000,271.000,39.000,48.000
581.000,270.000,37.000,47.000
581.000,271.000,37.000,47.000
580.000,270.000,36.000,49.000
582.000,270.000,36.000,50.000
580.000,270.000,38.000,51.000
579.215,270.244,38.985,50.313
579.962,270.161,39.312,51.358
579.886,271.027,40.204,51.934
581.000,271.000,38.000,53.000
581.000,272.000,39.000,51.000
582.000,271.000,39.000,52.000
582.000,271.000,39.000,51.000
582.781,270.396,36.863,48.742
582.804,271.205,35.827,46.929
583.000,271.000,38.000,52.000
582.000,270.000,37.000,52.000
582.000,272.000,40.000,51.000
