527.000,437.000,19.000,55.000
530.205,434.177,24.160,56.865
538.000,435.000,22.000,54.000
543.183,433.913,19.487,55.159
546.000,431.000,20.000,54.000
551.285,428.536,19.534,52.977
554.156,429.306,19.676,53.719
556.683,427.733,19.070,55.145
558.906,426.343,18.630,54.670
560.200,425.130,19.382,54.551
559.762,426.078,19.941,54.051
559.000,425.000,21.000,54.000
560.441,423.934,20.637,54.032
560.000,423.000,20.000,53.000
560.000,424.000,21.000,54.000
561.000,421.000,20.000,53.000
560.141,422.455,18.843,50.566
558.000,419.000,20.000,52.000
556.000,418.000,21.000,52.000
556.000,418.000,19.000,52.000
553.000,417.000,20.000,52.000
550.000,414.000,20.000,52.000
548.000,416.000,20.000,52.000
545.000,413.000,20.000,54.000
543.000,413.000,19.000,53.000
538.000,410.000,21.000,52.000
533.000,412.000,20.000,50.000
532.000,411.000,18.000,50.000
527.000,410.000,18.000,50.000
526.000,409.000,18.000,51.000
521.000,410.000,20.000,49.000
519.000,407.000,20.000,50.000
516.939,406.762,18.906,49.365
513.743,406.497,18.880,50.716
510.288,403.790,19.355,50.733
505.361,405.776,17.464,49.285
501.000,405.000,19.000,48.000
497.435,404.992,19.451,46.205
492.158,405.784,19.244,44.425
489.000,404.000,20.000,48.000
483.000,403.000,19.000,49.000
477.862,401.522,18.173,50.073
472.742,401.601,18.786,51.129
467.920,400.004,18.690,51.568
462.000,400.000,20.000,49.000
454.000,401.000,20.000,49.000
448.405,399.476,21.180,45.584
442.194,401.997,20.839,46.170
436.872,400.596,21.807,45.102
431.427,399.763,20.855,45.478
426.101,400.659,19.979,44.834
419.435,399.145,19.817,44.542
414.235,399.335,21.132,44.117
407.844,398.486,20.450,45.060
401.878,397.883,20.841,43.599
396.000,396.000,19.000,47.000
390.897,394.822,19.745,46.065
384.030,394.806,19.714,48.515
379.277,394.261,19.932,48.594
374.015,394.173,20.156,48.151
366.000,393.000,18.000,47.000
359.716,394.346,19.647,44.181
355.000,392.000,20.000,48.000
349.662,390.333,20.960,49.130
345.079,389.860,20.679,51.783
339.987,388.332,20.514,52.096
334.143,389.728,19.545,53.066
329.951,387.849,20.645,51.181
324.682,385.737,21.531,53.082
320.713,386.677,20.064,51.807
314.021,385.801,20.797,53.507
309.772,386.361,21.554,51.488
305.535,385.933,21.088,50.796
301.098,385.988,21.018,51.239
296.228,384.932,21.426,51.680
290.414,383.938,21.727,51.398
285.555,383.921,21.938,51.559
281.506,384.225,21.395,50.808
277.169,382.666,21.449,51.831
272.159,382.746,21.774,51.881
266.544,381.726,21.517,52.456
263.527,381.636,20.974,50.151
258.771,381.748,20.220,51.846
254.512,379.947,21.526,50.612
250.078,381.562,21.593,51.669
244.881,378.920,21.297,51.767
240.938,379.688,20.708,51.235
236.576,378.134,21.892,51.484
232.424,377.876,21.881,51.974
228.367,376.284,21.513,51.726
222.590,376.510,22.051,52.942
216.325,376.064,24.049,53.037
212.830,376.181,21.810,50.207
208.030,374.471,21.291,52.145
202.615,374.145,22.616,53.480
196.393,372.746,21.674,54.088
192.495,372.378,21.022,53.046
188.549,372.589,20.252,52.980
183.346,372.580,19.944,53.718
177.904,370.912,21.142,54.953
169.896,370.281,22.095,55.072
166.464,369.466,20.550,54.330
160.435,369.222,22.753,53.750
156.259,369.776,21.387,53.132
150.376,368.953,22.464,54.009
144.423,368.593,22.121,54.305
139.794,367.702,21.800,54.670
135.292,367.117,22.142,53.806
130.002,366.146,22.986,54.907
125.588,367.100,21.665,52.943
118.575,365.993,22.384,54.738
113.200,366.760,23.449,54.252
109.978,365.249,23.792,53.013
103.822,365.528,24.721,54.023
98.788,365.707,22.867,51.597
98.294,365.559,21.704,50.614
96.580,365.036,21.964,51.834
95.601,364.524,21.982,50.632
94.647,364.749,21.970,51.177
91.555,363.779,21.904,50.955
90.342,364.560,22.294,51.106
88.391,363.244,23.030,52.323
87.436,364.554,22.919,51.167
85.298,363.543,23.029,51.713
85.232,363.606,21.888,51.897
81.086,362.610,24.544,51.564
82.456,362.651,22.604,49.763
78.957,362.104,22.994,50.392
81.387,361.227,19.784,48.560
77.841,360.805,22.669,51.575
79.477,361.475,20.847,50.477
80.142,360.749,19.505,49.355
81.000,364.000,18.000,42.000
82.376,363.682,18.338,38.681
83.681,364.975,21.211,37.894
86.152,364.867,21.071,38.295
87.992,365.236,19.964,38.342
90.722,364.228,19.328,37.283
94.532,364.771,21.017,37.861
100.195,365.016,22.694,37.186
107.489,364.082,23.031,36.917
112.477,362.905,21.126,37.490
116.824,362.899,21.796,37.295
122.782,361.975,20.795,36.662
126.692,362.699,21.933,35.988
134.713,361.602,21.975,35.793
140.250,360.980,22.008,37.219
145.086,359.361,21.548,35.044
150.963,359.805,21.544,37.005
156.376,360.054,20.872,35.684
164.321,360.297,20.396,36.105
170.017,360.640,19.234,35.714
174.371,359.220,19.146,35.880
180.200,358.495,19.484,35.499
191.245,358.672,19.821,36.108
207.264,358.611,20.495,36.839
213.250,356.008,18.823,35.504
223.468,356.957,18.561,36.540
232.842,355.275,18.457,35.185
247.247,357.052,20.314,36.036
256.441,354.071,17.327,34.023
270.796,356.435,20.184,32.686
278.052,357.824,18.394,34.883
290.119,357.770,19.579,35.749
297.507,357.362,18.621,35.029
313.566,357.981,22.603,35.316
318.773,358.482,18.624,34.644
325.311,359.741,18.166,34.888
333.345,360.221,17.503,35.073
341.062,361.544,18.152,33.464
351.379,362.548,18.327,33.617
357.464,364.272,17.935,32.628
365.471,364.721,16.959,32.960
374.718,365.840,17.001,32.321
380.969,366.492,16.331,32.367
393.820,369.337,21.037,32.151
394.774,371.245,18.188,31.012
395.347,373.383,14.925,33.472
400.000,375.000,12.000,34.000
402.693,377.019,11.844,32.913
406.137,380.323,11.316,33.079
409.778,382.418,9.504,31.803
409.000,386.000,13.000,32.000
411.938,387.981,13.584,36.105
417.000,391.000,12.000,31.000
422.630,394.957,13.319,29.281
425.316,396.864,10.877,28.702
427.000,398.000,10.000,33.000
429.377,400.810,9.222,33.716
433.000,401.000,10.000,32.000
434.000,405.000,12.000,32.000
435.000,406.000,11.000,33.000
437.116,407.673,10.443,32.367
439.000,412.000,11.000,32.000
441.000,413.000,10.000,32.000
441.000,416.000,11.000,31.000
444.000,417.000,11.000,31.000
444.000,419.000,12.000,31.000
447.000,420.000,12.000,32.000
448.000,423.000,12.000,31.000
450.000,424.000,12.000,32.000
452.775,425.249,11.315,30.706
454.000,426.000,11.000,30.000
456.105,428.059,9.541,29.310
455.860,427.146,9.411,29.877
455.817,427.186,8.607,29.072
455.258,425.996,8.776,29.180
453.000,426.000,11.000,31.000
454.000,426.000,12.000,29.000
454.000,424.000,10.000,30.000
453.000,424.000,11.000,28.000
455.000,424.000,10.000,29.000
458.000,424.000,10.000,28.000
464.000,423.000,10.000,28.000
468.050,421.369,7.800,28.195
476.000,420.000,10.000,27.000
481.000,420.000,10.000,28.000
488.000,421.000,12.000,28.000
494.000,422.000,11.000,28.000
501.000,421.000,12.000,28.000
514.000,422.000,11.000,29.000
521.000,420.000,11.000,30.000
528.000,421.000,11.000,28.000
538.000,421.000,11.000,28.000
545.002,420.636,10.925,27.509
558.000,419.000,10.000,28.000
566.000,418.000,11.000,31.000
575.000,417.000,11.000,29.000
583.000,418.000,9.000,29.000
592.000,416.000,9.000,29.000
604.000,417.000,9.000,26.000
612.000,415.000,9.000,27.000
621.000,413.000,9.000,28.000
629.000,412.000,9.000,28.000
637.000,410.000,9.000,30.000
647.000,410.000,10.000,27.000
654.000,407.000,11.000,27.000
660.000,406.000,10.000,27.000
668.000,404.000,10.000,27.000
673.000,401.000,11.000,29.000
681.000,400.000,10.000,28.000
684.000,396.000,10.000,26.000
688.000,396.000,10.000,26.000
692.000,394.000,11.000,27.000
694.000,391.000,11.000,26.000
697.000,390.000,10.000,25.000
698.000,387.000,10.000,25.000
699.313,384.330,10.179,23.648
700.000,384.000,11.000,24.000
701.000,382.000,11.000,24.000
702.000,377.000,10.000,24.000
703.000,376.000,11.000,25.000
704.000,374.000,11.000,27.000
704.000,371.000,11.000,28.000
704.000,369.000,11.000,25.000
702.000,365.000,10.000,24.000
700.883,366.057,11.795,21.713
702.000,361.000,11.000,24.000
702.000,359.000,11.000,24.000
702.000,357.000,11.000,23.000
701.000,354.000,10.000,23.000
700.000,350.000,10.000,23.000
700.000,349.000,10.000,23.000
700.000,344.000,10.000,23.000
699.000,342.000,9.000,24.000
699.498,337.747,8.072,24.363
698.000,338.000,10.000,24.000
696.000,336.000,10.000,23.000
696.000,334.000,9.000,23.000
696.000,333.000,9.000,23.000
695.081,331.793,9.658,24.249
694.839,330.692,9.611,25.847
694.000,330.000,10.000,24.000
693.000,330.000,10.000,24.000
692.821,330.194,8.743,23.840
692.000,329.000,10.000,24.000
691.000,327.000,10.000,23.000
690.000,329.000,10.000,22.000
691.000,327.000,10.000,23.000
690.095,327.703,9.868,21.973
689.150,327.496,10.202,19.352
688.000,327.000,10.000,21.000
688.036,326.570,10.453,21.551
687.000,325.000,10.000,22.000
688.000,325.000,10.000,22.000
686.000,326.000,10.000,20.000
687.656,324.929,9.165,20.252
687.373,325.632,8.361,19.697
688.010,323.853,8.888,19.567
685.000,323.000,10.000,19.000
686.000,324.000,9.000,20.000
685.000,323.000,10.000,21.000
686.000,323.000,9.000,21.000
688.000,322.000,8.000,22.000
686.000,320.000,10.000,24.000
688.000,321.000,10.000,22.000
689.000,321.000,9.000,23.000
690.700,321.177,7.950,22.085
692.000,319.000,9.000,22.000
693.000,320.000,10.000,23.000
694.506,319.518,8.569,26.042
695.000,318.000,10.000,21.000
695.000,319.000,11.000,21.000
696.663,317.346,11.007,21.962
696.201,318.526,11.980,21.299
697.000,316.000,11.000,22.000
697.000,317.000,10.000,21.000
696.406,315.585,8.969,23.220
695.000,314.000,10.000,22.000
694.064,314.358,10.198,22.342
692.932,313.415,10.900,22.627
692.266,312.653,11.455,23.729
691.969,313.142,11.125,23.864
691.557,312.819,11.630,23.172
690.856,312.149,11.836,23.502
689.409,311.149,12.274,23.289
689.140,311.116,12.489,23.938
688.131,311.223,12.762,24.338
688.274,310.494,13.094,23.393
687.897,309.998,13.406,23.883
686.882,310.985,12.732,23.301
687.189,311.019,11.769,22.380
687.720,311.272,11.672,21.568
689.000,311.000,8.000,19.000
690.000,311.000,9.000,19.000
688.000,310.000,9.000,18.000
690.000,311.000,8.000,17.000
689.000,311.000,9.000,19.000
688.000,310.000,8.000,21.000
690.000,310.000,8.000,22.000
689.443,310.635,6.563,22.507
688.000,310.000,8.000,22.000
688.000,310.000,7.000,23.000
689.000,310.000,8.000,22.000
689.000,309.000,8.000,21.000
688.612,306.811,7.767,22.720
688.000,310.000,9.000,22.000
687.230,310.178,9.322,22.123
688.000,308.000,8.000,23.000
687.838,308.187,7.656,22.137
687.276,308.465,7.870,22.019
686.938,308.257,7.865,21.481
686.191,308.629,7.156,21.909
685.904,308.689,7.006,21.407
685.471,309.108,7.207,20.763
682.000,310.000,9.000,22.000
683.000,310.000,9.000,21.000
683.000,309.000,9.000,22.000
681.000,310.000,9.000,22.000
682.000,310.000,9.000,22.000
680.000,310.000,9.000,22.000
681.000,308.000,9.000,23.000
680.866,307.966,9.390,24.505
679.000,310.000,9.000,22.000
679.000,309.000,10.000,21.000
678.000,309.000,10.000,22.000
677.000,309.000,10.000,22.000
677.268,308.919,9.038,21.786
677.000,309.000,10.000,21.000
676.000,309.000,10.000,21.000
676.000,310.000,10.000,19.000
675.000,310.000,10.000,20.000
675.155,309.404,8.671,20.314
675.106,310.190,7.756,18.430
674.824,309.038,7.094,18.597
673.000,310.000,9.000,20.000
673.000,310.000,10.000,21.000
673.000,309.000,10.000,20.000
672.000,309.000,9.000,20.000
671.138,309.559,9.428,19.221
671.036,309.536,8.785,19.232
671.196,308.954,8.723,19.144
671.019,309.847,8.438,18.305
670.360,309.864,8.203,18.295
670.429,309.800,7.831,17.789
670.697,309.349,8.303,16.961
669.331,309.899,8.177,16.678
669.194,309.567,8.152,17.563
668.795,309.984,8.916,17.345
667.852,309.689,8.150,17.563
667.000,310.000,10.000,22.000
666.759,309.922,10.091,22.814
665.796,309.469,11.229,24.547
666.000,309.000,10.000,21.000
664.975,309.247,9.807,19.734
665.000,309.000,10.000,21.000
664.000,308.000,10.000,21.000
663.000,309.000,10.000,22.000
665.000,309.000,10.000,22.000
663.000,308.000,10.000,21.000
663.916,308.375,8.409,20.974
663.000,308.000,9.000,21.000
663.000,308.000,9.000,21.000
662.000,308.000,9.000,22.000
661.000,308.000,10.000,21.000
660.000,310.000,10.000,22.000
658.992,310.100,9.885,21.676
660.000,310.000,10.000,21.000
659.000,310.000,10.000,21.000
660.000,309.000,10.000,21.000
658.830,308.099,11.632,20.445
658.674,308.619,12.135,19.905
657.247,308.456,12.635,19.704
658.259,309.562,11.846,20.294
657.470,309.618,12.330,20.182
656.867,309.807,12.424,20.660
656.595,310.226,12.986,20.318
654.906,310.974,14.008,20.802
656.834,310.765,13.042,21.411
655.635,310.443,13.648,21.154
656.405,310.513,13.021,21.775
655.383,310.633,14.277,21.916
656.025,310.310,15.118,22.306
655.252,310.241,17.260,22.849
657.000,311.000,10.000,20.000
657.058,311.953,9.322,16.729
655.000,311.000,10.000,21.000
655.000,310.000,10.000,21.000
655.039,310.083,10.359,20.976
655.000,311.000,10.000,22.000
654.462,310.808,10.112,24.412
655.000,311.000,11.000,23.000
654.368,312.317,11.812,22.356
654.997,312.052,11.455,23.064
654.307,312.247,11.965,22.282
655.157,312.691,12.052,22.091
655.109,313.645,11.944,22.127
654.929,313.829,12.166,22.115
654.019,314.389,13.162,21.825
655.580,313.577,12.489,21.496
656.519,314.372,11.850,22.000
656.000,314.000,12.000,22.000
656.000,314.000,12.000,22.000
654.950,313.980,12.707,23.078
654.908,313.290,12.676,23.180
656.075,313.736,12.021,23.726
654.994,313.215,12.773,25.434
656.000,314.000,11.000,23.000
655.758,314.498,10.669,21.783
656.281,314.858,9.871,20.736
656.173,314.765,9.293,20.106
656.425,314.992,8.433,19.087
656.000,315.000,10.000,25.000
655.000,315.000,11.000,24.000
655.000,315.000,11.000,23.000
654.704,315.718,12.185,23.225
653.830,315.993,13.232,23.537
652.167,316.718,14.588,23.375
652.081,316.080,14.873,23.099
653.912,316.424,15.453,22.418
654.651,316.989,16.025,23.270
652.887,317.032,16.891,24.367
653.185,316.236,16.667,24.671
652.559,316.838,16.032,24.907
651.679,315.638,15.656,25.946
652.183,316.604,16.193,26.040
652.305,316.340,16.045,26.383
652.637,316.144,14.836,25.363
652.941,316.760,14.943,25.089
653.473,317.919,13.742,24.559
653.428,318.102,14.189,24.881
652.741,318.379,14.467,25.376
653.201,319.499,15.049,25.077
653.601,320.292,14.579,24.505
653.282,319.748,14.262,24.796
652.918,319.809,14.773,24.291
654.256,319.029,14.478,23.724
654.664,319.335,14.970,23.600
654.157,319.718,16.513,24.121
653.536,319.181,17.711,25.453
653.294,319.243,15.539,26.701
653.007,318.650,15.229,27.758
652.493,319.172,15.545,28.694
652.173,318.562,15.712,29.143
652.414,319.735,15.490,29.626
652.680,320.092,15.267,28.709
653.364,320.303,14.808,28.233
654.763,320.857,14.934,27.249
655.323,321.371,15.757,27.159
654.277,322.016,16.789,28.782
652.241,323.388,18.386,29.122
653.634,322.918,18.824,29.571
653.185,322.379,19.990,31.444
654.669,322.386,21.205,31.445
655.895,321.650,22.967,31.567
658.382,323.229,21.130,33.433
659.986,323.519,20.617,32.676
661.695,323.526,19.930,32.602
662.086,324.551,20.926,32.457
665.336,324.970,20.744,31.513
668.225,326.282,19.219,31.296
669.416,326.021,19.208,30.938
671.801,325.555,18.754,29.143
671.964,326.866,19.322,28.529
674.631,326.954,18.999,29.310
677.964,327.499,19.155,29.517
678.191,328.651,20.746,30.958
679.906,329.714,22.006,30.286
683.336,329.043,22.441,29.677
683.367,329.515,21.451,30.218
685.778,330.131,19.920,29.047
687.564,330.167,18.529,28.728
690.093,330.686,18.211,27.143
691.832,331.764,17.316,26.132
692.661,332.697,16.821,25.743
694.781,333.599,15.793,25.135
694.029,333.701,15.054,24.737
695.091,334.233,14.688,23.885
695.251,335.321,14.294,23.745
695.324,335.745,14.795,23.987
694.174,335.152,14.510,24.731
694.458,335.692,15.584,25.005
694.160,336.738,15.132,25.180
694.261,337.316,15.846,25.767
693.992,336.795,15.529,27.426
694.550,336.775,16.535,27.681
694.744,337.751,15.555,27.892
693.690,338.094,16.559,29.054
693.832,338.346,16.984,29.238
693.132,338.480,18.303,31.636
692.434,339.658,19.327,33.648
691.481,339.636,19.683,34.000
692.522,339.364,19.777,32.794
692.196,340.847,20.469,34.434
693.478,340.639,19.460,33.373
693.699,341.988,19.900,34.524
693.601,342.127,19.778,35.270
694.586,342.136,20.168,34.213
694.936,342.126,19.768,34.741
694.411,343.451,20.317,33.265
695.575,344.081,19.748,34.211
693.469,342.724,21.458,35.471
694.803,343.978,22.278,34.719
696.168,343.877,21.538,34.452
695.612,344.254,20.610,34.454
697.178,344.275,21.821,35.155
697.398,345.942,22.384,35.134
696.914,345.899,23.058,36.221
699.131,346.414,20.681,34.681
699.373,346.863,21.407,35.803
701.105,346.583,18.928,33.905
702.193,347.072,19.492,33.348
703.111,348.164,19.888,32.711
704.033,349.400,19.829,33.027
703.436,350.134,20.364,33.962
704.283,349.988,21.517,34.738
705.505,350.688,21.718,35.547
706.862,350.778,20.524,35.529
706.620,351.287,21.260,36.797
707.908,351.855,22.627,37.280
709.989,351.908,22.482,37.226
710.010,351.809,21.927,36.659
710.605,352.731,22.124,36.834
712.051,352.892,21.883,36.864
712.101,353.647,23.600,36.527
713.693,354.643,22.634,37.460
713.035,354.088,23.051,37.760
714.285,354.982,22.786,37.941
714.450,356.633,23.447,37.542
714.335,355.721,23.562,38.432
717.481,357.092,23.508,39.267
716.145,357.774,23.889,39.198
718.107,357.519,24.770,38.678
719.279,357.926,25.209,38.969
719.986,359.345,24.446,37.484
721.065,358.659,22.143,37.956
721.593,360.281,21.849,38.282
724.164,360.210,22.635,38.164
723.360,359.788,23.763,39.307
724.032,361.390,23.345,39.854
725.661,362.675,24.255,39.324
724.509,359.817,23.545,40.491
726.443,362.855,25.316,40.398
727.743,363.256,24.775,40.299
727.694,365.341,25.216,37.529
729.351,365.012,23.104,40.440
729.697,365.532,22.657,37.383
731.449,366.943,22.676,37.597
730.580,365.878,22.402,39.572
731.469,368.330,24.028,38.873
732.547,367.577,24.664,39.508
733.249,368.836,25.331,40.235
732.480,369.931,25.276,40.977
734.763,370.205,25.069,41.461
736.481,371.940,24.260,40.956
735.944,370.505,24.316,42.235
736.763,372.379,27.196,41.857
737.920,373.045,26.833,39.594
740.478,373.257,27.835,39.762
737.945,375.278,29.170,41.204
740.319,375.072,25.650,40.777
741.803,375.806,23.789,39.715
742.612,376.579,24.746,40.703
742.903,377.988,24.374,40.544
742.926,377.300,26.552,42.159
744.615,378.160,27.324,42.843
744.930,379.203,26.059,42.844
748.597,380.634,25.391,43.219
748.395,378.881,26.120,42.427
748.315,380.518,28.344,44.086
750.369,383.765,27.627,41.855
752.036,382.349,28.911,43.870
752.536,385.123,29.867,42.086
752.396,382.424,28.078,44.793
755.115,386.297,27.900,43.717
756.051,386.533,25.855,44.974
755.310,388.011,30.630,44.553
754.137,387.637,31.661,46.552
754.029,388.326,26.957,45.323
754.798,389.521,30.247,47.744
756.314,391.954,28.826,45.348
757.043,391.851,31.017,44.211
756.612,394.145,32.720,45.699
757.580,393.327,32.686,47.410
759.201,396.160,35.015,44.850
758.364,394.756,33.113,49.627
759.148,399.097,34.685,45.102
758.418,396.734,32.426,47.597
761.086,399.057,33.547,46.094
762.395,398.475,31.607,45.580
764.398,401.054,35.659,45.029
768.861,401.751,34.838,44.243
770.987,401.301,33.923,45.013
773.261,404.226,33.771,41.807
772.136,402.365,36.109,46.781
775.693,405.087,35.181,45.613
777.912,405.046,34.552,45.661
779.072,406.411,35.615,48.848
779.833,408.784,36.091,46.136
780.265,409.246,35.564,47.657
783.181,411.466,35.907,47.462
785.970,409.908,34.008,47.799
788.084,412.618,37.276,47.320
789.173,414.112,35.104,45.550
790.417,414.224,37.908,47.598
791.408,416.023,39.721,47.826
794.888,416.811,36.574,46.583
792.998,416.045,37.710,49.028
793.630,417.877,38.415,50.244
796.115,419.960,37.866,47.848
796.520,418.711,35.528,48.557
795.765,421.733,38.472,49.803
797.704,424.984,39.945,49.739
799.108,423.578,37.157,49.062
801.039,425.757,39.670,49.970
803.774,425.933,37.327,50.076
805.288,426.959,36.341,49.212
808.182,427.897,37.968,48.572
807.791,427.422,37.870,50.438
810.680,429.671,36.472,48.820
809.150,431.112,36.743,53.355
810.785,431.861,37.221,52.846
813.781,431.853,37.022,52.313
813.598,432.457,36.271,54.998
813.892,435.179,37.255,54.337
815.934,435.881,37.875,53.770
817.021,437.747,39.818,52.837
815.297,436.803,37.977,55.549
815.836,440.770,40.531,55.532
817.460,440.998,41.010,53.101
814.999,442.600,40.735,54.010
818.568,442.551,42.118,56.968
821.858,445.153,38.904,55.071
821.152,445.488,40.918,56.163
837.000,449.000,21.000,51.000
834.885,449.154,23.486,51.621
835.642,450.838,23.042,50.794
836.726,452.239,22.909,50.497
837.546,452.393,22.747,51.886
838.301,454.125,23.221,49.761
840.864,454.528,22.484,50.357
839.485,456.771,23.396,49.924
840.830,454.998,23.645,47.890
841.573,458.262,24.743,48.922
842.584,459.902,23.656,50.681
843.394,460.857,23.984,51.184
844.816,461.745,24.712,51.474
845.996,463.017,23.779,51.999
847.556,464.880,23.509,52.059
849.605,465.561,22.285,51.074
850.945,467.559,22.837,50.770
853.606,468.293,22.850,50.877
853.307,469.856,23.063,52.718
854.426,469.026,24.307,53.581
855.420,471.190,24.691,54.403
855.647,472.399,25.572,55.592
857.913,473.446,24.960,53.707
859.546,476.420,24.776,51.492
861.277,477.585,24.564,53.430
861.708,479.535,24.755,54.563
863.609,481.020,24.716,52.941
865.058,481.660,23.763,53.288
867.255,483.245,24.434,52.748
867.166,485.579,25.616,53.137
869.030,484.983,25.989,52.331
870.848,485.535,26.280,52.429
872.230,488.049,26.268,52.306
873.812,487.446,27.385,52.862
875.392,488.620,27.333,54.460
877.091,489.431,26.492,55.908
880.543,492.248,26.689,53.721
882.178,492.651,26.675,55.556
883.803,494.300,26.620,55.832
885.263,495.659,29.530,55.851
887.565,496.229,28.502,55.451
890.217,499.845,29.400,54.336
892.745,500.806,28.356,54.688
895.384,501.489,30.064,55.983
897.659,504.205,29.274,56.069
901.360,506.578,29.231,55.489
904.336,508.324,29.379,55.446
907.096,510.545,28.811,56.041
909.929,510.701,27.912,59.603
911.617,512.453,29.512,59.841
914.274,513.002,29.529,60.385
917.203,513.926,31.269,62.240
920.473,516.748,29.888,60.450
922.958,516.503,29.628,63.056
925.405,516.510,30.482,63.864
927.731,515.978,31.845,66.349
930.820,517.025,32.030,68.714
936.000,515.000,34.000,71.000
939.416,515.141,33.143,73.626
942.035,515.784,33.777,72.374
944.546,516.750,33.315,72.694
947.092,516.179,35.423,74.294
950.413,518.879,35.219,74.759
952.474,519.233,36.043,75.287
955.452,520.569,35.146,74.862
956.529,517.815,37.439,76.824
961.000,521.000,38.000,77.000
963.610,521.473,36.300,74.606
964.000,522.000,41.000,78.000
966.000,523.000,42.000,75.000
968.000,521.000,41.000,79.000
969.000,523.000,44.000,77.000
967.744,522.740,45.993,76.888
967.841,521.776,49.008,76.073
966.539,517.961,48.797,78.228
966.592,520.016,50.078,75.962
968.283,514.570,52.049,76.829
966.425,516.779,53.674,78.441
962.203,517.604,55.783,75.382
961.287,515.842,57.974,72.462
959.398,517.236,59.256,71.145
978.000,517.000,39.000,66.000
982.311,516.011,32.595,64.456
976.000,518.000,41.000,58.000
975.000,517.000,43.000,60.000
973.284,518.305,43.267,57.227
976.138,517.548,44.858,56.096
972.000,519.000,47.000,56.000
976.819,520.632,46.622,53.780
973.859,522.176,46.869,52.790
973.000,521.000,50.000,52.000
972.762,522.140,49.621,50.330
975.393,520.994,51.718,49.539
975.368,519.938,50.669,50.260
972.000,520.000,58.000,55.000
968.000,518.000,64.000,58.000
967.600,515.239,69.955,63.347
968.000,516.000,69.000,66.000
969.000,516.000,70.000,60.000
972.000,512.000,71.000,57.000
971.000,511.000,74.000,53.000
979.000,511.000,70.000,46.000
984.374,509.472,68.328,44.411
983.245,510.587,69.639,39.910
990.000,501.000,73.000,52.000
996.915,495.327,77.202,53.642
996.000,495.000,80.000,53.000
1005.000,491.000,75.000,55.000
1017.573,488.720,69.215,56.255
1020.000,492.000,71.000,50.000
1027.879,492.239,72.325,46.676
1040.000,488.000,69.000,55.000
1043.000,486.000,69.000,61.000
1046.000,487.000,73.000,53.000
1058.000,486.000,68.000,54.000
1057.000,484.000,74.000,59.000
1068.000,484.000,68.000,62.000
1070.000,479.000,74.000,72.000
1075.000,476.000,72.000,70.000
1081.000,475.000,72.000,68.000
1088.000,472.000,73.000,69.000
1099.000,470.000,66.000,66.000
1100.000,468.000,72.000,67.000
1104.000,466.000,72.000,68.000
1114.000,466.000,68.000,71.000
1113.000,463.000,70.000,70.000
1115.000,463.000,73.000,73.000
1125.000,458.000,67.000,72.000
1137.000,458.000,59.000,72.000
1138.000,455.000,62.000,74.000
1134.000,451.000,70.000,76.000
1144.000,450.000,65.000,72.000
1141.000,449.000,72.000,73.000
1138.724,449.266,74.521,73.150
1137.644,450.258,78.983,74.584
1151.000,447.000,66.000,74.000
1157.004,447.786,58.465,73.323
1162.671,444.982,58.661,76.003
1168.600,447.325,53.476,73.796
1172.701,442.322,52.436,75.622
1173.416,444.521,51.723,72.721
1178.635,441.017,51.543,75.710
1179.813,443.083,49.682,72.862
1183.274,438.870,48.416,74.210
1186.218,439.947,46.506,73.516
1190.959,436.575,45.603,75.680
1190.533,438.220,46.448,76.035
1188.585,437.706,47.512,76.564
1190.899,435.104,50.609,76.066
1187.000,438.000,56.000,71.000
1185.000,437.000,59.000,70.000
1184.356,434.944,60.073,69.187
1190.000,435.000,56.000,71.000
1188.000,435.000,58.000,66.000
1188.000,433.000,59.000,66.000
1189.000,430.000,58.000,69.000
1193.000,431.000,55.000,68.000
1194.896,429.465,55.023,68.188
1190.000,428.000,59.000,69.000
