561.000,311.000,22.000,51.000
557.581,311.990,21.146,49.020
553.163,311.761,20.731,48.058
549.760,311.239,21.569,50.000
544.668,312.796,22.440,52.020
539.028,313.039,23.347,54.122
536.146,314.530,23.814,55.204
533.000,316.000,24.000,51.000
529.000,317.000,23.000,52.000
527.000,317.000,22.000,52.000
523.000,316.000,23.000,52.000
519.000,317.000,23.000,51.000
516.000,317.000,24.000,53.000
509.282,318.500,21.569,50.000
506.000,316.000,23.000,53.000
504.000,316.000,24.000,52.000
501.000,315.000,23.000,54.000
498.000,317.000,23.000,51.000
496.000,316.000,22.000,53.000
493.000,317.000,21.000,51.000
489.000,317.000,21.000,54.000
487.000,317.000,20.000,53.000
482.000,317.000,22.000,52.000
479.000,318.000,22.000,51.000
477.000,319.000,22.000,52.000
474.000,317.000,21.000,52.000
471.000,317.000,22.000,53.000
469.000,317.000,21.000,53.000
466.000,317.000,21.000,53.000
462.000,317.000,22.000,53.000
459.000,315.000,22.000,54.000
456.000,316.000,22.000,52.000
452.000,315.000,23.000,51.000
451.000,315.000,23.000,51.000
448.000,315.000,23.000,49.000
447.000,317.000,22.000,48.000
445.000,316.000,22.000,48.000
442.000,316.000,21.000,47.000
439.000,315.000,21.000,46.000
438.000,317.000,21.000,46.000
434.000,318.000,19.000,47.000
428.485,319.754,22.000,51.000
427.511,319.490,22.440,52.020
423.135,318.970,22.889,53.060
418.668,318.721,22.440,52.020
417.977,319.500,21.569,50.000
414.583,320.471,20.731,48.058
411.754,322.163,21.146,49.020
410.478,323.439,21.146,49.020
405.978,323.507,22.000,51.000
400.978,325.507,22.000,51.000
399.478,326.990,21.146,49.020
397.000,325.000,20.000,49.000
394.000,326.000,20.000,48.000
389.993,327.507,22.000,51.000
385.135,328.538,22.889,53.060
382.000,330.000,22.000,48.000
381.000,330.000,22.000,48.000
376.000,332.000,20.000,47.000
370.224,332.507,22.000,51.000
369.238,332.022,21.569,50.000
365.581,332.990,21.146,49.020
360.978,332.000,22.000,51.000
358.030,332.990,21.146,49.020
354.160,334.638,20.325,47.116
349.000,333.000,24.000,51.000
346.000,333.000,24.000,50.000
342.000,332.000,22.000,51.000
338.000,331.000,22.000,53.000
337.000,331.000,21.000,52.000
331.205,330.721,22.440,52.020
329.239,331.754,22.000,51.000
328.000,328.000,23.000,56.000
324.000,328.000,22.000,57.000
320.000,330.000,22.000,53.000
317.000,330.000,22.000,53.000
313.000,329.000,23.000,55.000
309.000,328.000,23.000,56.000
308.000,328.000,23.000,55.000
304.000,326.000,23.000,52.000
301.000,327.000,23.000,52.000
300.000,327.000,23.000,52.000
296.000,326.000,24.000,52.000
293.000,326.000,23.000,54.000
291.000,325.000,23.000,53.000
287.000,324.000,23.000,53.000
284.000,325.000,23.000,54.000
283.000,323.000,22.000,54.000
280.000,324.000,22.000,52.000
277.000,322.000,23.000,53.000
276.000,323.000,23.000,52.000
273.000,324.000,22.000,53.000
270.000,324.000,22.000,52.000
267.000,324.000,23.000,52.000
263.000,325.000,23.000,53.000
258.000,325.000,23.000,53.000
257.000,326.000,23.000,53.000
253.000,326.000,24.000,54.000
250.000,325.000,23.000,52.000
249.000,325.000,22.000,52.000
244.000,325.000,22.000,51.000
239.464,331.638,20.325,47.116
238.000,324.000,23.000,52.000
235.000,325.000,21.000,52.000
230.609,330.450,18.777,43.528
228.000,324.000,22.000,52.000
224.000,324.000,23.000,53.000
221.000,324.000,22.000,53.000
219.000,325.000,23.000,53.000
216.000,325.000,22.000,54.000
212.000,325.000,22.000,55.000
210.000,325.000,21.000,55.000
205.000,326.000,22.000,54.000
202.000,325.000,21.000,53.000
200.000,325.000,21.000,53.000
197.000,324.000,20.000,54.000
192.000,325.000,21.000,54.000
190.000,325.000,21.000,54.000
187.000,324.000,21.000,55.000
183.000,323.000,21.000,54.000
179.643,328.989,19.152,44.399
177.000,323.000,21.000,53.000
174.000,322.000,23.000,54.000
171.000,322.000,24.000,53.000
167.000,323.000,24.000,52.000
163.000,325.000,24.000,52.000
162.000,325.000,24.000,51.000
157.000,326.000,24.000,52.000
154.000,325.000,23.000,54.000
152.000,324.000,23.000,55.000
148.000,322.000,23.000,55.000
144.000,322.000,25.000,55.000
143.000,321.000,25.000,56.000
138.000,323.000,24.000,55.000
135.000,323.000,24.000,55.000
133.000,323.000,24.000,55.000
127.000,323.000,25.000,54.000
122.000,322.000,24.000,52.000
121.000,322.000,24.000,52.000
116.000,321.000,27.000,52.000
113.000,322.000,26.000,52.000
111.000,322.000,25.000,52.000
107.000,322.000,27.000,54.000
104.000,321.000,25.000,56.000
102.000,322.000,25.000,56.000
99.000,321.000,25.000,56.000
95.000,319.000,26.000,53.000
94.000,319.000,27.000,55.000
92.000,320.000,25.000,54.000
87.000,320.000,26.000,51.000
86.000,321.000,25.000,51.000
79.000,321.000,25.000,49.000
76.000,321.000,26.000,51.000
75.000,320.000,26.000,51.000
73.000,317.000,26.000,53.000
69.000,317.000,26.000,52.000
69.000,319.000,26.000,51.000
67.746,319.000,22.000,51.000
63.000,316.000,27.000,51.000
62.000,315.000,28.000,52.000
59.000,317.000,28.000,51.000
57.000,317.000,27.000,51.000
55.000,317.000,28.000,51.000
53.000,319.000,27.000,50.000
49.000,318.000,27.000,48.000
47.000,317.000,28.000,49.000
45.239,317.246,22.000,51.000
43.000,317.000,29.000,52.000
40.974,315.721,22.440,52.020
40.746,316.000,22.000,51.000
38.499,315.761,21.569,50.000
39.134,316.471,20.731,48.058
37.714,316.471,20.731,48.058
38.537,317.404,19.926,46.192
36.714,317.181,20.731,48.058
38.034,319.335,20.325,47.116
33.000,316.000,28.000,53.000
33.000,314.000,26.000,53.000
35.000,316.000,25.000,51.000
34.000,315.000,24.000,51.000
34.000,315.000,24.000,51.000
34.000,318.000,23.000,50.000
36.000,315.000,24.000,53.000
38.034,319.246,20.325,47.116
38.063,320.526,19.535,45.286
37.338,319.942,20.325,47.116
37.652,318.266,21.146,49.020
39.034,318.942,20.325,47.116
36.000,315.000,24.000,52.000
35.000,315.000,23.000,52.000
34.000,315.000,24.000,51.000
33.000,317.000,24.000,50.000
32.000,317.000,24.000,50.000
33.000,319.000,24.000,49.000
32.000,319.000,24.000,48.000
33.000,318.000,24.000,49.000
32.000,318.000,24.000,49.000
35.641,319.638,20.325,47.116
32.000,319.000,26.000,50.000
34.338,318.246,20.325,47.116
34.338,317.942,20.325,47.116
34.732,318.857,19.535,45.286
34.338,317.942,20.325,47.116
34.338,317.942,20.325,47.116
35.034,317.942,20.325,47.116
34.927,316.990,21.146,49.020
31.000,314.000,27.000,51.000
32.000,313.000,26.000,52.000
32.000,313.000,27.000,51.000
32.000,314.000,26.000,51.000
31.000,313.000,26.000,51.000
32.000,314.000,27.000,51.000
32.000,313.000,27.000,51.000
31.000,315.000,27.000,50.000
31.000,316.000,26.000,49.000
31.000,314.000,26.000,51.000
32.000,314.000,27.000,51.000
32.000,313.000,27.000,50.000
33.000,313.000,27.000,50.000
32.000,314.000,27.000,50.000
33.000,312.000,26.000,50.000
34.000,313.000,26.000,50.000
33.000,313.000,27.000,51.000
33.000,313.000,28.000,51.000
32.000,315.000,28.000,50.000
33.000,313.000,28.000,51.000
34.000,311.000,29.000,53.000
34.000,312.000,28.000,53.000
34.000,312.000,28.000,53.000
33.000,312.000,29.000,53.000
33.000,311.000,28.000,53.000
33.000,313.000,28.000,52.000
33.000,312.000,29.000,52.000
33.000,311.000,27.000,52.000
33.000,313.000,28.000,52.000
35.652,315.990,21.146,49.019
32.000,313.000,26.000,51.000
33.000,312.000,27.000,53.000
34.254,314.000,22.000,51.000
33.000,313.000,26.000,52.000
34.000,312.000,26.000,52.000
34.203,314.990,21.146,49.019
33.500,314.000,22.000,51.000
33.056,312.970,22.889,53.060
33.500,314.000,22.000,51.000
32.511,312.721,22.440,52.020
33.455,313.500,21.569,50.000
34.652,314.715,21.146,49.019
35.134,316.181,20.731,48.058
34.641,316.942,20.325,47.116
33.927,315.266,21.146,49.019
33.927,314.990,21.146,49.019
34.000,312.000,25.000,53.000
33.927,314.990,21.146,49.019
32.977,313.761,21.569,50.000
33.652,314.715,21.146,49.019
34.455,314.500,21.569,50.000
35.652,314.990,21.146,49.019
35.641,315.942,20.325,47.116
34.641,315.246,20.325,47.116
35.034,315.638,20.325,47.116
35.652,315.715,21.146,49.019
36.338,316.246,20.325,47.116
34.714,314.050,20.731,48.058
35.652,315.439,21.146,49.019
35.500,313.246,22.000,51.000
34.238,313.500,21.569,50.000
35.455,313.500,21.569,50.000
36.652,313.990,21.146,49.019
35.000,310.000,27.000,52.000
35.000,310.000,27.000,52.000
35.652,313.990,21.146,49.019
36.134,314.471,20.731,48.058
35.000,312.000,26.000,53.000
35.000,311.000,28.000,53.000
35.000,311.000,28.000,54.000
35.134,314.471,20.731,48.058
34.424,314.471,20.731,48.058
34.652,315.439,21.146,49.019
35.254,314.000,22.000,51.000
34.272,313.754,22.889,53.060
32.993,316.507,22.000,51.000
33.652,317.266,21.146,49.019
33.927,317.715,21.146,49.019
32.714,319.181,20.731,48.058
29.000,318.000,31.000,50.000
30.000,320.000,31.000,50.000
31.000,322.000,30.000,49.000
29.743,322.259,22.440,52.020
28.000,321.000,31.000,50.000
29.000,322.000,31.000,49.000
29.000,322.000,30.000,50.000
29.000,322.000,30.000,50.000
29.056,323.754,22.889,53.060
29.056,323.970,22.889,53.060
29.280,322.184,22.440,52.020
27.000,321.000,31.000,49.000
28.280,323.490,22.440,52.020
28.056,322.186,22.889,53.060
28.056,321.970,22.889,53.060
27.272,321.186,22.889,53.060
26.027,320.439,23.347,54.121
25.593,319.082,23.813,55.204
25.827,318.639,23.347,54.121
25.272,318.970,22.889,53.060
24.746,318.493,22.000,51.000
24.203,318.990,21.146,49.019
22.478,316.817,21.146,49.019
22.641,317.246,20.325,47.116
20.004,315.050,20.731,48.058
19.000,310.000,28.000,55.000
18.000,312.000,27.000,54.000
17.000,311.000,27.000,53.000
15.000,310.000,28.000,51.000
14.000,311.000,29.000,53.000
14.000,311.000,28.000,52.000
12.000,311.000,30.000,52.000
12.000,313.000,30.000,50.000
11.000,313.000,30.000,49.000
10.000,313.000,30.000,48.000
8.255,310.926,26.292,60.950
8.354,311.926,26.292,60.950
7.133,312.343,25.271,58.583
7.355,313.346,24.290,56.308
7.112,312.783,24.776,57.434
5.999,312.209,25.271,58.583
5.612,311.623,25.776,59.754
6.112,313.632,24.776,57.434
6.000,315.000,29.000,46.000
4.777,315.082,23.813,55.204
5.810,313.783,24.776,57.434
6.593,314.082,23.813,55.204
4.000,316.000,28.000,46.000
5.000,315.000,29.000,46.000
2.000,316.000,30.000,47.000
2.000,316.000,29.000,46.000
2.000,316.000,29.000,46.000
3.000,316.000,28.000,46.000
1.999,313.209,25.271,58.583
1.612,311.740,25.776,59.754
1.864,313.074,25.271,58.583
0.729,312.623,25.776,59.754
0.864,312.343,25.271,58.583
1.112,312.783,24.775,57.434
0.000,310.000,30.000,51.000
0.000,310.000,29.000,52.000
0.000,310.953,22.440,52.020
