129.000,80.000,64.000,78.000
121.646,80.265,62.745,76.471
115.141,76.956,64.000,78.000
106.268,69.632,66.586,81.151
100.374,66.828,65.280,79.560
95.671,61.531,65.280,79.560
95.228,62.500,64.000,78.000
94.228,63.772,64.000,78.000
93.860,67.909,65.280,79.560
91.956,74.859,64.000,78.000
88.956,80.859,64.000,78.000
85.956,83.044,64.000,78.000
81.140,86.758,62.745,76.471
73.646,85.018,62.745,76.471
68.413,83.228,64.000,78.000
64.000,79.000,59.000,75.000
63.772,74.413,64.000,78.000
63.520,72.347,61.515,74.971
66.743,71.551,60.309,73.501
70.632,72.237,61.515,74.971
77.812,74.645,59.126,72.060
79.112,79.170,59.126,72.060
80.669,82.480,57.967,70.647
86.071,84.655,55.716,67.904
90.071,86.762,55.716,67.904
95.000,87.000,56.000,66.000
100.000,82.000,57.000,68.000
104.000,76.000,57.000,69.000
106.972,69.961,57.967,70.647
115.732,64.417,57.967,70.647
123.933,57.956,60.309,73.501
134.000,60.000,58.000,70.000
138.139,63.543,60.309,73.501
138.965,67.904,61.515,74.971
140.621,69.758,62.745,76.471
143.187,70.014,61.515,74.971
145.187,72.459,61.515,74.971
144.743,73.237,61.515,74.971
142.881,71.018,62.745,76.471
145.621,70.018,62.745,76.471
145.127,69.018,62.745,76.471
143.228,64.685,64.000,78.000
145.374,65.265,62.745,76.471
143.228,65.772,64.000,78.000
144.743,68.237,61.515,74.971
142.228,69.044,64.000,78.000
142.520,72.237,61.515,74.971
141.500,70.500,64.000,78.000
141.000,71.000,64.000,71.000
142.157,68.423,65.280,79.560
144.454,64.828,65.280,79.560
149.868,60.031,62.745,76.471
155.632,59.792,61.515,74.971
157.000,57.000,64.000,70.000
159.000,57.000,63.000,76.000
159.000,66.000,62.000,74.000
157.000,73.000,62.000,73.000
157.000,76.000,63.000,74.000
156.000,80.000,64.000,70.000
152.750,77.956,60.309,73.501
152.000,66.000,61.000,76.000
156.000,64.000,63.000,71.000
162.000,64.000,62.000,66.000
168.000,64.000,60.000,68.000
167.000,64.000,59.000,70.000
167.000,70.000,57.000,67.000
163.000,74.000,58.000,63.000
156.000,76.000,59.000,62.000
151.000,75.000,56.000,61.000
143.000,73.000,59.000,64.000
138.243,73.738,50.464,61.502
131.000,61.000,55.000,68.000
131.000,59.000,54.000,64.000
135.000,59.000,54.000,62.000
136.000,60.000,54.000,64.000
135.000,63.000,55.000,62.000
135.000,65.000,55.000,64.000
135.000,69.000,55.000,61.000
134.000,69.000,55.000,63.000
131.000,71.000,55.000,62.000
129.000,72.000,55.000,61.000
126.000,66.000,55.000,65.000
129.000,65.000,56.000,61.000
133.000,62.000,54.000,62.000
134.000,61.000,59.000,62.000
144.000,64.000,58.000,64.000
150.000,67.000,56.000,64.000
155.000,68.000,61.000,62.000
162.000,65.000,60.000,63.000
168.000,64.000,59.000,62.000
175.067,68.051,48.504,59.114
172.000,62.000,59.000,62.000
174.000,60.000,59.000,62.000
173.000,55.000,58.000,64.000
175.000,53.000,57.000,60.000
176.000,53.000,57.000,58.000
175.000,53.000,55.000,56.000
175.000,53.000,55.000,58.000
176.000,56.000,53.000,62.000
179.314,73.317,44.810,54.612
175.169,77.221,43.932,53.542
166.000,74.000,56.000,54.000
160.000,74.000,55.000,54.000
157.000,68.000,52.000,59.000
156.000,65.000,52.000,58.000
162.000,62.000,53.000,55.000
165.000,61.000,52.000,56.000
166.000,62.000,50.000,56.000
165.000,64.000,51.000,57.000
167.000,68.000,50.000,56.000
167.000,74.000,49.000,53.000
168.000,75.000,48.000,54.000
168.000,77.000,50.000,53.000
169.000,79.000,50.000,53.000
170.000,79.000,50.000,51.000
173.000,73.000,47.000,55.000
172.000,71.000,48.000,54.000
173.000,70.000,50.000,52.000
177.000,73.000,48.000,53.000
175.000,78.000,48.000,53.000
172.000,82.000,48.000,51.000
169.000,85.000,48.000,50.000
165.000,86.000,48.000,49.000
163.000,82.000,47.000,49.000
161.000,81.000,47.000,52.000
159.000,79.000,46.000,51.000
155.000,77.000,47.000,50.000
151.000,76.000,46.000,50.000
148.000,74.000,48.000,53.000
145.000,64.000,47.000,61.000
144.000,60.000,48.000,54.000
141.000,61.000,50.000,51.000
140.000,63.000,48.000,53.000
140.000,67.000,48.000,49.000
140.000,67.000,47.000,52.000
137.000,70.000,49.000,50.000
137.000,74.000,47.000,51.000
137.000,74.000,47.000,53.000
135.000,75.000,46.000,53.000
144.478,82.651,37.495,45.697
150.233,81.638,36.760,44.801
155.493,83.255,36.039,43.923
162.948,83.396,37.495,45.697
167.503,83.369,36.760,44.801
170.772,81.638,36.760,44.801
174.042,85.021,36.760,44.801
172.659,86.560,36.760,44.801
173.850,84.638,36.760,44.801
177.042,82.178,36.760,44.801
176.430,81.565,35.333,43.061
174.820,82.130,33.961,41.389
168.898,80.226,33.295,40.578
162.504,77.183,32.002,39.002
158.000,65.000,47.000,52.000
159.000,68.000,45.000,54.000
157.000,69.000,46.000,54.000
156.000,71.000,47.000,53.000
153.000,70.000,46.000,54.000
158.000,72.000,46.000,54.000
159.000,70.000,47.000,57.000
162.000,70.000,46.000,57.000
162.000,72.000,47.000,55.000
164.000,72.000,46.000,55.000
165.000,72.000,45.000,55.000
164.000,71.000,46.000,56.000
163.000,71.000,45.000,56.000
161.000,70.000,46.000,55.000
158.000,69.000,45.000,56.000
156.000,69.000,44.000,56.000
153.000,67.000,44.000,57.000
148.000,69.000,45.000,55.000
145.000,70.000,41.000,54.000
144.000,68.000,40.000,55.000
142.000,70.000,39.000,53.000
141.000,70.000,39.000,53.000
138.000,72.000,39.000,52.000
143.570,88.630,27.859,33.954
143.570,85.201,27.859,33.954
145.311,83.685,28.985,35.325
147.655,82.897,29.565,36.032
149.819,80.925,30.156,36.753
150.683,81.005,31.374,38.237
153.043,80.999,32.002,39.002
152.566,81.381,31.374,38.237
148.449,81.381,31.374,38.237
147.530,79.312,32.642,39.782
146.853,79.211,33.295,40.578
146.868,77.015,34.640,42.217
148.238,76.267,35.333,43.061
147.480,73.390,36.039,43.923
147.120,73.099,36.760,44.801
150.642,71.863,35.333,43.061
152.940,71.267,35.333,43.061
152.850,68.638,36.760,44.801
146.792,66.416,37.495,45.697
145.262,65.161,37.495,45.697
144.262,67.142,37.495,45.697
138.569,65.728,39.010,47.543
138.220,68.829,39.010,47.543
134.282,68.906,37.495,45.697
137.096,68.504,39.010,47.543
136.605,66.672,39.790,48.494
141.853,64.155,40.586,49.464
146.422,59.412,42.226,51.462
148.820,59.155,40.586,49.464
155.100,57.769,42.226,51.462
158.899,58.475,43.932,53.542
159.821,62.678,43.070,52.492
164.438,61.194,44.810,54.612
166.677,60.542,43.070,52.492
167.821,56.831,43.070,52.492
167.095,52.632,44.810,54.612
167.000,47.000,52.000,55.000
172.000,48.000,49.000,55.000
169.000,50.000,49.000,57.000
171.534,59.967,43.931,53.542
167.686,65.389,43.070,52.492
161.974,68.678,43.070,52.492
155.397,71.741,41.398,50.453
150.043,72.919,41.398,50.453
140.406,70.542,43.070,52.492
137.000,67.000,51.000,54.000
136.541,67.687,43.070,52.492
136.109,63.831,43.070,52.492
134.000,59.000,52.000,56.000
137.000,61.000,52.000,56.000
140.000,63.000,53.000,55.000
143.000,64.000,54.000,56.000
146.000,66.000,52.000,59.000
148.000,69.000,54.000,59.000
152.000,74.000,54.000,58.000
155.000,75.000,54.000,58.000
158.000,71.000,55.000,60.000
159.000,62.000,54.000,65.000
159.000,62.000,57.000,60.000
159.000,62.000,57.000,60.000
161.000,63.000,58.000,61.000
162.000,66.000,58.000,60.000
162.000,67.000,58.000,61.000
162.000,65.000,59.000,61.000
160.000,60.000,59.000,63.000
157.000,55.000,59.000,65.000
154.000,47.000,61.000,66.000
157.162,52.290,52.502,63.987
152.467,46.546,53.552,65.267
150.017,48.385,54.623,66.572
144.989,51.593,52.502,63.987
142.257,54.754,50.463,61.502
138.119,53.506,52.502,63.987
138.249,54.550,52.502,63.987
137.000,50.000,57.000,61.000
136.000,52.000,56.000,61.000
134.000,52.000,56.000,61.000
136.248,56.943,48.504,59.114
134.000,47.000,55.000,60.000
142.657,56.194,44.810,54.612
143.985,59.756,44.810,54.612
145.463,65.097,45.706,55.705
145.190,68.723,46.620,56.819
143.779,73.247,47.553,57.955
145.555,75.556,45.706,55.705
143.337,75.091,46.620,56.819
142.724,67.908,47.553,57.955
144.712,58.487,49.474,60.296
151.393,54.798,47.553,57.955
152.729,56.301,49.474,60.296
154.729,61.267,49.474,60.296
154.763,66.267,49.474,60.296
152.889,70.357,47.553,57.955
151.779,71.467,47.553,57.955
150.284,72.871,48.504,59.114
150.263,74.091,46.620,56.819
150.190,71.311,46.620,56.819
153.372,70.739,45.706,55.705
154.116,70.091,46.620,56.819
148.631,69.164,46.620,56.819
144.106,69.648,45.706,55.705
141.915,71.602,43.931,53.541
138.542,73.110,43.070,52.492
132.423,70.983,43.931,53.541
128.686,69.542,43.070,52.492
121.862,67.303,44.810,54.612
119.542,68.254,43.070,52.492
122.153,66.856,43.931,53.541
124.677,64.687,43.070,52.492
124.985,58.742,44.810,54.612
128.657,60.084,44.810,54.612
132.153,65.094,43.931,53.541
135.904,70.803,42.226,51.462
139.388,75.389,43.070,52.492
143.772,75.602,43.931,53.541
151.668,74.542,43.070,52.492
157.422,69.734,42.226,51.462
160.269,66.160,41.398,50.453
162.269,62.983,41.398,50.453
164.627,60.542,40.586,49.464
166.627,59.155,40.586,49.464
167.446,59.096,41.398,50.453
167.801,60.919,41.398,50.453
166.109,61.966,43.070,52.492
164.205,62.975,44.810,54.612
161.542,66.822,43.070,52.492
160.253,68.110,43.070,52.492
159.979,69.273,41.398,50.453
156.031,66.252,42.226,51.462
155.965,64.398,43.070,52.492
153.788,61.983,43.931,53.541
152.647,61.556,45.706,55.705
152.190,63.870,46.620,56.819
151.724,63.522,47.553,57.955
151.248,62.943,48.504,59.114
154.043,65.017,46.620,56.819
158.657,67.084,44.810,54.612
158.647,67.556,45.706,55.705
157.314,69.084,44.810,54.612
158.463,69.556,45.706,55.705
158.205,71.975,44.810,54.612
153.296,77.967,43.931,53.541
154.407,81.221,43.931,53.541
154.985,83.756,44.810,54.612
155.534,89.094,43.931,53.541
152.542,90.966,43.070,52.492
149.042,89.856,43.931,53.541
148.205,85.632,44.810,54.612
148.985,84.303,44.810,54.612
147.788,82.983,43.931,53.541
147.985,78.632,44.810,54.612
152.188,76.739,45.706,55.705
154.876,78.084,44.810,54.612
160.244,80.966,43.070,52.492
161.280,80.729,43.931,53.541
163.766,79.303,44.810,54.612
167.533,81.110,43.070,52.492
167.985,79.303,44.810,54.612
169.821,75.119,43.070,52.492
169.109,74.398,43.070,52.492
164.686,71.687,43.070,52.492
161.042,68.110,43.931,53.541
157.686,69.966,43.070,52.492
152.830,73.678,43.070,52.492
145.862,73.975,44.810,54.612
141.643,76.865,44.810,54.612
139.542,79.966,43.070,52.492
134.830,81.110,43.070,52.492
129.296,79.856,43.931,53.541
129.965,80.254,43.070,52.492
124.830,77.687,43.070,52.492
125.407,72.364,43.931,53.541
129.744,72.930,42.226,51.462
131.065,73.608,42.226,51.462
134.627,78.800,40.586,49.464
137.433,81.994,40.586,49.464
143.382,87.032,41.398,50.453
149.349,91.416,39.790,48.494
155.421,90.953,39.010,47.543
157.321,89.178,39.010,47.543
163.466,86.155,40.586,49.464
170.466,84.155,40.586,49.464
174.558,85.044,39.790,48.494
178.558,88.416,39.790,48.494
180.545,91.829,39.010,47.543
180.995,94.054,39.010,47.543
177.894,95.279,39.010,47.543
174.894,95.728,39.010,47.543
170.344,92.628,39.010,47.543
167.233,90.672,39.790,48.494
165.594,88.155,40.586,49.464
162.119,89.504,39.010,47.543
160.445,89.728,39.010,47.543
162.988,89.906,37.495,45.697
159.670,88.728,39.010,47.543
158.814,89.044,39.790,48.494
155.894,91.279,39.010,47.543
152.788,89.961,40.586,49.464
152.401,88.961,40.586,49.464
150.594,88.768,40.586,49.464
150.605,89.253,39.790,48.494
149.801,86.628,41.398,50.453
151.446,84.628,41.398,50.453
154.269,83.451,41.398,50.453
156.269,83.273,41.398,50.453
161.560,84.919,41.398,50.453
167.853,88.187,40.586,49.464
172.240,90.994,40.586,49.464
173.014,93.187,40.586,49.464
176.092,94.741,41.398,50.453
176.624,95.096,41.398,50.453
179.744,93.930,42.226,51.462
178.965,89.831,43.070,52.492
178.965,89.398,43.070,52.492
179.821,87.542,43.070,52.492
180.801,87.451,41.398,50.453
182.014,86.155,40.586,49.464
182.226,82.252,42.226,51.462
185.388,79.542,43.070,52.492
189.092,80.273,41.398,50.453
188.401,83.188,40.586,49.464
189.904,87.642,42.226,51.462
192.904,90.286,42.226,51.462
190.788,91.475,43.931,53.541
189.709,92.769,42.226,51.462
188.156,91.628,41.398,50.453
185.788,90.155,40.586,49.464
182.870,88.769,42.226,51.462
178.368,87.348,40.586,49.464
177.024,88.253,39.790,48.494
176.624,88.919,41.398,50.453
177.605,90.253,39.790,48.494
174.333,89.273,41.398,50.453
173.979,88.451,41.398,50.453
168.686,84.687,43.070,52.492
165.042,80.237,43.931,53.541
165.109,78.687,43.070,52.492
164.109,74.831,43.070,52.492
159.169,72.983,43.931,53.541
166.219,71.303,44.810,54.612
168.000,68.000,48.000,57.000
172.000,71.000,49.000,56.000
176.766,78.865,44.810,54.612
179.280,81.475,43.931,53.541
181.372,79.740,45.706,55.704
185.153,79.856,43.931,53.541
182.830,78.648,45.706,55.704
180.042,78.856,43.931,53.541
180.109,77.542,43.070,52.492
179.965,74.687,43.070,52.492
176.542,75.110,43.070,52.492
175.709,79.125,42.225,51.462
171.915,80.348,43.931,53.541
171.109,86.389,43.070,52.492
169.709,86.769,42.225,51.462
164.865,85.628,41.398,50.453
158.514,83.091,42.225,51.462
156.709,81.091,42.225,51.462
153.511,79.628,41.398,50.453
150.870,77.930,42.225,51.462
149.594,77.155,40.586,49.464
146.333,77.096,41.398,50.453
145.979,78.919,41.398,50.453
145.801,80.919,41.398,50.453
146.624,82.096,41.398,50.453
150.914,82.273,41.398,50.453
153.744,80.091,42.225,51.462
159.560,81.096,41.398,50.453
165.560,82.096,41.398,50.453
169.583,80.091,42.225,51.462
171.014,78.349,40.586,49.464
173.000,75.000,46.000,49.000
176.000,75.000,45.000,50.000
178.000,76.000,42.000,55.000
179.605,84.206,39.790,48.494
178.024,88.206,39.790,48.494
176.024,91.416,39.790,48.494
174.445,92.504,39.010,47.543
172.000,92.000,43.000,51.000
169.670,93.953,39.010,47.543
167.772,91.671,37.495,45.697
164.670,86.852,39.010,47.543
161.119,84.403,39.010,47.543
157.119,86.279,39.010,47.543
151.861,88.625,39.790,48.494
150.024,89.834,39.790,48.494
148.801,90.919,41.398,50.453
147.156,88.805,41.398,50.453
144.788,88.155,40.586,49.464
145.207,86.962,40.586,49.464
142.333,87.096,41.398,50.453
139.870,86.769,42.225,51.462
137.333,86.451,41.398,50.453
136.156,85.451,41.398,50.453
132.511,83.628,41.398,50.453
